1611957600 29 1 21 14 00 31496.60000 6.52500000 1175.75000 119.05000 16.54800 73.59600
1611957660 29 1 21 14 01 31489.10000 6.52500000 1176.07000 119.21000 16.54800 73.59600
1611957660 29 1 21 14 01 31493.30000 6.52500000 1178.99000 119.33000 16.54800 73.91800
1611957720 29 1 21 14 02 31413.00000 6.52500000 1175.72000 119.02000 16.42900 74.16000
1611957720 29 1 21 14 02 31422.10000 6.52500000 1171.30000 118.78000 16.42900 74.05000
1611957780 29 1 21 14 03 31313.80000 6.51800000 1169.24000 118.42000 16.42900 73.86000
1611957780 29 1 21 14 03 31352.30000 6.51900000 1171.55000 118.62000 16.42900 73.95000
1611957840 29 1 21 14 04 31095.60000 6.50900000 1166.22000 118.41000 16.63000 73.53000
1611957840 29 1 21 14 04 31187.70000 6.50900000 1170.25000 118.62000 16.42900 73.63000
1611957840 29 1 21 14 04 31148.30000 6.50900000 1167.89000 118.51000 16.42900 73.54000
1611957900 29 1 21 14 05 31095.60000 6.49300000 1165.00000 118.30000 16.63000 73.49900
1611957900 29 1 21 14 05 31181.60000 6.49300000 1168.33000 118.30000 16.63000 73.49900
1611957960 29 1 21 14 06 31224.40000 6.49300000 1169.97000 118.58000 16.63000 73.49900
1611957960 29 1 21 14 06 31292.60000 6.49300000 1169.08000 118.51000 16.63000 73.49900
1611958020 29 1 21 14 07 31225.40000 6.49100000 1164.21000 117.87000 16.63000 73.46400
1611958020 29 1 21 14 07 31175.50000 6.49300000 1165.10000 117.89000 16.63000 73.49900
1611958020 29 1 21 14 07 31059.80000 6.47700000 1161.59000 117.78000 16.63000 73.29000
1611958080 29 1 21 14 08 31150.00000 6.49100000 1164.42000 118.27000 16.63000 73.34000
1611958080 29 1 21 14 08 31149.10000 6.49100000 1163.26000 117.87000 16.63000 73.34000
1611958140 29 1 21 14 09 31096.40000 6.49100000 1164.53000 118.04000 16.63000 73.14000
1611958200 29 1 21 14 10 31112.80000 6.48100000 1164.15000 118.05000 16.63000 73.14000
1611958200 29 1 21 14 10 31136.50000 6.48100000 1163.48000 118.21000 16.63000 73.14000
1611958260 29 1 21 14 11 31052.00000 6.48100000 1161.06000 117.84000 16.41400 73.14000
1611958260 29 1 21 14 11 31121.00000 6.48100000 1161.98000 117.93000 16.41400 73.36500
1611958380 29 1 21 14 13 31267.30000 6.48100000 1162.15000 118.14000 16.41400 73.49000
1611958440 29 1 21 14 14 31266.70000 6.48100000 1163.16000 118.15000 16.41400 73.49000
1611958440 29 1 21 14 14 31261.30000 6.46500000 1162.63000 118.14000 16.41400 73.67500
1611958500 29 1 21 14 15 31270.40000 6.46500000 1163.08000 118.21000 16.41400 73.64900
1611958500 29 1 21 14 15 31270.40000 6.46400000 1163.68000 118.34000 16.41400 73.64900
1611958560 29 1 21 14 16 31244.80000 6.46400000 1162.96000 118.37000 16.41400 73.64900
1611958560 29 1 21 14 16 31240.10000 6.46400000 1163.00000 118.37000 16.41400 73.64900
1611958620 29 1 21 14 17 31200.00000 6.46400000 1162.99000 118.37000 16.41400 74.16900
1611958620 29 1 21 14 17 31145.70000 6.46400000 1164.05000 118.44000 16.41400 74.16900
1611958680 29 1 21 14 18 31170.50000 6.46400000 1162.69000 117.98000 16.41400 74.16900
1611958680 29 1 21 14 18 31103.70000 6.46400000 1162.00000 117.89000 16.41400 74.00400
1611958740 29 1 21 14 19 31103.00000 6.48400000 1159.76000 117.68000 16.41400 74.00400
1611958740 29 1 21 14 19 31134.30000 6.46400000 1161.11000 117.87000 16.41400 74.00400
1611958740 29 1 21 14 19 31113.10000 6.48400000 1160.57000 117.73000 16.67800 73.71100
1611958800 29 1 21 14 20 31141.30000 6.48400000 1162.24000 117.73000 16.67800 73.68000
1611958800 29 1 21 14 20 31153.20000 6.48400000 1162.54000 117.73000 16.67800 73.71200
1611958860 29 1 21 14 21 31209.90000 6.48400000 1162.68000 117.75000 16.67800 73.68000
1611958860 29 1 21 14 21 31200.00000 6.48400000 1162.69000 117.75000 16.67800 73.68000
1611958920 29 1 21 14 22 31202.50000 6.48400000 1162.69000 117.93000 16.67800 73.68000
1611958920 29 1 21 14 22 31156.00000 6.48400000 1162.69000 117.93000 16.67800 73.68000
1611958920 29 1 21 14 22 31154.50000 6.48400000 1162.55000 117.93000 16.67800 73.68000
1611958980 29 1 21 14 23 31162.90000 6.48400000 1162.34000 117.93000 16.67800 73.68000
1611958980 29 1 21 14 23 31181.10000 6.48400000 1162.58000 117.90000 16.67800 73.68000
1611959040 29 1 21 14 24 31173.90000 6.48400000 1162.87000 117.86000 16.67800 73.68000
1611959040 29 1 21 14 24 31162.20000 6.48400000 1161.52000 117.86000 16.67800 73.73400
1611959100 29 1 21 14 25 31168.40000 6.48400000 1161.70000 117.79000 16.67800 73.46100
1611959100 29 1 21 14 25 31206.00000 6.48400000 1162.77000 117.76000 16.67800 73.46100
1611959160 29 1 21 14 26 31240.00000 6.48400000 1164.67000 117.90000 16.67800 73.46100
1611959160 29 1 21 14 26 31245.10000 6.48400000 1163.51000 117.88000 16.67800 73.46100
1611959220 29 1 21 14 27 31235.90000 6.48400000 1164.87000 117.90000 16.67800 73.46100
1611959220 29 1 21 14 27 31257.70000 6.49800000 1165.00000 117.87000 16.67800 73.46100
1611959280 29 1 21 14 28 31298.90000 6.49800000 1166.48000 117.90000 16.67800 74.01000
1611959280 29 1 21 14 28 31321.70000 6.49800000 1167.92000 117.90000 16.67800 74.01000
1611959340 29 1 21 14 29 31317.60000 6.49800000 1167.63000 117.92000 16.67800 74.02100
1611959340 29 1 21 14 29 31321.50000 6.49800000 1167.57000 117.80000 16.67800 74.02100
1611959400 29 1 21 14 30 31324.90000 6.50600000 1167.09000 117.81000 16.67800 74.02100
1611959460 29 1 21 14 31 31348.00000 6.50600000 1166.88000 117.75000 16.67800 74.01200
1611959460 29 1 21 14 31 31269.60000 6.51000000 1165.28000 117.75000 16.67800 74.01200
1611959460 29 1 21 14 31 31330.10000 6.50600000 1166.57000 117.75000 16.67800 74.02100
1611959520 29 1 21 14 32 31184.60000 6.51000000 1165.99000 117.86000 16.67800 73.80100
1611959640 29 1 21 14 34 30683.30000 6.43800000 1150.60000 116.83000 16.67800 73.33000
1611959640 29 1 21 14 34 30548.40000 6.43800000 1148.00000 116.58000 16.67800 73.33000
