1627019880 22 7 21 21 58 27440.00000 36.89500000 1716.21000 102.16000 16.46500 82.41600
1627019940 22 7 21 21 59 27440.00000 36.89500000 1716.21000 102.16000 16.46500 82.41600
1627020000 22 7 21 22 00 27440.00000 36.89500000 1716.21000 102.16000 16.46500 82.41600
1627020120 22 7 21 22 02 27440.00000 36.89500000 1716.21000 102.16000 16.46500 82.41600
1627020180 22 7 21 22 03 27440.00000 36.89500000 1716.21000 102.16000 16.46500 82.41600
1627020180 22 7 21 22 03 27440.00000 36.89500000 1716.21000 102.16000 16.46500 82.41600
1627020240 22 7 21 22 04 27440.00000 36.89500000 1716.21000 102.16000 16.46500 82.41600
1627020300 22 7 21 22 05 27440.00000 36.89500000 1716.21000 102.16000 16.46500 82.41600
1627020420 22 7 21 22 07 27440.00000 36.89500000 1716.21000 102.16000 16.46500 82.41600
1627020480 22 7 21 22 08 27440.00000 36.89500000 1716.21000 102.16000 16.46500 82.41600
