1480748280 2 12 16 22 58 729.98900 0.75800000 7.12540 3.66320 3.10000 56.10000
1480748340 2 12 16 22 59 729.98300 0.75800000 7.12540 3.66320 3.01000 56.10000
1480748340 2 12 16 22 59 729.98100 0.75800000 7.12537 3.66320 3.10000 56.10000
1480748400 2 12 16 23 00 729.98300 0.75800000 7.14180 3.66320 3.01000 56.10000
1480748400 2 12 16 23 00 729.98500 0.75800000 7.12540 3.66320 3.01000 56.10000
1480748460 2 12 16 23 01 729.98300 0.75800000 7.12540 3.66320 3.01000 56.10000
1480748520 2 12 16 23 02 729.97500 0.75800000 7.14180 3.66320 3.01000 56.10000
1480748520 2 12 16 23 02 729.97200 0.75800000 7.14180 3.66320 3.01000 56.10000
1480748580 2 12 16 23 03 729.99000 0.75800000 7.13988 3.72994 3.01000 56.10068
1480748580 2 12 16 23 03 729.97200 0.75800000 7.12999 3.66320 3.01000 56.10000
1480748640 2 12 16 23 04 729.97200 0.75800000 7.12999 3.66320 3.01000 56.10068
1480748640 2 12 16 23 04 729.99000 0.75800000 7.12999 3.66320 3.01000 56.10068
1480748700 2 12 16 23 05 728.89700 0.75800000 7.13988 3.66627 3.01000 56.10068
1480748700 2 12 16 23 05 728.89700 0.75800000 7.13988 3.66627 3.01000 56.10068
1480748760 2 12 16 23 06 728.89700 0.75800000 7.13988 3.66627 3.01000 56.10068
1480748820 2 12 16 23 07 729.97600 0.75800000 7.13988 3.66627 3.01000 56.10068
1480748880 2 12 16 23 08 729.97100 0.75800000 7.13988 3.66627 3.01000 56.10068
1480748880 2 12 16 23 08 729.97100 0.75800000 7.13988 3.66627 3.01000 56.10068
1480748880 2 12 16 23 08 729.97100 0.75800000 7.13988 3.66627 3.01000 56.10068
1480749000 2 12 16 23 10 729.95800 0.75800000 7.13988 3.66627 3.01000 56.10068
1480749000 2 12 16 23 10 729.95800 0.75800000 7.13988 3.66627 3.01000 56.10068
1480749120 2 12 16 23 12 729.94300 0.75800000 7.12997 3.66627 3.01000 56.10068
1480749120 2 12 16 23 12 729.00000 0.75800000 7.13988 3.66627 3.01000 56.10068
