1615571580 12 3 21 09 53 47362.40000 10.24200000 1496.84000 177.92000 26.85400 128.67900
1615571640 12 3 21 09 54 47402.80000 10.24200000 1497.25000 177.97000 26.85400 128.89600
1615571640 12 3 21 09 54 47362.40000 10.24200000 1497.25000 177.99000 26.85400 128.89600
1615571700 12 3 21 09 55 47435.40000 10.24200000 1497.25000 177.73000 26.85400 128.89600
1615571700 12 3 21 09 55 47435.30000 10.24200000 1498.73000 177.80000 26.85400 128.89600
1615571700 12 3 21 09 55 47494.70000 10.24200000 1499.90000 177.97000 26.85400 128.89600
1615571760 12 3 21 09 56 47458.80000 10.24200000 1500.52000 178.21000 26.85400 128.89600
1615571760 12 3 21 09 56 47458.70000 10.24200000 1499.30000 178.06000 26.85400 128.89600
1615571820 12 3 21 09 57 47409.70000 10.24200000 1499.30000 177.87000 26.85400 129.49900
1615571820 12 3 21 09 57 47452.50000 10.24200000 1498.83000 177.93000 26.85400 129.55600
1615571880 12 3 21 09 58 47482.10000 10.24200000 1499.59000 177.99000 26.95900 129.58600
1615571880 12 3 21 09 58 47476.90000 10.24200000 1499.98000 178.14000 26.95900 130.06500
1615571880 12 3 21 09 58 47447.40000 10.24200000 1498.92000 178.04000 26.85400 129.58600
1615571940 12 3 21 09 59 47479.60000 10.24200000 1499.36000 178.06000 26.95900 130.06500
1615571940 12 3 21 09 59 47472.10000 10.24200000 1499.31000 178.08000 26.95900 130.44300
1615572000 12 3 21 10 00 47445.30000 10.24200000 1497.58000 177.83000 26.95900 130.33700
1615572000 12 3 21 10 00 47399.00000 10.24200000 1496.09000 177.68000 26.95900 130.33700
1615572060 12 3 21 10 01 47395.10000 10.24200000 1495.62000 177.60000 26.95900 130.33700
1615572060 12 3 21 10 01 47367.00000 10.24200000 1495.26000 177.35000 26.95900 130.33700
1615572060 12 3 21 10 01 47384.50000 10.24300000 1495.86000 177.43000 26.85300 130.33700
1615572120 12 3 21 10 02 47350.50000 10.24300000 1492.60000 176.59000 26.85300 130.31300
1615572120 12 3 21 10 02 47384.50000 10.24300000 1495.10000 176.65000 26.85300 130.31300
1615572180 12 3 21 10 03 47366.30000 10.24300000 1493.78000 176.50000 26.85300 130.31300
1615572180 12 3 21 10 03 47347.60000 10.24300000 1492.60000 176.61000 26.85300 130.31300
1615572240 12 3 21 10 04 47375.80000 10.24300000 1494.17000 176.63000 26.85300 130.31300
1615572240 12 3 21 10 04 47375.80000 10.21500000 1494.87000 176.89000 26.85300 130.31300
1615572240 12 3 21 10 04 47357.60000 10.21500000 1494.54000 176.89000 26.85300 130.31300
1615572300 12 3 21 10 05 47342.10000 10.20600000 1494.46000 176.81000 26.85300 130.31300
1615572300 12 3 21 10 05 47342.10000 10.20500000 1494.15000 176.65000 26.85300 129.07200
1615572360 12 3 21 10 06 47325.10000 10.20500000 1493.73000 176.57000 26.85300 129.07200
1615572360 12 3 21 10 06 47321.90000 10.20500000 1493.87000 176.80000 26.85300 129.07200
1615572420 12 3 21 10 07 47345.60000 10.20500000 1495.54000 176.79000 26.85300 129.04100
1615572420 12 3 21 10 07 47329.30000 10.20500000 1494.67000 176.77000 26.85300 129.07200
1615572420 12 3 21 10 07 47359.80000 10.20500000 1495.55000 176.80000 26.85300 129.04100
1615572480 12 3 21 10 08 47306.80000 10.20500000 1493.28000 176.55000 26.85300 128.87900
1615572480 12 3 21 10 08 47300.00000 10.20500000 1493.29000 176.78000 26.85300 129.04100
1615572540 12 3 21 10 09 47251.00000 10.20500000 1491.22000 176.25000 26.85300 128.87900
1615572540 12 3 21 10 09 47251.00000 10.20500000 1491.00000 176.06000 26.85300 128.87900
1615572600 12 3 21 10 10 47251.10000 10.20500000 1490.99000 175.83000 26.85300 128.41500
1615572600 12 3 21 10 10 47306.60000 10.20500000 1491.00000 175.94000 26.85300 128.41500
1615572600 12 3 21 10 10 47291.00000 10.20500000 1492.01000 176.00000 26.85300 128.41500
1615572660 12 3 21 10 11 47258.80000 10.20500000 1492.00000 176.00000 26.85300 128.41500
1615572660 12 3 21 10 11 47225.10000 10.20500000 1489.31000 175.67000 26.85300 128.35000
1615572720 12 3 21 10 12 47221.00000 10.20500000 1488.61000 175.44000 26.85300 128.35000
1615572720 12 3 21 10 12 47220.00000 10.13700000 1488.07000 175.06000 26.85300 127.84700
1615572780 12 3 21 10 13 47200.00000 10.15500000 1487.54000 174.88000 26.85300 127.55400
1615572780 12 3 21 10 13 47200.00000 10.15500000 1487.56000 174.80000 26.85300 127.55400
1615572780 12 3 21 10 13 47207.90000 10.15500000 1488.47000 175.22000 26.85300 127.55400
1615572840 12 3 21 10 14 47230.90000 10.15500000 1488.27000 175.30000 26.65700 127.50000
1615572840 12 3 21 10 14 47236.10000 10.15500000 1487.54000 175.26000 26.65700 127.50000
1615572900 12 3 21 10 15 47236.10000 10.15500000 1487.02000 175.62000 26.65700 127.50000
1615572900 12 3 21 10 15 47156.00000 10.15500000 1485.01000 175.20000 26.77200 127.15000
1615572900 12 3 21 10 15 47155.10000 10.12900000 1485.97000 175.13000 26.77200 127.15000
1615572960 12 3 21 10 16 47175.20000 10.11400000 1486.68000 174.91000 26.65800 127.15000
1615572960 12 3 21 10 16 47154.40000 10.12900000 1486.67000 175.07000 26.65800 127.15000
1615573020 12 3 21 10 17 47155.00000 10.11400000 1487.54000 174.76000 26.87000 126.82000
1615573020 12 3 21 10 17 47159.00000 10.11400000 1486.43000 174.44000 26.87000 126.82000
1615573080 12 3 21 10 18 47194.50000 10.11400000 1489.19000 174.97000 26.87000 127.28000
1615573080 12 3 21 10 18 47187.20000 10.11400000 1488.63000 174.98000 26.87000 127.28000
1615573080 12 3 21 10 18 47154.30000 10.11400000 1487.57000 174.47000 26.87000 127.28000
1615573140 12 3 21 10 19 47168.60000 10.11400000 1488.22000 174.92000 26.87000 127.28000
1615573140 12 3 21 10 19 47180.60000 10.11400000 1488.27000 174.71000 26.87000 127.28000
1615573200 12 3 21 10 20 47151.30000 10.14300000 1487.98000 174.60000 26.50100 127.28000
1615573200 12 3 21 10 20 47146.90000 10.14300000 1487.50000 174.61000 26.50100 127.28000
1615573260 12 3 21 10 21 47113.30000 10.14300000 1486.43000 174.58000 26.49900 127.28000
1615573260 12 3 21 10 21 47085.30000 10.14300000 1485.64000 174.43000 26.48600 127.28000
1615573260 12 3 21 10 21 47134.20000 10.14300000 1486.55000 174.50000 26.50000 127.28000
1615573320 12 3 21 10 22 47100.00000 10.09000000 1484.01000 174.32000 26.48600 126.73600
1615573320 12 3 21 10 22 47101.00000 10.09000000 1484.93000 174.25000 26.63000 126.73600
1615573380 12 3 21 10 23 47077.80000 10.09000000 1484.92000 173.94000 26.51800 126.73600
1615573380 12 3 21 10 23 47077.70000 10.10700000 1483.10000 173.65000 26.51800 126.45800
1615573440 12 3 21 10 24 47077.80000 10.10700000 1483.15000 173.27000 26.51800 126.35300
1615573440 12 3 21 10 24 47077.70000 10.10700000 1482.01000 173.15000 26.46100 126.19800
1615573440 12 3 21 10 24 47027.40000 10.07700000 1481.04000 172.94000 26.39500 126.19800
1615573500 12 3 21 10 25 47041.20000 10.00100000 1483.34000 173.17000 26.09200 126.19800
1615573500 12 3 21 10 25 47043.90000 10.09000000 1484.44000 173.33000 26.35800 126.19800
1615573560 12 3 21 10 26 47021.30000 10.10000000 1480.96000 173.02000 26.31400 126.47500
1615573560 12 3 21 10 26 47023.10000 10.10000000 1483.59000 173.22000 26.27800 126.45400
1615573620 12 3 21 10 27 47017.40000 10.05400000 1479.57000 172.76000 26.34000 126.21900
1615573620 12 3 21 10 27 47021.10000 10.05400000 1479.53000 172.92000 26.34000 126.47500
1615573620 12 3 21 10 27 47017.40000 10.05400000 1479.34000 172.86000 26.34000 126.21900
1615573680 12 3 21 10 28 47001.00000 10.05400000 1479.86000 172.80000 26.34000 126.21900
1615573680 12 3 21 10 28 47001.00000 10.05400000 1479.61000 172.65000 26.34100 126.21900
1615573740 12 3 21 10 29 47000.10000 10.05400000 1479.02000 172.49000 26.34100 126.21900
1615573740 12 3 21 10 29 46965.00000 10.05400000 1478.60000 172.39000 26.34100 126.21900
1615573800 12 3 21 10 30 46962.80000 10.03100000 1477.32000 171.95000 26.17600 125.93700
1615573800 12 3 21 10 30 46977.30000 10.04700000 1478.25000 172.38000 26.28200 125.93700
1615573800 12 3 21 10 30 46999.90000 10.04700000 1480.96000 172.98000 26.28200 125.93700
1615573860 12 3 21 10 31 47134.20000 10.08200000 1484.03000 173.43000 26.28200 125.93700
1615573860 12 3 21 10 31 47134.20000 10.08200000 1484.34000 173.52000 26.28200 125.93700
1615573920 12 3 21 10 32 47134.10000 10.08200000 1484.80000 173.54000 26.25600 126.47700
1615573920 12 3 21 10 32 47089.30000 10.08200000 1482.72000 173.63000 26.25600 126.47700
1615573980 12 3 21 10 33 47021.30000 10.08200000 1481.35000 173.17000 26.25600 126.47700
1615573980 12 3 21 10 33 47087.00000 10.07200000 1482.86000 173.62000 26.25600 126.42000
1615573980 12 3 21 10 33 47097.00000 10.07200000 1483.39000 173.30000 26.25600 126.42000
1615574040 12 3 21 10 34 47091.30000 10.07200000 1482.55000 173.35000 26.25600 126.55300
1615574040 12 3 21 10 34 47089.40000 10.07200000 1482.01000 173.47000 26.25600 126.55300
1615574100 12 3 21 10 35 47128.20000 10.07200000 1483.22000 173.54000 26.25600 126.55300
1615574100 12 3 21 10 35 47118.40000 10.07200000 1482.50000 173.61000 26.25600 126.55300
1615574160 12 3 21 10 36 47218.80000 10.09900000 1486.87000 174.53000 26.25600 126.70000
1615574160 12 3 21 10 36 47200.80000 10.09900000 1485.25000 174.23000 26.25600 126.70000
1615574160 12 3 21 10 36 47134.20000 10.07200000 1484.61000 173.60000 26.25600 126.55300
1615574220 12 3 21 10 37 47247.40000 10.09900000 1488.13000 174.59000 26.25600 126.70000
1615574220 12 3 21 10 37 47247.40000 10.14500000 1487.18000 174.61000 26.25600 126.70000
1615574280 12 3 21 10 38 47247.30000 10.14500000 1487.01000 174.24000 26.25600 126.70000
1615574280 12 3 21 10 38 47247.40000 10.14500000 1486.49000 174.24000 26.25600 126.70000
1615574340 12 3 21 10 39 47247.20000 10.14500000 1485.82000 174.26000 26.25600 126.70000
1615574340 12 3 21 10 39 47208.60000 10.14500000 1485.01000 173.89000 26.25600 126.70000
1615574340 12 3 21 10 39 47304.10000 10.14500000 1487.76000 174.49000 26.25600 126.70000
1615574400 12 3 21 10 40 47304.10000 10.11900000 1486.78000 174.78000 26.25600 127.63700
1615574400 12 3 21 10 40 47277.20000 10.11900000 1487.00000 174.56000 26.25600 126.70000
1615574460 12 3 21 10 41 47318.10000 10.11900000 1487.32000 174.59000 26.25600 127.63700
1615574460 12 3 21 10 41 47286.30000 10.11900000 1486.99000 174.77000 26.25600 127.63700
1615574520 12 3 21 10 42 47281.10000 10.11900000 1486.41000 174.71000 26.25600 127.63700
1615574520 12 3 21 10 42 47286.30000 10.11900000 1486.41000 174.68000 26.25600 127.45100
1615574520 12 3 21 10 42 47321.80000 10.11900000 1488.26000 174.68000 26.25600 127.54300
1615574580 12 3 21 10 43 47334.30000 10.11900000 1487.68000 174.68000 26.25600 127.54300
1615574580 12 3 21 10 43 47345.00000 10.11900000 1487.38000 174.70000 26.25600 127.54300
1615574640 12 3 21 10 44 47360.70000 10.11900000 1487.27000 174.75000 26.25600 127.54700
1615574640 12 3 21 10 44 47360.80000 10.11900000 1487.01000 174.77000 26.25600 127.54700
1615574700 12 3 21 10 45 47398.00000 10.11900000 1489.73000 174.94000 26.25600 127.54700
1615574700 12 3 21 10 45 47417.60000 10.11900000 1489.00000 174.90000 26.25600 127.54700
1615574700 12 3 21 10 45 47401.70000 10.11900000 1487.27000 174.84000 26.25600 127.54700
1615574760 12 3 21 10 46 47415.40000 10.11900000 1489.60000 174.87000 26.25600 127.54700
1615574760 12 3 21 10 46 47417.70000 10.11900000 1489.55000 174.87000 26.25600 127.54700
1615574820 12 3 21 10 47 47417.10000 10.11900000 1489.55000 174.75000 26.25600 127.54700
1615574820 12 3 21 10 47 47417.10000 10.11900000 1489.41000 174.75000 26.25600 127.54700
1615574880 12 3 21 10 48 47417.60000 10.11900000 1489.00000 174.71000 26.25600 127.54700
1615574880 12 3 21 10 48 47417.70000 10.11900000 1489.66000 174.73000 26.25600 127.78900
1615574880 12 3 21 10 48 47470.00000 10.14900000 1492.51000 174.90000 26.25600 128.10000
1615574940 12 3 21 10 49 47531.50000 10.15000000 1493.13000 175.14000 26.25600 128.30900
1615574940 12 3 21 10 49 47531.50000 10.15000000 1493.00000 175.45000 26.33800 128.30900
1615575000 12 3 21 10 50 47552.00000 10.15000000 1492.60000 175.02000 26.25800 128.56700
1615575000 12 3 21 10 50 47578.60000 10.15000000 1494.64000 175.62000 26.33800 128.56700
1615575000 12 3 21 10 50 47558.10000 10.15000000 1494.71000 175.56000 26.25800 128.56700
1615575060 12 3 21 10 51 47532.60000 10.15000000 1492.51000 175.02000 26.25800 128.56700
1615575060 12 3 21 10 51 47547.50000 10.15000000 1493.01000 175.02000 26.25800 128.56700
1615575120 12 3 21 10 52 47534.10000 10.15000000 1493.17000 175.02000 26.25800 128.56700
1615575120 12 3 21 10 52 47545.00000 10.15000000 1492.95000 175.02000 26.25800 128.56700
1615575180 12 3 21 10 53 47544.90000 10.15000000 1492.65000 175.16000 26.34100 128.56700
1615575180 12 3 21 10 53 47544.90000 10.15000000 1492.59000 175.10000 26.25800 128.56700
1615575180 12 3 21 10 53 47544.90000 10.15000000 1492.11000 175.16000 26.34100 128.56700
1615575240 12 3 21 10 54 47538.90000 10.15000000 1492.79000 175.34000 26.34100 128.56700
1615575240 12 3 21 10 54 47541.70000 10.15000000 1493.62000 175.16000 26.34100 128.56700
1615575300 12 3 21 10 55 47562.90000 10.15000000 1493.12000 175.50000 26.34100 128.56700
1615575300 12 3 21 10 55 47567.30000 10.15000000 1494.36000 175.50000 26.34100 128.56700
1615575360 12 3 21 10 56 47574.50000 10.15000000 1493.94000 175.39000 26.34100 128.59700
1615575360 12 3 21 10 56 47608.60000 10.15000000 1493.93000 175.39000 26.34100 128.59700
1615575360 12 3 21 10 56 47670.40000 10.15000000 1496.19000 175.73000 26.34100 128.55000
1615575420 12 3 21 10 57 47602.50000 10.15000000 1494.25000 175.75000 26.34100 128.55000
1615575420 12 3 21 10 57 47589.10000 10.15000000 1494.28000 175.68000 26.34100 128.55000
1615575480 12 3 21 10 58 47622.40000 10.15000000 1493.35000 175.83000 26.34100 128.55000
1615575480 12 3 21 10 58 47605.20000 10.15000000 1494.62000 175.76000 26.34100 128.55000
1615575540 12 3 21 10 59 47599.30000 10.15000000 1493.98000 175.65000 26.34100 128.55000
1615575540 12 3 21 10 59 47608.10000 10.15000000 1493.69000 175.84000 26.34100 128.55000
1615575540 12 3 21 10 59 47618.50000 10.15000000 1494.20000 175.80000 26.34100 128.55000
1615575600 12 3 21 11 00 47540.00000 10.15000000 1493.51000 175.21000 26.34100 128.55000
1615575600 12 3 21 11 00 47512.20000 10.15900000 1492.11000 175.13000 26.34100 128.55000
1615575660 12 3 21 11 01 47540.00000 10.15900000 1492.15000 175.47000 26.34100 128.02800
1615575660 12 3 21 11 01 47565.00000 10.15900000 1492.15000 175.59000 26.34100 128.02800
1615575720 12 3 21 11 02 47588.50000 10.16900000 1494.00000 175.93000 26.33200 128.46500
1615575720 12 3 21 11 02 47588.60000 10.17500000 1493.98000 175.93000 26.32800 128.38500
1615575720 12 3 21 11 02 47588.60000 10.16900000 1494.50000 175.79000 26.33200 128.46500
1615575780 12 3 21 11 03 47588.60000 10.16900000 1496.20000 175.84000 26.33200 128.46500
1615575780 12 3 21 11 03 47643.50000 10.16900000 1497.88000 175.98000 26.33200 128.46500
1615575840 12 3 21 11 04 47676.90000 10.16900000 1498.34000 176.48000 26.33200 128.46500
1615575840 12 3 21 11 04 47639.50000 10.16900000 1497.53000 176.27000 26.33200 128.46500
1615575900 12 3 21 11 05 47702.90000 10.16900000 1498.55000 176.60000 26.76100 128.46500
1615575900 12 3 21 11 05 47750.00000 10.20100000 1499.00000 176.60000 26.76100 128.46500
1615575900 12 3 21 11 05 47700.00000 10.16900000 1498.34000 176.75000 26.33200 128.46500
1615575960 12 3 21 11 06 47772.00000 10.20100000 1499.48000 176.83000 26.76100 128.46500
1615575960 12 3 21 11 06 47772.00000 10.20100000 1499.00000 176.60000 26.76100 128.46500
1615576020 12 3 21 11 07 47772.00000 10.20100000 1499.48000 176.89000 26.76100 128.46500
1615576020 12 3 21 11 07 47771.90000 10.20100000 1499.48000 176.78000 26.76100 128.46500
1615576080 12 3 21 11 08 47790.00000 10.20300000 1500.44000 177.00000 26.76100 128.70400
1615576080 12 3 21 11 08 47817.40000 10.20300000 1502.11000 176.98000 26.76100 128.70400
1615576080 12 3 21 11 08 47817.40000 10.20300000 1501.62000 176.82000 26.76100 128.70400
1615576140 12 3 21 11 09 47802.50000 10.20300000 1500.90000 176.92000 26.76100 128.70400
1615576140 12 3 21 11 09 47771.90000 10.20300000 1500.45000 176.90000 26.76100 128.70400
1615576200 12 3 21 11 10 47771.90000 10.20300000 1500.44000 176.70000 26.76100 128.70400
1615576200 12 3 21 11 10 47762.40000 10.20300000 1498.67000 176.78000 26.59600 128.70400
1615576260 12 3 21 11 11 47771.80000 10.20300000 1499.06000 176.72000 26.59600 128.70400
1615576260 12 3 21 11 11 47750.40000 10.20300000 1499.21000 176.78000 26.59600 128.70400
1615576260 12 3 21 11 11 47756.80000 10.20300000 1499.25000 176.78000 26.59600 128.70400
1615576320 12 3 21 11 12 47741.70000 10.24800000 1499.11000 176.36000 26.59600 128.70400
1615576320 12 3 21 11 12 47741.70000 10.24800000 1499.02000 176.47000 26.59600 128.70400
1615576380 12 3 21 11 13 47757.40000 10.24800000 1499.59000 176.50000 26.59600 128.70400
1615576380 12 3 21 11 13 47757.30000 10.24800000 1498.92000 176.50000 26.59600 128.70400
1615576440 12 3 21 11 14 47758.90000 10.24800000 1499.20000 176.51000 26.59600 128.70400
1615576440 12 3 21 11 14 47759.00000 10.24800000 1499.47000 176.76000 26.59600 128.70400
1615576440 12 3 21 11 14 47759.00000 10.24800000 1498.75000 176.91000 26.59600 128.70400
1615576500 12 3 21 11 15 47719.60000 10.24800000 1498.48000 176.71000 26.59600 128.70400
1615576500 12 3 21 11 15 47731.70000 10.24800000 1498.77000 176.74000 26.59600 128.70400
1615576560 12 3 21 11 16 47705.70000 10.24800000 1498.78000 176.48000 26.59600 128.70400
1615576560 12 3 21 11 16 47703.00000 10.23700000 1497.01000 176.58000 26.59600 128.70400
1615576620 12 3 21 11 17 47702.90000 10.23700000 1498.00000 176.58000 26.59600 128.70400
1615576620 12 3 21 11 17 47703.00000 10.23700000 1497.64000 176.44000 26.59600 128.70400
1615576620 12 3 21 11 17 47670.40000 10.23700000 1497.28000 176.30000 26.59600 128.70400
1615576680 12 3 21 11 18 47650.70000 10.22600000 1497.22000 176.20000 26.59600 128.70400
1615576680 12 3 21 11 18 47666.80000 10.20600000 1498.29000 176.30000 26.59600 128.70400
1615576740 12 3 21 11 19 47670.30000 10.20600000 1498.57000 176.32000 26.59500 128.70400
1615576740 12 3 21 11 19 47670.40000 10.20600000 1499.22000 176.45000 26.59500 128.70400
1615576800 12 3 21 11 20 47658.20000 10.20600000 1497.65000 176.11000 26.59500 128.70400
1615576800 12 3 21 11 20 47670.40000 10.20600000 1498.30000 176.25000 26.59500 128.70400
1615576800 12 3 21 11 20 47650.10000 10.20600000 1497.65000 176.25000 26.59500 128.70400
1615576860 12 3 21 11 21 47660.70000 10.20300000 1497.12000 176.04000 26.59500 128.70400
1615576860 12 3 21 11 21 47631.10000 10.16500000 1497.10000 175.76000 26.59500 128.70400
1615576920 12 3 21 11 22 47616.10000 10.16500000 1496.06000 175.77000 26.59500 128.70400
1615576920 12 3 21 11 22 47631.60000 10.17900000 1494.99000 175.76000 26.59500 128.70400
1615576980 12 3 21 11 23 47654.70000 10.17900000 1497.04000 176.00000 26.59500 128.70400
1615576980 12 3 21 11 23 47632.00000 10.17900000 1495.67000 175.92000 26.59500 128.70400
1615576980 12 3 21 11 23 47654.60000 10.20700000 1497.14000 176.26000 26.59500 128.70400
1615577040 12 3 21 11 24 47654.60000 10.20700000 1496.48000 176.26000 26.59500 128.70400
1615577040 12 3 21 11 24 47654.70000 10.20700000 1496.48000 176.10000 26.59500 128.70400
1615577100 12 3 21 11 25 47660.40000 10.20700000 1497.19000 176.30000 26.59500 128.70400
1615577100 12 3 21 11 25 47654.70000 10.20700000 1496.48000 176.13000 26.59500 128.70400
1615577160 12 3 21 11 26 47654.70000 10.20700000 1497.02000 176.26000 26.59500 128.70400
1615577160 12 3 21 11 26 47660.20000 10.20700000 1497.26000 176.41000 26.59500 128.70400
1615577160 12 3 21 11 26 47681.80000 10.20700000 1497.51000 176.48000 26.59500 128.70400
1615577220 12 3 21 11 27 47658.00000 10.20700000 1497.61000 176.48000 26.59500 128.57100
1615577220 12 3 21 11 27 47658.00000 10.20700000 1497.60000 176.50000 26.59500 128.57100
1615577280 12 3 21 11 28 47700.30000 10.20700000 1497.52000 176.39000 26.59500 128.57100
1615577280 12 3 21 11 28 47676.60000 10.20700000 1497.60000 176.44000 26.59500 128.57100
1615577280 12 3 21 11 28 47681.50000 10.20700000 1497.58000 176.44000 26.59500 128.57100
1615577340 12 3 21 11 29 47692.20000 10.20700000 1496.99000 176.58000 26.59500 128.57100
1615577340 12 3 21 11 29 47683.00000 10.20700000 1497.59000 176.58000 26.59500 128.57100
1615577400 12 3 21 11 30 47681.70000 10.20700000 1496.12000 176.58000 26.71800 128.57100
1615577400 12 3 21 11 30 47681.70000 10.20700000 1496.00000 176.58000 26.71800 128.38700
1615577460 12 3 21 11 31 47681.70000 10.20700000 1496.00000 176.58000 26.71800 128.38700
1615577460 12 3 21 11 31 47654.80000 10.20700000 1495.52000 176.51000 26.71800 128.38700
1615577460 12 3 21 11 31 47612.00000 10.20700000 1495.13000 176.39000 26.71800 128.38700
1615577520 12 3 21 11 32 47588.70000 10.20700000 1491.57000 176.10000 26.71800 128.38700
1615577520 12 3 21 11 32 47588.60000 10.20700000 1492.49000 176.10000 26.71800 128.38700
1615577580 12 3 21 11 33 47609.30000 10.20700000 1493.37000 176.10000 26.71800 128.09700
1615577580 12 3 21 11 33 47606.70000 10.20700000 1493.39000 176.10000 26.71800 128.38700
1615577640 12 3 21 11 34 47645.70000 10.21300000 1494.84000 176.68000 26.71800 128.07100
1615577640 12 3 21 11 34 47642.30000 10.20700000 1493.37000 176.10000 26.71800 128.01200
1615577640 12 3 21 11 34 47645.60000 10.20700000 1494.77000 176.48000 26.71800 128.01200
1615577700 12 3 21 11 35 47614.80000 10.21300000 1494.29000 176.34000 26.57700 128.07100
1615577700 12 3 21 11 35 47600.00000 10.21300000 1492.08000 176.26000 26.57700 128.07100
1615577760 12 3 21 11 36 47600.00000 10.21300000 1492.02000 176.16000 26.57700 128.07100
1615577760 12 3 21 11 36 47588.70000 10.21300000 1491.72000 176.16000 26.57700 128.07100
1615577820 12 3 21 11 37 47588.60000 10.21300000 1492.02000 176.11000 26.57700 128.07100
1615577820 12 3 21 11 37 47572.70000 10.21300000 1491.75000 175.93000 26.57700 128.07100
1615577820 12 3 21 11 37 47599.70000 10.21300000 1491.75000 175.93000 26.57700 128.07100
1615577880 12 3 21 11 38 47578.50000 10.21300000 1491.75000 176.04000 26.57700 128.07100
1615577880 12 3 21 11 38 47563.70000 10.21300000 1491.34000 175.29000 26.57700 128.07100
1615577940 12 3 21 11 39 47534.50000 10.21300000 1491.02000 175.97000 26.57700 128.07100
1615577940 12 3 21 11 39 47533.10000 10.21300000 1491.02000 175.97000 26.57700 128.07100
1615578000 12 3 21 11 40 47532.30000 10.15200000 1491.02000 175.54000 26.57700 128.07100
1615578000 12 3 21 11 40 47556.20000 10.15200000 1491.50000 175.75000 26.57700 128.07100
1615578000 12 3 21 11 40 47551.50000 10.15200000 1491.75000 175.72000 26.57700 128.07100
1615578060 12 3 21 11 41 47545.30000 10.15200000 1491.75000 175.72000 26.57700 128.07100
1615578060 12 3 21 11 41 47545.20000 10.15200000 1490.95000 175.61000 26.57700 128.07100
1615578120 12 3 21 11 42 47531.50000 10.15200000 1489.90000 175.00000 26.57700 128.07100
1615578120 12 3 21 11 42 47545.20000 10.15200000 1490.21000 175.21000 26.57700 128.07100
1615578180 12 3 21 11 43 47487.30000 10.15200000 1489.90000 175.16000 26.57700 128.07100
1615578180 12 3 21 11 43 47474.70000 10.15200000 1489.91000 175.01000 26.57700 128.07100
1615578180 12 3 21 11 43 47506.40000 10.15200000 1490.17000 175.16000 26.57700 128.07100
1615578240 12 3 21 11 44 47479.20000 10.15200000 1490.80000 175.39000 26.57700 128.07100
1615578240 12 3 21 11 44 47474.70000 10.15200000 1490.51000 175.19000 26.57700 128.07100
1615578300 12 3 21 11 45 47400.00000 10.15200000 1489.89000 175.00000 26.57700 127.19500
1615578300 12 3 21 11 45 47363.80000 10.14600000 1488.13000 174.92000 26.52300 127.19500
