1484318580 13 1 17 06 43 748.99000 1.12199000 9.10000 3.70843 3.99106 41.15400
1484318640 13 1 17 06 44 748.99000 1.12199000 9.10000 3.70843 3.99106 41.15400
1484318700 13 1 17 06 45 748.99000 1.12199000 9.10000 3.70843 3.99106 41.15400
1484318760 13 1 17 06 46 749.99900 1.12199000 9.10000 3.70843 3.99106 41.15400
1484318760 13 1 17 06 46 748.99000 1.12199000 9.10000 3.70843 3.99106 41.15400
1484318820 13 1 17 06 47 750.34400 1.12199000 9.10000 3.70843 3.99106 41.15400
1484318880 13 1 17 06 48 748.99000 1.12199000 9.10000 3.70843 3.99106 41.15400
1484318880 13 1 17 06 48 750.35100 1.12199000 9.10000 3.70843 3.99106 41.15400
1484318880 13 1 17 06 48 750.01000 1.12199000 9.10000 3.70843 3.99106 41.15400
1484318940 13 1 17 06 49 750.35100 1.12199000 9.10000 3.70843 3.99106 41.15400
1484318940 13 1 17 06 49 750.33800 1.12199000 9.10000 3.70843 3.99106 41.15400
1484319000 13 1 17 06 50 750.01000 1.12199000 9.14890 3.70843 3.99106 41.15400
1484319000 13 1 17 06 50 750.01000 1.12199000 9.14800 3.70843 3.99106 41.15400
1484319000 13 1 17 06 50 750.01000 1.12199000 9.14890 3.70843 3.99106 41.15400
1484319060 13 1 17 06 51 750.01000 1.12199000 9.10000 3.70843 3.99106 41.15400
1484319060 13 1 17 06 51 751.17900 1.12199000 9.10000 3.70843 3.99106 41.15400
1484319060 13 1 17 06 51 750.45700 1.12199000 9.14800 3.70843 3.99106 41.15400
1484319120 13 1 17 06 52 750.45700 1.12199000 9.14800 3.70843 3.99106 41.15400
1484319120 13 1 17 06 52 750.45700 1.12199000 9.14800 3.70843 3.99106 41.15400
1484319120 13 1 17 06 52 751.17900 1.12199000 9.14890 3.70843 3.99106 41.15400
1484319120 13 1 17 06 52 750.45700 1.12199000 9.14800 3.70843 3.99106 41.15400
1484319180 13 1 17 06 53 750.01000 1.12199000 9.14800 3.69329 3.99106 41.15400
1484319180 13 1 17 06 53 750.01000 1.11536000 9.14800 3.69329 3.99106 41.15400
