1480646280 1 12 16 18 38 708.60000 0.72470000 7.93542 3.64000 3.35000 59.36925
1480646280 1 12 16 18 38 708.61100 0.72470000 7.93542 3.64000 3.35000 59.36973
1480646340 1 12 16 18 39 710.40000 0.72470000 7.95887 3.64000 3.35000 59.36973
1480646400 1 12 16 18 40 710.39600 0.72470000 7.95887 3.64000 3.35000 59.36973
1480646460 1 12 16 18 41 710.39800 0.72470000 7.95883 3.64000 3.35000 59.36973
1480646460 1 12 16 18 41 710.39800 0.72470000 7.95883 3.64000 3.35000 59.36973
1480646460 1 12 16 18 41 710.39800 0.72470000 7.95883 3.64000 3.35000 59.36973
1480646460 1 12 16 18 41 710.39800 0.72470000 7.95883 3.64000 3.35000 59.36973
1480646520 1 12 16 18 42 710.39800 0.72470000 7.95883 3.64000 3.35000 59.36973
1480646580 1 12 16 18 43 710.39800 0.72470000 7.95883 3.64000 3.35000 59.36973
1480646580 1 12 16 18 43 710.39800 0.72470000 7.95883 3.64000 3.35000 59.36973
1480646640 1 12 16 18 44 710.39800 0.72470000 7.95883 3.64000 3.35000 59.37045
1480646700 1 12 16 18 45 710.39000 0.72470000 7.95883 3.64000 3.35000 59.37045
1480646700 1 12 16 18 45 710.36000 0.72470000 8.00000 3.64000 3.35000 59.37045
1480646700 1 12 16 18 45 710.39900 0.72470000 7.95883 3.64000 3.35000 59.37045
1480646760 1 12 16 18 46 710.38000 0.72470000 7.99762 3.64000 3.35000 59.37045
1480646760 1 12 16 18 46 710.36000 0.72470000 8.00000 3.64000 3.35000 59.37045
1480646760 1 12 16 18 46 710.39800 0.72470000 8.00000 3.64000 3.35000 59.37045
1480646820 1 12 16 18 47 710.39800 0.72470000 8.00000 3.64000 3.35000 59.37045
1480646820 1 12 16 18 47 709.58200 0.72470000 8.00000 3.64000 3.35000 59.37045
1480646880 1 12 16 18 48 710.40000 0.72470000 7.95984 3.64000 3.35000 59.37045
1480646880 1 12 16 18 48 709.58200 0.72470000 8.00000 3.64000 3.35000 59.37045
1480646880 1 12 16 18 48 710.40000 0.72470000 8.00000 3.64000 3.35000 59.37045
1480646940 1 12 16 18 49 709.58200 0.72470000 8.00000 3.64000 3.35000 59.37045
1480646940 1 12 16 18 49 710.40000 0.72470000 7.95984 3.64000 3.35000 59.37045
1480647000 1 12 16 18 50 710.40000 0.72470000 7.95984 3.64000 3.35000 59.37045
1480647000 1 12 16 18 50 710.40000 0.72470000 7.95984 3.64000 3.35000 59.37045
1480647060 1 12 16 18 51 710.10000 0.72470000 7.95984 3.64000 3.35000 59.37045
1480647060 1 12 16 18 51 710.10000 0.72470000 7.95984 3.64000 3.35000 59.37045
1480647060 1 12 16 18 51 710.10000 0.72470000 7.95963 3.64000 3.35000 64.99999
1480647120 1 12 16 18 52 710.39000 0.72470000 7.95960 3.64000 3.35000 64.99999
1480647180 1 12 16 18 53 710.10000 0.72470000 7.95963 3.64000 3.35000 64.99999
1480647180 1 12 16 18 53 710.38900 0.72470000 7.95963 3.64000 3.35000 64.99999
1480647240 1 12 16 18 54 710.30000 0.72470000 7.95960 3.64000 3.35000 64.99999
1480647240 1 12 16 18 54 710.30000 0.72470000 7.95960 3.64000 3.35000 64.99999
1480647240 1 12 16 18 54 710.30000 0.72589000 7.95960 3.64000 3.35000 60.86494
