1480650660 1 12 16 19 51 710.40000 0.72370000 7.98325 3.67503 3.35000 63.30543
1480650780 1 12 16 19 53 710.40000 0.72370000 7.98325 3.67503 3.35000 63.30543
1480650780 1 12 16 19 53 710.40000 0.72370000 7.98325 3.67503 3.35000 63.30543
1480650780 1 12 16 19 53 710.39900 0.72370000 7.98325 3.67503 3.35000 63.30543
1480650840 1 12 16 19 54 710.40000 0.72370000 7.98325 3.67503 3.35000 63.30543
1480650840 1 12 16 19 54 710.40000 0.72370000 7.98325 3.67503 3.35000 63.30543
1480650900 1 12 16 19 55 710.40000 0.72370000 7.98325 3.67503 3.35000 63.30543
1480650900 1 12 16 19 55 710.40000 0.72370000 7.98000 3.67503 3.35000 60.48011
1480650900 1 12 16 19 55 710.40000 0.72370000 7.98325 3.67503 3.35000 63.30543
1480650960 1 12 16 19 56 710.40000 0.72370000 7.98325 3.67503 3.35000 63.30543
1480651020 1 12 16 19 57 710.40000 0.72370000 7.93003 3.67503 3.35000 59.50012
1480651020 1 12 16 19 57 710.40000 0.72370000 7.93003 3.67503 3.35000 59.50012
1480651020 1 12 16 19 57 710.40000 0.72370000 7.98000 3.67503 3.35000 60.48000
1480651080 1 12 16 19 58 710.40000 0.72370000 7.93006 3.67503 3.35000 59.50012
1480651080 1 12 16 19 58 710.40000 0.72200000 7.93006 3.67503 3.35000 59.50012
1480651140 1 12 16 19 59 710.40000 0.72370000 7.93006 3.67503 3.35000 59.50012
1480651140 1 12 16 19 59 710.40000 0.72200000 7.93006 3.67503 3.35000 59.50012
1480651140 1 12 16 19 59 710.40000 0.72200000 7.93006 3.67503 3.35000 59.50012
1480651200 1 12 16 20 00 710.40000 0.72200000 7.93800 3.67503 3.35000 59.50012
1480651260 1 12 16 20 01 710.40000 0.72200000 7.93800 3.67503 3.35000 59.50012
1480651260 1 12 16 20 01 710.40000 0.72200000 7.93800 3.67503 3.35000 59.50012
1480651260 1 12 16 20 01 710.39900 0.72200000 7.93800 3.67503 3.35000 59.50012
1480651320 1 12 16 20 02 710.40000 0.72200000 7.93800 3.67503 3.35000 59.50012
1480651320 1 12 16 20 02 710.40000 0.72200000 7.93800 3.67503 3.35000 59.50012
1480651380 1 12 16 20 03 710.40000 0.72200000 7.93800 3.67503 3.35000 59.50012
1480651440 1 12 16 20 04 710.40000 0.72200000 7.93800 3.67503 3.35000 59.50012
1480651500 1 12 16 20 05 710.37300 0.72200000 7.93000 3.67503 3.35000 59.50012
1480651500 1 12 16 20 05 710.10000 0.72200000 7.93000 3.63553 3.35000 59.50012
1480651500 1 12 16 20 05 710.39900 0.72200000 7.93000 3.63553 3.35000 59.50012
1480651500 1 12 16 20 05 710.39900 0.72200000 7.93000 3.63553 3.35000 59.50012
1480651500 1 12 16 20 05 709.88000 0.72200000 7.93000 3.63553 3.35000 59.50012
1480651560 1 12 16 20 06 709.29100 0.72200000 7.93000 3.63553 3.35000 59.50012
1480651620 1 12 16 20 07 709.29100 0.72200000 7.93000 3.63553 3.35000 59.50012
1480651620 1 12 16 20 07 709.28000 0.72200000 7.93000 3.63553 3.35000 59.50012
1480651620 1 12 16 20 07 709.29100 0.72200000 7.93000 3.63553 3.35000 59.50012
1480651680 1 12 16 20 08 709.99000 0.72200000 7.93000 3.63553 3.35000 60.01418
1480651740 1 12 16 20 09 707.74000 0.72200000 7.93000 3.63553 3.35000 60.01418
1480651740 1 12 16 20 09 708.96000 0.72200000 7.93000 3.63553 3.35000 60.01418
1480651800 1 12 16 20 10 708.99000 0.72200000 7.93000 3.63553 3.35000 60.01418
1480651860 1 12 16 20 11 708.96000 0.72200000 7.93000 3.63553 3.35000 60.01418
1480651860 1 12 16 20 11 708.96000 0.72200000 7.93000 3.63553 3.35000 60.01418
1480651860 1 12 16 20 11 707.76000 0.72200000 7.93000 3.63553 3.35000 60.01418
1480651920 1 12 16 20 12 708.97000 0.72200000 7.93000 3.63553 3.35000 60.01418
1480651920 1 12 16 20 12 708.96000 0.72200000 7.93000 3.63553 3.35000 60.01418
1480651920 1 12 16 20 12 708.94900 0.72200000 7.93000 3.63553 3.35000 60.01418
1480651980 1 12 16 20 13 708.94900 0.72200000 7.93000 3.63553 3.35000 60.01418
1480652040 1 12 16 20 14 708.98000 0.72200000 7.93000 3.63553 3.35000 60.01418
1480652040 1 12 16 20 14 708.95000 0.72200000 7.93000 3.63553 3.35000 60.01418
1480652040 1 12 16 20 14 708.94000 0.72200000 7.93000 3.63553 3.35000 60.01418
1480652100 1 12 16 20 15 708.98000 0.72200000 7.93000 3.63553 3.35000 60.01418
1480652100 1 12 16 20 15 708.94000 0.72200000 7.93000 3.63553 3.35000 60.01418
1480652220 1 12 16 20 17 708.46200 0.72200000 7.93000 3.63553 3.35000 60.01418
