1615221300 8 3 21 08 35 41804.70000 9.57400000 1412.40000 153.89000 26.16400 105.93000
1615221300 8 3 21 08 35 41804.70000 9.57400000 1412.40000 153.89000 26.16400 105.93000
1615221420 8 3 21 08 37 41831.20000 9.57400000 1412.39000 154.06000 26.16400 105.93000
1615221480 8 3 21 08 38 41831.20000 9.57400000 1412.39000 154.06000 26.16400 105.93000
1615221480 8 3 21 08 38 41831.20000 9.57400000 1412.39000 154.06000 26.16400 105.93000
1615221600 8 3 21 08 40 41831.20000 9.57400000 1412.39000 154.06000 26.16400 105.93000
1615221660 8 3 21 08 41 41831.20000 9.57400000 1412.39000 154.06000 26.16400 105.93000
1615221720 8 3 21 08 42 41831.20000 9.57400000 1412.39000 154.06000 26.16400 105.93000
1615221840 8 3 21 08 44 41831.20000 9.57400000 1412.39000 154.06000 26.16400 105.93000
1615221900 8 3 21 08 45 41831.20000 9.57400000 1412.39000 154.06000 26.16400 105.93000
1615221960 8 3 21 08 46 41831.20000 9.57400000 1412.39000 154.06000 26.16400 105.93000
