1627021440 22 7 21 22 24 27440.00000 36.89500000 1716.21000 102.16000 16.46500 82.41600
1627021500 22 7 21 22 25 27440.00000 36.89500000 1716.21000 102.16000 16.46500 82.41600
1627021560 22 7 21 22 26 27440.00000 36.89500000 1716.21000 102.16000 16.46500 82.41600
1627021680 22 7 21 22 28 27440.00000 36.89500000 1716.21000 102.16000 16.46500 82.41600
1627021800 22 7 21 22 30 27440.00000 36.89500000 1716.21000 102.16000 16.46500 82.41600
1627021920 22 7 21 22 32 27440.00000 36.89500000 1716.21000 102.16000 16.46500 82.41600
1627021920 22 7 21 22 32 27440.00000 36.89500000 1716.21000 102.16000 16.46500 82.41600
1627021980 22 7 21 22 33 27440.00000 36.89500000 1716.21000 102.16000 16.46500 82.41600
1627022100 22 7 21 22 35 27440.00000 36.89500000 1716.21000 102.16000 16.46500 82.41600
1627022160 22 7 21 22 36 27440.00000 36.89500000 1716.21000 102.16000 16.46500 82.41600
1627022280 22 7 21 22 38 27440.00000 36.89500000 1716.21000 102.16000 16.46500 82.41600
1627022280 22 7 21 22 38 27440.00000 36.89500000 1716.21000 102.16000 16.46500 82.41600
1627022400 22 7 21 22 40 27440.00000 36.89500000 1716.21000 102.16000 16.46500 82.41600
1627022400 22 7 21 22 40 27440.00000 36.89500000 1716.21000 102.16000 16.46500 82.41600
1627022460 22 7 21 22 41 27440.00000 36.89500000 1716.21000 102.16000 16.46500 82.41600
1627022460 22 7 21 22 41 27440.00000 36.89500000 1716.21000 102.16000 16.46500 82.41600
1627022460 22 7 21 22 41 27440.00000 36.89500000 1716.21000 102.16000 16.46500 82.41600
1627022520 22 7 21 22 42 27440.00000 36.89500000 1716.21000 102.16000 16.46500 82.41600
1627022520 22 7 21 22 42 27440.00000 36.89500000 1716.21000 102.16000 16.46500 82.41600
1627022580 22 7 21 22 43 27440.00000 36.89500000 1716.21000 102.16000 16.46500 82.41600
1627022580 22 7 21 22 43 27440.00000 36.89500000 1716.21000 102.16000 16.46500 82.41600
1627022700 22 7 21 22 45 27440.00000 36.89500000 1716.21000 102.16000 16.46500 82.41600
1627022760 22 7 21 22 46 27440.00000 36.89500000 1716.21000 102.16000 16.46500 82.41600
