1484329260 13 1 17 09 41 756.44200 1.12316000 9.10899 3.75937 3.99106 41.73422
1484329320 13 1 17 09 42 758.99400 1.12316000 9.10899 3.75937 3.99106 41.73422
1484329380 13 1 17 09 43 756.49000 1.12316000 9.13088 3.75937 3.99106 41.73422
1484329380 13 1 17 09 43 756.44400 1.12316000 9.10899 3.75937 3.99106 41.73422
1484329440 13 1 17 09 44 758.71000 1.12316000 9.11200 3.75937 3.85007 41.73422
1484329440 13 1 17 09 44 759.00100 1.12316000 9.09787 3.75937 3.85007 41.73422
1484329560 13 1 17 09 46 759.70900 1.12316000 9.09425 3.75937 3.85007 41.73422
1484329560 13 1 17 09 46 758.99900 1.12316000 9.09310 3.75937 3.85007 41.73422
1484329560 13 1 17 09 46 759.00000 1.12316000 9.09310 3.75937 3.85007 41.73422
1484329620 13 1 17 09 47 760.27600 1.12316000 9.09790 3.75937 3.85007 41.73422
1484329620 13 1 17 09 47 760.28000 1.12316000 9.09794 3.75937 3.85007 41.73422
1484329620 13 1 17 09 47 760.22200 1.12316000 9.12990 3.75937 3.85007 41.73422
1484329680 13 1 17 09 48 764.07900 1.12316000 9.13411 3.75937 3.85007 41.73422
1484329680 13 1 17 09 48 761.50100 1.12316000 9.14880 3.75937 3.85007 41.73422
1484329680 13 1 17 09 48 761.16900 1.12316000 9.13411 3.75937 3.85007 41.73422
1484329680 13 1 17 09 48 760.28000 1.12316000 9.12990 3.75937 3.85007 41.73422
1484329680 13 1 17 09 48 760.27900 1.12316000 9.12990 3.75937 3.85007 41.73422
1484329740 13 1 17 09 49 761.00000 1.12316000 9.12990 3.75937 3.85007 41.73422
1484329740 13 1 17 09 49 763.75000 1.12316000 9.16900 3.75937 3.85007 41.73422
1484329800 13 1 17 09 50 764.11100 1.12316000 9.17790 3.75937 3.85007 41.80125
1484329860 13 1 17 09 51 764.00000 1.12316000 9.17791 3.75937 3.85007 41.80125
1484329920 13 1 17 09 52 766.25800 1.12316000 9.17787 3.75937 3.85007 41.80182
1484329920 13 1 17 09 52 767.68800 1.12316000 9.17790 3.75937 3.85007 41.80125
1484329920 13 1 17 09 52 763.77700 1.12316000 9.15890 3.75937 3.85007 41.73422
1484329980 13 1 17 09 53 764.00100 1.12316000 9.17791 3.75937 3.85007 41.80125
1484329980 13 1 17 09 53 764.02100 1.12316000 9.20800 3.75937 3.85007 41.80182
1484330040 13 1 17 09 54 765.88400 1.12316000 9.21212 3.75937 3.85007 41.80182
1484330040 13 1 17 09 54 766.25800 1.12316000 9.17799 3.75937 3.85007 41.80182
1484330100 13 1 17 09 55 765.66200 1.12316000 9.18519 3.75937 3.85007 41.80182
1484330100 13 1 17 09 55 764.02000 1.12316000 9.18520 3.75937 3.85007 41.80182
1484330100 13 1 17 09 55 764.99900 1.12316000 9.18520 3.75937 3.85007 41.80182
1484330160 13 1 17 09 56 765.00000 1.12316000 9.18520 3.75937 3.85007 41.80182
1484330160 13 1 17 09 56 764.02100 1.12316000 9.18520 3.75937 3.85007 41.80182
1484330280 13 1 17 09 58 765.00000 1.12316000 9.18520 3.75937 3.85007 41.80182
1484330280 13 1 17 09 58 765.00000 1.12316000 9.18520 3.75937 3.85007 41.80182
1484330340 13 1 17 09 59 763.30200 1.12316000 9.15529 3.75937 3.85007 41.80182
1484330340 13 1 17 09 59 765.00000 1.12316000 9.15523 3.75937 3.85007 41.80182
1484330340 13 1 17 09 59 765.00000 1.12316000 9.15523 3.75937 3.85007 41.80182
1484330400 13 1 17 10 00 765.00500 1.12316000 9.15523 3.75937 3.85007 41.80182
1484330400 13 1 17 10 00 765.00900 1.12316000 9.15529 3.75937 3.85007 41.80182
1484330460 13 1 17 10 01 765.00900 1.12316000 9.15529 3.75937 3.85007 41.80182
1484330460 13 1 17 10 01 765.01900 1.12316000 9.15529 3.75937 3.85007 41.80182
1484330460 13 1 17 10 01 763.59500 1.12316000 9.15529 3.75937 3.85007 41.80182
1484330520 13 1 17 10 02 763.19100 1.12316000 9.15529 3.75937 3.85007 41.80182
1484330520 13 1 17 10 02 763.30200 1.12316000 9.15529 3.75937 3.85007 41.80182
1484330520 13 1 17 10 02 765.01800 1.12316000 9.15529 3.75937 3.85007 41.80182
1484330580 13 1 17 10 03 763.19200 1.12316000 9.15529 3.75937 3.85007 41.80182
1484330580 13 1 17 10 03 764.65000 1.12316000 9.15529 3.75937 3.85007 41.80182
1484330580 13 1 17 10 03 763.08000 1.12316000 9.15529 3.75937 3.85007 41.80182
1484330640 13 1 17 10 04 764.89000 1.12316000 9.18770 3.75937 3.85007 41.97688
1484330700 13 1 17 10 05 763.08000 1.12316000 9.18762 3.75937 3.85007 41.97688
1484330700 13 1 17 10 05 763.21100 1.12316000 9.18753 3.75937 3.85007 41.97688
1484330760 13 1 17 10 06 764.63900 1.12316000 9.15529 3.75937 3.85007 41.97688
1484330760 13 1 17 10 06 764.90900 1.12316000 9.15529 3.75937 3.85007 41.97688
1484330760 13 1 17 10 06 763.43300 1.12316000 9.18749 3.75937 3.85007 42.76099
1484330760 13 1 17 10 06 763.32300 1.12316000 9.18749 3.75937 3.85007 42.76099
1484330880 13 1 17 10 08 763.43300 1.12316000 9.18749 3.75937 3.85007 42.76099
1484330940 13 1 17 10 09 765.01400 1.12316000 9.18749 3.75937 3.85007 42.76099
1484330940 13 1 17 10 09 764.02000 1.12316000 9.21012 3.75937 3.85007 42.76099
1484331000 13 1 17 10 10 764.00000 1.14685000 9.19684 3.75937 3.85007 42.76099
1484331000 13 1 17 10 10 764.99600 1.17000000 9.19687 3.75937 3.85007 42.76099
1484331000 13 1 17 10 10 765.01400 1.12316000 9.21012 3.75937 3.85007 42.76099
1484331000 13 1 17 10 10 765.01400 1.12316000 9.21012 3.75937 3.85007 42.76099
1484331000 13 1 17 10 10 765.01400 1.12316000 9.18749 3.75937 3.85007 42.76099
1484331060 13 1 17 10 11 764.01000 1.15161000 9.16690 3.75937 3.85007 42.76099
1484331060 13 1 17 10 11 764.99900 1.12316000 9.21012 3.75937 3.85007 42.76099
1484331120 13 1 17 10 12 763.52600 1.15161000 9.16690 3.75937 3.85007 42.76099
1484331120 13 1 17 10 12 764.99600 1.15161000 9.16690 3.75937 3.85007 42.76099
1484331120 13 1 17 10 12 764.99900 1.15161000 9.20000 3.75937 3.85007 42.76099
1484331180 13 1 17 10 13 765.01700 1.15161000 9.20000 3.75937 3.85007 42.76099
1484331240 13 1 17 10 14 764.99900 1.15161000 9.16690 3.75937 3.85007 42.76099
1484331240 13 1 17 10 14 766.19800 1.15161000 9.20000 3.75937 3.85007 42.76099
1484331240 13 1 17 10 14 765.14100 1.15161000 9.20000 3.75937 3.85007 42.76099
1484331240 13 1 17 10 14 765.25400 1.15161000 9.20000 3.75937 3.85007 42.76099
1484331300 13 1 17 10 15 767.39600 1.15161000 9.19778 3.75937 3.85007 42.76099
1484331360 13 1 17 10 16 765.75200 1.15161000 9.16100 3.75937 3.85007 42.76099
1484331480 13 1 17 10 18 767.72900 1.15161000 9.16100 3.75937 3.85007 42.76099
1484331480 13 1 17 10 18 765.42000 1.15161000 9.19778 3.75937 3.85007 42.76099
1484331480 13 1 17 10 18 766.21900 1.15161000 9.19778 3.75937 3.85007 42.76099
1484331540 13 1 17 10 19 767.89900 1.15161000 9.20000 3.75937 3.85007 42.76099
1484331540 13 1 17 10 19 767.60000 1.15161000 9.22500 3.75937 4.09999 42.76099
1484331600 13 1 17 10 20 767.74000 1.15161000 9.20000 3.75937 4.09999 42.76099
1484331600 13 1 17 10 20 767.48700 1.15161000 9.22500 3.75937 4.09999 42.76099
1484331660 13 1 17 10 21 766.98900 1.15161000 9.20100 3.75937 4.09999 42.76099
1484331660 13 1 17 10 21 767.55900 1.15161000 9.20000 3.75937 4.09999 42.76099
1484331660 13 1 17 10 21 765.97600 1.15161000 9.22500 3.75937 4.09999 42.76099
1484331660 13 1 17 10 21 767.59900 1.15161000 9.22500 3.75937 4.09999 42.76099
1484331720 13 1 17 10 22 767.59900 1.15161000 9.22500 3.75937 4.09999 42.76099
1484331720 13 1 17 10 22 766.99800 1.15161000 9.20100 3.75937 4.09999 42.76099
1484331780 13 1 17 10 23 766.99000 1.15161000 9.22500 3.75937 4.09999 42.76099
1484331780 13 1 17 10 23 766.97900 1.15161000 9.20100 3.75937 4.09999 42.76099
1484331780 13 1 17 10 23 766.89900 1.15161000 9.20100 3.75937 4.09999 42.76099
1484331840 13 1 17 10 24 767.00000 1.15161000 9.20100 3.75937 4.09999 42.76099
1484331900 13 1 17 10 25 766.99900 1.15161000 9.20100 3.75937 4.09999 42.76099
1484331900 13 1 17 10 25 766.99800 1.15161000 9.21895 3.75937 4.09999 42.76099
1484332020 13 1 17 10 27 766.99800 1.15161000 9.20100 3.75937 4.09999 42.76099
1484332020 13 1 17 10 27 766.99800 1.15161000 9.21895 3.75937 4.09999 42.76099
1484332020 13 1 17 10 27 766.99000 1.15161000 9.21889 3.75937 4.09999 42.76099
1484332020 13 1 17 10 27 766.99000 1.15161000 9.21889 3.75937 4.09999 42.76099
1484332080 13 1 17 10 28 766.30800 1.15161000 9.21889 3.75937 4.09999 42.76099
1484332080 13 1 17 10 28 766.99900 1.15161000 9.21891 3.75937 4.09999 42.76099
1484332080 13 1 17 10 28 766.99900 1.15161000 9.21895 3.75937 4.09999 42.76099
1484332080 13 1 17 10 28 766.97400 1.15161000 9.21892 3.75937 4.09999 42.76099
1484332140 13 1 17 10 29 765.56600 1.15161000 9.20000 3.75937 4.09999 42.76099
1484332140 13 1 17 10 29 765.56600 1.15161000 9.18896 3.75937 4.09999 42.76099
1484332140 13 1 17 10 29 765.44000 1.15161000 9.18896 3.75937 4.09999 42.76099
1484332200 13 1 17 10 30 766.99000 1.15161000 9.21889 3.75937 4.09999 42.76099
1484332200 13 1 17 10 30 765.56700 1.15161000 9.18896 3.75937 4.09999 42.76099
1484332260 13 1 17 10 31 765.56700 1.15161000 9.18896 3.75937 4.09999 42.76099
1484332320 13 1 17 10 32 765.44000 1.15161000 9.18000 3.75937 4.09999 42.76099
1484332320 13 1 17 10 32 764.00000 1.15161000 9.18000 3.75937 4.09999 42.76099
1484332320 13 1 17 10 32 765.44000 1.15161000 9.18896 3.75937 4.09999 42.76099
1484332380 13 1 17 10 33 765.39000 1.15161000 9.18000 3.75937 4.09999 42.76099
1484332440 13 1 17 10 34 764.00000 1.15161000 9.18000 3.75937 4.09999 42.76099
1484332440 13 1 17 10 34 764.15600 1.15161000 9.16101 3.75937 4.09999 42.76099
1484332440 13 1 17 10 34 764.15600 1.15161000 9.16101 3.75937 4.09999 42.76099
1484332500 13 1 17 10 35 764.01300 1.15161000 9.15895 3.75937 4.09999 42.76099
1484332560 13 1 17 10 36 759.42900 1.15161000 9.12100 3.75937 4.09999 41.99192
1484332560 13 1 17 10 36 765.29000 1.15161000 9.17100 3.75937 4.09999 42.76099
1484332560 13 1 17 10 36 760.28000 1.15161000 9.15895 3.75937 4.09999 42.76099
1484332560 13 1 17 10 36 759.43000 1.15161000 9.12896 3.75937 4.09999 41.99192
1484332620 13 1 17 10 37 764.01300 1.15161000 9.15000 3.75937 4.09999 41.99192
1484332680 13 1 17 10 38 760.22900 1.15161000 9.12891 3.75937 4.09999 41.99247
1484332680 13 1 17 10 38 759.46800 1.15161000 9.12891 3.75937 4.09999 41.99302
1484332740 13 1 17 10 39 759.44000 1.15161000 9.11100 3.75937 4.09999 41.99302
1484332800 13 1 17 10 40 760.27900 1.15161000 9.12891 3.75937 4.09999 41.99192
1484332800 13 1 17 10 40 757.50000 1.15161000 9.12891 3.75937 4.09999 41.99247
1484332860 13 1 17 10 41 759.21700 1.15161000 9.08102 3.75937 4.09999 41.99302
1484332860 13 1 17 10 41 758.99300 1.15161000 9.08102 3.75937 4.09999 41.99302
1484332920 13 1 17 10 42 760.10000 1.15161000 9.08102 3.75937 4.09999 41.97685
1484332920 13 1 17 10 42 759.00000 1.15161000 9.08102 3.75937 4.09999 41.97685
1484332920 13 1 17 10 42 759.83900 1.15161000 9.08102 3.75937 4.09999 41.97685
1484332980 13 1 17 10 43 759.85900 1.15161000 9.08102 3.75937 4.09999 41.97685
1484332980 13 1 17 10 43 759.71900 1.15161000 9.08102 3.75937 4.09999 41.97685
1484332980 13 1 17 10 43 760.26900 1.15161000 9.08102 3.75937 4.09999 41.97685
1484332980 13 1 17 10 43 758.88100 1.15161000 9.08102 3.75937 4.09999 41.97685
1484332980 13 1 17 10 43 760.08500 1.15161000 9.08102 3.75937 4.09999 41.97685
1484333040 13 1 17 10 44 759.99000 1.15161000 9.09204 3.75937 4.09999 41.97685
1484333160 13 1 17 10 46 759.96800 1.15161000 9.07400 3.68600 4.09999 41.97685
1484333220 13 1 17 10 47 759.98800 1.15161000 9.08102 3.75937 4.09999 41.97685
1484333220 13 1 17 10 47 759.98000 1.15161000 9.09204 3.75937 4.09999 41.97685
1484333220 13 1 17 10 47 759.96900 1.15161000 9.09204 3.68600 4.09999 41.97685
1484333220 13 1 17 10 47 759.96800 1.15161000 9.07400 3.68600 4.09999 41.97685
1484333280 13 1 17 10 48 759.00000 1.15161000 9.09204 3.68600 4.09999 41.97685
1484333340 13 1 17 10 49 758.20000 1.15161000 9.07400 3.68600 4.09999 41.97685
1484333340 13 1 17 10 49 759.98000 1.15161000 9.09204 3.68600 4.09999 41.97685
1484333340 13 1 17 10 49 758.20700 1.15161000 9.07102 3.68600 4.09999 41.97685
1484333400 13 1 17 10 50 759.00000 1.15161000 9.07102 3.68600 4.09999 41.97685
1484333400 13 1 17 10 50 759.00000 1.15161000 9.07102 3.68600 4.09999 41.97685
1484333400 13 1 17 10 50 759.96800 1.15161000 9.07400 3.68600 4.09999 41.97685
1484333460 13 1 17 10 51 759.96700 1.15161000 9.07400 3.68600 4.09999 41.97685
1484333460 13 1 17 10 51 759.00000 1.15161000 9.07400 3.68600 4.09999 41.97685
1484333520 13 1 17 10 52 758.80000 1.15161000 9.07102 3.68600 4.09999 41.97685
1484333520 13 1 17 10 52 757.80000 1.15161000 9.07102 3.68600 4.09999 41.97685
1484333580 13 1 17 10 53 758.80000 1.15161000 9.07102 3.68600 4.09999 41.97685
1484333580 13 1 17 10 53 758.79900 1.15161000 9.07102 3.68600 4.09999 41.97685
1484333640 13 1 17 10 54 759.00000 1.13970000 9.07102 3.68600 4.09999 42.11000
1484333640 13 1 17 10 54 758.80000 1.15161000 9.07102 3.68600 4.09999 42.11000
1484333640 13 1 17 10 54 758.80000 1.15161000 9.07102 3.68600 4.09999 41.97685
1484333640 13 1 17 10 54 758.80000 1.15161000 9.07102 3.68600 4.09999 41.97685
1484333760 13 1 17 10 56 759.90000 1.13970000 9.15200 3.68600 4.09999 42.11000
1484333760 13 1 17 10 56 759.90000 1.13970000 9.15200 3.68600 4.09999 42.61305
1484333820 13 1 17 10 57 759.00000 1.13970000 9.07102 3.68600 4.09999 42.11000
1484333820 13 1 17 10 57 759.89900 1.13970000 9.08402 3.68600 4.09999 42.11072
1484333880 13 1 17 10 58 759.96800 1.13970000 9.15200 3.68600 4.09999 42.11000
1484333880 13 1 17 10 58 759.89900 1.13970000 9.08609 3.68600 4.09999 42.25000
1484333940 13 1 17 10 59 759.96900 1.13970000 9.08609 3.68600 4.09999 42.25000
1484333940 13 1 17 10 59 759.90000 1.13970000 9.14997 3.68600 4.09999 42.25000
1484333940 13 1 17 10 59 759.89900 1.13970000 9.15200 3.68600 4.09999 42.11000
1484334000 13 1 17 11 00 759.96900 1.13970000 9.10001 3.68600 4.09711 42.25000
1484334000 13 1 17 11 00 759.90000 1.13970000 9.08609 3.68600 4.09999 42.25000
1484334000 13 1 17 11 00 759.90000 1.13970000 9.08609 3.68600 4.09999 42.25000
1484334060 13 1 17 11 01 759.96900 1.13970000 9.10001 3.68600 4.09711 42.25000
1484334120 13 1 17 11 02 759.90000 1.13970000 9.10001 3.68600 4.09999 42.25000
1484334120 13 1 17 11 02 759.96900 1.13970000 9.10001 3.68600 4.09711 42.25000
1484334120 13 1 17 11 02 759.96900 1.13970000 9.10002 3.68600 4.09711 42.25000
1484334120 13 1 17 11 02 760.28000 1.13970000 9.13400 3.68600 4.09711 42.25000
1484334180 13 1 17 11 03 760.19200 1.13970000 9.10006 3.68600 4.09711 42.25000
1484334180 13 1 17 11 03 760.28000 1.13970000 9.10006 3.68600 4.09711 42.25000
1484334240 13 1 17 11 04 759.96900 1.13970000 9.10001 3.68600 4.09711 42.25000
1484334240 13 1 17 11 04 760.28000 1.13970000 9.13900 3.68600 4.09711 42.25000
1484334300 13 1 17 11 05 764.02000 1.13970000 9.15900 3.68600 4.09711 42.25000
1484334360 13 1 17 11 06 764.08000 1.13970000 9.15000 3.68600 4.09711 42.25000
1484334360 13 1 17 11 06 764.08000 1.13643000 9.16752 3.75469 4.09711 42.25000
1484334420 13 1 17 11 07 764.06000 1.13643000 9.16752 3.75469 4.09711 42.25000
1484334420 13 1 17 11 07 760.28000 1.13970000 9.15000 3.68600 4.09711 42.25000
1484334420 13 1 17 11 07 764.07900 1.13970000 9.15000 3.68600 4.09711 42.25000
1484334540 13 1 17 11 09 764.08000 1.13643000 9.15000 3.75469 4.09711 42.25000
1484334600 13 1 17 11 10 764.05400 1.13643000 9.16752 3.75469 4.09711 42.25000
1484334600 13 1 17 11 10 764.08000 1.13643000 9.15000 3.75469 4.09711 42.25000
1484334600 13 1 17 11 10 764.07900 1.13643000 9.15000 3.75469 4.09711 42.25000
1484334600 13 1 17 11 10 763.90000 1.13643000 9.15000 3.75469 4.09711 42.24990
1484334660 13 1 17 11 11 763.90000 1.13643000 9.15000 3.75469 4.09711 42.24990
1484334660 13 1 17 11 11 764.07900 1.13643000 9.15000 3.75469 4.09711 42.25000
1484334660 13 1 17 11 11 764.07900 1.13643000 9.15000 3.75469 4.09711 42.25000
1484334720 13 1 17 11 12 764.00000 1.13643000 9.15000 3.75469 4.09711 42.25000
1484334720 13 1 17 11 12 764.00000 1.13643000 9.15000 3.75469 4.09711 42.24990
1484334720 13 1 17 11 12 763.99900 1.13643000 9.15000 3.75469 4.09711 42.13965
1484334720 13 1 17 11 12 764.00000 1.13643000 9.15000 3.75469 4.09711 42.13965
1484334780 13 1 17 11 13 763.68500 1.13643000 9.15000 3.75469 4.09711 42.24990
1484334780 13 1 17 11 13 764.00000 1.13643000 9.15000 3.75469 4.09711 42.13965
1484334780 13 1 17 11 13 764.00000 1.13643000 9.15000 3.75469 4.09711 42.13965
1484334840 13 1 17 11 14 763.03300 1.13643000 9.15000 3.75469 4.09711 42.13965
1484334900 13 1 17 11 15 763.99900 1.13643000 9.15000 3.75469 4.09711 41.97915
1484334960 13 1 17 11 16 763.03300 1.13643000 9.15000 3.75469 4.09711 41.97915
1484334960 13 1 17 11 16 763.51300 1.13643000 9.15000 3.75469 4.09711 41.97915
1484335020 13 1 17 11 17 763.51400 1.13643000 9.15000 3.75469 4.09711 41.97915
1484335080 13 1 17 11 18 764.00000 1.13643000 9.15000 3.75469 4.09711 41.97915
1484335080 13 1 17 11 18 764.00000 1.13643000 9.15000 3.75469 4.09711 41.97915
1484335140 13 1 17 11 19 764.00000 1.13643000 9.15000 3.75469 4.09711 41.97915
1484335200 13 1 17 11 20 763.99900 1.13643000 9.15000 3.75469 4.09711 41.97915
1484335200 13 1 17 11 20 763.99900 1.13643000 9.15000 3.75469 4.09711 41.97915
1484335200 13 1 17 11 20 763.77600 1.13643000 9.15000 3.75469 4.09711 41.97915
1484335200 13 1 17 11 20 764.00000 1.13643000 9.15000 3.75469 4.09711 41.97915
1484335260 13 1 17 11 21 761.10600 1.13643000 9.15000 3.75469 4.09711 41.97915
1484335260 13 1 17 11 21 763.99900 1.13643000 9.15000 3.75469 4.09711 41.97915
1484335260 13 1 17 11 21 763.99800 1.13643000 9.15000 3.75469 4.09711 41.97915
1484335320 13 1 17 11 22 763.77600 1.13643000 9.15000 3.75469 4.09711 41.97915
1484335380 13 1 17 11 23 763.00000 1.13643000 9.15000 3.75469 4.09711 41.97915
1484335380 13 1 17 11 23 763.99900 1.13643000 9.15001 3.75469 4.09711 41.97915
1484335440 13 1 17 11 24 763.00000 1.13643000 9.15000 3.75469 4.09711 41.97915
1484335440 13 1 17 11 24 763.99900 1.13643000 9.15001 3.75469 4.09711 41.97915
1484335440 13 1 17 11 24 764.00000 1.13360000 9.15000 3.75469 4.09711 41.97915
1484335440 13 1 17 11 24 764.00000 1.13360000 9.15000 3.75469 4.09711 41.97915
1484335500 13 1 17 11 25 763.99900 1.13360000 9.15000 3.75469 4.09711 41.80000
1484335560 13 1 17 11 26 763.66600 1.13360000 9.15000 3.75469 4.09711 41.80000
1484335560 13 1 17 11 26 763.66600 1.13360000 9.15000 3.75469 4.09711 41.80000
1484335560 13 1 17 11 26 763.99900 1.13360000 9.15000 3.75469 4.09711 41.97915
1484335560 13 1 17 11 26 764.00000 1.13643000 9.15000 3.75469 4.09711 41.97915
1484335560 13 1 17 11 26 763.66600 1.13360000 9.15000 3.75469 4.09711 41.80000
1484335680 13 1 17 11 28 763.68000 1.13360000 9.17896 3.75469 4.09711 41.80000
1484335740 13 1 17 11 29 763.20200 1.13360000 9.15000 3.75469 4.09711 41.80000
1484335740 13 1 17 11 29 763.66600 1.13360000 9.17896 3.75469 4.09711 41.80000
1484335800 13 1 17 11 30 764.00000 1.13360000 9.17896 3.75247 4.09711 41.80000
1484335800 13 1 17 11 30 764.00000 1.13360000 9.17896 3.75247 4.09711 41.80000
1484335860 13 1 17 11 31 764.00000 1.13360000 9.17896 3.75247 4.09711 41.40250
1484335860 13 1 17 11 31 764.00000 1.13360000 9.17896 3.75247 4.09711 41.40250
1484335860 13 1 17 11 31 764.00000 1.13360000 9.17896 3.75247 4.09711 41.40250
1484335860 13 1 17 11 31 764.00000 1.13360000 9.17896 3.75247 4.09711 41.80000
1484335860 13 1 17 11 31 764.00000 1.13360000 9.17896 3.75247 4.09711 41.80000
1484335920 13 1 17 11 32 763.91200 1.13360000 9.17896 3.75247 4.09711 41.40250
1484335980 13 1 17 11 33 764.00000 1.13360000 9.17896 3.75247 4.09711 42.24999
1484335980 13 1 17 11 33 763.99900 1.12523000 9.17896 3.75247 4.09711 41.40250
1484335980 13 1 17 11 33 763.99900 1.12523000 9.17896 3.75247 4.09711 41.40250
1484336040 13 1 17 11 34 763.99900 1.12523000 9.17896 3.75247 4.09711 41.40250
1484336040 13 1 17 11 34 763.99900 1.12523000 9.17896 3.75247 4.09711 41.40250
1484336040 13 1 17 11 34 764.00000 1.12523000 9.17896 3.75247 4.09711 41.40250
1484336100 13 1 17 11 35 763.99900 1.12523000 9.17896 3.75247 4.09711 41.40250
1484336100 13 1 17 11 35 763.91400 1.13360000 9.17896 3.75247 4.09711 41.40250
1484336220 13 1 17 11 37 763.99900 1.12523000 9.17896 3.75247 4.09711 41.40250
1484336280 13 1 17 11 38 764.00000 1.12523000 9.17896 3.75247 4.09711 41.40250
1484336280 13 1 17 11 38 763.99900 1.12523000 9.17896 3.75247 4.09711 41.40250
1484336280 13 1 17 11 38 764.00000 1.12523000 9.17896 3.75247 4.09711 41.40250
1484336340 13 1 17 11 39 764.00000 1.12523000 9.17896 3.75247 4.09711 41.40250
1484336340 13 1 17 11 39 763.99900 1.12523000 9.17896 3.75247 4.09711 41.40250
1484336400 13 1 17 11 40 763.29000 1.12523000 9.17895 3.75233 4.09711 41.40060
1484336460 13 1 17 11 41 763.29000 1.12523000 9.17895 3.75233 4.09711 41.40060
1484336460 13 1 17 11 41 763.09100 1.12523000 9.17895 3.75233 4.09711 41.40060
1484336460 13 1 17 11 41 763.99800 1.12523000 9.17895 3.75233 4.09711 41.40040
1484336460 13 1 17 11 41 763.99900 1.12523000 9.15000 3.75247 4.09711 41.40040
1484336520 13 1 17 11 42 763.29100 1.12523000 9.17895 3.75233 4.09711 41.40040
1484336520 13 1 17 11 42 764.00000 1.12523000 9.17895 3.75233 4.09711 41.40060
1484336520 13 1 17 11 42 763.29000 1.12523000 9.17895 3.75233 4.09711 41.40060
1484336520 13 1 17 11 42 763.09200 1.12523000 9.17896 3.75233 4.09711 41.40060
1484336580 13 1 17 11 43 760.50500 1.12523000 9.17895 3.75233 4.09711 41.40010
1484336640 13 1 17 11 44 760.00000 1.12523000 9.12110 3.75233 4.09711 41.40010
1484336700 13 1 17 11 45 763.88400 1.12523000 9.17895 3.75233 4.09711 41.40060
1484336700 13 1 17 11 45 763.35900 1.12523000 9.12110 3.75233 4.09711 41.40010
1484336760 13 1 17 11 46 763.35900 1.12523000 9.17895 3.75233 4.09711 41.40010
1484336760 13 1 17 11 46 761.84600 1.12523000 9.15899 3.75000 4.09711 41.40000
1484336880 13 1 17 11 48 761.13000 1.12523000 9.15899 3.75233 4.09711 41.40010
1484336940 13 1 17 11 49 761.84600 1.12523000 9.15899 3.75000 4.09711 41.40000
1484336940 13 1 17 11 49 761.84700 1.12523000 9.15899 3.75000 4.09711 41.40000
1484336940 13 1 17 11 49 761.99900 1.12523000 9.15899 3.75000 4.09711 41.40000
1484337000 13 1 17 11 50 761.99900 1.12523000 9.15899 3.75000 4.09711 41.40000
1484337000 13 1 17 11 50 761.99900 1.12610000 9.15899 3.75000 4.09711 41.40000
1484337000 13 1 17 11 50 762.00000 1.12610000 9.13103 3.75000 4.09711 41.40000
1484337060 13 1 17 11 51 762.00000 1.12523000 9.15899 3.75000 4.09711 41.40000
1484337060 13 1 17 11 51 761.99900 1.13211000 9.13103 3.75000 4.09711 41.40000
1484337120 13 1 17 11 52 761.99900 1.13211000 9.13103 3.75000 4.09711 41.40000
1484337120 13 1 17 11 52 761.99900 1.12610000 9.15899 3.75000 4.09711 41.40000
1484337180 13 1 17 11 53 762.00000 1.13211000 9.13103 3.75000 4.09711 41.40000
1484337180 13 1 17 11 53 762.00000 1.13211000 9.13103 3.75000 4.09711 41.40000
1484337240 13 1 17 11 54 761.99900 1.13211000 9.13103 3.75000 4.09711 41.40000
1484337300 13 1 17 11 55 761.99900 1.13211000 9.13103 3.75000 4.09711 41.40000
1484337300 13 1 17 11 55 761.99900 1.13211000 9.13103 3.75000 4.09711 41.40000
1484337360 13 1 17 11 56 762.00000 1.13211000 9.13103 3.75000 4.09711 41.40000
1484337360 13 1 17 11 56 762.00000 1.13211000 9.13103 3.75000 4.09711 41.40000
1484337420 13 1 17 11 57 762.00000 1.13211000 9.13103 3.75000 4.09711 41.40000
1484337420 13 1 17 11 57 761.99900 1.13211000 9.13103 3.75000 4.09711 41.40000
1484337420 13 1 17 11 57 761.99900 1.13211000 9.13103 3.75000 4.09711 41.40000
1484337540 13 1 17 11 59 761.99900 1.13211000 9.12901 3.75000 4.09711 41.40000
1484337540 13 1 17 11 59 762.00000 1.13211000 9.12901 3.75000 4.09711 41.40000
1484337540 13 1 17 11 59 762.00000 1.13211000 9.13103 3.75000 4.09711 41.40000
1484337540 13 1 17 11 59 762.00000 1.13211000 9.13103 3.75000 4.09711 41.40000
1484337540 13 1 17 11 59 762.00000 1.13211000 9.13103 3.75000 4.09711 41.40000
1484337600 13 1 17 12 00 761.99900 1.13211000 9.13103 3.75000 4.09711 41.40000
1484337600 13 1 17 12 00 762.00000 1.13211000 9.17895 3.75000 4.09711 41.40000
1484337600 13 1 17 12 00 762.00000 1.13211000 9.17895 3.75000 4.09711 41.40000
1484337660 13 1 17 12 01 762.00000 1.13211000 9.12901 3.75000 4.09711 41.40000
1484337660 13 1 17 12 01 762.00000 1.13211000 9.12901 3.75000 4.09711 41.40000
1484337660 13 1 17 12 01 764.08000 1.13211000 9.17895 3.75000 4.09711 41.40000
1484337720 13 1 17 12 02 764.44300 1.13211000 9.17895 3.75000 4.09711 41.50000
1484337780 13 1 17 12 03 762.56200 1.13031000 9.14311 3.75000 4.09711 41.50000
1484337780 13 1 17 12 03 764.44300 1.13031000 9.17895 3.75000 4.09711 41.50000
1484337780 13 1 17 12 03 762.00000 1.13211000 9.17895 3.75000 4.09711 41.40000
1484337780 13 1 17 12 03 762.00000 1.13211000 9.17895 3.75000 4.09711 41.40000
1484337840 13 1 17 12 04 762.56600 1.13031000 9.14311 3.75000 4.09711 41.50000
1484337840 13 1 17 12 04 764.01800 1.13031000 9.14311 3.75000 4.09711 42.17090
1484337900 13 1 17 12 05 764.46900 1.13031000 9.16000 3.75000 4.09711 41.50000
1484337900 13 1 17 12 05 762.87400 1.13031000 9.16000 3.75000 4.09711 41.50000
1484337960 13 1 17 12 06 764.45000 1.13031000 9.17895 3.75000 4.09711 41.50000
1484337960 13 1 17 12 06 763.23301 1.13031000 9.16000 3.75000 4.09711 41.50000
1484337960 13 1 17 12 06 764.10000 1.13031000 9.16000 3.75000 4.09711 41.50000
1484338020 13 1 17 12 07 764.10000 1.13031000 9.16000 3.75000 4.09711 41.50000
1484338140 13 1 17 12 09 762.90000 1.13031000 9.16000 3.75000 4.09711 41.50000
1484338140 13 1 17 12 09 764.00000 1.13031000 9.16000 3.75000 4.09711 41.50000
1484338200 13 1 17 12 10 762.99100 1.13031000 9.16000 3.75000 4.09711 41.50000
1484338200 13 1 17 12 10 761.80700 1.13031000 9.15203 3.75000 4.09711 41.49998
1484338200 13 1 17 12 10 761.78100 1.13031000 9.17896 3.75000 4.09711 41.49998
1484338260 13 1 17 12 11 761.80600 1.13031000 9.15200 3.75000 4.09711 41.49998
1484338260 13 1 17 12 11 760.00000 1.13031000 9.15200 3.75000 4.09711 41.49998
1484338260 13 1 17 12 11 764.00000 1.13031000 9.16000 3.75000 4.09711 41.50000
1484338260 13 1 17 12 11 763.99900 1.13031000 9.16000 3.75000 4.09711 41.50000
1484338320 13 1 17 12 12 761.10000 1.13031000 9.15600 3.75000 4.09711 41.50000
1484338380 13 1 17 12 13 761.80700 1.13031000 9.15200 3.75000 4.09711 41.49998
1484338440 13 1 17 12 14 761.68900 1.13031000 9.15200 3.75000 4.09711 41.49998
1484338440 13 1 17 12 14 761.80700 1.13031000 9.14995 3.75000 4.09711 41.49998
1484338440 13 1 17 12 14 761.80600 1.13031000 9.14995 3.75000 4.09711 41.49998
1484338440 13 1 17 12 14 761.78900 1.13031000 9.14995 3.75000 4.09711 41.49998
1484338500 13 1 17 12 15 761.68300 1.13031000 9.15200 3.75000 4.09711 41.49998
1484338500 13 1 17 12 15 761.80700 1.13031000 9.15200 3.75000 4.09711 41.49998
1484338500 13 1 17 12 15 759.96900 1.13031000 9.10110 3.75000 4.09711 41.49998
1484338560 13 1 17 12 16 756.49100 1.13031000 9.10000 3.75000 4.09711 41.49998
1484338620 13 1 17 12 17 759.36500 1.13031000 9.10000 3.75000 4.09711 41.49998
1484338680 13 1 17 12 18 759.36200 1.13031000 9.08100 3.75000 4.09711 41.49998
1484338680 13 1 17 12 18 761.67800 1.13031000 9.11400 3.75000 4.09711 41.49998
1484338740 13 1 17 12 19 759.25200 1.13031000 9.08100 3.75000 4.09711 41.49998
1484338740 13 1 17 12 19 761.55500 1.13031000 9.10000 3.75000 4.09711 41.49998
1484338800 13 1 17 12 20 759.36500 1.13031000 9.08100 3.75000 4.09711 41.49998
1484338800 13 1 17 12 20 759.35700 1.13031000 9.08100 3.75000 4.09711 41.49998
1484338800 13 1 17 12 20 759.04400 1.13031000 9.07139 3.75000 4.09711 41.49998
1484338860 13 1 17 12 21 759.05000 1.13031000 9.07139 3.75000 4.09711 41.49998
1484338860 13 1 17 12 21 759.05100 1.13031000 9.08100 3.75000 4.09711 41.49998
1484338920 13 1 17 12 22 756.49300 1.13031000 9.08100 3.75000 4.09711 41.49998
1484338980 13 1 17 12 23 759.04800 1.13031000 9.08100 3.75000 4.09711 41.49998
1484338980 13 1 17 12 23 756.49000 1.13031000 9.03000 3.75000 4.09711 41.49998
1484338980 13 1 17 12 23 759.02400 1.12100000 9.08100 3.75000 4.09711 41.00010
1484339100 13 1 17 12 25 758.00000 1.12217000 9.08300 3.75000 4.09711 41.49998
1484339100 13 1 17 12 25 759.02700 1.12100000 9.08100 3.75000 4.09711 41.00010
1484339100 13 1 17 12 25 757.27500 1.12100000 9.06357 3.75000 4.09711 41.00010
1484339160 13 1 17 12 26 758.88800 1.12100000 9.08100 3.75000 4.09711 41.00010
1484339160 13 1 17 12 26 758.58900 1.12100000 9.08100 3.75000 4.09711 41.00010
1484339160 13 1 17 12 26 757.99700 1.12100000 9.06357 3.75000 4.09711 41.00010
1484339160 13 1 17 12 26 757.38700 1.12100000 9.06357 3.75000 4.09711 41.00010
1484339160 13 1 17 12 26 756.49000 1.12100000 9.06357 3.75000 4.09711 42.00000
1484339220 13 1 17 12 27 757.38800 1.12100000 9.06357 3.75000 4.09711 41.49686
1484339220 13 1 17 12 27 756.49100 1.12100000 9.06357 3.75000 4.09711 42.00000
1484339220 13 1 17 12 27 756.49100 1.12100000 9.06357 3.75000 4.09711 42.00000
1484339280 13 1 17 12 28 757.50000 1.12100000 9.06357 3.75000 4.09711 41.49686
1484339340 13 1 17 12 29 756.50000 1.12100000 9.10000 3.75000 4.09711 41.49700
1484339400 13 1 17 12 30 756.49100 1.12100000 9.10000 3.75000 4.09711 41.49700
1484339400 13 1 17 12 30 756.49100 1.12100000 9.06357 3.75000 4.09711 42.00000
1484339400 13 1 17 12 30 757.50000 1.12100000 9.10000 3.75000 4.09711 41.00000
1484339400 13 1 17 12 30 757.50000 1.12100000 9.10000 3.75000 4.09711 41.00000
1484339460 13 1 17 12 31 756.49000 1.12100000 9.10000 3.75000 4.09711 41.49700
1484339460 13 1 17 12 31 757.50000 1.12100000 9.10000 3.75000 4.09711 41.00000
1484339460 13 1 17 12 31 756.72800 1.12100000 9.10000 3.75738 4.09711 41.00000
1484339520 13 1 17 12 32 757.51100 1.12100000 9.05218 3.75738 4.09711 41.00000
1484339580 13 1 17 12 33 760.00000 1.12100000 9.06707 3.75738 4.09711 41.00001
1484339580 13 1 17 12 33 759.99800 1.12100000 9.07000 3.75738 4.09711 41.00001
1484339580 13 1 17 12 33 757.64000 1.12100000 9.07000 3.75738 4.09711 41.00001
1484339640 13 1 17 12 34 758.99900 1.12100000 9.07000 3.75738 4.09711 41.00000
1484339700 13 1 17 12 35 760.00000 1.12100000 9.07001 3.75738 4.09711 41.00001
1484339760 13 1 17 12 36 760.49500 1.12100000 9.07001 3.75738 4.09711 41.00001
1484339820 13 1 17 12 37 760.00000 1.12100000 9.07000 3.75738 4.09711 41.00001
1484339820 13 1 17 12 37 760.49500 1.12100000 9.07001 3.75738 4.09711 41.00001
1484339820 13 1 17 12 37 760.00000 1.12100000 9.15497 3.75738 4.09711 41.00001
1484339880 13 1 17 12 38 760.49600 1.12100000 9.07001 3.75738 4.09711 41.00001
1484339880 13 1 17 12 38 760.49500 1.12100000 9.07001 3.75738 4.09711 41.00001
1484339880 13 1 17 12 38 760.00000 1.12100000 9.15497 3.75738 4.09711 41.00001
1484339940 13 1 17 12 39 760.49500 1.12100000 9.07001 3.75738 4.09711 41.00001
1484339940 13 1 17 12 39 760.00000 1.12100000 9.15497 3.75738 4.09711 41.00001
1484340000 13 1 17 12 40 760.49500 1.13000000 9.10001 3.75738 4.09711 41.00023
1484340000 13 1 17 12 40 760.49500 1.13000000 9.15497 3.75738 4.09711 41.00023
1484340060 13 1 17 12 41 760.00000 1.12100000 9.15497 3.75738 4.09711 41.00001
1484340060 13 1 17 12 41 760.33300 1.13000000 9.14847 3.75738 4.09711 41.00023
1484340060 13 1 17 12 41 760.48900 1.12100000 9.15497 3.75738 4.09711 41.00001
1484340120 13 1 17 12 42 760.11100 1.13000000 9.14843 3.75738 4.09711 41.00011
1484340180 13 1 17 12 43 760.49500 1.13000000 9.10001 3.75738 4.09711 41.00023
1484340240 13 1 17 12 44 760.00000 1.13000000 9.14843 3.75738 4.09711 41.00023
1484340240 13 1 17 12 44 761.78900 1.13000000 9.14843 3.75738 4.09711 41.00011
1484340240 13 1 17 12 44 760.49500 1.13000000 9.14843 3.75738 4.09711 41.00011
1484340240 13 1 17 12 44 760.49500 1.13000000 9.14843 3.75738 4.09711 41.00012
1484340300 13 1 17 12 45 761.43000 1.13000000 9.14843 3.75738 4.09711 41.00012
1484340300 13 1 17 12 45 761.37900 1.13000000 9.14843 3.75738 4.09711 41.39998
1484340360 13 1 17 12 46 761.13000 1.13000000 9.14843 3.75738 4.09711 41.39998
1484340360 13 1 17 12 46 760.60600 1.13000000 9.14843 3.75738 4.09711 41.39998
1484340360 13 1 17 12 46 761.76000 1.13000000 9.14843 3.75738 4.09711 41.00011
1484340360 13 1 17 12 46 761.74900 1.13000000 9.14843 3.75738 4.09711 41.00011
1484340360 13 1 17 12 46 761.19000 1.13000000 9.14843 3.75738 4.09711 41.39998
1484340480 13 1 17 12 48 761.77900 1.13000000 9.14900 3.75738 4.09711 41.39998
1484340480 13 1 17 12 48 761.80400 1.13000000 9.14900 3.75738 4.09711 41.39998
1484340540 13 1 17 12 49 761.52000 1.13000000 9.14900 3.75738 4.09711 41.59921
1484340600 13 1 17 12 50 761.16000 1.13000000 9.14843 3.75738 4.09711 41.39998
1484340600 13 1 17 12 50 761.67900 1.13000000 9.10001 3.75738 4.09711 41.60010
1484340600 13 1 17 12 50 761.58000 1.13000000 9.14843 3.75738 4.09711 41.39998
1484340660 13 1 17 12 51 756.00100 1.13000000 9.10001 3.75738 4.09711 41.60010
1484340660 13 1 17 12 51 759.48900 1.13000000 9.10001 3.75738 4.09711 41.60010
1484340660 13 1 17 12 51 761.64900 1.13000000 9.14900 3.75738 4.09711 41.59921
1484340720 13 1 17 12 52 757.49000 1.13000000 9.10001 3.75738 4.09711 41.60010
1484340720 13 1 17 12 52 756.00000 1.13000000 9.10001 3.75738 4.09711 41.60010
1484340780 13 1 17 12 53 756.00000 1.13000000 9.10001 3.75738 4.09711 41.60010
1484340780 13 1 17 12 53 760.00000 1.13000000 9.10001 3.75738 4.09711 41.60010
1484340840 13 1 17 12 54 756.00100 1.13000000 9.10001 3.75738 4.09711 41.60010
1484340840 13 1 17 12 54 756.00000 1.13000000 9.10001 3.75738 4.09711 41.60010
1484340900 13 1 17 12 55 757.47900 1.13000000 9.10000 3.75738 4.09711 41.79697
1484340960 13 1 17 12 56 756.00000 1.13000000 9.10001 3.75738 4.09711 41.60010
1484340960 13 1 17 12 56 757.47800 1.13000000 9.10000 3.75738 4.09711 41.79697
1484340960 13 1 17 12 56 757.48800 1.13000000 9.10000 3.75738 4.09711 41.79697
1484341020 13 1 17 12 57 756.00000 1.13000000 9.10001 3.75738 4.09711 41.60010
1484341020 13 1 17 12 57 757.53900 1.12089000 9.10000 3.75738 4.09711 41.79697
1484341020 13 1 17 12 57 757.97900 1.12089000 9.10000 3.75738 4.09711 41.79697
1484341080 13 1 17 12 58 757.94900 1.12089000 9.10000 3.75738 4.09711 41.79697
1484341080 13 1 17 12 58 756.00000 1.13000000 9.10000 3.75738 4.09711 41.79697
1484341080 13 1 17 12 58 760.12000 1.12089000 9.10000 3.75738 4.09711 41.79697
1484341140 13 1 17 12 59 760.12800 1.12089000 9.15583 3.75738 4.09711 41.79697
1484341140 13 1 17 12 59 759.99900 1.12089000 9.15583 3.75738 4.09711 41.79697
1484341200 13 1 17 13 00 759.84500 1.12089000 9.03101 3.75738 4.09711 41.79697
1484341320 13 1 17 13 02 759.99900 1.12089000 9.15583 3.75738 4.09711 41.79697
1484341320 13 1 17 13 02 759.73300 1.12089000 9.03101 3.75738 4.09711 41.79697
1484341320 13 1 17 13 02 759.49500 1.12089000 9.03101 3.75738 4.09711 41.79697
1484341320 13 1 17 13 02 759.49900 1.12089000 9.03101 3.75738 4.09711 41.79697
1484341380 13 1 17 13 03 757.11400 1.12089000 9.03101 3.75738 4.09711 41.79697
1484341380 13 1 17 13 03 759.49900 1.12089000 9.03101 3.75738 4.09711 41.79697
1484341380 13 1 17 13 03 759.79600 1.12089000 9.03101 3.75738 4.09711 41.79697
1484341440 13 1 17 13 04 759.73100 1.12089000 9.03101 3.75738 4.09711 41.79697
1484341500 13 1 17 13 05 759.79900 1.12089000 9.14900 3.75738 4.09711 41.79697
1484341500 13 1 17 13 05 757.46000 1.12089000 9.14900 3.75738 4.09711 41.79697
1484341560 13 1 17 13 06 759.77700 1.12089000 9.14900 3.75738 4.09711 41.79697
1484341560 13 1 17 13 06 759.79700 1.12089000 9.14900 3.75738 4.09711 41.79697
1484341560 13 1 17 13 06 760.27000 1.12089000 9.03101 3.75738 4.09711 41.79697
1484341560 13 1 17 13 06 759.50000 1.12089000 9.14900 3.75738 4.09711 41.79697
1484341560 13 1 17 13 06 759.80000 1.12089000 9.14900 3.75738 4.09711 41.79697
1484341620 13 1 17 13 07 759.66100 1.12089000 9.14900 3.75738 4.09711 41.79697
1484341740 13 1 17 13 09 758.09000 1.12089000 9.14900 3.75738 4.09711 41.79697
1484341740 13 1 17 13 09 758.09000 1.12089000 9.14900 3.75738 4.09711 41.79697
1484341800 13 1 17 13 10 759.76700 1.12089000 9.14900 3.75738 4.09711 41.79697
1484341800 13 1 17 13 10 757.59100 1.12089000 9.14900 3.75738 4.09711 41.79697
1484341800 13 1 17 13 10 757.50200 1.12089000 9.14900 3.75738 4.09711 41.79697
1484341860 13 1 17 13 11 759.77100 1.12089000 9.14900 3.75738 4.09711 41.79697
1484341860 13 1 17 13 11 759.79900 1.12089000 9.14900 3.75738 4.09711 41.97485
1484341920 13 1 17 13 12 759.80000 1.12089000 9.14900 3.75738 4.09711 41.97485
1484341920 13 1 17 13 12 759.80000 1.12089000 9.14900 3.75738 4.09711 41.97485
1484341920 13 1 17 13 12 759.79900 1.12089000 9.14900 3.75738 4.09711 41.97485
1484341980 13 1 17 13 13 759.80000 1.12089000 9.09105 3.75738 4.09711 41.97485
1484342040 13 1 17 13 14 760.28000 1.12089000 9.09111 3.75738 4.09711 41.97485
1484342040 13 1 17 13 14 759.80000 1.12089000 9.14900 3.75738 4.09711 41.97485
1484342100 13 1 17 13 15 759.80000 1.12089000 9.09105 3.75738 4.09711 41.97485
1484342100 13 1 17 13 15 759.79900 1.12089000 9.09111 3.75738 4.09711 41.97485
1484342100 13 1 17 13 15 760.28000 1.12089000 9.09111 3.75738 4.09711 41.97485
1484342160 13 1 17 13 16 761.66600 1.12089000 9.13896 3.75738 4.09711 41.97350
1484342220 13 1 17 13 17 761.80300 1.12089000 9.13900 3.75738 4.09711 41.97350
1484342220 13 1 17 13 17 761.80600 1.12089000 9.13899 3.75738 4.09711 41.97350
1484342220 13 1 17 13 17 760.27900 1.12089000 9.09111 3.75738 4.09711 41.97485
1484342220 13 1 17 13 17 760.28000 1.12089000 9.09111 3.75738 4.09711 41.97485
1484342280 13 1 17 13 18 761.80500 1.12089000 9.13900 3.75738 4.09711 41.97350
1484342280 13 1 17 13 18 761.80300 1.12089000 9.13900 3.75738 4.09711 41.97350
1484342340 13 1 17 13 19 761.66500 1.12089000 9.13896 3.75738 4.09711 41.97350
1484342400 13 1 17 13 20 761.80300 1.12089000 9.13900 3.75738 4.09711 41.97350
1484342400 13 1 17 13 20 761.80300 1.12089000 9.13900 3.75738 4.09711 41.97350
1484342400 13 1 17 13 20 761.80300 1.12089000 9.13900 3.75738 4.09711 41.97350
1484342460 13 1 17 13 21 761.80000 1.12089000 9.13900 3.75738 4.09711 41.02103
1484342460 13 1 17 13 21 761.80200 1.12089000 9.13900 3.75738 4.09711 41.02103
1484342520 13 1 17 13 22 761.78000 1.12089000 9.13899 3.75738 4.09711 41.02103
1484342520 13 1 17 13 22 761.80500 1.12089000 9.13900 3.75738 4.09711 41.97350
1484342520 13 1 17 13 22 761.80500 1.12089000 9.09150 3.75738 4.09711 41.97350
1484342580 13 1 17 13 23 761.74000 1.12089000 9.13900 3.75738 4.09711 41.02103
1484342580 13 1 17 13 23 761.80400 1.12089000 9.13900 3.75738 4.09711 41.02103
1484342640 13 1 17 13 24 761.78000 1.12089000 9.13899 3.75738 4.09711 41.02103
1484342640 13 1 17 13 24 761.80500 1.12089000 9.13900 3.75738 4.09711 41.02103
1484342640 13 1 17 13 24 759.81300 1.12089000 9.13900 3.75738 4.09711 41.02103
1484342700 13 1 17 13 25 760.00100 1.12089000 9.13900 3.75738 4.09711 41.02103
1484342700 13 1 17 13 25 761.80400 1.12089000 9.13900 3.75738 4.09711 41.02103
1484342760 13 1 17 13 26 760.00200 1.12089000 9.13900 3.75738 4.09711 41.02103
1484342760 13 1 17 13 26 761.80400 1.12089000 9.13900 3.75738 4.09711 41.02103
1484342760 13 1 17 13 26 761.80100 1.12089000 9.13900 3.75738 4.09711 41.02103
1484342820 13 1 17 13 27 761.80600 1.12089000 9.13900 3.75738 4.09711 41.02103
1484342820 13 1 17 13 27 760.04000 1.12089000 9.13900 3.75738 4.09711 41.02103
1484342940 13 1 17 13 29 761.80300 1.13257000 9.09108 3.75738 4.09711 41.02438
1484342940 13 1 17 13 29 760.00100 1.12089000 9.13900 3.75738 4.09711 41.02438
1484343000 13 1 17 13 30 760.04000 1.12089000 9.13900 3.75738 4.09711 41.02103
1484343000 13 1 17 13 30 760.27100 1.13259000 9.09108 3.75738 4.09711 41.02438
1484343060 13 1 17 13 31 760.04000 1.12089000 9.13900 3.75738 4.09711 41.02438
1484343120 13 1 17 13 32 761.04700 1.13259000 9.13900 3.75738 4.09711 41.02438
1484343120 13 1 17 13 32 761.80300 1.13259000 9.09108 3.75738 4.09711 41.02438
1484343180 13 1 17 13 33 763.99000 1.13259000 9.13900 3.75738 4.09711 41.02438
1484343180 13 1 17 13 33 761.65100 1.13259000 9.13900 3.75738 4.09711 41.02438
1484343240 13 1 17 13 34 762.00000 1.13259000 9.13900 3.75738 4.09711 41.02438
1484343240 13 1 17 13 34 762.00000 1.13259000 9.13900 3.75738 4.09711 41.02438
1484343240 13 1 17 13 34 762.00000 1.13259000 9.13900 3.75738 4.09711 41.02438
1484343300 13 1 17 13 35 762.00000 1.13259000 9.13900 3.75738 4.09711 41.02438
1484343300 13 1 17 13 35 761.99900 1.13259000 9.13900 3.75738 4.09711 41.02438
1484343300 13 1 17 13 35 762.00000 1.13259000 9.13900 3.75738 4.09711 41.02438
1484343360 13 1 17 13 36 762.00000 1.13259000 9.13900 3.75738 4.09711 41.02438
1484343360 13 1 17 13 36 762.00000 1.13259000 9.13900 3.75738 4.09711 41.02438
1484343420 13 1 17 13 37 763.97200 1.13259000 9.13900 3.75738 4.09711 41.02438
1484343420 13 1 17 13 37 763.97000 1.13259000 9.13900 3.75738 4.09711 41.02438
1484343480 13 1 17 13 38 762.00000 1.13259000 9.13900 3.75738 4.09711 41.02438
1484343480 13 1 17 13 38 763.96800 1.13259000 9.13900 3.75738 4.09711 41.02438
1484343540 13 1 17 13 39 763.97800 1.13259000 9.13900 3.75738 4.09711 41.02438
1484343540 13 1 17 13 39 762.00000 1.13259000 9.13900 3.75738 4.09711 41.02438
1484343600 13 1 17 13 40 763.97400 1.13259000 9.13900 3.75738 4.09711 41.02438
1484343600 13 1 17 13 40 763.97400 1.13259000 9.13900 3.75738 4.09711 41.02438
1484343600 13 1 17 13 40 763.97100 1.13259000 9.13900 3.75738 4.09711 41.02438
1484343660 13 1 17 13 41 763.96700 1.13259000 9.13899 3.75738 4.09711 41.02438
1484343660 13 1 17 13 41 763.96700 1.13259000 9.13899 3.75738 4.09711 41.02438
1484343720 13 1 17 13 42 763.99000 1.13259000 9.13899 3.75738 4.09711 41.02438
1484343720 13 1 17 13 42 763.35200 1.13259000 9.13898 3.75738 4.09711 41.02438
1484343720 13 1 17 13 42 763.00000 1.13259000 9.13899 3.75738 4.09711 41.02438
1484343780 13 1 17 13 43 763.35200 1.13259000 9.13898 3.75738 4.09711 41.02438
1484343780 13 1 17 13 43 763.98600 1.14823000 9.13900 3.75738 4.09711 41.02438
1484343840 13 1 17 13 44 763.96700 1.13259000 9.13899 3.75738 4.09711 41.02438
1484343840 13 1 17 13 44 764.08000 1.14823000 9.13900 3.75738 4.09711 41.02438
1484343960 13 1 17 13 46 764.07700 1.14823000 9.13900 3.75738 4.09711 41.02438
1484343960 13 1 17 13 46 762.99900 1.14823000 9.13900 3.75738 4.09711 41.49996
1484344020 13 1 17 13 47 763.35300 1.14823000 9.13900 3.75738 4.09711 41.02438
1484344020 13 1 17 13 47 762.99900 1.14823000 9.13900 3.75738 4.09711 41.02438
1484344020 13 1 17 13 47 762.97300 1.14823000 9.13900 3.75738 4.09711 41.49996
1484344020 13 1 17 13 47 762.97300 1.14823000 9.13900 3.75738 4.09711 41.50000
1484344080 13 1 17 13 48 763.00000 1.14823000 9.13900 3.75738 4.09711 41.02438
1484344140 13 1 17 13 49 762.97300 1.14823000 9.13900 3.75738 4.09711 41.50000
1484344140 13 1 17 13 49 763.00000 1.14823000 9.13900 3.75738 4.09711 41.50000
1484344200 13 1 17 13 50 763.00000 1.14823000 9.13900 3.75738 4.09711 41.50000
1484344200 13 1 17 13 50 763.00000 1.14823000 9.13900 3.75738 4.09711 41.50000
1484344200 13 1 17 13 50 763.00000 1.14823000 9.13900 3.75738 4.09711 41.50000
1484344260 13 1 17 13 51 763.00000 1.14823000 9.13900 3.75738 4.09711 41.50000
1484344260 13 1 17 13 51 763.00000 1.14823000 9.13900 3.75738 4.09711 41.50000
1484344260 13 1 17 13 51 763.00000 1.14823000 9.13900 3.75738 4.09711 41.50000
1484344320 13 1 17 13 52 763.00000 1.14823000 9.13900 3.75738 4.09711 41.50000
1484344380 13 1 17 13 53 763.00000 1.14823000 9.13899 3.75738 4.09711 41.50000
1484344440 13 1 17 13 54 763.00000 1.14823000 9.13900 3.75738 4.09711 41.50000
1484344500 13 1 17 13 55 763.00000 1.14823000 9.13899 3.75738 4.09711 41.50000
1484344500 13 1 17 13 55 762.99900 1.14823000 9.13899 3.75738 4.09711 41.50000
1484344500 13 1 17 13 55 763.00000 1.14823000 9.13900 3.75738 4.09711 41.50000
1484344500 13 1 17 13 55 762.99900 1.14823000 9.09528 3.75738 4.09711 41.50000
1484344500 13 1 17 13 55 763.00000 1.14823000 9.09528 3.75738 4.09711 41.50000
1484344560 13 1 17 13 56 763.00000 1.14823000 9.13900 3.75738 4.09711 41.50000
1484344560 13 1 17 13 56 763.00000 1.14823000 9.09528 3.75738 4.09711 41.50000
1484344620 13 1 17 13 57 763.00000 1.14823000 9.09528 3.75738 4.09711 41.50000
1484344620 13 1 17 13 57 764.08000 1.14823000 9.09528 3.75738 4.09711 41.50000
1484344620 13 1 17 13 57 763.00000 1.14823000 9.13900 3.75738 4.09711 41.50000
1484344620 13 1 17 13 57 763.00000 1.14823000 9.09528 3.75738 4.09711 41.50000
1484344680 13 1 17 13 58 763.00000 1.14823000 9.09528 3.75738 4.09711 41.50000
1484344680 13 1 17 13 58 763.10200 1.14823000 9.13900 3.75738 4.09711 41.50000
1484344740 13 1 17 13 59 763.36100 1.14823000 9.13900 3.75738 4.09711 41.50000
1484344800 13 1 17 14 00 765.86000 1.14823000 9.13900 3.75738 4.09711 41.50000
1484344800 13 1 17 14 00 766.26000 1.14823000 9.13900 3.75738 4.09711 41.50000
1484344800 13 1 17 14 00 765.84400 1.14823000 9.13900 3.75738 4.09711 41.50000
1484344860 13 1 17 14 01 765.84400 1.14823000 9.13900 3.75738 4.09711 41.50000
1484344920 13 1 17 14 02 765.86000 1.14823000 9.13900 3.75738 4.09711 41.50000
1484344920 13 1 17 14 02 764.99900 1.14823000 9.13900 3.75738 4.09711 41.50000
1484344920 13 1 17 14 02 764.00000 1.14823000 9.13900 3.71999 4.09711 41.55092
1484345040 13 1 17 14 04 764.99800 1.14396000 9.13900 3.71999 4.09711 41.55092
1484345100 13 1 17 14 05 764.99700 1.14823000 9.13900 3.71999 4.09711 41.55092
1484345100 13 1 17 14 05 764.99900 1.14823000 9.13900 3.71999 4.09711 41.55092
1484345100 13 1 17 14 05 764.99700 1.14823000 9.13900 3.71999 4.09711 41.55092
1484345100 13 1 17 14 05 764.99800 1.14396000 9.13900 3.71999 4.09711 41.55092
1484345100 13 1 17 14 05 764.00000 1.14396000 9.13900 3.71999 4.09711 41.55092
1484345160 13 1 17 14 06 764.99800 1.14396000 9.13900 3.71999 4.09711 41.55092
1484345160 13 1 17 14 06 764.50000 1.14946000 9.13900 3.71999 4.09711 41.55092
1484345220 13 1 17 14 07 764.50000 1.14946000 9.13900 3.71999 4.09711 41.55092
1484345280 13 1 17 14 08 764.00000 1.14946000 9.13900 3.71999 4.09711 41.55092
1484345280 13 1 17 14 08 764.00000 1.14946000 9.13900 3.71999 4.09711 41.55092
1484345280 13 1 17 14 08 764.13800 1.14396000 9.13900 3.71999 4.09711 41.55092
1484345280 13 1 17 14 08 764.50000 1.14946000 9.13900 3.71999 4.09711 41.55092
1484345280 13 1 17 14 08 764.50000 1.14946000 9.13900 3.71999 4.09711 41.55092
1484345340 13 1 17 14 09 764.99800 1.14946000 9.13900 3.71999 4.09711 41.57801
1484345340 13 1 17 14 09 765.00000 1.14946000 9.13900 3.71999 4.09711 41.57801
1484345460 13 1 17 14 11 764.90000 1.14946000 9.13899 3.71999 4.09711 41.57801
1484345460 13 1 17 14 11 764.90000 1.14946000 9.13899 3.71999 4.09711 41.57801
1484345520 13 1 17 14 12 764.90000 1.14946000 9.13900 3.71999 4.09711 41.57801
1484345520 13 1 17 14 12 764.90000 1.14946000 9.13900 3.71999 4.09711 41.57801
1484345580 13 1 17 14 13 764.89900 1.14946000 9.13900 3.71999 4.09711 41.57801
1484345580 13 1 17 14 13 763.99900 1.14946000 9.13899 3.71999 4.09711 41.57801
1484345580 13 1 17 14 13 764.90000 1.14946000 9.13900 3.71999 4.09711 41.57801
1484345640 13 1 17 14 14 764.00000 1.14946000 9.13900 3.71999 4.09711 41.57801
1484345640 13 1 17 14 14 763.99800 1.14946000 9.13900 3.71999 4.09711 41.59601
1484345700 13 1 17 14 15 761.03000 1.14946000 9.13899 3.71999 4.09711 41.59601
1484345700 13 1 17 14 15 763.99800 1.14946000 9.13900 3.71999 4.09711 41.59601
1484345760 13 1 17 14 16 763.99900 1.14946000 9.13899 3.71999 4.09711 41.57801
1484345820 13 1 17 14 17 763.99900 1.14946000 9.13899 3.71999 4.09711 41.59601
1484345820 13 1 17 14 17 763.99100 1.14946000 9.13899 3.71999 4.09711 41.59601
1484345820 13 1 17 14 17 763.00000 1.14946000 9.13899 3.71999 4.09711 41.60900
1484345880 13 1 17 14 18 761.03000 1.14946000 9.13899 3.71999 4.09711 41.59601
1484345940 13 1 17 14 19 761.03000 1.14946000 9.13899 3.71999 4.09711 41.59601
1484345940 13 1 17 14 19 761.03000 1.14946000 9.13899 3.71999 4.09711 41.59601
1484346000 13 1 17 14 20 765.00000 1.14946000 9.13900 3.71999 4.09711 41.60900
1484346000 13 1 17 14 20 764.99900 1.14946000 9.13900 3.71999 4.09711 41.60900
1484346000 13 1 17 14 20 762.10700 1.14946000 9.09159 3.71999 4.09711 41.60900
1484346060 13 1 17 14 21 762.10300 1.14946000 9.13900 3.71999 4.09711 41.60900
1484346060 13 1 17 14 21 761.19400 1.14946000 9.13899 3.71999 4.09711 41.60900
1484346120 13 1 17 14 22 763.77500 1.14946000 9.13900 3.71999 4.09711 41.60900
1484346120 13 1 17 14 22 763.88700 1.14946000 9.13900 3.71999 4.09711 41.60900
1484346120 13 1 17 14 22 762.10300 1.14946000 9.09173 3.71999 4.09711 41.60900
1484346120 13 1 17 14 22 762.10300 1.14946000 9.09173 3.71999 4.09711 41.60900
1484346120 13 1 17 14 22 762.10400 1.14946000 9.09159 3.71999 4.09711 41.60900
1484346180 13 1 17 14 23 764.89700 1.14946000 9.13900 3.71999 4.09711 41.60900
1484346240 13 1 17 14 24 761.51200 1.14946000 9.13900 3.71999 4.09711 41.62800
1484346240 13 1 17 14 24 763.99700 1.14946000 9.13900 3.71999 4.09711 41.62800
1484346300 13 1 17 14 25 761.57300 1.14946000 9.13900 3.71999 4.09711 41.62800
1484346360 13 1 17 14 26 767.59100 1.14946000 9.13900 3.71999 4.09711 41.62800
1484346360 13 1 17 14 26 761.56200 1.14946000 9.13900 3.71999 4.09711 41.62800
1484346480 13 1 17 14 28 763.99800 1.14946000 9.13900 3.71999 4.09711 41.62800
1484346540 13 1 17 14 29 762.00000 1.14946000 9.13900 3.71999 4.09711 41.62800
1484346540 13 1 17 14 29 762.00000 1.14946000 9.13900 3.71999 4.09711 41.62800
1484346540 13 1 17 14 29 762.00000 1.14946000 9.13900 3.71999 4.09711 41.62800
1484346600 13 1 17 14 30 761.74600 1.14946000 9.13900 3.71999 4.09711 41.62800
1484346600 13 1 17 14 30 761.99900 1.13351000 9.13900 3.71999 4.09711 41.62800
1484346660 13 1 17 14 31 762.00000 1.14946000 9.13900 3.71999 4.09711 41.62800
1484346660 13 1 17 14 31 761.99900 1.14946000 9.13900 3.71999 4.09711 41.62800
1484346660 13 1 17 14 31 761.99000 1.14946000 9.13900 3.71999 4.09711 41.62800
1484346660 13 1 17 14 31 762.00000 1.13351000 9.13900 3.71999 4.09711 41.62800
1484346720 13 1 17 14 32 761.99800 1.13351000 9.13900 3.71999 4.09711 41.62800
1484346720 13 1 17 14 32 761.99900 1.13351000 9.13900 3.71999 4.09711 41.62800
1484346720 13 1 17 14 32 763.99800 1.13393000 9.13900 3.71999 4.09711 41.62800
1484346720 13 1 17 14 32 763.99700 1.13393000 9.13900 3.71999 4.09711 41.62800
1484346780 13 1 17 14 33 763.99600 1.13393000 9.13900 3.71999 4.09711 41.62800
1484346840 13 1 17 14 34 762.00000 1.13376000 9.13900 3.71999 4.09711 41.62800
1484346840 13 1 17 14 34 762.00000 1.13376000 9.13900 3.71999 4.09711 41.62800
1484346900 13 1 17 14 35 763.49900 1.13411000 9.11899 3.71999 4.09711 41.62800
1484346960 13 1 17 14 36 762.56300 1.13411000 9.11899 3.71999 4.09711 41.62800
1484346960 13 1 17 14 36 763.50000 1.13411000 9.11899 3.71999 4.09711 41.62800
1484346960 13 1 17 14 36 763.99900 1.13411000 9.11899 3.71999 4.09711 41.62800
1484347020 13 1 17 14 37 761.67400 1.13411000 9.11899 3.71999 4.09711 41.62800
1484347080 13 1 17 14 38 763.99800 1.13411000 9.11899 3.71999 4.09711 41.62800
1484347080 13 1 17 14 38 763.99800 1.13411000 9.11899 3.71999 4.09711 41.62800
1484347140 13 1 17 14 39 761.32100 1.13411000 9.13900 3.71999 4.09711 41.67000
1484347140 13 1 17 14 39 762.50200 1.13411000 9.13900 3.71999 4.09711 41.67000
1484347140 13 1 17 14 39 762.50200 1.13411000 9.13900 3.71999 4.09711 41.67000
1484347200 13 1 17 14 40 763.99900 1.13411000 9.13900 3.71999 4.09711 41.67401
1484347200 13 1 17 14 40 767.88600 1.13411000 9.13900 3.71999 4.09711 41.67900
1484347260 13 1 17 14 41 763.99700 1.13411000 9.13900 3.71999 4.09711 41.67401
1484347260 13 1 17 14 41 763.99900 1.13411000 9.13900 3.71999 4.09711 41.67801
1484347260 13 1 17 14 41 763.99800 1.13411000 9.13900 3.71999 4.09711 41.67401
1484347260 13 1 17 14 41 765.79000 1.13411000 9.13900 3.71999 4.09711 41.67900
1484347320 13 1 17 14 42 766.99900 1.13411000 9.13990 3.71999 4.09711 41.67900
1484347320 13 1 17 14 42 767.00000 1.13411000 9.13900 3.71999 4.09711 41.67900
1484347380 13 1 17 14 43 765.56200 1.13411000 9.13900 3.71999 4.09711 41.67900
1484347380 13 1 17 14 43 767.00000 1.13411000 9.13990 3.71999 4.09711 41.67900
1484347440 13 1 17 14 44 767.00000 1.13411000 9.13900 3.71999 4.09711 41.67900
1484347440 13 1 17 14 44 767.00000 1.14361000 9.14900 3.73000 4.09711 41.67900
1484347560 13 1 17 14 46 767.90000 1.14361000 9.14900 3.73000 4.09711 41.67900
1484347560 13 1 17 14 46 767.90000 1.14361000 9.15899 3.73000 4.09711 41.67900
1484347560 13 1 17 14 46 767.00000 1.13411000 9.13990 3.71999 4.09711 41.67900
1484347560 13 1 17 14 46 767.89700 1.14361000 9.14900 3.73000 4.09711 41.67900
1484347620 13 1 17 14 47 767.90000 1.14361000 9.14900 3.73000 4.09711 41.67900
1484347620 13 1 17 14 47 771.68000 1.14499000 9.15899 3.73000 4.09711 41.67900
1484347620 13 1 17 14 47 768.04000 1.14499000 9.16890 3.73000 4.09711 41.67900
1484347620 13 1 17 14 47 768.61100 1.14500000 9.16900 3.73000 4.09711 41.67900
1484347680 13 1 17 14 48 767.90000 1.14361000 9.14900 3.73000 4.09711 41.67900
1484347680 13 1 17 14 48 771.09200 1.14500000 9.16900 3.73000 4.09711 41.67900
1484347680 13 1 17 14 48 768.74500 1.14500000 9.18255 3.73000 4.09711 41.67900
1484347740 13 1 17 14 49 771.23000 1.14500000 9.18255 3.73000 4.09711 41.67900
1484347860 13 1 17 14 51 771.22900 1.14600000 9.18499 3.73000 4.09711 41.70601
1484347920 13 1 17 14 52 771.60000 1.14600000 9.18499 3.73000 4.09711 41.70901
1484347920 13 1 17 14 52 771.69900 1.14600000 9.18499 3.73000 4.09711 41.70901
1484347920 13 1 17 14 52 771.74000 1.14600000 9.18499 3.73000 4.09711 41.70901
1484347920 13 1 17 14 52 771.00000 1.14600000 9.18499 3.73000 4.09711 41.70601
1484347980 13 1 17 14 53 771.00000 1.14600000 9.18499 3.73000 4.09711 41.70901
1484348040 13 1 17 14 54 771.69900 1.14600000 9.18499 3.73000 4.09711 41.70901
1484348040 13 1 17 14 54 771.74000 1.14600000 9.18499 3.73000 4.09711 41.70901
1484348100 13 1 17 14 55 771.60000 1.14600000 9.18499 3.73000 4.09711 41.49999
1484348100 13 1 17 14 55 771.74000 1.14600000 9.18499 3.73000 4.09711 41.49999
1484348100 13 1 17 14 55 771.74000 1.14600000 9.13012 3.73000 4.09711 41.49999
1484348160 13 1 17 14 56 771.60000 1.14600000 9.18499 3.73000 4.09711 41.70901
1484348160 13 1 17 14 56 771.74000 1.14600000 9.18499 3.73000 4.09711 41.49999
1484348160 13 1 17 14 56 772.75000 1.14600000 9.13012 3.73000 4.09711 41.49999
1484348220 13 1 17 14 57 772.75400 1.14650000 9.13012 3.73000 4.09711 41.49999
1484348220 13 1 17 14 57 771.74100 1.14650000 9.13012 3.73000 4.09711 41.49999
1484348220 13 1 17 14 57 772.75100 1.14650000 9.13012 3.73000 4.09711 41.49999
1484348220 13 1 17 14 57 771.74000 1.14600000 9.18499 3.73000 4.09711 41.49999
1484348280 13 1 17 14 58 772.74900 1.14600000 9.13012 3.73000 4.09711 41.49999
1484348340 13 1 17 14 59 772.87700 1.15000000 9.13012 3.73000 4.09711 41.49999
1484348400 13 1 17 15 00 772.75400 1.15000000 9.13012 3.73000 4.09711 41.49999
1484348400 13 1 17 15 00 773.26200 1.15000000 9.13012 3.73000 4.09711 41.49999
1484348460 13 1 17 15 01 772.75400 1.14650000 9.13012 3.73000 4.09711 41.49999
1484348460 13 1 17 15 01 773.04000 1.15000000 9.17999 3.73000 4.09711 41.49999
1484348460 13 1 17 15 01 775.60000 1.15000000 9.17999 3.73000 4.09711 41.49999
1484348520 13 1 17 15 02 776.71000 1.15000000 9.17999 3.75964 4.09711 41.49999
1484348520 13 1 17 15 02 772.75500 1.15000000 9.13012 3.73000 4.09711 41.49999
1484348520 13 1 17 15 02 776.00000 1.15000000 9.17999 3.73000 4.09711 41.49999
1484348580 13 1 17 15 03 777.11200 1.15000000 9.12913 3.75964 4.09711 41.49999
1484348580 13 1 17 15 03 777.11500 1.15000000 9.12914 3.75964 4.09711 41.49999
1484348580 13 1 17 15 03 776.71000 1.15000000 9.17999 3.75964 4.09711 41.49999
1484348640 13 1 17 15 04 778.00000 1.15000000 9.17988 3.75964 4.09711 41.49999
1484348700 13 1 17 15 05 777.45000 1.15000000 9.17988 3.75964 4.09711 41.49999
1484348760 13 1 17 15 06 778.00000 1.15000000 9.12898 3.77033 4.09711 41.49999
1484348820 13 1 17 15 07 778.00000 1.15000000 9.12898 3.77033 4.09711 41.49999
1484348820 13 1 17 15 07 778.00000 1.15000000 9.12898 3.77033 4.09711 41.49999
1484348880 13 1 17 15 08 778.00000 1.15000000 9.12898 3.77033 4.09711 41.49999
1484348880 13 1 17 15 08 779.47000 1.15000000 9.12898 3.77033 4.09711 41.49999
1484348940 13 1 17 15 09 777.45200 1.15900000 9.12898 3.77033 4.09711 41.50009
1484348940 13 1 17 15 09 779.43000 1.15900000 9.12898 3.77033 4.09711 41.50009
1484349000 13 1 17 15 10 777.90000 1.15000000 9.12898 3.77033 4.09711 41.49999
1484349000 13 1 17 15 10 777.45400 1.15900000 9.12898 3.77033 4.09711 41.50009
1484349000 13 1 17 15 10 779.43000 1.15900000 9.12898 3.77033 4.09711 41.50009
1484349060 13 1 17 15 11 777.45400 1.15899000 9.12898 3.77033 4.09711 41.50009
1484349060 13 1 17 15 11 777.46100 1.15899000 9.12898 3.77033 4.09711 41.50009
1484349180 13 1 17 15 13 779.42700 1.15900000 9.12898 3.77033 4.09711 41.50009
1484349180 13 1 17 15 13 779.46800 1.15893000 9.12898 3.77033 4.09711 41.50009
1484349180 13 1 17 15 13 778.22200 1.15893000 9.12898 3.77033 4.09711 41.50009
1484349240 13 1 17 15 14 778.97600 1.15893000 9.12898 3.77033 4.09711 41.50009
1484349300 13 1 17 15 15 779.00000 1.15893000 9.12898 3.77033 4.09711 41.50009
1484349300 13 1 17 15 15 779.07700 1.15893000 9.12898 3.77033 4.09711 41.50009
1484349360 13 1 17 15 16 779.08700 1.15893000 9.12898 3.77033 4.09711 41.50009
1484349360 13 1 17 15 16 779.10000 1.15893000 9.12898 3.81775 4.09711 41.50009
1484349360 13 1 17 15 16 779.08400 1.15893000 9.12898 3.81775 4.09711 41.50009
1484349420 13 1 17 15 17 779.02900 1.15893000 9.12898 3.81775 4.09711 41.50009
1484349420 13 1 17 15 17 779.00000 1.15893000 9.12898 3.81775 4.09711 41.50009
1484349540 13 1 17 15 19 779.10000 1.15893000 9.12898 3.81775 4.09711 41.50009
1484349600 13 1 17 15 20 778.00000 1.16246000 9.12898 3.81775 4.09711 41.50009
1484349600 13 1 17 15 20 775.57000 1.16000000 9.12898 3.81775 4.09711 41.50009
1484349600 13 1 17 15 20 778.99900 1.15893000 9.12898 3.81775 4.09711 41.50009
1484349600 13 1 17 15 20 778.48200 1.15893000 9.12898 3.81775 4.09711 41.50009
1484349720 13 1 17 15 22 778.30000 1.15893000 9.12898 3.81775 4.09711 41.50009
1484349720 13 1 17 15 22 778.99000 1.15893000 9.12898 3.81775 4.09711 41.50009
1484349720 13 1 17 15 22 775.38100 1.16299000 9.13011 3.81775 4.09711 41.50009
1484349780 13 1 17 15 23 778.00000 1.16246000 9.12898 3.81775 4.09711 41.50009
1484349780 13 1 17 15 23 778.65400 1.16299000 9.13011 3.81775 4.09711 41.50009
1484349780 13 1 17 15 23 775.62000 1.16299000 9.13011 3.81775 4.09711 41.50009
1484349780 13 1 17 15 23 777.79900 1.16361000 9.13011 3.81775 3.87428 41.50009
1484349840 13 1 17 15 24 777.79500 1.16361000 9.13011 3.81775 3.87428 41.50009
1484349840 13 1 17 15 24 775.69000 1.16361000 9.13011 3.81775 4.09711 41.50009
1484349960 13 1 17 15 26 777.00000 1.16361000 9.13011 3.81775 3.87428 41.50009
1484350020 13 1 17 15 27 777.00000 1.16361000 9.13011 3.81775 3.87428 41.50009
1484350080 13 1 17 15 28 775.80400 1.15972000 9.13011 3.81775 3.87428 41.50009
1484350080 13 1 17 15 28 777.79600 1.16361000 9.13011 3.81775 3.87428 41.50009
