1595630760 24 7 20 14 46 8219.20000 5.41100000 236.85000 38.26000 20.23300 53.72000
1595630820 24 7 20 14 47 8219.20000 5.41100000 236.79000 38.26000 20.23300 53.72000
1595630880 24 7 20 14 48 8219.10000 5.41100000 236.54000 38.22000 20.23300 53.72000
1595630940 24 7 20 14 49 8219.10000 5.41100000 236.60000 38.22000 20.23300 53.72000
1595631000 24 7 20 14 50 8219.10000 5.41100000 236.56000 38.21000 20.23300 53.72000
1595631000 24 7 20 14 50 8219.20000 5.41100000 236.56000 38.21000 20.23300 53.72000
1595631060 24 7 20 14 51 8219.10000 5.41100000 236.56000 38.21000 20.23300 53.72000
1595631120 24 7 20 14 52 8221.60000 5.41100000 236.79000 38.25000 20.44500 53.72000
1595631180 24 7 20 14 53 8222.50000 5.41100000 236.73000 38.25000 20.44500 53.72000
1595631240 24 7 20 14 54 8224.10000 5.41100000 236.74000 38.25000 20.44500 53.87500
1595631240 24 7 20 14 54 8224.10000 5.41100000 236.79000 38.25000 20.44500 53.87500
1595631300 24 7 20 14 55 8224.00000 5.41100000 236.82000 38.25000 20.44500 53.87500
1595631360 24 7 20 14 56 8223.90000 5.41600000 236.90000 38.24000 20.44500 53.87500
1595631420 24 7 20 14 57 8223.90000 5.41600000 236.92000 38.23000 20.44500 53.87500
1595631480 24 7 20 14 58 8225.10000 5.41600000 236.96000 38.23000 20.44500 53.81500
1595631540 24 7 20 14 59 8227.00000 5.41600000 237.35000 38.28000 20.44500 53.81500
1595631600 24 7 20 15 00 8230.80000 5.41600000 237.43000 38.30000 20.44500 53.81500
1595631660 24 7 20 15 01 8236.00000 5.41600000 237.59000 38.29000 20.44500 53.81500
1595631660 24 7 20 15 01 8230.70000 5.41600000 237.59000 38.29000 20.44500 53.81500
1595631720 24 7 20 15 02 8237.10000 5.41600000 237.69000 38.29000 20.44500 53.81500
1595631780 24 7 20 15 03 8237.20000 5.41600000 237.59000 38.29000 20.44500 53.81500
1595631840 24 7 20 15 04 8237.10000 5.41600000 237.55000 38.34000 20.44500 53.81500
1595631900 24 7 20 15 05 8237.20000 5.41600000 237.51000 38.34000 20.43300 53.81500
1595631900 24 7 20 15 05 8237.20000 5.41600000 237.38000 38.34000 20.43300 53.81500
1595631960 24 7 20 15 06 8237.20000 5.41600000 237.25000 38.34000 20.43300 53.81500
1595632080 24 7 20 15 08 8231.70000 5.41600000 237.18000 38.28000 20.43300 53.81500
1595632140 24 7 20 15 09 8230.70000 5.41600000 237.19000 38.28000 20.43300 53.81500
1595632140 24 7 20 15 09 8230.80000 5.41600000 237.10000 38.28000 20.43300 53.81500
1595632200 24 7 20 15 10 8230.70000 5.41600000 237.08000 38.27000 20.43300 53.81500
1595632260 24 7 20 15 11 8227.40000 5.41600000 237.00000 38.27000 20.43300 53.81500
1595632320 24 7 20 15 12 8227.00000 5.41600000 236.96000 38.27000 20.43300 53.81500
1595632380 24 7 20 15 13 8226.30000 5.41600000 236.83000 38.27000 20.43300 53.81500
1595632440 24 7 20 15 14 8225.20000 5.41600000 236.92000 38.27000 20.43300 53.81500
1595632500 24 7 20 15 15 8224.50000 5.41600000 236.69000 38.27000 20.43300 53.81500
1595632620 24 7 20 15 17 8224.50000 5.41600000 237.24000 38.28000 20.45000 53.81500
1595632620 24 7 20 15 17 8224.60000 5.41600000 237.26000 38.28000 20.45000 53.81500
1595632680 24 7 20 15 18 8225.00000 5.41600000 237.21000 38.28000 20.45000 53.81500
1595632740 24 7 20 15 19 8224.80000 5.41600000 237.22000 38.28000 20.45000 53.81500
1595632740 24 7 20 15 19 8224.90000 5.41600000 237.36000 38.28000 20.45000 53.81500
1595632800 24 7 20 15 20 8224.80000 5.41600000 237.08000 38.28000 20.45000 53.81500
1595632860 24 7 20 15 21 8221.00000 5.41600000 237.08000 38.28000 20.45000 53.81500
1595632920 24 7 20 15 22 8221.00000 5.41600000 237.07000 38.28000 20.45000 53.81500
1595632980 24 7 20 15 23 8221.10000 5.41600000 237.08000 38.28000 20.45000 53.81500
1595633040 24 7 20 15 24 8220.10000 5.41600000 236.96000 38.28000 20.45000 53.81500
1595633100 24 7 20 15 25 8219.40000 5.41600000 236.78000 38.28000 20.45000 53.81500
1595633100 24 7 20 15 25 8219.00000 5.41600000 236.66000 38.21000 20.45000 53.81500
1595633160 24 7 20 15 26 8217.40000 5.41600000 236.81000 38.21000 20.45000 53.81500
1595633220 24 7 20 15 27 8217.20000 5.41600000 236.91000 38.21000 20.45000 53.81500
1595633280 24 7 20 15 28 8217.00000 5.40600000 236.92000 38.23000 20.45000 53.81500
1595633340 24 7 20 15 29 8216.80000 5.40600000 237.00000 38.23000 20.45000 53.81500
1595633340 24 7 20 15 29 8216.90000 5.40600000 237.05000 38.23000 20.45000 53.81500
1595633400 24 7 20 15 30 8216.90000 5.40600000 237.02000 38.23000 20.45000 53.81500
1595633460 24 7 20 15 31 8217.30000 5.40600000 237.07000 38.24000 20.45000 53.81500
1595633520 24 7 20 15 32 8210.80000 5.40600000 236.90000 38.25000 20.45200 53.81500
1595633580 24 7 20 15 33 8210.50000 5.41800000 237.00000 38.25000 20.45200 53.81500
1595633640 24 7 20 15 34 8213.80000 5.41800000 237.00000 38.25000 20.45200 53.81500
1595633700 24 7 20 15 35 8215.80000 5.41800000 237.10000 38.25000 20.45200 53.81500
1595633700 24 7 20 15 35 8215.80000 5.41800000 237.29000 38.25000 20.45200 53.68500
1595633760 24 7 20 15 36 8210.60000 5.41800000 237.32000 38.26000 20.45200 53.68500
1595633880 24 7 20 15 38 8227.80000 5.41800000 238.88000 38.31000 20.45200 53.68500
1595633880 24 7 20 15 38 8227.20000 5.41800000 238.55000 38.31000 20.45200 53.68500
1595633940 24 7 20 15 39 8227.60000 5.41800000 238.54000 38.32000 20.45200 53.68500
1595634000 24 7 20 15 40 8234.00000 5.41800000 238.89000 38.32000 20.45200 53.68500
1595634060 24 7 20 15 41 8232.20000 5.41800000 238.80000 38.32000 20.45200 53.68500
1595634060 24 7 20 15 41 8231.20000 5.41800000 238.80000 38.31000 20.45200 53.68500
1595634120 24 7 20 15 42 8229.20000 5.41800000 238.74000 38.31000 20.45200 53.68500
1595634180 24 7 20 15 43 8230.70000 5.41800000 239.61000 38.35000 20.45200 53.68500
