1605355020 14 11 20 03 57 13696.00000 4.35700000 398.94000 54.42000 13.12500 54.51500
1605355080 14 11 20 03 58 13696.00000 4.35700000 398.94000 54.42000 13.12500 54.51500
1605355140 14 11 20 03 59 13696.00000 4.35700000 398.94000 54.42000 13.12500 54.51500
1605355200 14 11 20 04 00 13696.00000 4.35700000 399.14000 54.42000 13.12500 54.51500
1605355200 14 11 20 04 00 13695.90000 4.35700000 398.96000 54.42000 13.12500 54.51500
1605355260 14 11 20 04 01 13695.90000 4.35700000 398.96000 54.48000 13.12500 54.51500
1605355320 14 11 20 04 02 13695.90000 4.35700000 398.97000 54.48000 13.12500 54.51500
1605355380 14 11 20 04 03 13696.00000 4.35700000 398.94000 54.44000 13.12500 54.51500
1605355380 14 11 20 04 03 13696.00000 4.35700000 398.97000 54.48000 13.12500 54.51500
1605355440 14 11 20 04 04 13695.90000 4.35700000 398.85000 54.44000 13.12500 54.51500
1605355500 14 11 20 04 05 13695.90000 4.35700000 398.62000 54.41000 13.12500 54.51500
1605355500 14 11 20 04 05 13695.90000 4.35700000 398.38000 54.39000 13.12500 54.51500
1605355560 14 11 20 04 06 13691.00000 4.35700000 398.38000 54.36000 13.12500 54.51500
1605355560 14 11 20 04 06 13692.90000 4.35700000 398.38000 54.32000 13.12500 54.57900
1605355620 14 11 20 04 07 13689.60000 4.35700000 398.38000 54.32000 13.12500 54.57900
1605355680 14 11 20 04 08 13689.50000 4.35700000 398.38000 54.32000 13.12500 54.57900
1605355680 14 11 20 04 08 13689.50000 4.35700000 398.38000 54.32000 13.12500 54.57900
1605355740 14 11 20 04 09 13689.40000 4.35700000 398.38000 54.32000 13.12500 54.57900
1605355740 14 11 20 04 09 13689.40000 4.35700000 398.38000 54.32000 13.12500 54.57900
1605355860 14 11 20 04 11 13689.40000 4.35700000 398.03000 54.32000 13.12500 54.57900
1605355920 14 11 20 04 12 13689.40000 4.35700000 397.49000 54.32000 13.12500 54.57900
1605355920 14 11 20 04 12 13686.90000 4.35700000 397.49000 54.32000 13.12500 54.57900
1605355980 14 11 20 04 13 13684.00000 4.35700000 397.31000 54.32000 13.12500 54.57900
1605356040 14 11 20 04 14 13681.50000 4.35700000 397.65000 54.32000 13.12500 54.57900
1605356100 14 11 20 04 15 13681.50000 4.35700000 397.65000 54.32000 13.12500 54.57900
1605356160 14 11 20 04 16 13681.50000 4.35700000 397.65000 54.32000 13.12500 54.57900
1605356160 14 11 20 04 16 13681.50000 4.35700000 397.65000 54.32000 13.12500 54.57900
1605356220 14 11 20 04 17 13681.50000 4.35700000 397.65000 54.32000 13.12500 54.57900
1605356220 14 11 20 04 17 13681.50000 4.35700000 397.65000 54.32000 13.12500 54.57900
1605356280 14 11 20 04 18 13681.50000 4.35700000 397.65000 54.32000 13.12500 54.57900
1605356280 14 11 20 04 18 13681.50000 4.35700000 397.65000 54.32000 13.12500 54.57900
1605356280 14 11 20 04 18 13681.50000 4.35700000 397.65000 54.32000 13.12500 54.57900
1605356340 14 11 20 04 19 13681.50000 4.35700000 397.65000 54.32000 13.12500 54.57900
1605356340 14 11 20 04 19 13681.50000 4.35700000 397.65000 54.32000 13.12500 54.57900
1605356400 14 11 20 04 20 13681.50000 4.35700000 397.65000 54.32000 13.12500 54.57900
1605356400 14 11 20 04 20 13681.50000 4.35700000 397.65000 54.32000 13.12500 54.57900
1605356460 14 11 20 04 21 13671.00000 4.34600000 397.55000 54.27000 13.12500 54.50600
1605356460 14 11 20 04 21 13670.50000 4.34600000 397.64000 54.17000 13.12500 54.50500
1605356460 14 11 20 04 21 13670.50000 4.34600000 397.23000 54.11000 13.12500 54.50500
1605356520 14 11 20 04 22 13670.50000 4.34000000 397.00000 54.11000 13.12500 54.50500
1605356520 14 11 20 04 22 13670.50000 4.34000000 397.00000 54.05000 13.12500 54.50500
1605356580 14 11 20 04 23 13668.70000 4.34000000 397.03000 54.07000 13.12500 54.50500
1605356580 14 11 20 04 23 13672.70000 4.34000000 397.00000 54.05000 13.12500 54.50500
1605356640 14 11 20 04 24 13668.70000 4.34000000 397.00000 54.07000 13.12500 54.50500
1605356640 14 11 20 04 24 13675.60000 4.34000000 397.00000 54.11000 13.12500 54.50500
1605356640 14 11 20 04 24 13666.50000 4.34000000 397.00000 54.07000 13.12500 54.50500
1605356700 14 11 20 04 25 13673.60000 4.34000000 397.49000 54.07000 13.12500 54.41500
1605356700 14 11 20 04 25 13677.50000 4.34000000 397.49000 54.07000 13.12500 54.41500
1605356760 14 11 20 04 26 13669.00000 4.34000000 397.49000 54.12000 13.12500 54.41500
1605356760 14 11 20 04 26 13675.10000 4.34000000 397.49000 54.12000 13.12500 54.41500
1605356820 14 11 20 04 27 13669.20000 4.34000000 397.30000 54.21000 13.12500 54.41500
1605356820 14 11 20 04 27 13669.20000 4.34000000 397.30000 54.21000 13.12500 54.41500
1605356820 14 11 20 04 27 13673.50000 4.34000000 397.30000 54.15000 13.12500 54.41500
1605356880 14 11 20 04 28 13673.70000 4.34000000 397.30000 54.21000 13.12500 54.41500
1605356880 14 11 20 04 28 13677.00000 4.34000000 397.30000 54.21000 13.12500 54.41500
1605356940 14 11 20 04 29 13674.90000 4.34000000 397.29000 54.21000 13.12500 54.41500
1605356940 14 11 20 04 29 13674.90000 4.34000000 397.29000 54.21000 13.12500 54.41500
1605357000 14 11 20 04 30 13674.90000 4.34000000 397.29000 54.21000 13.12500 54.41500
1605357000 14 11 20 04 30 13674.90000 4.34000000 397.29000 54.21000 13.12500 54.41500
1605357000 14 11 20 04 30 13674.90000 4.34000000 397.29000 54.21000 13.12500 54.41500
1605357060 14 11 20 04 31 13681.40000 4.34000000 397.30000 54.21000 13.12500 54.41500
1605357060 14 11 20 04 31 13681.40000 4.34000000 397.37000 54.21000 13.12500 54.41500
1605357120 14 11 20 04 32 13677.80000 4.34000000 397.29000 54.21000 13.12500 54.41500
1605357120 14 11 20 04 32 13677.70000 4.34000000 397.30000 54.21000 13.12500 54.41500
1605357180 14 11 20 04 33 13677.80000 4.34000000 397.29000 54.21000 13.12500 54.41500
1605357180 14 11 20 04 33 13677.70000 4.34000000 397.29000 54.21000 13.12500 54.41500
1605357180 14 11 20 04 33 13677.80000 4.34000000 397.29000 54.21000 13.12500 54.41500
1605357240 14 11 20 04 34 13677.70000 4.33600000 397.29000 54.18000 13.12500 54.41500
1605357240 14 11 20 04 34 13665.00000 4.33600000 397.29000 54.18000 13.12500 54.41500
1605357300 14 11 20 04 35 13661.00000 4.33600000 397.01000 54.18000 13.12500 54.41500
1605357300 14 11 20 04 35 13661.00000 4.33600000 397.00000 54.18000 13.12500 54.41500
1605357360 14 11 20 04 36 13664.80000 4.33600000 397.01000 54.18000 13.12500 54.41500
1605357360 14 11 20 04 36 13670.10000 4.33600000 397.18000 54.18000 13.12500 54.41500
1605357420 14 11 20 04 37 13661.10000 4.33600000 397.37000 54.18000 13.12500 54.41500
1605357420 14 11 20 04 37 13664.80000 4.33600000 397.37000 54.18000 13.12500 54.41500
1605357420 14 11 20 04 37 13664.10000 4.33600000 397.37000 54.18000 13.12500 54.41500
1605357480 14 11 20 04 38 13666.00000 4.33600000 397.37000 54.18000 13.05300 54.41500
1605357480 14 11 20 04 38 13661.00000 4.33600000 397.37000 54.18000 13.05300 54.41500
1605357540 14 11 20 04 39 13661.00000 4.33600000 397.37000 54.18000 13.05300 54.41500
1605357540 14 11 20 04 39 13661.00000 4.33600000 397.37000 54.18000 13.05300 54.41500
1605357600 14 11 20 04 40 13661.00000 4.33600000 397.03000 54.18000 13.05300 54.16000
1605357600 14 11 20 04 40 13661.10000 4.33600000 397.37000 54.18000 13.05300 54.41500
1605357600 14 11 20 04 40 13661.00000 4.33600000 397.01000 54.18000 13.05300 54.16000
1605357660 14 11 20 04 41 13660.00000 4.33600000 397.01000 54.18000 13.05300 54.16000
1605357660 14 11 20 04 41 13661.00000 4.33600000 397.01000 54.18000 13.05300 54.16000
1605357720 14 11 20 04 42 13655.00000 4.33600000 397.01000 54.00000 13.05300 54.16000
1605357720 14 11 20 04 42 13655.10000 4.33600000 397.01000 54.01000 13.05300 54.16000
1605357780 14 11 20 04 43 13655.10000 4.33600000 397.01000 53.87000 13.05300 54.16000
1605357780 14 11 20 04 43 13655.00000 4.33600000 397.01000 53.99000 13.05300 54.16000
1605357780 14 11 20 04 43 13655.10000 4.33600000 397.01000 53.99000 13.05300 54.16000
1605357840 14 11 20 04 44 13655.20000 4.33600000 397.01000 53.99000 13.05300 54.16000
1605357840 14 11 20 04 44 13654.80000 4.33600000 397.01000 53.99000 13.12000 54.16000
1605357900 14 11 20 04 45 13654.90000 4.33600000 397.01000 53.99000 13.12000 54.16000
1605357900 14 11 20 04 45 13654.90000 4.33600000 397.04000 53.99000 13.12000 54.16000
1605357960 14 11 20 04 46 13654.90000 4.33600000 397.04000 53.99000 13.12000 54.16000
1605357960 14 11 20 04 46 13654.90000 4.33600000 397.04000 53.99000 13.12000 54.16000
1605357960 14 11 20 04 46 13657.90000 4.33500000 397.04000 53.99000 13.12000 54.16000
1605358020 14 11 20 04 47 13657.80000 4.33500000 397.03000 54.02000 13.12000 54.16000
1605358020 14 11 20 04 47 13657.90000 4.33500000 397.04000 54.02000 13.12000 54.16000
1605358080 14 11 20 04 48 13632.20000 4.33100000 396.82000 54.06000 13.18900 54.16000
1605358080 14 11 20 04 48 13651.70000 4.33100000 396.92000 54.06000 13.18900 54.16000
1605358140 14 11 20 04 49 13647.20000 4.33100000 396.92000 54.06000 13.18900 54.16000
1605358140 14 11 20 04 49 13647.20000 4.33100000 396.93000 54.06000 13.18900 54.16000
1605358140 14 11 20 04 49 13651.30000 4.33100000 396.94000 54.06000 13.18900 54.16000
1605358200 14 11 20 04 50 13648.50000 4.33100000 396.94000 54.06000 13.18900 54.16000
1605358200 14 11 20 04 50 13648.50000 4.33100000 396.33000 54.06000 13.18900 54.16000
1605358260 14 11 20 04 51 13648.50000 4.33100000 396.33000 54.06000 13.18900 54.16000
1605358260 14 11 20 04 51 13648.60000 4.33100000 396.02000 54.06000 13.18900 54.16000
1605358320 14 11 20 04 52 13648.50000 4.33100000 396.00000 54.07000 13.18900 54.16000
1605358320 14 11 20 04 52 13648.60000 4.33100000 396.00000 54.06000 13.18900 54.16000
1605358380 14 11 20 04 53 13649.70000 4.32200000 396.43000 54.07000 13.18900 54.16000
1605358380 14 11 20 04 53 13651.90000 4.32200000 396.43000 54.07000 13.18900 54.16000
1605358380 14 11 20 04 53 13652.60000 4.32200000 396.64000 54.07000 13.18900 54.16000
1605358440 14 11 20 04 54 13652.60000 4.32200000 396.62000 54.07000 13.18900 54.16000
1605358440 14 11 20 04 54 13655.60000 4.32200000 396.74000 54.07000 13.18900 54.16000
1605358500 14 11 20 04 55 13662.80000 4.32200000 396.74000 54.07000 13.18900 54.16000
1605358500 14 11 20 04 55 13662.80000 4.32200000 396.88000 54.07000 13.18900 54.16000
1605358560 14 11 20 04 56 13665.80000 4.32200000 396.88000 54.24000 13.18900 54.16000
1605358560 14 11 20 04 56 13665.80000 4.32200000 396.77000 54.24000 13.18900 54.16000
1605358560 14 11 20 04 56 13662.80000 4.32200000 396.88000 54.07000 13.18900 54.16000
1605358620 14 11 20 04 57 13665.80000 4.32200000 396.77000 54.24000 13.18900 54.16000
1605358620 14 11 20 04 57 13665.00000 4.32200000 396.77000 54.24000 13.18900 54.16000
1605358680 14 11 20 04 58 13662.00000 4.32200000 396.98000 54.24000 13.18900 54.16000
1605358680 14 11 20 04 58 13662.00000 4.32200000 396.98000 54.24000 13.18900 54.16000
1605358740 14 11 20 04 59 13665.60000 4.32200000 396.98000 54.24000 13.18900 54.16000
1605358740 14 11 20 04 59 13672.40000 4.32200000 396.98000 54.24000 13.18900 54.16000
1605358740 14 11 20 04 59 13673.00000 4.32200000 396.98000 54.24000 13.18900 54.16000
1605358800 14 11 20 05 00 13662.00000 4.32200000 396.98000 54.24000 13.18900 54.16000
1605358800 14 11 20 05 00 13662.00000 4.32200000 396.98000 54.24000 13.18900 54.16000
1605358860 14 11 20 05 01 13644.70000 4.32200000 396.52000 54.24000 13.18900 54.16000
1605358860 14 11 20 05 01 13662.00000 4.32200000 396.98000 54.24000 13.18900 54.16000
1605358920 14 11 20 05 02 13644.70000 4.32200000 396.38000 54.24000 13.18900 54.05000
1605358920 14 11 20 05 02 13627.70000 4.32200000 396.00000 54.24000 13.18900 54.01000
1605358920 14 11 20 05 02 13634.30000 4.32200000 396.00000 54.24000 13.18900 54.01000
1605358980 14 11 20 05 03 13644.10000 4.32200000 396.43000 54.24000 13.18900 53.95000
1605358980 14 11 20 05 03 13634.30000 4.32200000 396.40000 54.24000 13.18900 53.95000
1605359040 14 11 20 05 04 13635.70000 4.32200000 396.40000 54.24000 13.18900 53.95000
1605359040 14 11 20 05 04 13639.30000 4.31700000 396.40000 54.24000 13.18900 53.95000
1605359100 14 11 20 05 05 13632.10000 4.31700000 396.40000 54.24000 13.18900 53.95000
1605359100 14 11 20 05 05 13626.00000 4.31700000 396.05000 53.92000 13.18900 53.95000
1605359160 14 11 20 05 06 13621.00000 4.31300000 395.43000 53.92000 13.18900 53.95000
1605359160 14 11 20 05 06 13625.00000 4.31700000 396.05000 53.92000 13.18900 53.95000
1605359160 14 11 20 05 06 13625.10000 4.31300000 396.00000 53.92000 13.18900 53.95000
1605359220 14 11 20 05 07 13621.80000 4.31300000 395.43000 53.92000 13.18900 53.95000
1605359220 14 11 20 05 07 13621.10000 4.31300000 395.61000 53.92000 13.18900 53.80000
1605359280 14 11 20 05 08 13621.10000 4.31300000 395.47000 53.92000 13.18900 53.80000
1605359280 14 11 20 05 08 13621.00000 4.31300000 395.47000 53.94000 13.18900 53.80000
1605359340 14 11 20 05 09 13621.00000 4.31300000 395.47000 53.94000 13.18900 53.80000
1605359340 14 11 20 05 09 13621.00000 4.31300000 395.47000 53.94000 13.18900 53.80000
1605359400 14 11 20 05 10 13621.00000 4.31300000 395.22000 53.94000 13.18900 53.80000
1605359400 14 11 20 05 10 13621.20000 4.31300000 395.34000 53.94000 13.18900 53.80000
1605359400 14 11 20 05 10 13623.80000 4.31300000 395.27000 53.94000 13.18900 53.80000
1605359460 14 11 20 05 11 13626.10000 4.31300000 395.34000 53.94000 13.18900 53.80700
1605359460 14 11 20 05 11 13626.10000 4.31300000 395.48000 53.94000 13.18900 53.80700
1605359520 14 11 20 05 12 13623.50000 4.31300000 395.48000 53.97000 13.18900 53.80700
1605359520 14 11 20 05 12 13625.90000 4.31300000 395.22000 53.97000 13.18900 53.80700
1605359580 14 11 20 05 13 13626.10000 4.31300000 395.50000 54.13000 13.18900 53.80700
1605359580 14 11 20 05 13 13626.10000 4.31300000 395.65000 54.15000 13.18900 53.80700
1605359580 14 11 20 05 13 13632.70000 4.31300000 395.65000 54.20000 13.18900 53.80700
1605359640 14 11 20 05 14 13628.60000 4.31300000 395.61000 54.20000 13.18900 53.80700
1605359640 14 11 20 05 14 13632.70000 4.31300000 395.61000 54.20000 13.18900 53.80700
1605359700 14 11 20 05 15 13629.60000 4.31300000 395.61000 54.20000 13.18900 53.80700
1605359700 14 11 20 05 15 13632.90000 4.31300000 395.61000 54.20000 13.18900 53.80700
1605359760 14 11 20 05 16 13636.90000 4.31300000 395.61000 54.20000 13.18900 53.80700
1605359760 14 11 20 05 16 13636.20000 4.31300000 396.01000 54.20000 13.18900 53.80700
1605359760 14 11 20 05 16 13636.20000 4.31300000 395.68000 54.20000 13.18900 53.80700
1605359820 14 11 20 05 17 13636.10000 4.31300000 395.68000 54.33000 13.18900 53.80700
1605359820 14 11 20 05 17 13636.20000 4.31300000 395.68000 54.33000 13.18900 53.80700
1605359880 14 11 20 05 18 13638.20000 4.31300000 395.68000 54.39000 13.18900 53.80700
1605359880 14 11 20 05 18 13635.30000 4.31300000 396.21000 54.39000 13.18900 53.80700
1605359940 14 11 20 05 19 13628.40000 4.31300000 396.21000 54.37000 13.18900 53.80700
1605359940 14 11 20 05 19 13629.00000 4.31300000 396.21000 54.39000 13.18900 53.80700
1605360000 14 11 20 05 20 13621.00000 4.31300000 395.70000 54.21000 13.18900 53.80700
1605360000 14 11 20 05 20 13615.10000 4.31300000 395.74000 54.21000 13.18900 53.80700
1605360000 14 11 20 05 20 13624.20000 4.31300000 395.70000 54.31000 13.18900 53.80700
1605360060 14 11 20 05 21 13615.00000 4.31300000 395.74000 54.23000 13.18900 53.80700
1605360060 14 11 20 05 21 13614.20000 4.31300000 395.74000 54.23000 13.18900 53.80700
1605360120 14 11 20 05 22 13612.80000 4.31300000 395.74000 54.23000 13.18900 53.80700
1605360120 14 11 20 05 22 13612.80000 4.31300000 395.74000 54.23000 13.18900 53.80700
1605360180 14 11 20 05 23 13612.80000 4.31300000 395.74000 54.23000 13.18900 53.80700
1605360180 14 11 20 05 23 13617.50000 4.31300000 395.74000 54.23000 13.18900 53.80700
1605360180 14 11 20 05 23 13621.30000 4.31300000 395.74000 54.19000 13.18900 53.80700
1605360240 14 11 20 05 24 13622.10000 4.31300000 395.74000 54.19000 13.18900 53.80700
1605360240 14 11 20 05 24 13627.10000 4.31300000 395.74000 54.19000 13.18900 53.80700
1605360300 14 11 20 05 25 13627.10000 4.31300000 395.74000 54.19000 13.18900 53.80700
1605360300 14 11 20 05 25 13627.10000 4.31300000 395.74000 54.19000 13.18900 53.80700
1605360360 14 11 20 05 26 13615.60000 4.31300000 395.61000 54.25000 13.18900 53.80700
1605360360 14 11 20 05 26 13615.60000 4.31300000 395.61000 54.25000 13.18900 53.80700
1605360360 14 11 20 05 26 13619.50000 4.31300000 395.61000 54.34000 13.18900 53.80700
1605360420 14 11 20 05 27 13623.10000 4.31300000 395.84000 54.34000 13.18900 53.80700
1605360420 14 11 20 05 27 13623.10000 4.31300000 395.84000 54.34000 13.18900 53.80700
1605360480 14 11 20 05 28 13621.50000 4.31300000 395.84000 54.34000 13.18900 53.80700
1605360480 14 11 20 05 28 13620.80000 4.31300000 395.84000 54.34000 13.18900 53.80700
1605360540 14 11 20 05 29 13617.00000 4.31300000 395.84000 54.34000 13.18900 53.80700
1605360540 14 11 20 05 29 13617.00000 4.31300000 395.74000 54.37000 13.18900 53.80700
1605360600 14 11 20 05 30 13617.90000 4.31300000 395.89000 54.43000 13.18900 53.80700
1605360600 14 11 20 05 30 13621.50000 4.31300000 395.90000 54.37000 13.18900 53.80700
1605360600 14 11 20 05 30 13617.90000 4.31300000 395.64000 54.43000 13.18900 53.80700
1605360660 14 11 20 05 31 13621.50000 4.31300000 395.93000 54.43000 13.18900 53.80700
1605360660 14 11 20 05 31 13621.40000 4.31300000 395.93000 54.43000 13.18900 53.80700
1605360720 14 11 20 05 32 13621.40000 4.31300000 395.93000 54.43000 13.18900 53.80700
1605360720 14 11 20 05 32 13621.50000 4.31300000 395.93000 54.43000 13.18900 53.80700
1605360780 14 11 20 05 33 13626.10000 4.31300000 395.93000 54.48000 13.18900 53.80700
1605360780 14 11 20 05 33 13626.20000 4.31300000 395.93000 54.48000 13.18900 53.80700
1605360780 14 11 20 05 33 13626.20000 4.31300000 395.93000 54.52000 13.18900 53.80700
1605360840 14 11 20 05 34 13631.70000 4.31300000 395.93000 54.57000 13.18900 53.94000
1605360840 14 11 20 05 34 13631.70000 4.31300000 395.93000 54.52000 13.18900 53.94000
1605360900 14 11 20 05 35 13631.70000 4.31300000 395.93000 54.57000 13.18900 53.94000
1605360900 14 11 20 05 35 13635.10000 4.31300000 396.54000 54.57000 13.18900 53.94000
1605360960 14 11 20 05 36 13635.10000 4.31300000 396.54000 54.57000 13.18900 54.09400
1605360960 14 11 20 05 36 13638.50000 4.31300000 396.63000 54.57000 13.18900 54.09400
1605360960 14 11 20 05 36 13635.10000 4.31300000 396.63000 54.57000 13.18900 54.09400
1605361020 14 11 20 05 37 13635.00000 4.31300000 396.63000 54.57000 13.18900 54.09400
1605361020 14 11 20 05 37 13636.30000 4.31300000 396.63000 54.57000 13.18900 54.09400
1605361080 14 11 20 05 38 13640.20000 4.31300000 396.63000 54.65000 13.18900 54.09400
1605361080 14 11 20 05 38 13638.10000 4.31300000 396.63000 54.57000 13.18900 54.09400
1605361140 14 11 20 05 39 13642.10000 4.31300000 396.63000 54.61000 13.18900 54.09400
1605361140 14 11 20 05 39 13642.10000 4.31300000 396.63000 54.61000 13.18900 54.09400
1605361140 14 11 20 05 39 13641.30000 4.31300000 396.63000 54.61000 13.18900 54.09400
1605361200 14 11 20 05 40 13638.10000 4.31300000 396.63000 54.61000 13.18900 54.09400
1605361200 14 11 20 05 40 13642.20000 4.31300000 396.63000 54.61000 13.18900 54.09400
1605361260 14 11 20 05 41 13642.20000 4.31300000 396.63000 54.61000 13.18900 54.09400
1605361260 14 11 20 05 41 13642.20000 4.31300000 396.63000 54.61000 13.18900 54.09400
1605361320 14 11 20 05 42 13646.60000 4.31300000 396.63000 54.61000 13.18900 54.09400
1605361320 14 11 20 05 42 13647.60000 4.31300000 396.63000 54.61000 13.18900 54.09400
1605361320 14 11 20 05 42 13647.60000 4.31300000 396.44000 54.61000 13.18900 54.09400
1605361380 14 11 20 05 43 13648.10000 4.31300000 396.44000 54.61000 13.18900 54.09400
1605361380 14 11 20 05 43 13647.60000 4.31300000 396.44000 54.61000 13.18900 54.09400
1605361440 14 11 20 05 44 13648.10000 4.31300000 396.44000 54.61000 13.18900 54.09400
1605361440 14 11 20 05 44 13648.10000 4.31300000 396.62000 54.61000 13.18900 54.09400
1605361500 14 11 20 05 45 13648.40000 4.31300000 396.44000 54.61000 13.18900 54.09400
1605361500 14 11 20 05 45 13651.20000 4.31300000 396.44000 54.63000 13.18900 54.09400
1605361500 14 11 20 05 45 13652.80000 4.31300000 396.74000 54.63000 13.18900 54.09400
1605361560 14 11 20 05 46 13652.10000 4.31300000 396.74000 54.63000 13.18900 54.09400
1605361560 14 11 20 05 46 13658.10000 4.31300000 396.74000 54.66000 13.18900 54.09400
1605361620 14 11 20 05 47 13657.10000 4.31300000 396.78000 54.63000 13.18900 54.09400
1605361620 14 11 20 05 47 13654.30000 4.31300000 396.74000 54.66000 13.18900 54.09400
1605361680 14 11 20 05 48 13663.90000 4.31300000 396.77000 54.63000 13.18900 54.09400
1605361680 14 11 20 05 48 13663.90000 4.31300000 396.79000 54.63000 13.18900 54.09400
1605361680 14 11 20 05 48 13659.30000 4.31300000 396.80000 54.63000 13.18900 54.09400
1605361740 14 11 20 05 49 13664.20000 4.31300000 396.79000 54.63000 13.18900 54.09400
1605361740 14 11 20 05 49 13664.20000 4.31300000 396.79000 54.63000 13.18900 54.09400
1605361800 14 11 20 05 50 13658.00000 4.31300000 396.79000 54.63000 13.18900 54.09400
1605361800 14 11 20 05 50 13658.00000 4.31300000 396.79000 54.51000 13.18900 54.09400
1605361860 14 11 20 05 51 13658.90000 4.31300000 396.52000 54.51000 13.18900 54.09400
1605361860 14 11 20 05 51 13659.20000 4.31300000 396.52000 54.51000 13.18900 54.09400
1605361860 14 11 20 05 51 13660.30000 4.31300000 396.52000 54.51000 13.18900 54.09400
1605361920 14 11 20 05 52 13660.30000 4.31300000 396.64000 54.51000 13.18900 54.09400
1605361920 14 11 20 05 52 13660.30000 4.31300000 396.64000 54.51000 13.18900 54.09400
1605361980 14 11 20 05 53 13665.20000 4.31300000 396.64000 54.51000 13.18900 54.09400
1605361980 14 11 20 05 53 13660.50000 4.31300000 396.64000 54.51000 13.18900 54.09400
1605362040 14 11 20 05 54 13666.10000 4.31300000 396.64000 54.51000 13.18900 54.09400
1605362040 14 11 20 05 54 13669.70000 4.31300000 396.92000 54.51000 13.18900 54.09400
1605362040 14 11 20 05 54 13669.70000 4.31300000 396.77000 54.51000 13.18900 54.09400
1605362100 14 11 20 05 55 13669.70000 4.31300000 396.79000 54.51000 13.18900 54.09400
1605362100 14 11 20 05 55 13671.50000 4.31300000 396.79000 54.51000 13.18900 54.09400
1605362160 14 11 20 05 56 13671.80000 4.31300000 396.83000 54.51000 13.18900 54.09400
1605362160 14 11 20 05 56 13671.90000 4.31300000 396.83000 54.51000 13.18900 54.09400
1605362220 14 11 20 05 57 13670.20000 4.31300000 396.96000 54.51000 13.18900 54.09400
1605362220 14 11 20 05 57 13673.20000 4.31300000 396.96000 54.51000 13.18900 54.09400
1605362220 14 11 20 05 57 13671.90000 4.31300000 396.96000 54.51000 13.18900 54.09400
1605362280 14 11 20 05 58 13685.00000 4.31300000 397.04000 54.51000 13.18900 54.09400
1605362280 14 11 20 05 58 13681.50000 4.31300000 396.96000 54.51000 13.18900 54.09400
1605362340 14 11 20 05 59 13690.90000 4.31300000 397.20000 54.51000 13.18900 54.09400
1605362340 14 11 20 05 59 13696.00000 4.31300000 397.14000 54.51000 13.18900 54.09400
1605362400 14 11 20 06 00 13695.00000 4.31300000 396.92000 54.70000 13.18900 54.09400
1605362400 14 11 20 06 00 13695.90000 4.31300000 396.92000 54.62000 13.18900 54.15100
1605362400 14 11 20 06 00 13696.00000 4.31300000 396.92000 54.62000 13.18900 54.15100
1605362460 14 11 20 06 01 13696.00000 4.31300000 396.92000 54.62000 13.18900 54.15100
1605362460 14 11 20 06 01 13702.30000 4.31300000 397.09000 54.57000 13.18900 54.15100
1605362520 14 11 20 06 02 13710.00000 4.31300000 397.26000 54.57000 13.18900 54.15100
1605362520 14 11 20 06 02 13715.80000 4.31300000 397.20000 54.57000 13.18900 54.15100
1605362580 14 11 20 06 03 13714.80000 4.31300000 397.29000 54.51000 13.18900 54.31000
1605362580 14 11 20 06 03 13717.60000 4.31300000 397.29000 54.57000 13.18900 54.15100
1605362580 14 11 20 06 03 13714.90000 4.31300000 397.29000 54.57000 13.18900 54.15100
1605362640 14 11 20 06 04 13706.10000 4.31300000 397.29000 54.51000 13.18900 54.31000
1605362640 14 11 20 06 04 13713.40000 4.31300000 397.48000 54.51000 13.18900 54.31000
1605362700 14 11 20 06 05 13712.70000 4.31300000 397.48000 54.51000 13.18900 54.31000
1605362700 14 11 20 06 05 13709.40000 4.31300000 397.48000 54.51000 13.18900 54.31000
1605362760 14 11 20 06 06 13710.30000 4.31300000 397.48000 54.51000 13.18900 54.31000
1605362760 14 11 20 06 06 13706.30000 4.31300000 397.45000 54.51000 13.18900 54.31000
1605362760 14 11 20 06 06 13709.60000 4.31300000 397.48000 54.51000 13.18900 54.31000
1605362820 14 11 20 06 07 13706.30000 4.31300000 397.48000 54.59000 13.18900 54.31000
1605362820 14 11 20 06 07 13706.30000 4.31300000 397.48000 54.51000 13.18900 54.31000
1605362880 14 11 20 06 08 13706.30000 4.31300000 397.48000 54.59000 13.18900 54.31000
1605362880 14 11 20 06 08 13711.30000 4.31300000 397.47000 54.59000 13.18900 54.34200
1605362940 14 11 20 06 09 13707.30000 4.31300000 397.12000 54.59000 13.18900 54.38000
1605362940 14 11 20 06 09 13706.00000 4.31300000 396.96000 54.59000 13.18900 54.32400
1605362940 14 11 20 06 09 13707.90000 4.31300000 396.96000 54.59000 13.18900 54.32400
1605363000 14 11 20 06 10 13708.00000 4.31300000 397.37000 54.59000 13.18900 54.32400
1605363000 14 11 20 06 10 13708.00000 4.31300000 397.37000 54.59000 13.18900 54.24000
1605363060 14 11 20 06 11 13711.10000 4.31300000 397.37000 54.59000 13.18900 54.24000
1605363060 14 11 20 06 11 13711.00000 4.31300000 397.37000 54.58000 13.18900 54.24000
1605363120 14 11 20 06 12 13710.70000 4.31300000 397.16000 54.61000 13.18900 54.24000
1605363120 14 11 20 06 12 13710.80000 4.31300000 397.16000 54.57000 13.18900 54.24000
1605363120 14 11 20 06 12 13710.70000 4.31300000 397.16000 54.57000 13.18900 54.24000
1605363180 14 11 20 06 13 13712.20000 4.31300000 397.16000 54.61000 13.18900 54.24000
1605363180 14 11 20 06 13 13712.10000 4.31300000 397.16000 54.61000 13.18900 54.24000
1605363240 14 11 20 06 14 13717.80000 4.31300000 397.16000 54.61000 13.18900 54.24000
1605363240 14 11 20 06 14 13717.90000 4.31300000 397.60000 54.61000 13.18900 54.24000
1605363300 14 11 20 06 15 13719.90000 4.31300000 397.60000 54.61000 13.18900 54.24000
1605363300 14 11 20 06 15 13719.00000 4.31300000 397.60000 54.61000 13.18900 54.24000
1605363300 14 11 20 06 15 13719.90000 4.31300000 397.60000 54.61000 13.18900 54.24000
1605363360 14 11 20 06 16 13722.90000 4.31300000 397.68000 54.61000 13.18900 54.24000
1605363360 14 11 20 06 16 13720.00000 4.31300000 397.63000 54.61000 13.18900 54.24000
1605363420 14 11 20 06 17 13725.00000 4.31300000 397.68000 54.61000 13.18900 54.24000
1605363420 14 11 20 06 17 13721.80000 4.31300000 397.67000 54.61000 13.18900 54.24000
1605363480 14 11 20 06 18 13722.00000 4.31300000 397.67000 54.67000 13.18900 54.24000
1605363480 14 11 20 06 18 13722.00000 4.31300000 397.68000 54.67000 13.18900 54.24000
1605363480 14 11 20 06 18 13719.90000 4.31300000 397.68000 54.67000 13.18900 54.24000
1605363540 14 11 20 06 19 13720.00000 4.31300000 397.68000 54.67000 13.18900 54.24000
1605363540 14 11 20 06 19 13720.00000 4.31300000 397.68000 54.67000 13.18900 54.24000
1605363600 14 11 20 06 20 13720.00000 4.31300000 397.68000 54.67000 13.18900 54.24000
1605363600 14 11 20 06 20 13720.00000 4.31300000 397.68000 54.67000 13.18900 54.24000
1605363660 14 11 20 06 21 13720.00000 4.31300000 397.68000 54.75000 13.18900 54.24000
1605363660 14 11 20 06 21 13719.90000 4.31300000 397.68000 54.67000 13.18900 54.24000
1605363660 14 11 20 06 21 13720.00000 4.31300000 397.68000 54.67000 13.18900 54.24000
1605363720 14 11 20 06 22 13720.00000 4.31300000 397.68000 54.75000 13.18900 54.24000
1605363720 14 11 20 06 22 13719.90000 4.31300000 397.68000 54.75000 13.18900 54.24000
1605363780 14 11 20 06 23 13720.00000 4.31300000 397.68000 54.75000 13.18900 54.24000
1605363780 14 11 20 06 23 13719.90000 4.31300000 397.68000 54.81000 13.18900 54.24000
1605363840 14 11 20 06 24 13719.90000 4.31300000 397.67000 54.81000 13.18900 54.24000
1605363840 14 11 20 06 24 13719.90000 4.31300000 397.68000 54.81000 13.18900 54.24000
1605363840 14 11 20 06 24 13720.00000 4.31300000 397.68000 54.81000 13.18900 54.24000
1605363900 14 11 20 06 25 13712.30000 4.31300000 397.65000 54.81000 13.18900 54.24000
1605363900 14 11 20 06 25 13715.10000 4.31300000 397.67000 54.81000 13.18900 54.24000
1605363960 14 11 20 06 26 13722.00000 4.31300000 397.65000 54.80000 13.18900 54.24000
1605363960 14 11 20 06 26 13717.30000 4.31300000 397.68000 54.80000 13.18900 54.24000
1605364020 14 11 20 06 27 13712.40000 4.31300000 397.68000 54.80000 13.18900 54.24000
1605364020 14 11 20 06 27 13712.30000 4.31300000 397.68000 54.80000 13.18900 54.24000
1605364020 14 11 20 06 27 13713.60000 4.31300000 397.80000 54.80000 13.46600 54.35000
1605364080 14 11 20 06 28 13701.00000 4.31300000 397.80000 54.83000 13.46600 54.35000
1605364080 14 11 20 06 28 13701.70000 4.31300000 397.80000 54.83000 13.46600 54.35000
1605364140 14 11 20 06 29 13705.40000 4.31300000 397.65000 54.83000 13.46600 54.35000
1605364140 14 11 20 06 29 13706.90000 4.31300000 397.65000 54.83000 13.46600 54.35000
1605364200 14 11 20 06 30 13707.00000 4.31300000 397.65000 54.66000 13.46600 54.35000
1605364200 14 11 20 06 30 13706.90000 4.31300000 397.65000 54.83000 13.46600 54.35000
1605364200 14 11 20 06 30 13706.90000 4.31300000 397.65000 54.83000 13.46600 54.35000
1605364260 14 11 20 06 31 13704.80000 4.31300000 397.64000 54.70000 13.46600 54.35000
1605364260 14 11 20 06 31 13703.00000 4.31300000 397.64000 54.73000 13.46600 54.35000
1605364320 14 11 20 06 32 13709.10000 4.31300000 397.64000 54.73000 13.46600 54.35000
1605364320 14 11 20 06 32 13709.10000 4.31300000 397.64000 54.73000 13.46600 54.35000
1605364380 14 11 20 06 33 13705.30000 4.31300000 397.64000 54.73000 13.46600 54.35000
1605364380 14 11 20 06 33 13709.70000 4.31300000 397.85000 54.73000 13.46600 54.35000
1605364380 14 11 20 06 33 13703.10000 4.31300000 397.64000 54.70000 13.46600 54.35000
1605364440 14 11 20 06 34 13700.10000 4.31300000 397.64000 54.70000 13.46600 54.35000
1605364440 14 11 20 06 34 13700.20000 4.31300000 397.60000 54.70000 13.46600 54.35000
1605364500 14 11 20 06 35 13700.00000 4.31300000 397.52000 54.70000 13.46600 54.35000
1605364500 14 11 20 06 35 13700.20000 4.31300000 397.53000 54.70000 13.46600 54.35000
1605364560 14 11 20 06 36 13695.00000 4.31300000 397.34000 54.61000 13.46600 54.35000
1605364560 14 11 20 06 36 13687.20000 4.31300000 397.34000 54.61000 13.46600 54.35000
1605364560 14 11 20 06 36 13700.00000 4.31300000 397.18000 54.70000 13.46600 54.35000
1605364620 14 11 20 06 37 13689.30000 4.31300000 397.34000 54.61000 13.46600 54.35000
1605364620 14 11 20 06 37 13689.30000 4.31300000 397.03000 54.61000 13.46500 54.35000
1605364680 14 11 20 06 38 13684.90000 4.31300000 397.06000 54.61000 13.46500 54.35000
1605364680 14 11 20 06 38 13684.90000 4.31300000 396.97000 54.61000 13.46500 54.35000
1605364740 14 11 20 06 39 13684.80000 4.31300000 396.98000 54.61000 13.46500 54.35000
1605364740 14 11 20 06 39 13692.90000 4.31300000 396.99000 54.61000 13.46500 54.35000
1605364740 14 11 20 06 39 13692.90000 4.31300000 397.32000 54.61000 13.46500 54.35000
1605364800 14 11 20 06 40 13692.60000 4.31300000 396.99000 54.61000 13.32600 54.35000
1605364800 14 11 20 06 40 13692.60000 4.31300000 397.02000 54.61000 13.46500 54.35000
1605364860 14 11 20 06 41 13684.90000 4.31300000 397.06000 54.60000 13.26500 54.35000
1605364860 14 11 20 06 41 13684.90000 4.31300000 397.01000 54.60000 13.26500 54.35000
1605364920 14 11 20 06 42 13684.80000 4.31300000 397.40000 54.63000 13.26500 54.35000
1605364920 14 11 20 06 42 13684.90000 4.31300000 397.40000 54.63000 13.26500 54.35000
1605364920 14 11 20 06 42 13684.90000 4.31300000 396.95000 54.63000 13.26500 54.35000
1605364980 14 11 20 06 43 13688.90000 4.31300000 396.95000 54.63000 13.26500 54.35000
1605364980 14 11 20 06 43 13689.60000 4.31300000 396.95000 54.63000 13.26500 54.35000
1605365040 14 11 20 06 44 13686.90000 4.31300000 397.10000 54.63000 13.26500 54.35000
1605365040 14 11 20 06 44 13686.00000 4.31300000 396.95000 54.63000 13.26500 54.35000
1605365100 14 11 20 06 45 13696.10000 4.31300000 397.36000 54.63000 13.26500 54.35000
1605365100 14 11 20 06 45 13696.10000 4.31300000 397.10000 54.63000 13.26500 54.35000
1605365100 14 11 20 06 45 13692.60000 4.31300000 397.10000 54.63000 13.26500 54.35000
1605365160 14 11 20 06 46 13694.20000 4.31300000 397.32000 54.63000 13.26500 54.35000
1605365160 14 11 20 06 46 13694.30000 4.31300000 397.32000 54.63000 13.26500 54.35000
1605365220 14 11 20 06 47 13691.50000 4.31300000 397.06000 54.63000 13.26500 54.35000
1605365220 14 11 20 06 47 13689.70000 4.31300000 397.06000 54.63000 13.26500 54.35000
1605365280 14 11 20 06 48 13695.30000 4.31300000 397.14000 54.63000 13.26500 54.35000
1605365280 14 11 20 06 48 13700.40000 4.31300000 397.13000 54.63000 13.26500 54.35000
1605365280 14 11 20 06 48 13697.80000 4.31300000 397.13000 54.55000 13.26500 54.35000
1605365340 14 11 20 06 49 13699.80000 4.31300000 397.70000 54.55000 13.26500 54.35000
1605365340 14 11 20 06 49 13699.80000 4.31300000 397.13000 54.55000 13.26500 54.35000
1605365400 14 11 20 06 50 13699.80000 4.31300000 397.70000 54.55000 13.26500 54.35000
1605365400 14 11 20 06 50 13704.10000 4.31300000 397.86000 54.55000 13.26500 54.35000
1605365460 14 11 20 06 51 13707.00000 4.31300000 397.99000 54.55000 13.26500 54.35000
1605365460 14 11 20 06 51 13709.90000 4.31300000 398.09000 54.55000 13.26500 54.35000
1605365460 14 11 20 06 51 13709.90000 4.31300000 398.17000 54.55000 13.26500 54.35000
1605365520 14 11 20 06 52 13709.90000 4.31300000 398.20000 54.55000 13.26500 54.35000
1605365520 14 11 20 06 52 13709.90000 4.31300000 398.20000 54.55000 13.26500 54.35000
1605365580 14 11 20 06 53 13711.00000 4.31300000 398.39000 54.55000 13.26500 54.35000
1605365580 14 11 20 06 53 13709.90000 4.31300000 398.39000 54.55000 13.26500 54.35000
1605365640 14 11 20 06 54 13711.00000 4.31300000 398.19000 54.55000 13.26500 54.35000
1605365640 14 11 20 06 54 13711.00000 4.31300000 398.19000 54.57000 13.26500 54.35000
1605365640 14 11 20 06 54 13710.00000 4.31300000 398.19000 54.55000 13.26500 54.35000
1605365700 14 11 20 06 55 13711.00000 4.31300000 398.19000 54.58000 13.26500 54.35000
1605365700 14 11 20 06 55 13710.90000 4.31300000 398.19000 54.58000 13.26500 54.35000
