1595629980 24 7 20 14 33 8220.20000 5.41100000 236.08000 38.21000 20.19100 53.69400
1595630040 24 7 20 14 34 8220.20000 5.41100000 236.06000 38.21000 20.19100 53.69400
1595630100 24 7 20 14 35 8220.20000 5.41100000 236.12000 38.21000 20.19100 53.69400
1595630160 24 7 20 14 36 8220.20000 5.41100000 236.16000 38.21000 20.19100 53.69400
1595630220 24 7 20 14 37 8220.20000 5.41100000 236.19000 38.21000 20.19100 53.69400
1595630280 24 7 20 14 38 8220.10000 5.41100000 236.29000 38.21000 20.19100 53.69400
1595630280 24 7 20 14 38 8220.20000 5.41100000 236.26000 38.21000 20.19100 53.69400
1595630340 24 7 20 14 39 8220.20000 5.41100000 236.29000 38.21000 20.19100 53.69400
1595630400 24 7 20 14 40 8220.10000 5.41100000 236.30000 38.21000 20.19100 53.69400
1595630460 24 7 20 14 41 8220.10000 5.41100000 236.19000 38.21000 20.19100 53.69400
1595630520 24 7 20 14 42 8219.10000 5.41100000 236.19000 38.21000 20.19100 53.69400
1595630520 24 7 20 14 42 8218.10000 5.41100000 236.28000 38.21000 20.19100 53.69400
1595630580 24 7 20 14 43 8217.10000 5.41100000 236.35000 38.25000 20.19100 53.69400
