1480712220 2 12 16 12 57 723.98300 0.70830000 7.62015 3.66000 3.20000 57.00000
1480712220 2 12 16 12 57 723.98400 0.70830000 7.62500 3.66000 3.20000 57.00000
1480712280 2 12 16 12 58 723.98100 0.70830000 7.62015 3.66000 3.20000 57.00000
1480712280 2 12 16 12 58 723.98100 0.70830000 7.62015 3.66000 3.20000 57.00000
1480712280 2 12 16 12 58 723.98400 0.70830000 7.62500 3.66000 3.20000 57.00000
1480712340 2 12 16 12 59 723.98400 0.70830000 7.62500 3.66000 3.20000 57.00000
1480712340 2 12 16 12 59 723.98400 0.70830000 7.63229 3.66000 3.20000 57.00001
1480712400 2 12 16 13 00 723.98400 0.70830000 7.63229 3.66000 3.20000 57.00001
1480712400 2 12 16 13 00 723.98400 0.70830000 7.63229 3.66000 3.20000 57.00001
1480712460 2 12 16 13 01 723.98400 0.70830000 7.63229 3.66000 3.20000 57.00001
