1595981040 28 7 20 16 04 9416.30000 6.13300000 271.66000 46.33000 17.93000 61.21900
1595981100 28 7 20 16 05 9415.10000 6.13300000 271.50000 46.45000 17.93000 61.21900
1595981100 28 7 20 16 05 9417.80000 6.15800000 271.98000 46.54000 17.93000 61.21900
1595981160 28 7 20 16 06 9400.90000 6.16600000 271.76000 46.62000 17.93000 61.21900
1595981160 28 7 20 16 06 9402.90000 6.16600000 271.58000 46.61000 17.93000 61.09500
1595981220 28 7 20 16 07 9412.20000 6.16600000 271.76000 46.57000 17.93000 61.09500
1595981220 28 7 20 16 07 9419.90000 6.16600000 272.14000 46.66000 17.93000 61.09500
1595981280 28 7 20 16 08 9435.90000 6.16600000 272.40000 46.78000 17.93000 61.09500
1595981340 28 7 20 16 09 9445.10000 6.16600000 272.50000 46.74000 17.93000 61.13000
1595981340 28 7 20 16 09 9447.60000 6.16600000 272.36000 47.05000 17.93000 61.13000
