1595603880 24 7 20 07 18 8206.60000 5.38100000 233.79000 38.12000 19.66500 53.39200
1595603940 24 7 20 07 19 8215.30000 5.38100000 233.91000 38.12000 19.66500 53.39200
1595604000 24 7 20 07 20 8216.60000 5.38100000 233.95000 38.12000 19.66500 53.39200
1595604000 24 7 20 07 20 8216.40000 5.38100000 233.94000 38.18000 19.66500 53.39200
1595604060 24 7 20 07 21 8216.60000 5.38100000 234.01000 38.18000 19.66500 53.39200
1595604120 24 7 20 07 22 8212.20000 5.39300000 233.52000 38.11000 19.66500 53.39200
1595604180 24 7 20 07 23 8212.10000 5.39300000 233.17000 38.11000 19.66500 53.39200
1595604240 24 7 20 07 24 8213.20000 5.39300000 233.24000 38.11000 19.66500 53.39200
1595604360 24 7 20 07 26 8223.40000 5.39300000 233.43000 38.11000 19.67100 53.39200
1595604420 24 7 20 07 27 8219.20000 5.39300000 233.70000 38.18000 19.67100 53.39200
1595604540 24 7 20 07 29 8219.60000 5.39300000 233.90000 38.18000 19.67100 53.39200
1595604540 24 7 20 07 29 8219.70000 5.39300000 233.82000 38.18000 19.67100 53.39200
1595604600 24 7 20 07 30 8219.60000 5.39300000 233.78000 38.18000 19.67100 53.39200
1595604660 24 7 20 07 31 8221.60000 5.39300000 233.88000 38.18000 19.67100 53.39200
1595604660 24 7 20 07 31 8221.50000 5.39300000 233.92000 38.18000 19.67100 53.39200
1595604720 24 7 20 07 32 8221.60000 5.39300000 233.98000 38.18000 19.67100 53.39200
1595604780 24 7 20 07 33 8221.50000 5.39300000 234.16000 38.18000 19.67100 53.39200
1595604840 24 7 20 07 34 8221.60000 5.39300000 234.05000 38.18000 19.67100 53.39200
1595604900 24 7 20 07 35 8221.60000 5.39300000 233.88000 38.17000 19.67100 53.39200
1595604960 24 7 20 07 36 8221.50000 5.40800000 233.89000 38.17000 19.70800 53.39200
1595605020 24 7 20 07 37 8221.60000 5.40800000 233.90000 38.17000 19.70800 53.39200
1595605080 24 7 20 07 38 8221.50000 5.40800000 233.91000 38.17000 19.70800 53.39200
1595605080 24 7 20 07 38 8221.60000 5.40800000 233.91000 38.17000 19.70800 53.39200
1595605140 24 7 20 07 39 8221.60000 5.40800000 233.90000 38.17000 19.70800 53.39200
1595605200 24 7 20 07 40 8221.50000 5.40800000 233.90000 38.17000 19.70800 53.39200
1595605260 24 7 20 07 41 8221.50000 5.40800000 233.88000 38.17000 19.70800 53.39200
1595605320 24 7 20 07 42 8221.50000 5.40800000 233.88000 38.17000 19.70800 53.39200
1595605320 24 7 20 07 42 8221.50000 5.40800000 233.78000 38.17000 19.70800 53.39200
1595605380 24 7 20 07 43 8221.50000 5.40800000 233.70000 38.17000 19.70800 53.39200
1595605440 24 7 20 07 44 8221.60000 5.40800000 233.73000 38.17000 19.70800 53.39200
1595605500 24 7 20 07 45 8221.50000 5.40800000 233.71000 38.13000 19.70800 53.39200
1595605560 24 7 20 07 46 8221.60000 5.40800000 233.68000 38.14000 19.67100 53.56100
1595605620 24 7 20 07 47 8221.50000 5.40800000 233.59000 38.13000 19.67100 53.56100
1595605620 24 7 20 07 47 8221.60000 5.40800000 233.60000 38.13000 19.67100 53.56100
1595605680 24 7 20 07 48 8220.00000 5.40800000 233.60000 38.13000 19.67100 53.56100
1595605740 24 7 20 07 49 8219.70000 5.40800000 233.55000 38.12000 19.66500 53.56100
1595605800 24 7 20 07 50 8219.30000 5.40800000 233.43000 38.12000 19.66500 53.56100
1595605860 24 7 20 07 51 8214.10000 5.40800000 233.47000 38.12000 19.66500 53.56100
1595605860 24 7 20 07 51 8214.10000 5.40800000 233.27000 38.12000 19.66500 53.56100
1595605920 24 7 20 07 52 8214.10000 5.40800000 233.52000 38.12000 19.61700 53.56100
1595605980 24 7 20 07 53 8215.70000 5.41800000 233.51000 38.12000 19.61700 53.62100
1595605980 24 7 20 07 53 8215.70000 5.40800000 233.46000 38.12000 19.61700 53.62100
1595606040 24 7 20 07 54 8215.60000 5.41800000 233.58000 38.12000 19.61700 53.62100
1595606100 24 7 20 07 55 8215.60000 5.41800000 233.59000 38.12000 19.61700 53.62100
1595606160 24 7 20 07 56 8215.70000 5.41800000 233.69000 38.15000 19.61700 53.62100
1595606160 24 7 20 07 56 8215.70000 5.41800000 233.68000 38.15000 19.61700 53.62100
1595606220 24 7 20 07 57 8215.60000 5.42300000 233.90000 38.19000 19.61700 53.62100
1595606280 24 7 20 07 58 8215.70000 5.42300000 233.90000 38.19000 19.61700 53.62100
1595606340 24 7 20 07 59 8215.70000 5.42300000 234.13000 38.22000 19.61700 53.62100
1595606340 24 7 20 07 59 8216.10000 5.42300000 234.11000 38.22000 19.61700 53.62100
1595606400 24 7 20 08 00 8219.80000 5.42300000 234.14000 38.22000 19.61700 53.62100
1595606460 24 7 20 08 01 8219.70000 5.42300000 234.30000 38.22000 19.61700 53.62100
1595606580 24 7 20 08 03 8221.70000 5.42300000 234.33000 38.22000 19.65800 53.62100
1595606580 24 7 20 08 03 8221.70000 5.42300000 234.29000 38.22000 19.61700 53.62100
1595606700 24 7 20 08 05 8221.70000 5.42300000 234.35000 38.20000 19.65800 53.62100
1595606760 24 7 20 08 06 8221.80000 5.42300000 234.35000 38.20000 19.65800 53.62100
1595606820 24 7 20 08 07 8221.80000 5.42300000 234.45000 38.20000 19.65800 53.62100
1595606880 24 7 20 08 08 8221.80000 5.42300000 234.19000 38.21000 19.65800 53.62100
1595606940 24 7 20 08 09 8221.80000 5.42300000 234.34000 38.22000 19.70600 53.62100
1595606940 24 7 20 08 09 8224.20000 5.42300000 234.34000 38.22000 19.70600 53.62100
1595607000 24 7 20 08 10 8223.70000 5.42300000 234.35000 38.21000 19.70600 53.62100
1595607060 24 7 20 08 11 8225.20000 5.42300000 234.19000 38.21000 19.70600 53.62100
1595607120 24 7 20 08 12 8225.20000 5.42300000 234.14000 38.21000 19.70600 53.62100
1595607120 24 7 20 08 12 8225.20000 5.42300000 234.20000 38.21000 19.70600 53.62100
1595607180 24 7 20 08 13 8225.20000 5.42900000 234.15000 38.21000 19.70600 53.62100
1595607240 24 7 20 08 14 8225.20000 5.42900000 234.15000 38.20000 19.70600 53.62100
1595607240 24 7 20 08 14 8225.10000 5.42900000 234.20000 38.20000 19.70600 53.62100
1595607300 24 7 20 08 15 8225.10000 5.42900000 234.27000 38.20000 19.70600 53.62100
1595607360 24 7 20 08 16 8225.20000 5.42900000 234.14000 38.20000 19.70600 53.62100
1595607360 24 7 20 08 16 8222.80000 5.42900000 234.16000 38.20000 19.70600 53.62100
1595607420 24 7 20 08 17 8220.30000 5.41100000 234.00000 38.20000 19.70600 53.62100
1595607480 24 7 20 08 18 8221.60000 5.41000000 233.97000 38.20000 19.70600 53.62100
1595607540 24 7 20 08 19 8221.60000 5.41000000 233.96000 38.20000 19.70600 53.62100
1595607540 24 7 20 08 19 8221.60000 5.41000000 233.91000 38.22000 19.70600 53.62100
1595607600 24 7 20 08 20 8221.50000 5.41000000 233.76000 38.22000 19.70600 53.62100
1595607660 24 7 20 08 21 8221.60000 5.41000000 233.63000 38.22000 19.70600 53.62100
1595607720 24 7 20 08 22 8221.50000 5.41000000 233.63000 38.22000 19.70600 53.62100
1595607780 24 7 20 08 23 8220.10000 5.41000000 233.63000 38.22000 19.70600 53.62100
1595607900 24 7 20 08 25 8219.00000 5.41000000 233.72000 38.19000 19.70600 53.62100
1595607960 24 7 20 08 26 8219.30000 5.41000000 233.67000 38.19000 19.70600 53.62100
1595608020 24 7 20 08 27 8219.10000 5.41000000 233.41000 38.19000 19.77600 53.62100
1595608080 24 7 20 08 28 8219.00000 5.41000000 233.44000 38.19000 19.86400 53.62100
1595608140 24 7 20 08 29 8219.10000 5.41000000 233.45000 38.19000 19.86400 53.62100
1595608140 24 7 20 08 29 8219.10000 5.41000000 233.45000 38.19000 19.86400 53.62100
1595608200 24 7 20 08 30 8219.10000 5.41000000 233.45000 38.19000 19.86400 53.62100
1595608260 24 7 20 08 31 8219.10000 5.41000000 233.46000 38.19000 19.87100 53.62100
1595608320 24 7 20 08 32 8219.00000 5.41000000 233.68000 38.20000 19.87100 53.62100
1595608380 24 7 20 08 33 8215.30000 5.41000000 233.80000 38.20000 19.87100 53.62100
1595608440 24 7 20 08 34 8212.00000 5.41000000 233.74000 38.20000 19.87100 53.62100
1595608440 24 7 20 08 34 8211.00000 5.41000000 233.73000 38.20000 19.87100 53.62100
1595608500 24 7 20 08 35 8216.80000 5.41000000 233.77000 38.20000 19.87100 53.62100
1595608560 24 7 20 08 36 8211.50000 5.41000000 233.78000 38.20000 19.87100 53.62100
1595608680 24 7 20 08 38 8211.10000 5.41000000 233.56000 38.20000 19.87100 53.62100
1595608740 24 7 20 08 39 8211.10000 5.41000000 233.48000 38.20000 19.87100 53.62100
1595608740 24 7 20 08 39 8210.30000 5.41000000 233.40000 38.20000 19.87100 53.62100
1595608800 24 7 20 08 40 8209.90000 5.41000000 233.40000 38.20000 19.86800 53.62100
1595608860 24 7 20 08 41 8211.60000 5.41000000 233.48000 38.20000 19.86800 53.62100
1595608860 24 7 20 08 41 8211.70000 5.41000000 233.40000 38.20000 19.86800 53.62100
1595608920 24 7 20 08 42 8213.80000 5.41000000 233.38000 38.21000 19.86800 53.62100
1595608980 24 7 20 08 43 8213.70000 5.41000000 233.44000 38.21000 19.86800 53.62100
1595608980 24 7 20 08 43 8213.70000 5.41000000 233.48000 38.22000 19.86300 53.62100
1595609040 24 7 20 08 44 8213.70000 5.41000000 233.48000 38.22000 19.86300 53.62100
1595609100 24 7 20 08 45 8213.70000 5.41000000 233.63000 38.22000 19.86300 53.62100
1595609160 24 7 20 08 46 8213.70000 5.41000000 233.77000 38.22000 19.86300 53.62100
1595609220 24 7 20 08 47 8215.40000 5.41000000 233.79000 38.25000 19.90000 53.62100
1595609220 24 7 20 08 47 8217.10000 5.40800000 234.06000 38.25000 19.90000 53.62100
1595609280 24 7 20 08 48 8219.00000 5.40800000 234.05000 38.25000 19.97000 53.62100
1595609400 24 7 20 08 50 8226.80000 5.42300000 234.21000 38.28000 19.95200 53.62100
1595609460 24 7 20 08 51 8226.80000 5.42300000 234.24000 38.30000 19.95200 53.62100
1595609520 24 7 20 08 52 8226.80000 5.42300000 234.34000 38.30000 20.04800 53.62100
1595609520 24 7 20 08 52 8226.80000 5.42300000 234.35000 38.29000 20.04800 53.62100
1595609580 24 7 20 08 53 8229.40000 5.42300000 234.51000 38.27000 20.02300 53.62100
1595609640 24 7 20 08 54 8230.00000 5.42300000 234.51000 38.27000 20.02300 53.62100
1595609700 24 7 20 08 55 8230.00000 5.42300000 234.51000 38.27000 20.02300 53.62100
1595609760 24 7 20 08 56 8229.90000 5.42300000 234.48000 38.27000 20.02300 53.62100
1595609820 24 7 20 08 57 8229.90000 5.42300000 234.20000 38.27000 20.02300 53.91600
1595609820 24 7 20 08 57 8228.80000 5.42300000 234.29000 38.27000 20.05000 53.91600
1595609940 24 7 20 08 59 8228.20000 5.42300000 234.31000 38.27000 20.05000 53.91600
1595609940 24 7 20 08 59 8228.10000 5.42300000 234.30000 38.27000 20.05000 53.91600
1595610060 24 7 20 09 01 8232.30000 5.42300000 234.53000 38.30000 20.05000 53.91600
1595610120 24 7 20 09 02 8232.30000 5.42300000 234.67000 38.30000 20.05000 53.91600
1595610180 24 7 20 09 03 8232.20000 5.42300000 234.62000 38.30000 20.05000 53.91600
1595610180 24 7 20 09 03 8235.60000 5.42300000 234.88000 38.31000 20.05000 53.91600
1595610240 24 7 20 09 04 8236.00000 5.42300000 234.94000 38.33000 19.98500 53.91600
1595610300 24 7 20 09 05 8236.00000 5.42300000 235.22000 38.34000 19.98700 53.91600
1595610360 24 7 20 09 06 8235.90000 5.42300000 235.36000 38.33000 19.98700 53.91600
1595610360 24 7 20 09 06 8243.40000 5.42300000 235.33000 38.33000 19.98700 53.91600
1595610420 24 7 20 09 07 8239.80000 5.42300000 235.34000 38.33000 19.98700 53.91600
1595610480 24 7 20 09 08 8240.00000 5.42300000 235.16000 38.33000 19.99200 53.91600
1595610540 24 7 20 09 09 8242.20000 5.42300000 235.16000 38.33000 20.04900 53.91600
1595610600 24 7 20 09 10 8242.20000 5.42300000 235.35000 38.33000 20.04900 53.91600
1595610600 24 7 20 09 10 8242.10000 5.42300000 235.40000 38.36000 20.04900 53.91600
1595610660 24 7 20 09 11 8242.20000 5.43900000 235.40000 38.36000 20.04900 53.91600
1595610720 24 7 20 09 12 8241.60000 5.43900000 235.21000 38.36000 20.04900 53.91600
1595610780 24 7 20 09 13 8240.10000 5.45200000 235.21000 38.36000 20.04900 53.91600
1595610780 24 7 20 09 13 8240.10000 5.45200000 235.13000 38.36000 20.04900 53.91600
1595610840 24 7 20 09 14 8240.10000 5.45200000 235.07000 38.36000 20.04900 53.91600
1595610900 24 7 20 09 15 8240.10000 5.45200000 235.01000 38.33000 20.04900 53.91600
1595610960 24 7 20 09 16 8235.80000 5.45200000 235.11000 38.31000 20.04900 53.91600
1595610960 24 7 20 09 16 8240.00000 5.45200000 235.00000 38.31000 20.04900 53.91600
1595611020 24 7 20 09 17 8235.80000 5.45200000 235.17000 38.31000 20.04900 53.91600
1595611080 24 7 20 09 18 8235.80000 5.45200000 235.48000 38.31000 20.04900 53.91600
1595611140 24 7 20 09 19 8235.80000 5.45200000 235.49000 38.30000 20.04900 53.91600
1595611200 24 7 20 09 20 8235.70000 5.45200000 235.60000 38.30000 20.04900 54.09800
1595611200 24 7 20 09 20 8235.80000 5.45200000 235.53000 38.30000 20.04900 54.09800
1595611260 24 7 20 09 21 8235.80000 5.45200000 235.80000 38.32000 20.04900 54.09800
1595611320 24 7 20 09 22 8235.70000 5.45200000 235.77000 38.31000 20.04900 54.09800
1595611440 24 7 20 09 24 8240.00000 5.45200000 235.93000 38.31000 20.04900 54.09800
1595611560 24 7 20 09 26 8240.10000 5.45200000 235.92000 38.36000 20.04900 54.09800
1595611560 24 7 20 09 26 8240.10000 5.45200000 235.92000 38.36000 20.04900 54.09800
1595611620 24 7 20 09 27 8240.00000 5.45200000 235.86000 38.36000 20.04900 54.09800
1595611680 24 7 20 09 28 8240.10000 5.45200000 235.81000 38.36000 20.04900 54.09800
1595611680 24 7 20 09 28 8240.10000 5.45200000 235.77000 38.36000 20.04900 54.09800
1595611740 24 7 20 09 29 8240.10000 5.45200000 235.78000 38.36000 20.04900 54.09800
1595611800 24 7 20 09 30 8240.10000 5.45200000 235.81000 38.36000 20.04900 54.09800
1595611860 24 7 20 09 31 8240.00000 5.45200000 235.79000 38.36000 20.04900 54.09800
1595611860 24 7 20 09 31 8240.00000 5.45200000 235.53000 38.36000 20.04900 54.09800
1595611920 24 7 20 09 32 8240.00000 5.45200000 235.39000 38.36000 19.94700 54.09800
1595611980 24 7 20 09 33 8240.10000 5.45200000 235.39000 38.36000 19.94700 54.09800
1595612040 24 7 20 09 34 8240.00000 5.45200000 235.54000 38.36000 19.93500 54.09800
1595612040 24 7 20 09 34 8240.00000 5.45200000 235.56000 38.36000 19.94700 54.09800
1595612100 24 7 20 09 35 8240.10000 5.45200000 235.49000 38.36000 19.93500 54.09800
1595612160 24 7 20 09 36 8240.10000 5.45200000 235.49000 38.35000 19.93500 54.09800
1595612220 24 7 20 09 37 8239.90000 5.45200000 235.48000 38.35000 19.93500 54.09800
1595612280 24 7 20 09 38 8239.50000 5.45200000 235.48000 38.33000 19.93500 54.09800
1595612280 24 7 20 09 38 8237.20000 5.45200000 235.38000 38.33000 19.93500 54.09800
1595612340 24 7 20 09 39 8234.00000 5.45200000 235.33000 38.33000 19.93500 54.09800
1595612400 24 7 20 09 40 8234.00000 5.45200000 235.37000 38.33000 19.93500 54.09800
1595612460 24 7 20 09 41 8233.90000 5.45200000 235.38000 38.33000 19.93500 54.09800
1595612520 24 7 20 09 42 8234.00000 5.45200000 235.18000 38.33000 19.93500 54.09800
1595612520 24 7 20 09 42 8234.00000 5.45200000 235.18000 38.33000 19.98100 54.09800
1595612580 24 7 20 09 43 8233.90000 5.45200000 235.22000 38.33000 19.98100 54.09800
1595612640 24 7 20 09 44 8234.00000 5.43200000 235.09000 38.33000 19.98100 54.09800
1595612640 24 7 20 09 44 8233.90000 5.43200000 235.21000 38.33000 19.98100 54.09800
1595612700 24 7 20 09 45 8235.70000 5.43200000 235.01000 38.33000 19.98100 54.01800
1595612760 24 7 20 09 46 8235.80000 5.43200000 235.25000 38.33000 19.98100 54.01000
1595612820 24 7 20 09 47 8235.70000 5.43200000 235.37000 38.33000 19.98100 54.01000
1595612880 24 7 20 09 48 8235.80000 5.43200000 235.52000 38.33000 19.98100 54.01000
1595612880 24 7 20 09 48 8235.80000 5.43200000 235.36000 38.33000 19.98100 54.01000
1595612940 24 7 20 09 49 8235.80000 5.43200000 235.47000 38.33000 19.98100 54.01000
1595613000 24 7 20 09 50 8235.80000 5.43200000 235.41000 38.33000 19.98100 54.01000
1595613060 24 7 20 09 51 8235.70000 5.43200000 235.32000 38.34000 19.98100 54.01000
1595613060 24 7 20 09 51 8235.80000 5.43200000 235.43000 38.34000 19.98100 54.01000
1595613120 24 7 20 09 52 8235.80000 5.43200000 235.26000 38.34000 19.98100 54.01000
1595613180 24 7 20 09 53 8236.70000 5.43200000 235.38000 38.34000 19.98100 54.01000
1595613180 24 7 20 09 53 8235.80000 5.43200000 235.31000 38.34000 19.98100 54.01000
1595613240 24 7 20 09 54 8241.80000 5.43200000 235.48000 38.34000 19.98100 54.01000
1595613300 24 7 20 09 55 8242.20000 5.43200000 235.62000 38.34000 19.98100 54.01000
1595613360 24 7 20 09 56 8242.30000 5.43200000 235.86000 38.34000 19.98100 54.01000
1595613420 24 7 20 09 57 8242.80000 5.43200000 235.79000 38.34000 19.98100 54.01000
1595613420 24 7 20 09 57 8244.60000 5.43200000 235.84000 38.35000 19.98100 54.01000
1595613480 24 7 20 09 58 8245.90000 5.43200000 235.99000 38.35000 19.98100 54.01000
1595613540 24 7 20 09 59 8246.40000 5.43200000 236.21000 38.35000 19.98100 54.01000
1595613600 24 7 20 10 00 8246.30000 5.43900000 236.22000 38.35000 19.98100 54.01000
1595613660 24 7 20 10 01 8246.30000 5.43900000 236.29000 38.35000 19.98100 54.01000
1595613720 24 7 20 10 02 8246.10000 5.43900000 236.15000 38.35000 19.98100 54.17600
1595613780 24 7 20 10 03 8246.10000 5.43900000 235.91000 38.37000 19.98100 54.17600
1595613840 24 7 20 10 04 8243.80000 5.43900000 235.90000 38.37000 19.98100 54.17600
1595613840 24 7 20 10 04 8246.80000 5.43900000 235.65000 38.37000 19.92400 54.17600
1595613900 24 7 20 10 05 8245.70000 5.43900000 235.75000 38.37000 19.92800 54.17600
1595613960 24 7 20 10 06 8245.70000 5.43900000 235.75000 38.37000 19.92800 54.17600
1595614020 24 7 20 10 07 8245.90000 5.43900000 235.73000 38.35000 19.91800 54.17600
1595614080 24 7 20 10 08 8244.00000 5.43900000 235.74000 38.35000 19.91800 54.17600
1595614140 24 7 20 10 09 8245.90000 5.43900000 235.71000 38.35000 19.91800 54.17600
1595614200 24 7 20 10 10 8245.60000 5.45300000 235.72000 38.32000 19.91800 54.17600
1595614200 24 7 20 10 10 8245.60000 5.45300000 235.78000 38.33000 19.91800 54.09100
1595614260 24 7 20 10 11 8245.60000 5.45300000 235.80000 38.33000 19.91800 54.09100
1595614320 24 7 20 10 12 8245.50000 5.45300000 235.83000 38.33000 19.91800 54.09100
1595614380 24 7 20 10 13 8245.60000 5.45300000 236.02000 38.35000 19.91800 54.09100
1595614380 24 7 20 10 13 8245.60000 5.45300000 236.03000 38.35000 19.91800 54.09100
1595614440 24 7 20 10 14 8248.40000 5.45300000 236.10000 38.35000 19.91800 54.09100
1595614500 24 7 20 10 15 8251.10000 5.45300000 236.18000 38.36000 19.91800 54.09100
1595614560 24 7 20 10 16 8252.70000 5.45300000 236.20000 38.36000 19.95100 54.09100
1595614680 24 7 20 10 18 8255.10000 5.45300000 236.34000 38.36000 20.05000 54.09100
1595614680 24 7 20 10 18 8255.00000 5.45300000 236.42000 38.36000 20.08400 54.09100
1595614740 24 7 20 10 19 8254.70000 5.45300000 236.34000 38.36000 20.08400 54.09000
1595614800 24 7 20 10 20 8257.20000 5.45300000 236.48000 38.35000 20.08400 54.09000
1595614800 24 7 20 10 20 8256.30000 5.45300000 236.42000 38.35000 20.08400 54.09000
1595614860 24 7 20 10 21 8259.60000 5.45300000 236.50000 38.35000 20.08400 54.09000
1595614920 24 7 20 10 22 8260.60000 5.45300000 236.50000 38.35000 20.08400 54.09000
1595614980 24 7 20 10 23 8262.10000 5.45300000 236.55000 38.35000 20.08400 54.09000
1595615040 24 7 20 10 24 8262.10000 5.45300000 236.55000 38.35000 20.08400 54.09000
1595615040 24 7 20 10 24 8262.00000 5.45300000 236.56000 38.35000 20.21500 54.09000
1595615100 24 7 20 10 25 8262.10000 5.45300000 236.55000 38.39000 20.26900 54.09000
1595615160 24 7 20 10 26 8262.80000 5.45300000 236.56000 38.40000 20.26900 54.09000
1595615220 24 7 20 10 27 8262.70000 5.45300000 236.57000 38.40000 20.31300 54.15300
1595615220 24 7 20 10 27 8262.80000 5.45300000 236.56000 38.40000 20.31300 54.15300
1595615280 24 7 20 10 28 8262.20000 5.45300000 236.56000 38.39000 20.33200 54.15300
1595615340 24 7 20 10 29 8256.90000 5.45300000 236.57000 38.39000 20.36300 54.15300
1595615400 24 7 20 10 30 8256.00000 5.45300000 236.57000 38.39000 20.34700 54.15300
1595615460 24 7 20 10 31 8256.00000 5.44000000 237.18000 38.41000 20.34700 54.15300
1595615520 24 7 20 10 32 8256.00000 5.44000000 237.81000 38.44000 20.40000 54.15300
1595615640 24 7 20 10 34 8267.90000 5.44000000 237.84000 38.44000 20.40000 54.15300
1595615640 24 7 20 10 34 8267.90000 5.44000000 237.93000 38.44000 20.40000 54.15300
1595615700 24 7 20 10 35 8267.90000 5.44000000 237.77000 38.44000 20.40900 54.15300
1595615760 24 7 20 10 36 8267.90000 5.45300000 237.66000 38.44000 20.40900 54.15300
1595615820 24 7 20 10 37 8271.50000 5.45300000 237.89000 38.44000 20.44000 54.15300
1595615820 24 7 20 10 37 8272.00000 5.45300000 238.13000 38.44000 20.44000 54.17600
1595615940 24 7 20 10 39 8271.10000 5.45300000 238.07000 38.44000 20.52300 54.17600
1595616000 24 7 20 10 40 8271.00000 5.45300000 238.02000 38.44000 20.59700 54.17600
1595616120 24 7 20 10 42 8271.00000 5.45300000 237.87000 38.44000 20.59700 54.17600
1595616180 24 7 20 10 43 8270.90000 5.45300000 237.97000 38.44000 20.59700 54.17600
1595616240 24 7 20 10 44 8270.30000 5.45300000 237.97000 38.44000 20.59800 54.17600
1595616240 24 7 20 10 44 8270.20000 5.45300000 238.11000 38.44000 20.61500 54.17600
1595616300 24 7 20 10 45 8270.20000 5.45300000 238.59000 38.44000 20.61500 54.17600
1595616360 24 7 20 10 46 8270.20000 5.45300000 238.97000 38.44000 20.61500 54.17600
1595616420 24 7 20 10 47 8270.90000 5.45300000 238.97000 38.60000 20.59900 54.17600
1595616480 24 7 20 10 48 8275.80000 5.45300000 239.25000 38.58000 20.62600 54.17600
1595616480 24 7 20 10 48 8276.60000 5.45300000 239.25000 38.58000 20.62600 54.17600
1595616600 24 7 20 10 50 8276.10000 5.45300000 238.75000 38.58000 20.62600 54.17600
1595616660 24 7 20 10 51 8276.10000 5.45300000 238.75000 38.58000 20.62600 54.17600
1595616720 24 7 20 10 52 8276.10000 5.45300000 238.75000 38.58000 20.62600 54.17600
1595616720 24 7 20 10 52 8275.00000 5.45300000 238.75000 38.58000 20.67000 54.17600
1595616780 24 7 20 10 53 8275.00000 5.45300000 238.71000 38.50000 20.67700 54.17600
1595616840 24 7 20 10 54 8275.00000 5.45300000 238.52000 38.50000 20.67700 54.17600
1595616900 24 7 20 10 55 8274.90000 5.45300000 238.46000 38.50000 20.67700 54.17600
1595616960 24 7 20 10 56 8275.00000 5.45300000 238.45000 38.50000 20.67400 54.17600
1595617020 24 7 20 10 57 8274.90000 5.45300000 238.13000 38.50000 20.74900 54.17600
1595617080 24 7 20 10 58 8275.00000 5.45300000 238.21000 38.50000 20.75000 54.17600
1595617080 24 7 20 10 58 8275.00000 5.45300000 238.59000 38.50000 20.72900 54.17600
1595617140 24 7 20 10 59 8275.00000 5.45300000 238.65000 38.50000 20.72900 54.17600
1595617200 24 7 20 11 00 8274.90000 5.45300000 238.68000 38.50000 20.72900 54.17600
1595617260 24 7 20 11 01 8275.00000 5.45000000 238.68000 38.50000 20.76000 54.17600
1595617260 24 7 20 11 01 8270.20000 5.45000000 238.50000 38.50000 20.79000 54.17600
1595617320 24 7 20 11 02 8270.10000 5.45000000 238.23000 38.50000 20.79000 54.17600
1595617380 24 7 20 11 03 8270.10000 5.45000000 238.24000 38.50000 20.86200 54.17600
1595617380 24 7 20 11 03 8267.90000 5.45000000 238.24000 38.50000 20.86200 54.17600
1595617440 24 7 20 11 04 8267.90000 5.45000000 238.21000 38.48000 20.86200 54.17600
1595617560 24 7 20 11 06 8266.20000 5.45000000 238.01000 38.46000 20.93000 54.17600
1595617560 24 7 20 11 06 8263.20000 5.45000000 238.22000 38.46000 20.93000 54.17600
1595617620 24 7 20 11 07 8262.30000 5.45000000 238.30000 38.46000 20.96700 54.17600
1595617680 24 7 20 11 08 8262.30000 5.45000000 238.14000 38.46000 20.96700 54.17600
1595617740 24 7 20 11 09 8262.30000 5.45000000 238.23000 38.46000 20.72700 54.17600
1595617740 24 7 20 11 09 8262.30000 5.45000000 238.23000 38.46000 20.72700 54.17600
1595617800 24 7 20 11 10 8261.80000 5.45000000 238.31000 38.45000 20.66000 54.17600
1595617800 24 7 20 11 10 8261.80000 5.45000000 238.14000 38.45000 20.66000 54.17600
1595617860 24 7 20 11 11 8261.80000 5.45000000 238.36000 38.47000 20.66000 54.05600
1595617920 24 7 20 11 12 8261.80000 5.45000000 238.36000 38.47000 20.66000 54.05600
1595617980 24 7 20 11 13 8261.80000 5.45000000 238.39000 38.47000 20.66000 54.05600
1595618040 24 7 20 11 14 8261.80000 5.45000000 238.27000 38.47000 20.66000 54.05600
1595618040 24 7 20 11 14 8261.70000 5.45000000 238.16000 38.47000 20.66000 54.05600
1595618100 24 7 20 11 15 8261.70000 5.45000000 238.10000 38.49000 20.55100 54.02600
1595618160 24 7 20 11 16 8261.70000 5.45000000 238.15000 38.49000 20.34600 54.02600
1595618160 24 7 20 11 16 8261.70000 5.45000000 238.16000 38.49000 20.43800 54.02600
1595618220 24 7 20 11 17 8261.70000 5.45000000 238.12000 38.47000 20.34600 54.02600
1595618220 24 7 20 11 17 8261.70000 5.45000000 238.18000 38.47000 20.34600 54.02600
1595618280 24 7 20 11 18 8261.80000 5.45000000 238.22000 38.47000 20.31500 54.02600
1595618340 24 7 20 11 19 8261.80000 5.45000000 238.40000 38.47000 20.20000 54.02600
1595618400 24 7 20 11 20 8261.80000 5.45000000 238.43000 38.47000 20.20000 54.02600
1595618460 24 7 20 11 21 8261.70000 5.45000000 238.48000 38.47000 20.12700 54.02600
1595618460 24 7 20 11 21 8261.70000 5.45000000 238.89000 38.47000 20.12700 54.02600
1595618520 24 7 20 11 22 8261.70000 5.45000000 238.99000 38.47000 20.23800 54.02600
1595618580 24 7 20 11 23 8261.80000 5.45000000 239.00000 38.47000 20.23800 54.02600
1595618580 24 7 20 11 23 8261.70000 5.45000000 238.81000 38.47000 20.20200 54.02600
1595618640 24 7 20 11 24 8261.70000 5.45000000 238.91000 38.47000 20.17900 54.02600
1595618700 24 7 20 11 25 8261.80000 5.45000000 238.91000 38.47000 20.22400 54.02600
1595618760 24 7 20 11 26 8261.80000 5.45000000 238.89000 38.47000 20.17500 54.02600
1595618820 24 7 20 11 27 8261.80000 5.45000000 238.83000 38.47000 20.17500 54.02600
1595618820 24 7 20 11 27 8261.80000 5.45000000 238.81000 38.47000 20.17500 54.02600
1595618880 24 7 20 11 28 8261.70000 5.45000000 238.81000 38.47000 20.17500 54.02600
1595618940 24 7 20 11 29 8261.80000 5.45000000 238.96000 38.47000 20.17500 54.02600
1595619000 24 7 20 11 30 8261.80000 5.45000000 239.34000 38.47000 20.17500 54.02600
1595619060 24 7 20 11 31 8261.70000 5.45000000 239.31000 38.47000 20.22100 54.13200
1595619120 24 7 20 11 32 8261.80000 5.45000000 239.15000 38.47000 20.22100 54.18200
1595619180 24 7 20 11 33 8261.80000 5.45000000 239.29000 38.46000 20.22600 54.23500
1595619180 24 7 20 11 33 8261.80000 5.45000000 239.29000 38.47000 20.22100 54.27700
1595619240 24 7 20 11 34 8261.70000 5.44300000 239.16000 38.46000 20.22600 54.23500
1595619240 24 7 20 11 34 8261.80000 5.44300000 239.16000 38.46000 20.22600 54.23500
1595619300 24 7 20 11 35 8265.00000 5.44300000 239.04000 38.46000 20.22600 54.23500
1595619360 24 7 20 11 36 8265.10000 5.44300000 239.00000 38.48000 20.22600 54.23500
1595619420 24 7 20 11 37 8265.00000 5.44300000 239.00000 38.48000 20.22600 54.23500
1595619480 24 7 20 11 38 8266.30000 5.44300000 238.94000 38.48000 20.22600 54.32100
1595619540 24 7 20 11 39 8266.40000 5.44300000 238.92000 38.49000 20.22600 54.32100
1595619600 24 7 20 11 40 8266.40000 5.44300000 238.91000 38.49000 20.22600 54.32100
1595619600 24 7 20 11 40 8266.40000 5.44300000 238.91000 38.46000 20.22600 54.32100
1595619660 24 7 20 11 41 8266.40000 5.44300000 238.91000 38.47000 20.22600 54.32100
1595619720 24 7 20 11 42 8266.50000 5.44300000 238.81000 38.45000 20.22600 54.32100
1595619720 24 7 20 11 42 8266.50000 5.44300000 238.90000 38.47000 20.22600 54.32100
1595619780 24 7 20 11 43 8266.50000 5.44300000 238.86000 38.45000 20.22600 54.32100
1595619840 24 7 20 11 44 8266.50000 5.44300000 238.82000 38.45000 20.22600 54.32100
1595619900 24 7 20 11 45 8266.50000 5.44300000 238.74000 38.45000 20.22600 54.32100
1595619900 24 7 20 11 45 8266.50000 5.44300000 238.70000 38.44000 20.22600 54.32100
1595619960 24 7 20 11 46 8266.50000 5.44300000 238.70000 38.44000 20.22600 54.32100
1595620020 24 7 20 11 47 8266.40000 5.45600000 238.70000 38.44000 20.22600 54.32100
1595620080 24 7 20 11 48 8266.50000 5.45600000 238.70000 38.44000 20.22600 54.32100
1595620140 24 7 20 11 49 8266.50000 5.45600000 238.70000 38.44000 20.11700 54.32100
1595620140 24 7 20 11 49 8266.50000 5.45600000 238.69000 38.44000 20.11700 54.32100
1595620200 24 7 20 11 50 8266.50000 5.45600000 238.69000 38.44000 20.11700 54.32100
1595620260 24 7 20 11 51 8266.40000 5.45600000 238.69000 38.43000 20.01200 54.32100
1595620260 24 7 20 11 51 8266.40000 5.45200000 238.37000 38.43000 20.01300 54.32100
1595620320 24 7 20 11 52 8266.50000 5.45200000 237.79000 38.40000 20.01300 54.32100
1595620380 24 7 20 11 53 8266.50000 5.45200000 238.17000 38.40000 20.01300 54.32100
1595620440 24 7 20 11 54 8265.90000 5.45200000 238.25000 38.40000 20.01300 54.32100
1595620500 24 7 20 11 55 8258.60000 5.45200000 238.20000 38.40000 20.01300 54.32100
1595620560 24 7 20 11 56 8256.50000 5.45200000 238.25000 38.40000 20.15700 54.32100
1595620560 24 7 20 11 56 8256.00000 5.45200000 238.07000 38.40000 20.15700 54.32100
1595620620 24 7 20 11 57 8256.00000 5.45200000 237.98000 38.35000 20.15700 54.32100
1595620680 24 7 20 11 58 8256.00000 5.44800000 238.02000 38.35000 20.15700 54.32100
1595620800 24 7 20 12 00 8256.00000 5.44800000 238.23000 38.38000 20.14300 54.32100
1595620860 24 7 20 12 01 8254.70000 5.44800000 238.07000 38.34000 20.14300 54.32100
1595620920 24 7 20 12 02 8253.80000 5.44800000 238.11000 38.34000 20.09800 54.32100
1595620980 24 7 20 12 03 8252.40000 5.44800000 237.83000 38.34000 20.09800 54.32100
1595621040 24 7 20 12 04 8249.90000 5.44800000 237.61000 38.35000 20.02500 54.27400
1595621160 24 7 20 12 06 8240.00000 5.44800000 237.28000 38.35000 20.02500 54.27400
1595621160 24 7 20 12 06 8241.90000 5.44800000 237.34000 38.32000 20.02500 54.20300
1595621220 24 7 20 12 07 8242.00000 5.44800000 237.36000 38.32000 20.02500 54.20300
1595621280 24 7 20 12 08 8242.00000 5.44800000 237.19000 38.32000 20.02500 54.20300
1595621280 24 7 20 12 08 8241.90000 5.44800000 237.29000 38.32000 19.91800 54.20300
1595621340 24 7 20 12 09 8242.00000 5.43900000 237.32000 38.32000 19.91800 54.20300
1595621400 24 7 20 12 10 8242.00000 5.43900000 237.29000 38.32000 19.91800 54.20300
1595621460 24 7 20 12 11 8242.00000 5.43900000 237.41000 38.32000 19.91800 54.20300
1595621460 24 7 20 12 11 8242.00000 5.43900000 237.77000 38.32000 19.91800 54.20300
1595621520 24 7 20 12 12 8242.00000 5.43900000 237.68000 38.32000 19.91800 54.20300
1595621580 24 7 20 12 13 8242.00000 5.43900000 237.69000 38.32000 19.91800 54.20300
1595621640 24 7 20 12 14 8242.00000 5.43900000 237.67000 38.31000 19.91800 54.20300
1595621640 24 7 20 12 14 8241.90000 5.43900000 237.65000 38.31000 19.91800 54.20300
1595621700 24 7 20 12 15 8242.00000 5.43900000 237.65000 38.33000 19.97700 54.20300
1595621760 24 7 20 12 16 8241.90000 5.43900000 237.58000 38.33000 19.97700 54.20300
1595621880 24 7 20 12 18 8241.90000 5.43900000 237.39000 38.33000 19.97700 54.20300
1595621940 24 7 20 12 19 8241.90000 5.43900000 237.39000 38.33000 19.97700 54.20300
1595622000 24 7 20 12 20 8242.00000 5.42300000 237.50000 38.33000 19.96400 54.20300
1595622060 24 7 20 12 21 8245.00000 5.42300000 237.38000 38.33000 19.96400 54.20300
1595622060 24 7 20 12 21 8244.90000 5.42300000 237.60000 38.33000 19.96400 54.20300
1595622120 24 7 20 12 22 8244.90000 5.42300000 237.76000 38.33000 19.96400 54.20300
1595622180 24 7 20 12 23 8244.80000 5.42300000 237.95000 38.33000 19.96400 54.20300
1595622240 24 7 20 12 24 8244.90000 5.42300000 237.82000 38.33000 19.96400 54.20300
1595622300 24 7 20 12 25 8244.10000 5.42300000 238.00000 38.33000 19.96400 54.20300
1595622360 24 7 20 12 26 8244.00000 5.42300000 237.86000 38.29000 19.96400 54.20300
1595622420 24 7 20 12 27 8242.10000 5.42300000 237.59000 38.29000 19.96400 54.20300
1595622480 24 7 20 12 28 8240.50000 5.42300000 237.47000 38.26000 19.96400 54.20300
1595622540 24 7 20 12 29 8237.90000 5.42300000 237.38000 38.26000 19.96400 54.20300
1595622600 24 7 20 12 30 8236.60000 5.42300000 237.36000 38.26000 19.96400 54.20300
1595622660 24 7 20 12 31 8235.60000 5.42300000 237.30000 38.26000 19.96400 54.20300
1595622720 24 7 20 12 32 8232.60000 5.42300000 236.82000 38.26000 19.96400 54.20300
1595622780 24 7 20 12 33 8232.30000 5.42300000 236.86000 38.24000 19.96400 54.02600
1595622780 24 7 20 12 33 8232.00000 5.42300000 236.66000 38.22000 19.96400 54.02600
1595622840 24 7 20 12 34 8231.10000 5.42300000 236.67000 38.22000 20.05400 54.02600
1595622900 24 7 20 12 35 8231.10000 5.42300000 237.01000 38.22000 20.05400 54.02600
1595622960 24 7 20 12 36 8230.10000 5.41000000 236.97000 38.21000 20.05400 54.02600
1595623020 24 7 20 12 37 8223.00000 5.41000000 236.71000 38.21000 20.05300 54.00000
1595623020 24 7 20 12 37 8223.10000 5.41000000 236.49000 38.21000 20.05300 54.00000
1595623080 24 7 20 12 38 8222.80000 5.41000000 236.68000 38.20000 20.05300 54.00000
1595623140 24 7 20 12 39 8222.20000 5.41000000 236.63000 38.20000 20.05300 54.00000
1595623200 24 7 20 12 40 8222.10000 5.41000000 236.63000 38.23000 20.02800 53.96000
1595623200 24 7 20 12 40 8222.10000 5.41000000 236.83000 38.23000 20.02800 53.96000
1595623260 24 7 20 12 41 8222.20000 5.41000000 236.84000 38.23000 20.02800 53.96000
1595623320 24 7 20 12 42 8222.20000 5.41000000 237.01000 38.23000 20.02800 53.96000
1595623380 24 7 20 12 43 8220.60000 5.41400000 236.82000 38.22000 20.02800 53.96000
1595623440 24 7 20 12 44 8220.60000 5.41400000 236.74000 38.23000 20.02800 53.81100
1595623500 24 7 20 12 45 8220.60000 5.41400000 236.82000 38.23000 20.02800 53.69200
1595623500 24 7 20 12 45 8220.60000 5.41400000 236.82000 38.23000 20.02800 53.69200
1595623560 24 7 20 12 46 8220.50000 5.41400000 236.82000 38.23000 20.02800 53.69200
1595623620 24 7 20 12 47 8220.60000 5.41400000 236.81000 38.23000 20.02800 53.69200
1595623680 24 7 20 12 48 8220.60000 5.41400000 236.81000 38.23000 20.02800 53.69200
1595623740 24 7 20 12 49 8220.60000 5.41400000 237.00000 38.23000 20.02800 53.69200
1595623740 24 7 20 12 49 8220.50000 5.41400000 236.95000 38.23000 20.02800 53.69200
1595623800 24 7 20 12 50 8220.60000 5.41400000 236.88000 38.23000 20.02800 53.69200
1595623860 24 7 20 12 51 8220.60000 5.41400000 236.83000 38.23000 19.94200 53.69200
1595623860 24 7 20 12 51 8220.50000 5.41400000 236.89000 38.23000 19.94200 53.69200
1595623920 24 7 20 12 52 8220.60000 5.41400000 236.90000 38.23000 19.94200 53.69200
1595623980 24 7 20 12 53 8220.60000 5.41400000 237.06000 38.23000 19.94200 53.69200
1595624040 24 7 20 12 54 8220.60000 5.41400000 237.06000 38.27000 19.94200 53.69200
1595624040 24 7 20 12 54 8220.60000 5.41400000 237.18000 38.27000 19.94200 53.69200
1595624100 24 7 20 12 55 8230.20000 5.41400000 237.28000 38.27000 19.94200 53.69200
1595624160 24 7 20 12 56 8230.10000 5.41400000 237.33000 38.27000 19.94200 53.69200
1595624220 24 7 20 12 57 8226.50000 5.41400000 237.27000 38.27000 19.94200 53.69200
1595624220 24 7 20 12 57 8226.50000 5.41400000 237.26000 38.27000 19.94200 53.69200
1595624280 24 7 20 12 58 8226.50000 5.41400000 237.28000 38.27000 19.94200 53.69200
1595624340 24 7 20 12 59 8224.40000 5.41400000 237.25000 38.27000 19.94200 53.69200
1595624400 24 7 20 13 00 8224.50000 5.41400000 237.27000 38.27000 19.94200 53.69200
1595624460 24 7 20 13 01 8224.50000 5.41400000 237.20000 38.27000 19.94200 53.69200
1595624460 24 7 20 13 01 8224.40000 5.41400000 237.06000 38.27000 19.94200 53.69200
1595624520 24 7 20 13 02 8224.50000 5.41400000 236.97000 38.31000 19.94200 53.69200
1595624580 24 7 20 13 03 8224.40000 5.42800000 236.98000 38.32000 19.94200 53.69200
1595624640 24 7 20 13 04 8224.40000 5.42800000 237.02000 38.32000 19.94200 53.69200
1595624640 24 7 20 13 04 8224.40000 5.42800000 237.00000 38.32000 19.94200 53.69200
1595624760 24 7 20 13 06 8224.50000 5.42800000 236.84000 38.32000 19.94200 53.69200
1595624820 24 7 20 13 07 8224.50000 5.42800000 236.74000 38.32000 19.94200 53.69200
1595624820 24 7 20 13 07 8224.50000 5.42800000 236.75000 38.32000 19.94200 53.72900
1595624880 24 7 20 13 08 8224.50000 5.42800000 236.74000 38.29000 19.94200 53.72900
1595624940 24 7 20 13 09 8230.20000 5.42800000 236.93000 38.29000 19.94200 53.72900
1595625000 24 7 20 13 10 8230.90000 5.42800000 237.00000 38.33000 19.94200 53.72900
1595625060 24 7 20 13 11 8231.20000 5.42800000 236.97000 38.33000 19.94200 53.72900
1595625060 24 7 20 13 11 8230.80000 5.42800000 236.89000 38.33000 19.94200 53.72900
1595625120 24 7 20 13 12 8230.80000 5.42800000 236.95000 38.33000 19.94200 53.72900
1595625180 24 7 20 13 13 8230.70000 5.42800000 236.95000 38.33000 19.92500 53.72900
1595625180 24 7 20 13 13 8230.70000 5.42800000 236.95000 38.33000 19.92500 53.72900
1595625240 24 7 20 13 14 8230.80000 5.42800000 236.95000 38.33000 19.92500 53.72900
1595625300 24 7 20 13 15 8232.30000 5.42800000 237.09000 38.33000 19.92500 53.72900
1595625360 24 7 20 13 16 8235.80000 5.42800000 237.27000 38.33000 19.92500 53.72900
1595625420 24 7 20 13 17 8239.00000 5.42800000 237.29000 38.34000 19.92500 53.72900
1595625420 24 7 20 13 17 8239.00000 5.42800000 237.33000 38.33000 19.92500 53.72900
1595625480 24 7 20 13 18 8239.00000 5.42800000 237.34000 38.33000 19.95900 53.72900
1595625540 24 7 20 13 19 8240.50000 5.42800000 237.38000 38.33000 20.11200 53.72900
1595625600 24 7 20 13 20 8240.40000 5.42800000 237.54000 38.33000 20.11200 53.72900
1595625660 24 7 20 13 21 8240.50000 5.42800000 237.43000 38.35000 20.11200 53.72900
1595625720 24 7 20 13 22 8240.50000 5.42800000 237.40000 38.35000 20.11200 53.72900
1595625780 24 7 20 13 23 8236.00000 5.42800000 237.30000 38.35000 20.08300 53.72900
1595625840 24 7 20 13 24 8237.80000 5.42800000 237.34000 38.35000 20.08300 53.72900
1595625900 24 7 20 13 25 8236.40000 5.42600000 237.37000 38.32000 20.07700 53.89100
1595625900 24 7 20 13 25 8236.20000 5.42600000 237.35000 38.33000 20.07700 53.89100
1595625960 24 7 20 13 26 8235.80000 5.42600000 237.35000 38.33000 20.07700 53.89100
1595626020 24 7 20 13 27 8235.10000 5.42600000 237.42000 38.33000 20.05800 53.89100
1595626020 24 7 20 13 27 8235.10000 5.42600000 237.58000 38.33000 20.05800 53.89100
1595626080 24 7 20 13 28 8236.40000 5.42600000 237.80000 38.33000 20.05000 53.89100
1595626140 24 7 20 13 29 8237.90000 5.42600000 237.86000 38.33000 20.05000 53.89100
1595626200 24 7 20 13 30 8240.80000 5.42600000 238.00000 38.33000 20.05000 54.02500
1595626260 24 7 20 13 31 8242.90000 5.42600000 238.38000 38.41000 20.05000 53.95800
1595626320 24 7 20 13 32 8243.90000 5.42600000 238.34000 38.41000 20.05000 53.95800
1595626380 24 7 20 13 33 8243.90000 5.42600000 238.12000 38.33000 20.10200 53.95800
1595626440 24 7 20 13 34 8245.80000 5.42600000 238.26000 38.36000 20.10200 53.95800
1595626440 24 7 20 13 34 8245.80000 5.42600000 238.31000 38.36000 20.10200 53.95800
1595626500 24 7 20 13 35 8247.30000 5.42600000 238.16000 38.36000 20.10200 53.95800
1595626500 24 7 20 13 35 8247.80000 5.42600000 238.17000 38.37000 20.10200 53.95800
1595626560 24 7 20 13 36 8247.70000 5.42600000 238.10000 38.37000 20.10200 53.95800
1595626620 24 7 20 13 37 8247.40000 5.42600000 237.96000 38.35000 20.10200 53.95800
1595626680 24 7 20 13 38 8247.40000 5.42600000 237.86000 38.33000 20.10200 53.95800
1595626800 24 7 20 13 40 8234.10000 5.42600000 237.23000 38.26000 20.10200 53.73400
1595626860 24 7 20 13 41 8234.10000 5.42600000 237.23000 38.25000 20.12000 53.73400
1595626920 24 7 20 13 42 8233.00000 5.42600000 237.26000 38.25000 20.12000 53.73400
1595626980 24 7 20 13 43 8232.10000 5.42600000 237.05000 38.24000 20.12000 53.73400
1595627040 24 7 20 13 44 8222.40000 5.42600000 236.51000 38.24000 20.12000 53.73400
1595627100 24 7 20 13 45 8219.10000 5.42600000 235.81000 38.17000 20.12000 53.62100
1595627160 24 7 20 13 46 8218.60000 5.42600000 236.00000 38.17000 20.12000 53.62100
1595627220 24 7 20 13 47 8218.60000 5.42600000 236.24000 38.18000 20.12000 53.62100
1595627280 24 7 20 13 48 8221.30000 5.42600000 236.28000 38.18000 20.12000 53.62100
1595627340 24 7 20 13 49 8221.30000 5.42600000 236.15000 38.17000 20.12000 53.62100
1595627400 24 7 20 13 50 8221.30000 5.42600000 235.96000 38.13000 20.12000 53.62100
1595627520 24 7 20 13 52 8221.30000 5.42600000 236.45000 38.15000 20.12000 53.62100
1595627640 24 7 20 13 54 8221.30000 5.42600000 236.37000 38.15000 20.17500 53.53000
1595627760 24 7 20 13 56 8221.30000 5.42600000 235.75000 38.15000 20.41600 53.53000
1595627820 24 7 20 13 57 8221.30000 5.42600000 235.64000 38.15000 20.47400 53.53000
1595627940 24 7 20 13 59 8221.30000 5.42600000 235.35000 38.16000 20.44200 53.53000
1595628000 24 7 20 14 00 8221.30000 5.42600000 235.38000 38.16000 20.44200 53.53000
1595628000 24 7 20 14 00 8221.20000 5.42600000 235.58000 38.17000 20.44200 53.53000
1595628060 24 7 20 14 01 8221.30000 5.42600000 235.80000 38.17000 20.44200 53.53000
1595628120 24 7 20 14 02 8221.70000 5.40400000 235.98000 38.17000 20.44800 53.53000
1595628180 24 7 20 14 03 8223.20000 5.40400000 236.27000 38.20000 20.44800 53.53000
1595628240 24 7 20 14 04 8223.10000 5.40400000 235.98000 38.20000 20.44800 53.53000
1595628300 24 7 20 14 05 8221.80000 5.40400000 236.07000 38.20000 20.44800 53.53000
1595628300 24 7 20 14 05 8221.80000 5.40400000 236.00000 38.20000 20.44800 53.53000
1595628360 24 7 20 14 06 8224.00000 5.40400000 236.04000 38.20000 20.44800 53.53000
1595628420 24 7 20 14 07 8223.20000 5.40400000 236.08000 38.23000 20.44800 53.53000
1595628480 24 7 20 14 08 8223.30000 5.40400000 236.10000 38.23000 20.44800 53.53000
1595628600 24 7 20 14 10 8223.40000 5.40400000 235.95000 38.21000 20.44800 53.53000
1595628660 24 7 20 14 11 8223.50000 5.40400000 235.98000 38.21000 20.44800 53.53000
1595628720 24 7 20 14 12 8224.90000 5.40400000 236.09000 38.21000 20.44800 53.53000
1595628780 24 7 20 14 13 8222.10000 5.41100000 236.19000 38.21000 20.44800 53.53000
1595628900 24 7 20 14 15 8220.00000 5.41200000 236.26000 38.21000 20.44800 53.53000
1595628900 24 7 20 14 15 8221.10000 5.41200000 236.30000 38.21000 20.44800 53.53000
1595629020 24 7 20 14 17 8220.10000 5.41200000 236.56000 38.22000 20.44800 53.53000
1595629020 24 7 20 14 17 8220.10000 5.41200000 236.56000 38.22000 20.44800 53.53000
1595629080 24 7 20 14 18 8221.20000 5.41200000 236.34000 38.22000 20.44800 53.69400
1595629140 24 7 20 14 19 8226.10000 5.41200000 236.65000 38.22000 20.44800 53.69400
