1595634360 24 7 20 15 46 8240.60000 5.41800000 240.24000 38.35000 20.45200 53.68500
1595634480 24 7 20 15 48 8236.70000 5.41800000 239.81000 38.35000 20.45200 53.68500
1595634540 24 7 20 15 49 8236.70000 5.41800000 239.96000 38.35000 20.45200 53.68500
1595634660 24 7 20 15 51 8234.90000 5.41800000 239.04000 38.39000 20.50700 53.96700
1595634660 24 7 20 15 51 8232.70000 5.41800000 239.01000 38.39000 20.50000 53.96700
1595634720 24 7 20 15 52 8232.80000 5.41800000 239.32000 38.39000 20.50000 53.96700
1595634780 24 7 20 15 53 8233.60000 5.41800000 239.28000 38.39000 20.50000 53.96700
1595634840 24 7 20 15 54 8233.10000 5.41800000 239.30000 38.39000 20.50000 53.96700
1595634960 24 7 20 15 56 8223.50000 5.41800000 239.07000 38.39000 20.50000 53.96700
1595634960 24 7 20 15 56 8223.50000 5.41800000 239.06000 38.39000 20.50000 53.96700
1595635020 24 7 20 15 57 8227.90000 5.41800000 239.09000 38.39000 20.50000 53.96700
1595635080 24 7 20 15 58 8229.30000 5.41800000 239.41000 38.32000 20.50000 53.96700
1595635080 24 7 20 15 58 8225.10000 5.41800000 239.05000 38.32000 20.50000 53.96700
1595635140 24 7 20 15 59 8227.90000 5.41800000 239.30000 38.32000 20.50000 53.97100
1595635200 24 7 20 16 00 8233.40000 5.44500000 240.00000 38.34000 20.50000 53.97100
1595635260 24 7 20 16 01 8231.90000 5.44500000 239.47000 38.32000 20.50000 53.97100
1595635380 24 7 20 16 03 8229.90000 5.44500000 239.30000 38.26000 20.50000 53.97100
1595635440 24 7 20 16 04 8232.30000 5.44400000 239.27000 38.30000 20.50000 53.97100
1595635440 24 7 20 16 04 8232.60000 5.44500000 239.31000 38.28000 20.50000 53.97100
1595635500 24 7 20 16 05 8232.10000 5.44400000 239.18000 38.30000 20.50000 54.02600
1595635560 24 7 20 16 06 8232.00000 5.44400000 238.87000 38.30000 20.50000 54.02600
1595635560 24 7 20 16 06 8227.90000 5.44400000 238.96000 38.29000 20.50000 54.02600
1595635620 24 7 20 16 07 8227.10000 5.44400000 238.76000 38.29000 20.36300 54.02600
1595635680 24 7 20 16 08 8227.10000 5.44400000 238.78000 38.25000 20.36300 54.02600
1595635680 24 7 20 16 08 8227.10000 5.44400000 238.70000 38.25000 20.32700 54.02600
1595635740 24 7 20 16 09 8227.10000 5.44400000 238.70000 38.25000 20.32700 54.02600
1595635860 24 7 20 16 11 8222.20000 5.44400000 238.66000 38.25000 20.32700 53.79600
1595635920 24 7 20 16 12 8222.00000 5.41500000 238.48000 38.26000 20.27200 53.79600
1595635920 24 7 20 16 12 8221.10000 5.41500000 238.40000 38.25000 20.32700 53.79600
1595635980 24 7 20 16 13 8222.60000 5.41500000 238.66000 38.26000 20.27200 53.79600
1595636100 24 7 20 16 15 8223.10000 5.41500000 238.40000 38.26000 20.31700 53.79600
1595636220 24 7 20 16 17 8223.50000 5.41500000 238.90000 38.25000 20.31700 53.79600
1595636280 24 7 20 16 18 8225.60000 5.41500000 239.10000 38.25000 20.31700 53.79600
1595636340 24 7 20 16 19 8224.10000 5.41500000 239.01000 38.26000 20.31700 53.79600
1595636340 24 7 20 16 19 8225.60000 5.41500000 238.94000 38.26000 20.31700 53.79600
1595636400 24 7 20 16 20 8225.00000 5.41500000 238.70000 38.26000 20.31700 53.79600
1595636460 24 7 20 16 21 8223.50000 5.41500000 238.39000 38.21000 20.31700 53.79600
1595636580 24 7 20 16 23 8218.00000 5.41500000 237.63000 38.15000 20.16400 53.68000
1595636640 24 7 20 16 24 8217.50000 5.41500000 238.10000 38.15000 20.16400 53.68000
1595636700 24 7 20 16 25 8217.00000 5.41500000 237.59000 38.15000 20.16100 53.68000
1595636760 24 7 20 16 26 8217.40000 5.41500000 237.83000 38.16000 20.16100 53.68000
1595636820 24 7 20 16 27 8217.10000 5.41500000 237.79000 38.16000 20.18000 53.68000
1595636880 24 7 20 16 28 8217.00000 5.41500000 237.98000 38.16000 20.18000 53.68000
1595636940 24 7 20 16 29 8217.10000 5.41500000 238.16000 38.16000 20.18000 53.68000
1595637000 24 7 20 16 30 8217.30000 5.41500000 238.20000 38.16000 20.18000 53.68000
1595637060 24 7 20 16 31 8217.20000 5.41500000 238.05000 38.15000 20.18000 53.68000
1595637060 24 7 20 16 31 8221.80000 5.41500000 238.34000 38.16000 20.18000 53.68000
1595637120 24 7 20 16 32 8221.40000 5.41500000 238.38000 38.16000 20.19900 53.68000
1595637180 24 7 20 16 33 8221.20000 5.41500000 238.43000 38.19000 20.19900 53.68000
1595637180 24 7 20 16 33 8221.40000 5.41500000 238.39000 38.16000 20.19900 53.68000
1595637240 24 7 20 16 34 8222.00000 5.41500000 238.39000 38.19000 20.19900 53.68000
1595637300 24 7 20 16 35 8222.00000 5.41500000 238.45000 38.21000 20.19900 53.68000
1595637360 24 7 20 16 36 8221.70000 5.41500000 238.12000 38.21000 20.19900 53.68000
1595637420 24 7 20 16 37 8221.80000 5.41500000 237.96000 38.21000 20.19900 53.68000
1595637480 24 7 20 16 38 8219.10000 5.41500000 237.66000 38.21000 20.19900 53.68000
1595637540 24 7 20 16 39 8218.50000 5.41500000 237.67000 38.21000 20.19900 53.68000
1595637540 24 7 20 16 39 8218.40000 5.41500000 237.66000 38.16000 20.19900 53.68000
1595637600 24 7 20 16 40 8218.50000 5.41500000 237.75000 38.16000 20.19900 53.68000
1595637660 24 7 20 16 41 8220.70000 5.41100000 237.80000 38.19000 20.19900 53.68000
1595637720 24 7 20 16 42 8222.00000 5.41100000 237.96000 38.19000 20.38500 53.68000
1595637840 24 7 20 16 44 8222.40000 5.41100000 237.98000 38.15000 20.38500 53.68000
1595637840 24 7 20 16 44 8222.10000 5.41100000 237.92000 38.19000 20.38500 53.68000
1595637900 24 7 20 16 45 8222.70000 5.41100000 238.74000 38.15000 20.38500 53.75800
1595637960 24 7 20 16 46 8226.00000 5.41100000 238.92000 38.15000 20.38500 53.75800
1595638080 24 7 20 16 48 8239.00000 5.41100000 239.15000 38.15000 20.38500 53.82500
1595638200 24 7 20 16 50 8242.50000 5.41100000 239.48000 38.27000 20.38500 53.82500
1595638260 24 7 20 16 51 8247.40000 5.41100000 239.79000 38.27000 20.38500 53.82500
1595638320 24 7 20 16 52 8247.10000 5.41100000 239.52000 38.27000 20.38500 53.82500
