1603727220 26 10 20 07 47 11028.10000 4.83700000 342.71000 48.71000 11.29800 53.16300
1603727280 26 10 20 07 48 11028.10000 4.83700000 342.69000 48.71000 11.29800 53.16300
1603727340 26 10 20 07 49 11026.60000 4.83700000 342.69000 48.71000 11.29800 53.16300
1603727460 26 10 20 07 51 11020.10000 4.83700000 342.53000 48.71000 11.29800 53.16300
1603727520 26 10 20 07 52 11029.40000 4.83700000 342.53000 48.63000 11.29800 53.16300
1603727520 26 10 20 07 52 11029.30000 4.83700000 342.53000 48.63000 11.29800 53.16300
1603727640 26 10 20 07 54 11032.40000 4.83700000 342.67000 48.63000 11.29800 53.16300
1603727700 26 10 20 07 55 11029.30000 4.83700000 342.67000 48.63000 11.29800 53.16300
1603727700 26 10 20 07 55 11020.00000 4.83700000 342.67000 48.60000 11.29800 53.16300
1603727760 26 10 20 07 56 11020.10000 4.83700000 342.67000 48.60000 11.29800 53.16300
1603727820 26 10 20 07 57 11016.80000 4.83700000 342.67000 48.63000 11.29800 53.16300
1603727820 26 10 20 07 57 11016.80000 4.83700000 342.36000 48.63000 11.29800 53.16300
1603727820 26 10 20 07 57 11016.80000 4.83700000 342.36000 48.65000 11.29800 53.16300
1603727880 26 10 20 07 58 11016.80000 4.83700000 342.37000 48.65000 11.29800 53.16300
1603727880 26 10 20 07 58 11016.70000 4.83700000 342.37000 48.65000 11.29800 53.16300
1603727940 26 10 20 07 59 11016.80000 4.83700000 342.30000 48.65000 11.29800 53.16300
1603727940 26 10 20 07 59 11016.80000 4.83700000 342.12000 48.65000 11.29800 53.16300
1603728000 26 10 20 08 00 11020.40000 4.83700000 342.12000 48.65000 11.29800 53.16300
1603728000 26 10 20 08 00 11018.70000 4.83700000 342.12000 48.65000 11.29800 53.16300
1603728000 26 10 20 08 00 11020.10000 4.83700000 342.12000 48.65000 11.29800 52.88000
1603728060 26 10 20 08 01 11030.00000 4.83700000 342.34000 48.64000 11.29800 52.88000
1603728060 26 10 20 08 01 11025.30000 4.83700000 342.27000 48.65000 11.29800 52.88000
1603728120 26 10 20 08 02 11029.40000 4.83700000 342.34000 48.64000 11.29800 52.88000
1603728120 26 10 20 08 02 11029.90000 4.83700000 342.34000 48.67000 11.29800 52.88000
1603728180 26 10 20 08 03 11030.00000 4.83700000 342.25000 48.67000 11.29800 52.88000
1603728180 26 10 20 08 03 11030.00000 4.83700000 342.00000 48.62000 11.29800 52.88000
1603728180 26 10 20 08 03 11029.90000 4.83700000 342.00000 48.68000 11.29800 52.88000
1603728240 26 10 20 08 04 11025.60000 4.83700000 342.34000 48.68000 11.29800 52.88000
1603728240 26 10 20 08 04 11029.20000 4.83700000 342.33000 48.67000 11.29800 52.88000
1603728300 26 10 20 08 05 11030.00000 4.83700000 342.47000 48.71000 11.29800 52.88000
1603728360 26 10 20 08 06 11029.60000 4.83700000 342.47000 48.73000 11.29800 53.10700
1603728360 26 10 20 08 06 11030.00000 4.83700000 342.47000 48.71000 11.29800 53.10700
1603728420 26 10 20 08 07 11032.70000 4.83700000 342.47000 48.73000 11.29800 53.10700
1603728420 26 10 20 08 07 11031.60000 4.83700000 342.47000 48.74000 11.29800 53.10700
1603728420 26 10 20 08 07 11033.10000 4.83700000 342.47000 48.74000 11.29800 53.10700
1603728480 26 10 20 08 08 11034.70000 4.83700000 342.47000 48.74000 11.29800 53.10700
1603728540 26 10 20 08 09 11034.60000 4.83700000 342.66000 48.77000 11.29800 53.10700
1603728600 26 10 20 08 10 11034.60000 4.83700000 342.66000 48.77000 11.29800 53.10700
1603728600 26 10 20 08 10 11026.80000 4.83700000 342.67000 48.77000 11.29800 52.93000
1603728660 26 10 20 08 11 11028.20000 4.83700000 342.66000 48.77000 11.29800 52.93000
1603728660 26 10 20 08 11 11028.40000 4.83700000 342.67000 48.77000 11.29800 52.93000
1603728720 26 10 20 08 12 11027.10000 4.83700000 342.59000 48.72000 11.29800 52.93000
1603728720 26 10 20 08 12 11027.00000 4.83700000 342.67000 48.77000 11.29800 52.93000
1603728780 26 10 20 08 13 11027.00000 4.83700000 342.52000 48.72000 11.29800 52.93000
1603728780 26 10 20 08 13 11026.50000 4.83700000 342.60000 48.72000 11.29800 52.93000
1603728840 26 10 20 08 14 11026.40000 4.83700000 342.63000 48.72000 11.29800 52.93000
1603728840 26 10 20 08 14 11027.10000 4.83700000 342.60000 48.72000 11.29800 52.93000
1603728900 26 10 20 08 15 11023.90000 4.83700000 342.61000 48.72000 11.29800 52.93000
1603728960 26 10 20 08 16 11028.10000 4.83700000 342.51000 48.72000 11.29800 52.93000
1603729020 26 10 20 08 17 11022.00000 4.83700000 342.19000 48.64000 11.29800 52.93000
1603729020 26 10 20 08 17 11020.70000 4.83700000 342.32000 48.64000 11.29800 52.93000
1603729080 26 10 20 08 18 11020.10000 4.83700000 342.18000 48.57000 11.29800 52.93000
1603729140 26 10 20 08 19 11025.80000 4.83700000 342.27000 48.60000 11.29800 52.93000
1603729200 26 10 20 08 20 11025.90000 4.83700000 342.85000 48.75000 11.29800 52.93000
1603729260 26 10 20 08 21 11022.60000 4.83700000 342.59000 48.75000 11.29800 52.93000
1603729260 26 10 20 08 21 11022.40000 4.83700000 342.59000 48.72000 11.29800 52.93000
1603729380 26 10 20 08 23 11020.90000 4.83700000 342.17000 48.65000 11.29800 52.93000
1603729380 26 10 20 08 23 11020.00000 4.83700000 342.06000 48.65000 11.29800 52.93000
1603729440 26 10 20 08 24 11007.80000 4.83700000 341.85000 48.61000 11.29800 52.93000
