1627025940 22 7 21 23 39 27440.00000 36.89500000 1716.21000 102.16000 16.46500 82.41600
1627026060 22 7 21 23 41 27440.00000 36.89500000 1716.21000 102.16000 16.46500 82.41600
1627026180 22 7 21 23 43 27440.00000 36.89500000 1716.21000 102.16000 16.46500 82.41600
1627026300 22 7 21 23 45 27440.00000 36.89500000 1716.21000 102.16000 16.46500 82.41600
1627026300 22 7 21 23 45 27440.00000 36.89500000 1716.21000 102.16000 16.46500 82.41600
1627026420 22 7 21 23 47 27440.00000 36.89500000 1716.21000 102.16000 16.46500 82.41600
1627026540 22 7 21 23 49 27440.00000 36.89500000 1716.21000 102.16000 16.46500 82.41600
1627026660 22 7 21 23 51 27440.00000 36.89500000 1716.21000 102.16000 16.46500 82.41600
1627026660 22 7 21 23 51 27440.00000 36.89500000 1716.21000 102.16000 16.46500 82.41600
1627026720 22 7 21 23 52 27440.00000 36.89500000 1716.21000 102.16000 16.46500 82.41600
1627026840 22 7 21 23 54 27440.00000 36.89500000 1716.21000 102.16000 16.46500 82.41600
1627026840 22 7 21 23 54 27440.00000 36.89500000 1716.21000 102.16000 16.46500 82.41600
1627026960 22 7 21 23 56 27440.00000 36.89500000 1716.21000 102.16000 16.46500 82.41600
1627027020 22 7 21 23 57 27440.00000 36.89500000 1716.21000 102.16000 16.46500 82.41600
1627027080 22 7 21 23 58 27440.00000 36.89500000 1716.21000 102.16000 16.46500 82.41600
1627027200 23 7 21 00 00 27440.00000 36.89500000 1716.21000 102.16000 16.46500 82.41600
1627027260 23 7 21 00 01 27440.00000 36.89500000 1716.21000 102.16000 16.46500 82.41600
