1627018380 22 7 21 21 33 27440.00000 36.89500000 1716.21000 102.16000 16.46500 82.41600
1627018440 22 7 21 21 34 27440.00000 36.89500000 1716.21000 102.16000 16.46500 82.41600
1627018500 22 7 21 21 35 27440.00000 36.89500000 1716.21000 102.16000 16.46500 82.41600
1627018560 22 7 21 21 36 27440.00000 36.89500000 1716.21000 102.16000 16.46500 82.41600
1627018560 22 7 21 21 36 27440.00000 36.89500000 1716.21000 102.16000 16.46500 82.41600
1627018680 22 7 21 21 38 27440.00000 36.89500000 1716.21000 102.16000 16.46500 82.41600
1627018680 22 7 21 21 38 27440.00000 36.89500000 1716.21000 102.16000 16.46500 82.41600
1627018740 22 7 21 21 39 27440.00000 36.89500000 1716.21000 102.16000 16.46500 82.41600
1627018800 22 7 21 21 40 27440.00000 36.89500000 1716.21000 102.16000 16.46500 82.41600
1627018860 22 7 21 21 41 27440.00000 36.89500000 1716.21000 102.16000 16.46500 82.41600
1627018860 22 7 21 21 41 27440.00000 36.89500000 1716.21000 102.16000 16.46500 82.41600
1627018920 22 7 21 21 42 27440.00000 36.89500000 1716.21000 102.16000 16.46500 82.41600
1627018980 22 7 21 21 43 27440.00000 36.89500000 1716.21000 102.16000 16.46500 82.41600
1627018980 22 7 21 21 43 27440.00000 36.89500000 1716.21000 102.16000 16.46500 82.41600
1627019040 22 7 21 21 44 27440.00000 36.89500000 1716.21000 102.16000 16.46500 82.41600
