1618610460 16 4 21 14 01 50818.60000 25.36400000 1975.19000 226.10000 41.21500 198.24000
1618610460 16 4 21 14 01 50771.50000 25.83000000 1971.89000 225.43000 41.21500 199.78500
1618610520 16 4 21 14 02 50799.70000 25.83000000 1973.55000 225.90000 41.21500 201.29000
1618610520 16 4 21 14 02 50804.70000 25.74900000 1976.59000 226.05000 40.73500 202.84000
1618610580 16 4 21 14 03 50824.50000 25.96700000 1981.89000 226.60000 40.60000 205.77600
1618610640 16 4 21 14 04 50833.30000 26.10400000 1978.96000 226.54000 40.48600 205.85300
1618610700 16 4 21 14 05 50836.90000 26.07500000 1978.96000 226.95000 40.48600 204.75400
1618610820 16 4 21 14 07 50894.40000 26.16700000 1986.54000 227.81000 40.48000 205.77900
1618610820 16 4 21 14 07 50894.30000 26.16700000 1989.77000 228.07000 40.48000 206.37300
1618610880 16 4 21 14 08 50899.20000 26.16800000 1989.05000 228.03000 40.47800 206.17700
1618610880 16 4 21 14 08 50939.30000 26.16800000 1990.93000 228.38000 40.47800 206.17700
1618610940 16 4 21 14 09 50955.40000 26.08400000 1991.00000 228.21000 40.47800 205.60000
1618611060 16 4 21 14 11 50960.40000 26.08400000 1986.46000 227.35000 40.47800 205.59800
