1480513200 30 11 16 05 40 692.91600 0.71200000 7.82359 3.64460 3.42000 65.92116
1480513260 30 11 16 05 41 692.54400 0.71200000 7.82359 3.64460 3.42000 65.92116
1480513260 30 11 16 05 41 692.91600 0.71200000 7.82359 3.64460 3.42000 65.92116
1480513320 30 11 16 05 42 692.54400 0.71200000 7.82359 3.64460 3.42000 65.92116
1480513320 30 11 16 05 42 692.91600 0.71200000 7.82359 3.64460 3.42000 65.92116
1480513380 30 11 16 05 43 692.54400 0.71200000 7.82359 3.64460 3.42000 65.92116
1480513440 30 11 16 05 44 692.54400 0.71200000 7.82359 3.64460 3.42000 65.92828
1480513440 30 11 16 05 44 692.54400 0.71200000 7.82359 3.64460 3.42000 65.92828
1480513500 30 11 16 05 45 692.54400 0.71200000 7.82359 3.64460 3.42000 65.92828
1480513500 30 11 16 05 45 692.54400 0.71200000 7.82359 3.64460 3.42000 65.92828
1480513500 30 11 16 05 45 692.54400 0.71200000 7.82359 3.64460 3.42000 65.92828
1480513500 30 11 16 05 45 692.54400 0.71200000 7.82359 3.64460 3.42000 65.92828
1480513500 30 11 16 05 45 692.54400 0.71200000 7.82359 3.64460 3.42000 65.92828
1480513560 30 11 16 05 46 692.54400 0.71200000 7.82359 3.64460 3.42000 65.92828
1480513620 30 11 16 05 47 692.91600 0.71200000 7.82359 3.64460 3.42000 65.93332
1480513620 30 11 16 05 47 692.54400 0.71200000 7.82359 3.64460 3.42000 65.92828
1480513680 30 11 16 05 48 692.91600 0.71200000 7.82359 3.64460 3.42000 65.92828
1480513680 30 11 16 05 48 692.91600 0.71200000 7.82359 3.64460 3.42000 65.93332
1480513740 30 11 16 05 49 692.91600 0.71200000 7.82359 3.64460 3.42000 65.93332
1480513740 30 11 16 05 49 692.99000 0.71200000 7.82359 3.64460 3.42000 65.93332
1480513740 30 11 16 05 49 692.99000 0.71200000 7.83000 3.64460 3.42000 65.93332
1480513800 30 11 16 05 50 692.99000 0.71200000 7.82359 3.64460 3.42000 65.93332
1480513800 30 11 16 05 50 692.98700 0.71200000 7.83000 3.64460 3.42000 65.93332
1480513860 30 11 16 05 51 692.99000 0.71200000 7.83000 3.64460 3.42000 65.93332
1480513860 30 11 16 05 51 692.98700 0.71200000 7.83000 3.64460 3.42000 65.93332
1480513920 30 11 16 05 52 692.98700 0.71200000 7.83000 3.64460 3.42000 65.93332
1480513980 30 11 16 05 53 692.98700 0.71200000 7.83000 3.64460 3.42000 65.93332
1480513980 30 11 16 05 53 692.98700 0.71200000 7.83000 3.64460 3.42000 65.93332
1480513980 30 11 16 05 53 692.98700 0.71200000 7.83000 3.64460 3.42000 65.93332
1480513980 30 11 16 05 53 692.98700 0.71200000 7.83000 3.64460 3.42000 65.93332
1480513980 30 11 16 05 53 692.98700 0.71200000 7.83000 3.64460 3.42000 65.93332
1480514100 30 11 16 05 55 692.96300 0.71200000 7.83000 3.64460 3.42000 65.93731
1480514100 30 11 16 05 55 692.97700 0.71200000 7.83000 3.64460 3.42000 65.93731
1480514160 30 11 16 05 56 692.97700 0.71200000 7.83000 3.64460 3.42000 65.93731
1480514220 30 11 16 05 57 692.98200 0.71200000 7.83000 3.64460 3.42000 65.93808
1480514220 30 11 16 05 57 692.96300 0.71200000 7.83000 3.64460 3.42000 65.93872
1480514220 30 11 16 05 57 692.96300 0.71200000 7.83000 3.64460 3.42000 65.93808
1480514220 30 11 16 05 57 692.96300 0.71200000 7.83000 3.64460 3.42000 65.93808
1480514280 30 11 16 05 58 692.96300 0.71200000 7.83000 3.64460 3.42000 65.93872
1480514280 30 11 16 05 58 692.98800 0.71200000 7.83000 3.64460 3.42000 65.93872
1480514280 30 11 16 05 58 692.98800 0.71200000 7.83000 3.64460 3.42000 65.93872
1480514340 30 11 16 05 59 692.98800 0.71200000 7.83000 3.64460 3.42000 65.94048
1480514400 30 11 16 06 00 692.98800 0.71200000 7.83000 3.64460 3.42000 65.93872
1480514400 30 11 16 06 00 692.98800 0.71200000 7.83000 3.64460 3.42000 65.93872
1480514460 30 11 16 06 01 692.95700 0.71200000 7.83000 3.64460 3.42000 65.94048
1480514460 30 11 16 06 01 692.95700 0.71200000 7.83000 3.64460 3.42000 65.94048
1480514520 30 11 16 06 02 692.89800 0.71200000 7.83000 3.64460 3.42000 65.94048
1480514520 30 11 16 06 02 692.89800 0.71200000 7.83000 3.64460 3.42000 65.94048
1480514520 30 11 16 06 02 692.89800 0.71200000 7.83000 3.64460 3.42000 65.94048
1480514520 30 11 16 06 02 692.89800 0.71200000 7.83000 3.64460 3.42000 65.94048
1480514580 30 11 16 06 03 692.96100 0.71200000 7.82006 3.64460 3.42000 65.94048
1480514580 30 11 16 06 03 692.89800 0.71200000 7.83000 3.64460 3.42000 65.94048
1480514700 30 11 16 06 05 692.96100 0.71200000 7.82006 3.64460 3.42000 65.94048
1480514700 30 11 16 06 05 692.96100 0.71200000 7.82006 3.64460 3.42000 65.94048
1480514700 30 11 16 06 05 692.96100 0.71200000 7.82006 3.64460 3.42000 65.94048
1480514700 30 11 16 06 05 692.96100 0.71200000 7.82006 3.64460 3.42000 65.94048
1480514760 30 11 16 06 06 692.96100 0.71200000 7.82006 3.64460 3.42000 65.94048
1480514760 30 11 16 06 06 692.96100 0.71200000 7.82005 3.64460 3.42000 65.94048
1480514760 30 11 16 06 06 692.96100 0.71200000 7.82006 3.64460 3.42000 65.94048
1480514820 30 11 16 06 07 692.96100 0.71200000 7.82005 3.64460 3.42000 65.94048
1480514820 30 11 16 06 07 692.96100 0.71200000 7.82005 3.64460 3.42000 65.94048
1480514940 30 11 16 06 09 692.96100 0.71200000 7.82005 3.64460 3.42000 65.94048
1480514940 30 11 16 06 09 692.96100 0.71200000 7.82005 3.64460 3.42000 65.94048
1480515000 30 11 16 06 10 692.96100 0.71200000 7.82005 3.64460 3.42000 65.94048
1480515000 30 11 16 06 10 692.96100 0.71200000 7.82005 3.64460 3.42000 65.94048
1480515000 30 11 16 06 10 692.96100 0.71200000 7.82005 3.64460 3.42000 65.94048
1480515000 30 11 16 06 10 692.96100 0.71200000 7.82005 3.64460 3.42000 65.94048
1480515000 30 11 16 06 10 692.96100 0.71200000 7.82005 3.64460 3.42000 65.94048
1480515060 30 11 16 06 11 692.95500 0.71200000 7.82005 3.64460 3.42000 65.94405
1480515060 30 11 16 06 11 692.96100 0.71200000 7.82005 3.64460 3.42000 65.94405
1480515120 30 11 16 06 12 692.95500 0.71200000 7.82005 3.64460 3.42000 65.94405
1480515120 30 11 16 06 12 692.98500 0.71200000 7.82005 3.64460 3.42000 65.94405
1480515180 30 11 16 06 13 692.95500 0.71200000 7.82005 3.64460 3.42000 65.94405
1480515240 30 11 16 06 14 691.80000 0.71200000 7.82005 3.64460 3.42000 65.94541
1480515240 30 11 16 06 14 691.80000 0.71200000 7.82005 3.64460 3.42000 65.94541
1480515240 30 11 16 06 14 691.80000 0.71200000 7.83001 3.64460 3.42000 65.94541
1480515300 30 11 16 06 15 691.80000 0.71200000 7.83001 3.64460 3.42000 65.94541
1480515300 30 11 16 06 15 691.80000 0.71200000 7.82005 3.64460 3.42000 65.94541
1480515360 30 11 16 06 16 691.80000 0.71200000 7.83001 3.64460 3.42000 65.94541
1480515360 30 11 16 06 16 691.80000 0.71200000 7.83001 3.64460 3.42000 65.94673
1480515360 30 11 16 06 16 692.98500 0.71200000 7.83001 3.64460 3.42000 65.94673
1480515420 30 11 16 06 17 692.98500 0.71200000 7.83001 3.64460 3.42000 65.94673
1480515480 30 11 16 06 18 692.98500 0.71200000 7.83001 3.64460 3.42000 65.94673
1480515480 30 11 16 06 18 692.98500 0.71200000 7.82001 3.64460 3.42000 65.94673
1480515480 30 11 16 06 18 691.80000 0.71200000 7.82001 3.64460 3.42000 65.94673
1480515540 30 11 16 06 19 692.98500 0.71200000 7.82001 3.64460 3.42000 65.94673
1480515600 30 11 16 06 20 691.80000 0.71200000 7.86995 3.64460 3.42000 65.94673
1480515600 30 11 16 06 20 691.80000 0.71200000 7.86995 3.64460 3.42000 65.94673
1480515600 30 11 16 06 20 692.20000 0.71200000 7.86995 3.64460 3.42000 65.94673
1480515600 30 11 16 06 20 691.80000 0.71200000 7.86995 3.64460 3.42000 65.94673
1480515600 30 11 16 06 20 691.80000 0.71200000 7.86995 3.64460 3.42000 65.94673
1480515720 30 11 16 06 22 692.20000 0.70112000 7.86995 3.64460 3.42000 65.94673
1480515720 30 11 16 06 22 692.98400 0.70112000 7.90000 3.64460 3.42000 65.94673
1480515720 30 11 16 06 22 692.20000 0.70112000 7.86995 3.64460 3.42000 65.94673
1480515780 30 11 16 06 23 692.98400 0.70112000 7.88000 3.64460 3.42000 65.94673
1480515780 30 11 16 06 23 692.20000 0.70112000 7.86995 3.64460 3.42000 65.94673
1480515840 30 11 16 06 24 692.98400 0.70112000 7.88000 3.64460 3.42000 65.94673
1480515840 30 11 16 06 24 692.98400 0.70112000 7.88000 3.64460 3.42000 65.94673
1480515840 30 11 16 06 24 692.98400 0.70112000 7.88000 3.64460 3.42000 65.94673
1480515900 30 11 16 06 25 692.98400 0.70112000 7.88000 3.64460 3.42000 65.94673
1480515960 30 11 16 06 26 692.98400 0.70112000 7.88000 3.64460 3.42000 65.94673
1480515960 30 11 16 06 26 692.98500 0.70112000 7.88000 3.64460 3.42000 65.94673
1480516020 30 11 16 06 27 692.20000 0.70112000 7.88000 3.64460 3.42000 65.94673
1480516020 30 11 16 06 27 692.20000 0.70112000 7.88000 3.64460 3.42000 65.94673
1480516020 30 11 16 06 27 692.20000 0.70112000 7.88000 3.64460 3.42000 65.94673
1480516080 30 11 16 06 28 692.20000 0.70112000 7.88000 3.64460 3.42000 65.94673
1480516080 30 11 16 06 28 692.20000 0.70112000 7.88000 3.64460 3.42000 65.94673
1480516080 30 11 16 06 28 692.20000 0.70112000 7.88000 3.64460 3.42000 65.94673
1480516140 30 11 16 06 29 692.20000 0.70112000 7.88000 3.64460 3.42000 65.94673
1480516200 30 11 16 06 30 692.20000 0.70112000 7.88000 3.64460 3.42000 65.94673
1480516200 30 11 16 06 30 692.20000 0.70112000 7.88000 3.64460 3.42000 65.94673
1480516260 30 11 16 06 31 692.20000 0.70112000 7.85050 3.64460 3.42000 65.94673
1480516260 30 11 16 06 31 692.98700 0.70112000 7.85050 3.64460 3.42000 65.94673
1480516320 30 11 16 06 32 692.98700 0.70112000 7.85050 3.64460 3.42000 65.94673
1480516320 30 11 16 06 32 692.98700 0.70112000 7.85050 3.64460 3.42000 65.94673
1480516380 30 11 16 06 33 692.20000 0.70112000 7.89000 3.64460 3.42000 65.94673
1480516380 30 11 16 06 33 692.98700 0.70112000 7.85050 3.64460 3.42000 65.94673
1480516380 30 11 16 06 33 692.20100 0.70112000 7.89000 3.64460 3.42000 65.94673
1480516440 30 11 16 06 34 692.20100 0.70112000 7.90000 3.64460 3.42000 65.94673
1480516440 30 11 16 06 34 692.50100 0.70112000 7.92000 3.64460 3.42000 65.94673
1480516500 30 11 16 06 35 692.98300 0.70112000 7.91000 3.64460 3.42000 65.94673
1480516500 30 11 16 06 35 692.50000 0.70112000 7.91300 3.64460 3.42000 65.94673
1480516500 30 11 16 06 35 692.98600 0.70112000 7.93000 3.64460 3.42000 65.95688
1480516560 30 11 16 06 36 692.98700 0.70112000 7.92000 3.64460 3.42000 65.95688
1480516560 30 11 16 06 36 692.98600 0.70112000 7.93000 3.64460 3.42000 65.95688
1480516620 30 11 16 06 37 692.87800 0.70112000 7.94000 3.64460 3.42000 65.95688
1480516620 30 11 16 06 37 691.80000 0.70112000 7.91001 3.64460 3.42000 65.95688
1480516680 30 11 16 06 38 691.80000 0.70112000 7.91001 3.64460 3.42000 65.95688
1480516680 30 11 16 06 38 691.80000 0.70112000 7.91001 3.64460 3.42000 65.95688
1480516740 30 11 16 06 39 691.80000 0.70112000 7.91001 3.64460 3.42000 66.00406
1480516740 30 11 16 06 39 691.80000 0.70112000 7.90000 3.64460 3.42000 66.00406
1480516740 30 11 16 06 39 691.80000 0.70112000 7.90000 3.64460 3.42000 66.00406
1480516800 30 11 16 06 40 692.87300 0.70112000 7.90000 3.64460 3.42000 66.00406
1480516800 30 11 16 06 40 691.80000 0.70112000 7.90000 3.64460 3.42000 66.00529
1480516860 30 11 16 06 41 690.27000 0.70112000 7.94000 3.64460 3.42000 66.00529
1480516920 30 11 16 06 42 690.17800 0.70112000 7.94000 3.64460 3.42000 66.00553
1480516920 30 11 16 06 42 690.17800 0.70112000 7.94000 3.64460 3.42000 66.00553
1480516920 30 11 16 06 42 690.17800 0.70112000 7.94000 3.64460 3.42000 66.00553
1480516920 30 11 16 06 42 692.42500 0.70112000 7.94000 3.64460 3.42000 66.00529
1480516980 30 11 16 06 43 690.17800 0.70112000 7.94000 3.64460 3.42000 66.00553
1480517040 30 11 16 06 44 692.98100 0.70112000 7.94000 3.64460 3.42000 66.00553
1480517040 30 11 16 06 44 692.97700 0.70112000 7.94000 3.64460 3.42000 66.00553
1480517100 30 11 16 06 45 692.97700 0.70112000 7.94000 3.64460 3.42000 66.00553
1480517100 30 11 16 06 45 692.97700 0.70112000 7.94000 3.64460 3.42000 66.00553
1480517100 30 11 16 06 45 692.97200 0.70112000 7.94000 3.64460 3.42000 66.00553
1480517100 30 11 16 06 45 690.32200 0.70112000 7.94000 3.64460 3.42000 66.00620
1480517160 30 11 16 06 46 692.72200 0.70112000 7.94000 3.64460 3.42000 66.00620
1480517220 30 11 16 06 47 692.72200 0.70112000 7.94000 3.64460 3.42000 66.00620
1480517280 30 11 16 06 48 692.72200 0.70112000 7.90000 3.64460 3.42000 66.00639
1480517280 30 11 16 06 48 692.72200 0.70112000 7.90000 3.64460 3.42000 66.00639
1480517280 30 11 16 06 48 692.72200 0.70112000 7.90000 3.64460 3.42000 66.00657
1480517280 30 11 16 06 48 692.12300 0.70112000 7.90000 3.64460 3.42000 66.00657
1480517340 30 11 16 06 49 692.12300 0.70112000 7.90000 3.64460 3.42000 66.00657
1480517400 30 11 16 06 50 690.23800 0.70112000 7.90000 3.64460 3.42000 66.00821
1480517460 30 11 16 06 51 690.23800 0.70112000 7.90000 3.64460 3.42000 66.00821
1480517460 30 11 16 06 51 692.12900 0.70112000 7.90000 3.64460 3.42000 66.50826
1480517460 30 11 16 06 51 692.12900 0.70112000 7.90000 3.64460 3.42000 66.50826
1480517520 30 11 16 06 52 690.46000 0.70112000 7.90000 3.64460 3.42000 67.30400
1480517520 30 11 16 06 52 690.46000 0.70112000 7.90000 3.64460 3.42000 67.30400
1480517580 30 11 16 06 53 690.46000 0.70112000 7.90000 3.64460 3.42000 67.30400
1480517580 30 11 16 06 53 690.46000 0.70112000 7.97000 3.64460 3.42000 67.30400
1480517580 30 11 16 06 53 690.46000 0.70112000 7.97000 3.64460 3.42000 67.30400
1480517640 30 11 16 06 54 692.13500 0.70112000 7.97000 3.64460 3.42000 67.30400
1480517700 30 11 16 06 55 692.13500 0.70112000 7.97000 3.64460 3.42000 67.30400
1480517700 30 11 16 06 55 692.13500 0.70112000 7.92000 3.64460 3.42000 67.30400
1480517700 30 11 16 06 55 692.12300 0.70006000 7.92000 3.64460 3.42000 66.00900
1480517760 30 11 16 06 56 690.41500 0.70006000 7.92000 3.64460 3.42000 66.00900
1480517760 30 11 16 06 56 692.12300 0.70112000 7.92000 3.64460 3.42000 66.00900
1480517820 30 11 16 06 57 690.41500 0.70006000 7.92000 3.64460 3.42000 66.01017
1480517820 30 11 16 06 57 690.17900 0.70006000 7.92000 3.64460 3.42000 66.01017
1480517820 30 11 16 06 57 690.40100 0.70006000 7.92000 3.64460 3.42000 66.01017
1480517880 30 11 16 06 58 690.40100 0.70006000 7.92000 3.64460 3.42000 66.01017
1480517940 30 11 16 06 59 690.53400 0.70006000 7.92000 3.64460 3.42000 66.01049
1480517940 30 11 16 06 59 690.53400 0.70006000 7.98990 3.64460 3.42000 66.01049
1480518000 30 11 16 07 00 690.18100 0.70006000 7.98990 3.64460 3.42000 66.01049
1480518000 30 11 16 07 00 690.53400 0.70006000 7.98990 3.64460 3.42000 66.01049
1480518000 30 11 16 07 00 690.18100 0.70006000 7.98990 3.64460 3.42000 66.01049
1480518060 30 11 16 07 01 691.98400 0.70006000 7.89533 3.64460 3.42000 66.01089
1480518060 30 11 16 07 01 690.18100 0.70006000 7.99990 3.64460 3.42000 66.01049
1480518120 30 11 16 07 02 691.98400 0.70006000 7.90317 3.64460 3.42000 66.01089
1480518120 30 11 16 07 02 691.98400 0.70006000 7.90000 3.64460 3.42000 66.01119
1480518120 30 11 16 07 02 691.98400 0.70006000 7.89533 3.64460 3.42000 66.01089
1480518180 30 11 16 07 03 691.98400 0.70006000 7.90317 3.64460 3.42000 66.01089
1480518180 30 11 16 07 03 691.98400 0.70006000 7.90000 3.64460 3.42000 66.01119
1480518240 30 11 16 07 04 691.11000 0.70006000 7.90000 3.64460 3.42000 66.01133
1480518240 30 11 16 07 04 690.40100 0.70006000 7.90000 3.64460 3.42000 66.01133
1480518240 30 11 16 07 04 690.40100 0.70006000 7.90000 3.64460 3.42000 66.01133
1480518300 30 11 16 07 05 691.11000 0.70006000 7.90000 3.64460 3.42000 66.01133
1480518360 30 11 16 07 06 690.40100 0.70006000 7.90000 3.64460 3.42000 66.01133
1480518360 30 11 16 07 06 690.40100 0.70006000 7.90000 3.64460 3.42000 66.01133
1480518420 30 11 16 07 07 690.40100 0.70006000 7.90000 3.64460 3.42000 66.01133
1480518420 30 11 16 07 07 690.40100 0.70006000 7.90000 3.64460 3.42000 66.01133
1480518420 30 11 16 07 07 690.40100 0.70006000 7.90000 3.64460 3.42000 66.01133
1480518420 30 11 16 07 07 690.40100 0.70006000 7.90000 3.64460 3.42000 66.01133
1480518540 30 11 16 07 09 690.79600 0.70006000 7.90000 3.64460 3.42000 66.01133
1480518540 30 11 16 07 09 689.95400 0.70006000 7.90000 3.64460 3.42000 66.01133
1480518540 30 11 16 07 09 690.79600 0.70006000 7.90000 3.64460 3.42000 66.01133
1480518600 30 11 16 07 10 690.79600 0.70006000 7.90000 3.64460 3.42000 66.01133
1480518600 30 11 16 07 10 690.79600 0.70006000 7.90000 3.64460 3.42000 66.01133
1480518660 30 11 16 07 11 690.79600 0.70006000 7.98997 3.64460 3.42000 66.01133
1480518660 30 11 16 07 11 692.13700 0.70006000 7.98997 3.64460 3.42000 66.01133
1480518660 30 11 16 07 11 690.79600 0.70006000 7.99990 3.64460 3.42000 66.01133
1480518720 30 11 16 07 12 690.79600 0.70006000 7.98997 3.64460 3.42000 66.01133
1480518720 30 11 16 07 12 692.13700 0.70006000 7.98997 3.64460 3.42000 66.01133
1480518780 30 11 16 07 13 692.13700 0.70006000 7.98997 3.64460 3.42000 66.01133
1480518780 30 11 16 07 13 692.12500 0.70006000 8.01110 3.64460 3.42000 66.01133
1480518780 30 11 16 07 13 692.12500 0.70006000 8.03790 3.64460 3.42000 66.01133
1480518840 30 11 16 07 14 692.12700 0.70006000 8.01110 3.64460 3.42000 66.01133
1480518900 30 11 16 07 15 690.17600 0.70006000 8.03040 3.64460 3.42000 66.01133
1480518900 30 11 16 07 15 689.95400 0.70006000 8.08640 3.64460 3.42000 66.01133
1480518960 30 11 16 07 16 689.95500 0.70006000 8.05490 3.64460 3.42000 66.01133
1480518960 30 11 16 07 16 689.95400 0.70006000 8.13000 3.64460 3.42000 66.01133
1480518960 30 11 16 07 16 691.99700 0.70006000 8.13000 3.64460 3.42000 66.01133
1480519020 30 11 16 07 17 689.95400 0.70006000 8.13966 3.64460 3.42000 66.01133
1480519020 30 11 16 07 17 691.98500 0.70006000 8.12840 3.64460 3.42000 66.01133
1480519080 30 11 16 07 18 689.99900 0.70006000 8.12004 3.64460 3.42000 66.01133
1480519080 30 11 16 07 18 689.99900 0.70006000 8.12004 3.64460 3.42000 66.01133
1480519080 30 11 16 07 18 689.99900 0.70006000 8.12014 3.64460 3.42000 66.01133
1480519080 30 11 16 07 18 689.99900 0.70006000 8.10000 3.64460 3.42000 66.01133
1480519140 30 11 16 07 19 689.95400 0.70006000 8.10000 3.64460 3.42000 66.21226
1480519200 30 11 16 07 20 689.95400 0.70006000 8.11008 3.64460 3.42000 66.21226
1480519200 30 11 16 07 20 689.95400 0.70006000 8.11008 3.64460 3.42000 66.21226
1480519260 30 11 16 07 21 691.99400 0.70006000 8.11008 3.64460 3.42000 66.21226
1480519320 30 11 16 07 22 691.99100 0.70006000 8.08000 3.64460 3.42000 66.21226
1480519320 30 11 16 07 22 691.99400 0.70006000 8.08000 3.64460 3.42000 66.21226
1480519320 30 11 16 07 22 689.95400 0.70006000 8.11008 3.64460 3.42000 66.21226
1480519320 30 11 16 07 22 691.99400 0.70006000 8.08000 3.64460 3.42000 66.21226
1480519380 30 11 16 07 23 691.99100 0.70006000 8.11008 3.64460 3.42000 66.21226
1480519380 30 11 16 07 23 691.99100 0.70006000 8.11008 3.64460 3.42000 66.21226
1480519440 30 11 16 07 24 691.99100 0.70006000 8.11008 3.64460 3.42000 66.21226
1480519440 30 11 16 07 24 691.99300 0.70006000 8.11008 3.64460 3.42000 66.21226
1480519500 30 11 16 07 25 691.99300 0.70006000 8.11008 3.64460 3.42000 66.21226
1480519500 30 11 16 07 25 691.08600 0.70006000 8.11008 3.64460 3.42000 66.21226
1480519560 30 11 16 07 26 692.12700 0.70006000 8.12000 3.64460 3.42000 66.21226
1480519620 30 11 16 07 27 692.13100 0.70006000 8.11008 3.64460 3.42000 66.21226
1480519620 30 11 16 07 27 691.08400 0.70006000 8.11008 3.64460 3.42000 66.21226
1480519680 30 11 16 07 28 692.13800 0.70006000 8.12000 3.64460 3.42000 66.21226
1480519680 30 11 16 07 28 692.13600 0.70006000 8.12000 3.64460 3.42000 66.21226
1480519680 30 11 16 07 28 692.13700 0.70006000 8.12000 3.64460 3.42000 66.21226
1480519680 30 11 16 07 28 692.13800 0.70006000 8.12000 3.64460 3.42000 66.21226
1480519680 30 11 16 07 28 692.13800 0.70006000 8.12000 3.64460 3.42000 66.21226
1480519740 30 11 16 07 29 692.13800 0.70006000 8.12000 3.64460 3.42000 66.21226
1480519740 30 11 16 07 29 692.13800 0.70006000 8.12000 3.64460 3.42000 66.21357
1480519800 30 11 16 07 30 691.81300 0.70006000 8.12000 3.64460 3.42000 66.21357
1480519860 30 11 16 07 31 692.13800 0.70006000 8.12000 3.64460 3.42000 66.21357
1480519860 30 11 16 07 31 691.81300 0.70006000 8.16000 3.64460 3.42000 66.21357
1480519920 30 11 16 07 32 691.56000 0.70006000 8.16000 3.64460 3.42000 66.21357
1480519920 30 11 16 07 32 691.81300 0.70006000 8.14000 3.64460 3.42000 66.21357
1480519920 30 11 16 07 32 692.97200 0.70006000 8.15752 3.64460 3.42000 66.21357
1480519980 30 11 16 07 33 692.97300 0.70006000 8.14002 3.64460 3.42000 66.21357
1480519980 30 11 16 07 33 692.98200 0.70006000 8.16999 3.64460 3.42000 66.21357
1480520100 30 11 16 07 35 691.56000 0.70006000 8.16999 3.64460 3.42000 66.21357
1480520100 30 11 16 07 35 691.56000 0.70006000 8.16000 3.64460 3.42000 66.21357
1480520100 30 11 16 07 35 691.56000 0.70006000 8.16000 3.64460 3.42000 66.21357
1480520160 30 11 16 07 36 691.56000 0.70006000 8.18000 3.64460 3.42000 66.21357
1480520160 30 11 16 07 36 691.56000 0.70006000 8.17000 3.64460 3.42000 66.21357
1480520160 30 11 16 07 36 691.56000 0.70006000 8.17000 3.64460 3.42000 66.21357
1480520160 30 11 16 07 36 693.65000 0.70006000 8.17260 3.64460 3.42000 66.21357
1480520220 30 11 16 07 37 693.96400 0.70006000 8.17260 3.64460 3.42000 66.21357
1480520220 30 11 16 07 37 693.65000 0.70006000 8.17260 3.64460 3.42000 66.21357
1480520280 30 11 16 07 38 693.96300 0.70006000 8.22299 3.64460 3.42000 66.21357
1480520280 30 11 16 07 38 693.96300 0.70006000 8.20000 3.64460 3.42000 66.21357
1480520340 30 11 16 07 39 693.86500 0.70006000 8.22300 3.64460 3.42000 66.21357
1480520340 30 11 16 07 39 693.96100 0.70006000 8.20000 3.64460 3.42000 66.21357
1480520400 30 11 16 07 40 693.96100 0.70006000 8.20000 3.64460 3.42000 66.21357
1480520400 30 11 16 07 40 693.97100 0.70006000 8.17000 3.64460 3.42000 66.21357
1480520460 30 11 16 07 41 694.70000 0.70006000 8.08002 3.64460 3.42000 66.21357
1480520460 30 11 16 07 41 694.00000 0.70006000 8.12000 3.64460 3.42000 66.21357
1480520520 30 11 16 07 42 693.68600 0.70006000 8.08002 3.64460 3.42000 66.21357
1480520520 30 11 16 07 42 696.00000 0.70006000 8.12000 3.64460 3.42000 66.21357
1480520580 30 11 16 07 43 694.99000 0.70006000 8.16987 3.64460 3.42000 66.21357
1480520640 30 11 16 07 44 697.50000 0.70006000 8.08000 3.64460 3.42000 66.21357
1480520640 30 11 16 07 44 697.38600 0.70006000 8.05000 3.64460 3.42000 66.21357
1480520640 30 11 16 07 44 698.00000 0.70006000 8.05000 3.64460 3.42000 66.21357
1480520700 30 11 16 07 45 698.00000 0.70006000 8.05000 3.64460 3.42000 66.21357
1480520700 30 11 16 07 45 698.00000 0.70006000 8.03009 3.64460 3.42000 69.75566
1480520700 30 11 16 07 45 696.68700 0.70006000 8.03009 3.64460 3.42000 69.75566
1480520760 30 11 16 07 46 698.00000 0.70006000 8.03011 3.64460 3.42000 69.75566
1480520820 30 11 16 07 47 699.36700 0.70006000 8.02997 3.64460 3.42000 68.00000
1480520820 30 11 16 07 47 698.83100 0.70006000 8.00014 3.64460 3.42000 69.79214
1480520820 30 11 16 07 47 696.69300 0.70006000 8.04973 3.64460 3.42000 69.75566
1480520820 30 11 16 07 47 699.00000 0.70006000 8.02997 3.64460 3.42000 68.00000
1480520880 30 11 16 07 48 699.89800 0.70006000 8.02997 3.64460 3.42000 69.79214
1480520940 30 11 16 07 49 698.70300 0.70006000 8.00000 3.64460 3.42000 69.79214
1480520940 30 11 16 07 49 698.70300 0.70006000 7.96533 3.64460 3.42000 69.79214
1480520940 30 11 16 07 49 699.96000 0.70006000 7.96533 3.64460 3.42000 69.79214
1480521000 30 11 16 07 50 699.99800 0.70006000 7.96533 3.64460 3.42000 69.79214
1480521060 30 11 16 07 51 700.00000 0.70006000 7.97007 3.66000 3.42000 66.60386
1480521060 30 11 16 07 51 699.99800 0.70006000 7.96000 3.66000 3.42000 66.60386
1480521120 30 11 16 07 52 699.99800 0.70006000 7.95805 3.66000 3.42000 66.60386
1480521120 30 11 16 07 52 698.84800 0.70006000 7.95000 3.66000 3.42000 66.60386
1480521120 30 11 16 07 52 698.84800 0.70006000 7.95000 3.66000 3.42000 66.60386
1480521180 30 11 16 07 53 699.99800 0.70006000 7.91880 3.66000 3.42000 66.60386
1480521180 30 11 16 07 53 700.00000 0.70006000 7.95000 3.66000 3.42000 66.60386
1480521180 30 11 16 07 53 698.87000 0.70006000 7.95000 3.66000 3.42000 66.60386
1480521180 30 11 16 07 53 698.84400 0.70006000 7.95000 3.66000 3.42000 66.60386
1480521240 30 11 16 07 54 700.00000 0.70006000 7.89002 3.66000 3.42000 66.60522
1480521300 30 11 16 07 55 700.00000 0.70006000 7.89002 3.66000 3.42000 66.60386
1480521300 30 11 16 07 55 700.00000 0.70006000 7.89002 3.62150 3.42000 66.60522
1480521300 30 11 16 07 55 700.00000 0.70006000 7.93994 3.62150 3.42000 66.60522
1480521360 30 11 16 07 56 698.85000 0.70006000 7.93992 3.62150 3.42000 66.00450
1480521360 30 11 16 07 56 699.99900 0.70006000 7.93992 3.62150 3.42000 66.00450
1480521420 30 11 16 07 57 699.99000 0.70006000 7.92999 3.62150 3.42000 66.00450
1480521420 30 11 16 07 57 699.10000 0.70006000 7.92999 3.62150 3.42000 66.00450
1480521420 30 11 16 07 57 699.10000 0.70006000 7.93992 3.62150 3.42000 66.00450
1480521480 30 11 16 07 58 699.98900 0.70006000 7.83501 3.62150 3.42000 66.00450
1480521480 30 11 16 07 58 700.00000 0.70006000 7.83501 3.62150 3.42000 66.00450
1480521600 30 11 16 08 00 700.00000 0.70006000 7.83501 3.62150 3.42000 66.00450
1480521600 30 11 16 08 00 700.10000 0.70006000 7.83501 3.62150 3.42000 66.00450
1480521660 30 11 16 08 01 700.00000 0.70006000 7.83501 3.62150 3.42000 66.00450
1480521660 30 11 16 08 01 700.24000 0.70006000 7.88000 3.62150 3.42000 66.00450
1480521720 30 11 16 08 02 700.24000 0.70006000 7.88000 3.62150 3.42000 66.00403
1480521720 30 11 16 08 02 700.00000 0.70006000 7.88000 3.62150 3.42000 66.00403
1480521720 30 11 16 08 02 699.00000 0.70006000 7.88000 3.62150 3.42000 66.00450
1480521780 30 11 16 08 03 699.97300 0.70006000 7.88000 3.62150 3.42000 66.00403
1480521780 30 11 16 08 03 699.99900 0.70006000 7.88000 3.62150 3.42000 66.00403
1480521780 30 11 16 08 03 699.99900 0.70006000 7.88000 3.62150 3.42000 66.00403
1480521840 30 11 16 08 04 699.97300 0.70006000 7.88000 3.62150 3.42000 66.00403
1480521900 30 11 16 08 05 699.97300 0.70006000 7.92000 3.62150 3.42000 67.00391
1480521900 30 11 16 08 05 700.00000 0.70006000 7.87001 3.62150 3.42000 67.00391
1480521900 30 11 16 08 05 700.00000 0.70006000 7.87000 3.62291 3.42000 66.00000
1480521960 30 11 16 08 06 700.00000 0.70006000 7.87460 3.62150 3.42000 67.00391
1480522020 30 11 16 08 07 699.99900 0.70006000 7.87000 3.62291 3.42000 66.00000
1480522020 30 11 16 08 07 699.99900 0.70006000 7.85000 3.62291 3.42000 66.00000
1480522020 30 11 16 08 07 699.99900 0.70006000 7.85000 3.62291 3.42000 66.00000
1480522020 30 11 16 08 07 700.24000 0.70006000 7.85000 3.62291 3.42000 66.00000
1480522080 30 11 16 08 08 699.99900 0.70006000 7.85000 3.62291 3.42000 66.00000
1480522080 30 11 16 08 08 700.00000 0.70006000 7.85000 3.62291 3.42000 66.00000
1480522140 30 11 16 08 09 699.99900 0.70006000 7.84000 3.62291 3.42000 66.00000
1480522140 30 11 16 08 09 699.99000 0.70006000 7.80011 3.62291 3.42000 66.00000
1480522200 30 11 16 08 10 699.99000 0.70006000 7.84000 3.62291 3.42000 66.00000
1480522200 30 11 16 08 10 699.11100 0.70006000 7.80000 3.62291 3.42000 66.00000
1480522260 30 11 16 08 11 699.99000 0.70006000 7.80000 3.62291 3.42000 66.00000
1480522260 30 11 16 08 11 699.00100 0.70006000 7.80000 3.62291 3.42000 66.00000
1480522260 30 11 16 08 11 700.38000 0.70006000 7.80000 3.62291 3.42000 66.00000
1480522320 30 11 16 08 12 700.16200 0.70006000 7.84000 3.62291 3.42000 66.00000
1480522320 30 11 16 08 12 700.82400 0.70006000 7.82050 3.62291 3.42000 66.00000
1480522380 30 11 16 08 13 700.16200 0.70006000 7.84000 3.62291 3.42000 66.00000
1480522380 30 11 16 08 13 700.82400 0.70006000 7.82050 3.62291 3.42000 66.00000
1480522500 30 11 16 08 15 700.16200 0.70006000 7.84000 3.62291 3.42000 66.00000
1480522500 30 11 16 08 15 700.65800 0.70006000 7.84000 3.62291 3.42000 66.00000
1480522560 30 11 16 08 16 700.65800 0.70006000 7.84000 3.62291 3.42000 66.00000
1480522560 30 11 16 08 16 700.65800 0.70006000 7.84000 3.62291 3.42000 66.00000
1480522560 30 11 16 08 16 700.65800 0.70006000 7.84000 3.62291 3.42000 66.00000
1480522560 30 11 16 08 16 700.10000 0.70006000 7.90000 3.62439 3.42000 66.00000
1480522620 30 11 16 08 17 700.10000 0.70006000 7.90000 3.62439 3.42000 66.00000
1480522620 30 11 16 08 17 700.10000 0.70006000 7.90000 3.62439 3.42000 66.00000
1480522620 30 11 16 08 17 700.77300 0.70006000 7.90987 3.62439 3.42000 66.00000
1480522680 30 11 16 08 18 700.77300 0.70006000 7.90000 3.62439 3.42000 66.00000
1480522680 30 11 16 08 18 700.77300 0.70006000 7.90987 3.62439 3.42000 66.00000
1480522740 30 11 16 08 19 700.77300 0.70006000 7.90987 3.62439 3.42000 66.00000
1480522800 30 11 16 08 20 700.77200 0.70006000 7.90987 3.62439 3.42000 66.00000
1480522860 30 11 16 08 21 700.00000 0.70006000 7.85001 3.62439 3.42000 66.00000
1480522860 30 11 16 08 21 700.77400 0.70006000 7.85001 3.62439 3.42000 66.00000
1480522860 30 11 16 08 21 700.77200 0.70006000 7.90987 3.62439 3.42000 66.00000
1480522920 30 11 16 08 22 700.77300 0.70006000 7.90840 3.62439 3.42000 66.00000
1480522920 30 11 16 08 22 700.00100 0.70006000 7.90840 3.62439 3.42000 66.00000
1480522920 30 11 16 08 22 700.77300 0.70006000 7.85005 3.62439 3.42000 66.00000
1480522980 30 11 16 08 23 700.65900 0.70331000 7.91925 3.62439 3.42000 66.00000
1480522980 30 11 16 08 23 700.65900 0.70331000 7.91925 3.62439 3.42000 66.00000
1480523040 30 11 16 08 24 700.65900 0.70331000 7.90840 3.62439 3.42000 66.00000
1480523040 30 11 16 08 24 700.00400 0.70331000 7.90840 3.62439 3.42000 66.00000
1480523040 30 11 16 08 24 698.61000 0.70362000 7.90840 3.62439 3.42000 66.00000
1480523100 30 11 16 08 25 700.00400 0.70362000 7.90840 3.62439 3.42000 66.00000
1480523100 30 11 16 08 25 698.61000 0.70362000 7.90840 3.62439 3.42000 66.00000
1480523160 30 11 16 08 26 700.41800 0.70362000 7.90840 3.62439 3.42000 66.00000
1480523220 30 11 16 08 27 698.62000 0.70362000 7.90840 3.62439 3.42000 66.00000
1480523220 30 11 16 08 27 700.74300 0.70362000 7.90000 3.62439 3.42000 66.00003
1480523280 30 11 16 08 28 700.77400 0.70362000 7.90995 3.62439 3.42000 66.00003
1480523280 30 11 16 08 28 700.77400 0.70362000 7.90995 3.62439 3.42000 66.00010
1480523280 30 11 16 08 28 700.00000 0.70362000 7.91916 3.62439 3.42000 66.00010
1480523340 30 11 16 08 29 698.08900 0.70362000 7.85006 3.62439 3.42000 66.00010
1480523340 30 11 16 08 29 700.54700 0.70362000 7.85006 3.62439 3.42000 66.00010
1480523340 30 11 16 08 29 698.08700 0.70362000 7.85006 3.62439 3.42000 66.00010
1480523400 30 11 16 08 30 698.08900 0.70362000 7.85006 3.62439 3.42000 66.00010
1480523400 30 11 16 08 30 700.00000 0.70362000 7.90997 3.62439 3.42000 66.00010
1480523460 30 11 16 08 31 698.08900 0.70362000 7.85006 3.62439 3.42000 66.00010
1480523460 30 11 16 08 31 700.00000 0.70362000 7.90997 3.62439 3.42000 66.00010
1480523520 30 11 16 08 32 700.00000 0.70362000 7.90997 3.62439 3.42000 66.00010
1480523580 30 11 16 08 33 700.00000 0.70362000 7.90997 3.62439 3.42000 79.00722
1480523580 30 11 16 08 33 700.00000 0.70362000 7.90997 3.62439 3.42000 79.00722
1480523580 30 11 16 08 33 700.00000 0.70362000 7.90997 3.62439 3.42000 79.00722
1480523640 30 11 16 08 34 699.99900 0.70362000 7.90997 3.62439 3.42000 66.92675
1480523640 30 11 16 08 34 699.86300 0.70362000 7.90997 3.62439 3.42000 79.00722
1480523640 30 11 16 08 34 699.99900 0.70362000 7.90997 3.62439 3.42000 66.92675
1480523700 30 11 16 08 35 699.99900 0.70362000 7.90997 3.62439 3.42000 66.92675
1480523700 30 11 16 08 35 699.99900 0.70362000 7.90997 3.62439 3.42000 66.92675
1480523820 30 11 16 08 37 699.99900 0.70362000 7.90997 3.62439 3.42000 66.92675
1480523820 30 11 16 08 37 699.99600 0.70362000 7.89993 3.62439 3.42000 66.92630
1480523820 30 11 16 08 37 699.99600 0.70362000 7.89993 3.62439 3.42000 66.92631
1480523880 30 11 16 08 38 699.99400 0.70362000 7.89993 3.62439 3.42000 66.92631
1480523880 30 11 16 08 38 699.99600 0.70362000 7.89993 3.62439 3.42000 66.92631
1480523940 30 11 16 08 39 698.14800 0.70362000 7.89993 3.62439 3.42000 66.00406
1480523940 30 11 16 08 39 698.12700 0.70362000 7.93000 3.62439 3.42000 66.00406
1480523940 30 11 16 08 39 701.14000 0.70362000 7.93000 3.62439 3.42000 66.00434
1480524000 30 11 16 08 40 703.83000 0.70362000 7.93000 3.62439 3.42000 66.00434
1480524000 30 11 16 08 40 698.12700 0.70362000 7.93000 3.62439 3.42000 66.00434
1480524000 30 11 16 08 40 701.14000 0.70362000 7.93000 3.62439 3.42000 66.00434
1480524060 30 11 16 08 41 703.83000 0.70362000 7.93000 3.62439 3.42000 66.00434
1480524060 30 11 16 08 41 701.31400 0.70362000 7.93000 3.62439 3.42000 66.01100
1480524120 30 11 16 08 42 701.34700 0.70362000 7.93000 3.62439 3.42000 66.00434
1480524180 30 11 16 08 43 701.04000 0.70362000 7.93000 3.62439 3.42000 66.01102
1480524180 30 11 16 08 43 701.16500 0.70362000 7.93000 3.62439 3.42000 66.01100
1480524240 30 11 16 08 44 700.09000 0.70362000 7.90000 3.62439 3.42000 66.01102
1480524240 30 11 16 08 44 701.04000 0.70362000 7.90000 3.62439 3.42000 66.01102
1480524240 30 11 16 08 44 699.08400 0.70362000 7.93000 3.62439 3.42000 66.01105
1480524240 30 11 16 08 44 701.16000 0.70362000 7.93000 3.62439 3.42000 66.01100
1480524300 30 11 16 08 45 700.09000 0.70362000 7.90000 3.62439 3.42000 66.01102
1480524300 30 11 16 08 45 699.09400 0.70362000 7.90000 3.62439 3.42000 66.01100
1480524360 30 11 16 08 46 699.09400 0.70362000 7.90000 3.62439 3.42000 66.01100
1480524360 30 11 16 08 46 699.09400 0.70362000 7.90000 3.62439 3.42000 66.01100
1480524420 30 11 16 08 47 700.00000 0.70362000 7.95895 3.62439 3.42000 66.01100
1480524480 30 11 16 08 48 700.44000 0.70362000 7.99000 3.62439 3.42000 66.01100
1480524480 30 11 16 08 48 700.40800 0.70362000 7.90000 3.62439 3.42000 66.01100
1480524480 30 11 16 08 48 700.49900 0.70362000 7.90000 3.62439 3.42000 66.01100
1480524600 30 11 16 08 50 700.37900 0.70362000 7.99000 3.62439 3.42000 66.01100
1480524600 30 11 16 08 50 700.34900 0.70362000 7.99000 3.62439 3.42000 66.01100
1480524600 30 11 16 08 50 700.44000 0.70300000 7.99000 3.62439 3.42000 66.01100
1480524660 30 11 16 08 51 700.44000 0.70300000 7.98856 3.62439 3.42000 66.01100
1480524660 30 11 16 08 51 700.44000 0.70300000 7.98856 3.62439 3.42000 66.01100
1480524660 30 11 16 08 51 700.35900 0.70300000 7.98856 3.62439 3.42000 66.01100
1480524720 30 11 16 08 52 700.40900 0.70300000 8.05000 3.62439 3.42000 66.01100
1480524720 30 11 16 08 52 700.43900 0.70300000 7.98856 3.62439 3.42000 66.01100
1480524780 30 11 16 08 53 700.43900 0.70300000 8.05000 3.62439 3.42000 66.01100
1480524780 30 11 16 08 53 700.40900 0.70300000 8.05000 3.62439 3.42000 66.01100
1480524780 30 11 16 08 53 700.38000 0.70300000 8.05000 3.62439 3.42000 66.01100
1480524780 30 11 16 08 53 700.43900 0.70300000 8.05000 3.62439 3.42000 66.01100
1480524840 30 11 16 08 54 700.37900 0.70300000 8.05000 3.62439 3.42000 66.01100
1480524900 30 11 16 08 55 700.35900 0.70300000 8.05000 3.62439 3.42000 66.01100
1480524900 30 11 16 08 55 700.42000 0.70300000 8.03340 3.62439 3.42000 69.99989
1480524960 30 11 16 08 56 700.35900 0.70300000 8.05000 3.62439 3.42000 66.01100
1480524960 30 11 16 08 56 700.41900 0.70300000 8.02000 3.62439 3.42000 69.99989
1480525020 30 11 16 08 57 700.35900 0.70300000 8.02000 3.62439 3.42000 69.99989
1480525080 30 11 16 08 58 700.44000 0.70300000 8.05000 3.62439 3.42000 66.02301
1480525080 30 11 16 08 58 700.44000 0.70300000 8.05000 3.62439 3.42000 66.01501
1480525080 30 11 16 08 58 700.42000 0.70300000 8.05000 3.62439 3.42000 69.99989
1480525080 30 11 16 08 58 700.44000 0.70300000 8.05000 3.62439 3.42000 66.01501
1480525200 30 11 16 09 00 700.44000 0.70300000 8.04999 3.62439 3.42000 66.02301
1480525200 30 11 16 09 00 700.81400 0.70300000 8.04998 3.62439 3.42000 66.02301
1480525200 30 11 16 09 00 700.77000 0.70300000 8.04998 3.62439 3.42000 66.02301
1480525200 30 11 16 09 00 701.00000 0.70300000 8.04998 3.62439 3.42000 66.02301
1480525260 30 11 16 09 01 700.35900 0.70300000 8.04998 3.62439 3.42000 66.02301
1480525320 30 11 16 09 02 701.00000 0.70300000 8.04998 3.62439 3.42000 66.02301
1480525320 30 11 16 09 02 700.35300 0.70300000 8.04998 3.62439 3.42000 66.02301
1480525320 30 11 16 09 02 700.97400 0.70300000 8.04998 3.62439 3.42000 66.02301
1480525380 30 11 16 09 03 700.97400 0.70300000 8.04998 3.62439 3.42000 66.02301
1480525440 30 11 16 09 04 700.82000 0.70300000 7.99000 3.62439 3.42000 66.01901
1480525440 30 11 16 09 04 700.35900 0.70300000 7.99000 3.62439 3.42000 66.02301
1480525440 30 11 16 09 04 700.87900 0.70300000 7.99000 3.62439 3.42000 66.01902
1480525500 30 11 16 09 05 700.82000 0.70300000 7.99000 3.62439 3.42000 66.01902
1480525500 30 11 16 09 05 700.97000 0.70300000 7.99000 3.62439 3.42000 66.01902
1480525500 30 11 16 09 05 700.97000 0.70300000 8.03135 3.62439 3.42000 66.01902
1480525500 30 11 16 09 05 700.85900 0.70300000 8.04997 3.62439 3.42000 66.01902
1480525560 30 11 16 09 06 700.50000 0.70300000 8.04997 3.62439 3.42000 66.01900
1480525620 30 11 16 09 07 700.50000 0.70300000 8.04997 3.62439 3.42000 66.01904
1480525680 30 11 16 09 08 700.37000 0.70300000 8.04997 3.62439 3.42000 66.01901
1480525740 30 11 16 09 09 700.47000 0.70300000 8.04997 3.62439 3.42000 66.00000
1480525740 30 11 16 09 09 700.50000 0.70300000 8.04997 3.62439 3.42000 66.00000
1480525740 30 11 16 09 09 700.49900 0.70300000 8.04997 3.62439 3.42000 66.00000
1480525740 30 11 16 09 09 700.36900 0.70300000 8.04997 3.62439 3.42000 66.01500
1480525740 30 11 16 09 09 700.49900 0.70300000 8.04997 3.62439 3.42000 66.00000
1480525860 30 11 16 09 11 700.35900 0.70300000 7.96003 3.62439 3.42000 66.00000
1480525860 30 11 16 09 11 700.35900 0.70300000 7.96003 3.62439 3.42000 66.00000
1480525860 30 11 16 09 11 700.35900 0.70300000 8.00005 3.62439 3.42000 66.00000
1480525920 30 11 16 09 12 700.03000 0.70300000 8.00005 3.62439 3.42000 66.00000
1480525920 30 11 16 09 12 700.35900 0.70300000 8.00005 3.62439 3.42000 66.00000
1480525980 30 11 16 09 13 700.32900 0.70300000 8.00005 3.62439 3.42000 66.00000
1480526040 30 11 16 09 14 699.99900 0.70300000 8.00000 3.62439 3.42000 66.00000
1480526040 30 11 16 09 14 700.02900 0.70300000 8.00005 3.62439 3.42000 66.00000
1480526040 30 11 16 09 14 699.18100 0.70300000 8.00005 3.62439 3.42000 66.00000
1480526040 30 11 16 09 14 698.51000 0.70300000 8.00005 3.62439 3.42000 66.00022
1480526100 30 11 16 09 15 698.52200 0.70300000 8.00000 3.62439 3.42000 66.00000
1480526100 30 11 16 09 15 699.98900 0.70300000 8.00000 3.62439 3.42000 66.00010
1480526100 30 11 16 09 15 699.98300 0.70300000 8.00000 3.62439 3.42000 66.00000
1480526100 30 11 16 09 15 698.52600 0.70300000 8.00000 3.62439 3.42000 66.00000
1480526160 30 11 16 09 16 699.50000 0.70300000 8.00000 3.62439 3.42000 66.00000
1480526220 30 11 16 09 17 699.49900 0.70300000 7.94000 3.62439 3.42000 66.00100
1480526220 30 11 16 09 17 699.40000 0.70300000 7.98983 3.62439 3.42000 66.00110
1480526280 30 11 16 09 18 699.40000 0.70300000 7.96000 3.62439 3.42000 66.00110
1480526340 30 11 16 09 19 699.55000 0.70300000 7.98983 3.62439 3.42000 66.00100
