1479930240 23 11 16 11 44 699.08900 0.79489000 9.33950 3.70458 4.26797 58.99943
1479930240 23 11 16 11 44 699.05000 0.79388000 9.33950 3.70448 4.26698 58.99999
1479930240 23 11 16 11 44 699.02000 0.79996000 9.33950 3.70348 4.26685 58.99978
1479930360 23 11 16 11 46 699.00900 0.79800000 9.33950 3.70246 4.26593 58.99968
1479930360 23 11 16 11 46 698.99700 0.79600000 9.33950 3.70241 4.26498 58.99956
1479930420 23 11 16 11 47 698.99000 0.79450000 9.34000 3.70041 4.26396 58.99935
1479930420 23 11 16 11 47 698.98000 0.79800000 9.34000 3.69840 4.26299 58.99935
1479930420 23 11 16 11 47 698.94000 0.79999000 9.34000 3.69737 4.26287 58.99935
1479930480 23 11 16 11 48 698.80000 0.79245000 9.34000 3.69730 4.26093 58.99924
1479930480 23 11 16 11 48 698.83900 0.79399000 9.34000 3.69733 4.26195 58.99935
1479930600 23 11 16 11 50 698.90700 0.79838000 9.34000 3.69629 4.25999 58.99914
1479930600 23 11 16 11 50 698.92900 0.79779000 9.34000 3.69528 4.25899 58.99903
1479930600 23 11 16 11 50 698.92800 0.79630000 9.34000 3.69522 4.25895 58.99903
1479930600 23 11 16 11 50 698.92700 0.79429000 9.34000 3.69520 4.25794 58.99892
1479930660 23 11 16 11 51 698.92700 0.79330000 9.34000 3.69515 4.25699 58.99892
1479930720 23 11 16 11 52 698.92700 0.79329000 9.34000 3.69510 4.25599 58.99870
1479930720 23 11 16 11 52 698.00000 0.79986000 9.34000 3.69503 4.25498 58.99857
1479930780 23 11 16 11 53 698.00000 0.79978000 9.34000 3.69497 4.25398 58.99845
1479930780 23 11 16 11 53 699.29700 0.79329000 9.34000 3.69507 4.25500 58.99870
1479930780 23 11 16 11 53 699.47900 0.79968000 9.35018 3.69493 4.29800 58.99844
1479930840 23 11 16 11 54 699.47600 0.79947000 9.35018 3.69492 4.29599 58.99689
1479930840 23 11 16 11 54 699.47900 0.79958000 9.35018 3.69492 4.29697 58.99842
1479930900 23 11 16 11 55 699.47200 0.79937000 9.35003 3.69492 4.29589 58.99590
1479930960 23 11 16 11 56 699.46700 0.79879000 9.35003 3.69487 4.29493 58.99567
1479931020 23 11 16 11 57 699.46300 0.79678000 9.35003 3.68996 4.29395 58.99478
1479931080 23 11 16 11 58 699.47700 0.79529000 9.35003 3.68992 4.29297 58.99398
1479931080 23 11 16 11 58 699.47700 0.79379000 9.35003 3.68988 4.29199 58.99299
1479931140 23 11 16 11 59 699.47700 0.79427000 9.35003 3.68984 4.29189 58.99390
1479931140 23 11 16 11 59 699.47700 0.79426000 9.35003 3.68980 4.29091 58.99277
1479931140 23 11 16 11 59 699.48800 0.79426000 9.35003 3.68976 4.28995 58.99188
1479931200 23 11 16 12 00 699.48800 0.79426000 9.35003 3.68973 4.28899 58.99387
1479931200 23 11 16 12 00 699.48000 0.79426000 9.35003 3.68969 4.28799 58.99289
1479931260 23 11 16 12 01 699.47900 0.79425000 9.34500 3.68964 4.28789 58.99099
1479931320 23 11 16 12 02 699.48000 0.79416000 9.34500 3.68962 4.28687 58.99097
1479931320 23 11 16 12 02 699.48000 0.79406000 9.34500 3.68979 4.28595 58.98999
1479931380 23 11 16 12 03 699.47900 0.79395000 9.34500 3.68954 4.28497 58.98888
1479931380 23 11 16 12 03 699.48000 0.79391000 9.34500 3.68950 4.28398 58.98800
1479931380 23 11 16 12 03 699.48000 0.79391000 9.34500 3.68946 4.28387 58.98778
1479931500 23 11 16 12 05 699.47900 0.79391000 9.34500 3.69000 4.28291 58.98689
1479931500 23 11 16 12 05 699.48900 0.79391000 9.34500 3.68939 4.28190 58.98589
1479931500 23 11 16 12 05 699.48800 0.79391000 9.34500 3.66000 4.27999 58.98578
1479931560 23 11 16 12 06 699.48700 0.79391000 9.34500 3.66000 4.27991 58.98500
1479931560 23 11 16 12 06 699.49000 0.79391000 9.34500 3.68935 4.28097 58.98500
1479931620 23 11 16 12 07 699.50000 0.79391000 9.34500 3.66000 4.27795 58.98390
1479931620 23 11 16 12 07 699.50000 0.79391000 9.34500 3.66000 4.27890 58.98477
1479931680 23 11 16 12 08 699.50000 0.79391000 9.34500 3.66000 4.27697 58.98280
1479931680 23 11 16 12 08 699.49000 0.79391000 9.34500 3.66000 4.27600 58.98280
1479931740 23 11 16 12 09 699.49900 0.79391000 9.34500 3.66000 4.27588 58.98379
1479931800 23 11 16 12 10 699.49900 0.79391000 9.34500 3.66000 4.27490 58.98290
1479931800 23 11 16 12 10 699.49800 0.79391000 9.34500 3.66000 4.27390 58.98200
1479931800 23 11 16 12 10 699.49900 0.79391000 9.34500 3.66000 4.27298 58.98189
1479931800 23 11 16 12 10 699.50000 0.79391000 9.34500 3.66000 4.27287 58.90000
1479931860 23 11 16 12 11 699.49900 0.79391000 9.34500 3.66000 4.27091 58.70000
1479931920 23 11 16 12 12 699.49900 0.79391000 9.34500 3.66000 4.27187 58.80000
1479931980 23 11 16 12 13 699.49900 0.79391000 9.34500 3.66000 4.26889 58.19900
1479931980 23 11 16 12 13 699.50000 0.79391000 9.34500 3.66000 4.26898 58.50000
1479931980 23 11 16 12 13 699.50000 0.79391000 9.34500 3.66000 4.26996 58.60000
1479932100 23 11 16 12 15 699.50000 0.79391000 9.34500 3.66000 4.26789 57.99900
1479932100 23 11 16 12 15 699.58900 0.79391000 9.34500 3.66000 4.26696 57.99890
1479932100 23 11 16 12 15 699.48900 0.79391000 9.34002 3.66000 4.26598 57.49990
1479932100 23 11 16 12 15 699.49000 0.79391000 9.34002 3.66000 4.26497 57.30000
1479932160 23 11 16 12 16 699.49000 0.79391000 9.34002 3.66000 4.26487 56.80000
1479932160 23 11 16 12 16 699.48800 0.79391000 9.34002 3.66000 4.26390 58.49815
1479932220 23 11 16 12 17 699.48900 0.79391000 9.34002 3.66000 4.26293 58.49700
1479932280 23 11 16 12 18 699.49000 0.79391000 9.34002 3.66000 4.26197 58.49600
1479932340 23 11 16 12 19 700.17600 0.79391000 9.34500 3.66000 4.25897 58.99789
1479932340 23 11 16 12 19 700.17600 0.79391000 9.34500 3.66000 4.25998 58.99779
1479932340 23 11 16 12 19 699.49000 0.79391000 9.34500 3.66000 4.26098 58.49590
1479932340 23 11 16 12 19 700.17600 0.79391000 9.34500 3.66000 4.26090 58.99857
1479932400 23 11 16 12 20 700.17500 0.79391000 9.34500 3.66000 4.25799 58.99699
1479932400 23 11 16 12 20 700.17500 0.79391000 9.34500 3.66000 4.29799 58.99678
1479932520 23 11 16 12 22 700.17600 0.79391000 9.34500 3.66250 4.29785 58.99588
1479932520 23 11 16 12 22 700.17500 0.79391000 9.34500 3.66250 4.29688 58.99499
1479932580 23 11 16 12 23 700.17500 0.79391000 9.34500 3.66250 4.29594 58.99399
1479932580 23 11 16 12 23 700.17600 0.79391000 9.34500 3.66250 4.29399 58.99288
1479932640 23 11 16 12 24 700.17500 0.79391000 9.34500 3.66250 4.29495 58.99300
1479932700 23 11 16 12 25 700.60000 0.79391000 9.34500 3.66250 4.29290 58.99888
1479932700 23 11 16 12 25 700.67700 0.79391000 9.34500 3.66250 4.29388 58.99198
1479932700 23 11 16 12 25 700.59900 0.79391000 9.34500 3.66250 4.29196 58.99800
1479932700 23 11 16 12 25 700.59900 0.79391000 9.34500 3.66250 4.29097 58.99778
1479932760 23 11 16 12 26 700.59900 0.79433000 9.34500 3.66250 4.29000 58.99796
1479932760 23 11 16 12 26 700.48900 0.79419000 9.34500 3.66250 4.28989 58.99698
