1627023120 22 7 21 22 52 27440.00000 36.89500000 1716.21000 102.16000 16.46500 82.41600
1627023180 22 7 21 22 53 27440.00000 36.89500000 1716.21000 102.16000 16.46500 82.41600
1627023300 22 7 21 22 55 27440.00000 36.89500000 1716.21000 102.16000 16.46500 82.41600
1627023420 22 7 21 22 57 27440.00000 36.89500000 1716.21000 102.16000 16.46500 82.41600
1627023540 22 7 21 22 59 27440.00000 36.89500000 1716.21000 102.16000 16.46500 82.41600
1627023600 22 7 21 23 00 27440.00000 36.89500000 1716.21000 102.16000 16.46500 82.41600
1627023600 22 7 21 23 00 27440.00000 36.89500000 1716.21000 102.16000 16.46500 82.41600
1627023720 22 7 21 23 02 27440.00000 36.89500000 1716.21000 102.16000 16.46500 82.41600
1627023780 22 7 21 23 03 27440.00000 36.89500000 1716.21000 102.16000 16.46500 82.41600
1627023840 22 7 21 23 04 27440.00000 36.89500000 1716.21000 102.16000 16.46500 82.41600
1627023840 22 7 21 23 04 27440.00000 36.89500000 1716.21000 102.16000 16.46500 82.41600
1627023900 22 7 21 23 05 27440.00000 36.89500000 1716.21000 102.16000 16.46500 82.41600
1627023960 22 7 21 23 06 27440.00000 36.89500000 1716.21000 102.16000 16.46500 82.41600
1627024080 22 7 21 23 08 27440.00000 36.89500000 1716.21000 102.16000 16.46500 82.41600
