1595629320 24 7 20 14 22 8226.00000 5.40400000 236.75000 38.22000 20.44800 53.69400
1595629440 24 7 20 14 24 8227.60000 5.40400000 236.75000 38.26000 20.44800 53.69400
1595629440 24 7 20 14 24 8227.70000 5.40400000 236.86000 38.26000 20.44800 53.69400
1595629500 24 7 20 14 25 8227.70000 5.40400000 236.89000 38.26000 20.44800 53.69400
1595629560 24 7 20 14 26 8227.70000 5.40400000 236.84000 38.26000 20.44800 53.69400
1595629560 24 7 20 14 26 8227.70000 5.40400000 236.85000 38.26000 20.44800 53.69400
1595629620 24 7 20 14 27 8227.70000 5.40400000 236.81000 38.26000 20.44800 53.69400
1595629680 24 7 20 14 28 8227.00000 5.40400000 236.70000 38.22000 20.19100 53.69400
1595629740 24 7 20 14 29 8227.10000 5.40400000 236.42000 38.21000 20.19100 53.69400
1595629800 24 7 20 14 30 8227.10000 5.40400000 236.35000 38.21000 20.19100 53.69400
1595629800 24 7 20 14 30 8227.10000 5.40400000 236.35000 38.21000 20.19100 53.69400
