1480739580 2 12 16 20 33 727.24300 0.73992000 7.27609 3.69087 3.18000 57.03010
1480739640 2 12 16 20 34 727.54300 0.73992000 7.27609 3.69087 3.18000 57.03010
1480739700 2 12 16 20 35 727.24300 0.73992000 7.27609 3.69087 3.18000 57.03010
1480739700 2 12 16 20 35 727.54300 0.73992000 7.27609 3.69087 3.18000 57.03010
1480739700 2 12 16 20 35 727.54300 0.73992000 7.27609 3.69087 3.18000 57.03010
1480739760 2 12 16 20 36 727.51800 0.73992000 7.27498 3.69087 3.18000 57.03010
1480739760 2 12 16 20 36 727.24300 0.73992000 7.27498 3.69087 3.18000 57.03010
1480739760 2 12 16 20 36 727.24300 0.73992000 7.27498 3.69087 3.18000 57.03010
1480739820 2 12 16 20 37 727.51700 0.73992000 7.27498 3.69087 3.18000 57.03010
1480739880 2 12 16 20 38 727.24200 0.73992000 7.27498 3.69087 3.18000 57.03010
1480739880 2 12 16 20 38 727.54400 0.73992000 7.27498 3.69087 3.18000 57.03010
1480739880 2 12 16 20 38 727.24300 0.73992000 7.27498 3.69087 3.18000 57.03010
1480739940 2 12 16 20 39 727.54400 0.73992000 7.27498 3.69087 3.18000 57.03010
1480739940 2 12 16 20 39 727.24200 0.73992000 7.27498 3.69087 3.18000 57.03010
1480739940 2 12 16 20 39 727.24200 0.73992000 7.27498 3.69087 3.18000 57.03010
1480740000 2 12 16 20 40 727.24100 0.73992000 7.27498 3.69087 3.18000 57.03010
1480740000 2 12 16 20 40 727.23900 0.73992000 7.27498 3.69087 3.18000 57.03000
1480740060 2 12 16 20 41 727.23800 0.73992000 7.27498 3.69087 3.18000 57.03010
1480740060 2 12 16 20 41 727.23900 0.73992000 7.27615 3.69087 3.18000 57.03010
1480740060 2 12 16 20 41 727.23900 0.73992000 7.27615 3.69087 3.18000 57.03010
1480740120 2 12 16 20 42 727.24100 0.73992000 7.27615 3.69087 3.18000 57.03000
1480740180 2 12 16 20 43 727.24000 0.73992000 7.27615 3.69087 3.18000 57.03000
1480740180 2 12 16 20 43 727.24100 0.73992000 7.27615 3.69087 3.18000 57.03000
1480740240 2 12 16 20 44 727.24000 0.73992000 7.27615 3.69087 3.18000 57.03010
1480740240 2 12 16 20 44 727.24100 0.73992000 7.20011 3.69087 3.18000 57.03000
1480740240 2 12 16 20 44 727.24100 0.73992000 7.20011 3.69087 3.18000 57.03000
1480740300 2 12 16 20 45 727.24100 0.73992000 7.20011 3.69087 3.18000 57.00000
1480740360 2 12 16 20 46 727.24100 0.73992000 7.20011 3.69087 3.18000 57.00000
1480740360 2 12 16 20 46 727.22800 0.73992000 7.20011 3.69087 3.18000 57.00000
1480740420 2 12 16 20 47 727.21400 0.73992000 7.24744 3.69087 3.18000 57.00000
1480740420 2 12 16 20 47 727.24100 0.73992000 7.20011 3.69087 3.18000 57.00000
1480740480 2 12 16 20 48 727.22800 0.73992000 7.20011 3.69087 3.18000 57.00000
1480740480 2 12 16 20 48 727.21400 0.73992000 7.24744 3.69087 3.18000 57.00000
1480740540 2 12 16 20 49 726.01000 0.73992000 7.24744 3.69087 3.18000 57.00000
1480740540 2 12 16 20 49 726.01100 0.73992000 7.24744 3.69087 3.18000 57.00000
1480740540 2 12 16 20 49 726.01100 0.73992000 7.24744 3.69087 3.18000 57.00000
1480740600 2 12 16 20 50 726.01100 0.73992000 7.24744 3.69087 3.18000 57.00000
1480740600 2 12 16 20 50 726.93800 0.73992000 7.24744 3.69087 3.18000 57.00000
1480740660 2 12 16 20 51 726.95000 0.73992000 7.24744 3.69087 3.18000 57.00000
1480740660 2 12 16 20 51 726.95000 0.73992000 7.24744 3.69087 3.18000 57.00000
1480740660 2 12 16 20 51 726.12200 0.73992000 7.24744 3.69087 3.18000 57.00000
1480740720 2 12 16 20 52 726.00000 0.73992000 7.24865 3.69087 3.18000 57.00000
1480740720 2 12 16 20 52 726.00000 0.73992000 7.24865 3.69087 3.18000 57.00000
1480740720 2 12 16 20 52 726.12200 0.73992000 7.24744 3.69087 3.18000 57.00000
1480740780 2 12 16 20 53 726.00000 0.73992000 7.24865 3.69087 3.18000 57.00000
1480740840 2 12 16 20 54 726.00000 0.73992000 7.24865 3.69087 3.18000 57.00000
1480740840 2 12 16 20 54 726.98000 0.74201000 7.24865 3.69087 3.18000 57.00000
1480740900 2 12 16 20 55 726.96900 0.74201000 7.24865 3.69087 3.18000 57.10000
1480740900 2 12 16 20 55 726.96900 0.74201000 7.24865 3.69087 3.18000 57.00000
1480740960 2 12 16 20 56 726.96000 0.74201000 7.24865 3.69087 3.18000 57.00000
1480740960 2 12 16 20 56 726.95900 0.74201000 7.24865 3.69087 3.18000 57.00000
1480741020 2 12 16 20 57 726.50000 0.74201000 7.24865 3.63914 3.18000 57.00000
1480741020 2 12 16 20 57 726.34100 0.74201000 7.24865 3.63914 3.18000 57.00000
1480741020 2 12 16 20 57 726.92000 0.74201000 7.24865 3.69087 3.18000 57.00000
1480741020 2 12 16 20 57 726.50000 0.74201000 7.24865 3.63914 3.18000 57.00000
1480741080 2 12 16 20 58 726.50000 0.74201000 7.24865 3.63914 3.18000 57.00000
1480741140 2 12 16 20 59 726.50000 0.74201000 7.24865 3.63914 3.18000 57.00000
1480741140 2 12 16 20 59 726.99000 0.74201000 7.23999 3.63914 3.18000 57.00000
1480741140 2 12 16 20 59 727.00000 0.74201000 7.23999 3.63914 3.18000 56.69000
1480741200 2 12 16 21 00 727.00000 0.74201000 7.23999 3.63914 3.18000 57.00000
1480741200 2 12 16 21 00 727.00000 0.74201000 7.23999 3.63914 3.18000 56.69000
1480741200 2 12 16 21 00 727.00000 0.74201000 7.23999 3.63914 3.13257 56.69000
1480741320 2 12 16 21 02 727.53000 0.74201000 7.20001 3.63914 3.13257 56.69000
1480741320 2 12 16 21 02 727.53000 0.74201000 7.20001 3.63914 3.13257 56.69000
1480741320 2 12 16 21 02 727.53000 0.74201000 7.20001 3.69298 3.13257 56.69000
1480741380 2 12 16 21 03 727.53000 0.74201000 7.20001 3.69298 3.13257 56.69000
1480741380 2 12 16 21 03 727.54000 0.74201000 7.20000 3.69298 3.13257 56.69000
1480741440 2 12 16 21 04 727.54400 0.74201000 7.20000 3.69298 3.13257 56.69000
1480741440 2 12 16 21 04 727.54000 0.74201000 7.20000 3.69298 3.13257 56.69000
1480741440 2 12 16 21 04 727.54000 0.74201000 7.20000 3.69298 3.13257 56.69000
1480741500 2 12 16 21 05 727.53000 0.74201000 7.19000 3.69298 3.13257 56.69140
1480741500 2 12 16 21 05 727.53000 0.74201000 7.19000 3.69298 3.13257 56.69140
1480741560 2 12 16 21 06 727.00000 0.74201000 7.19000 3.69298 3.13257 56.69140
1480741560 2 12 16 21 06 727.00000 0.74201000 7.19000 3.69298 3.13257 56.69140
1480741560 2 12 16 21 06 727.53000 0.74201000 7.19000 3.69298 3.13257 56.69000
1480741560 2 12 16 21 06 727.00000 0.74201000 7.19000 3.69298 3.13257 56.69140
1480741620 2 12 16 21 07 727.00000 0.74201000 7.19000 3.69298 3.13257 56.69140
1480741680 2 12 16 21 08 727.00000 0.74201000 7.19000 3.69298 3.13257 56.69140
1480741680 2 12 16 21 08 726.14700 0.74201000 7.19000 3.65673 3.13257 56.69140
1480741740 2 12 16 21 09 726.50000 0.74172000 7.19000 3.65673 3.13257 56.69140
1480741740 2 12 16 21 09 726.50000 0.74172000 7.19000 3.65673 3.13257 56.69140
1480741800 2 12 16 21 10 726.50000 0.74172000 7.19000 3.65673 3.13257 56.69140
1480741800 2 12 16 21 10 726.50000 0.74172000 7.19000 3.65673 3.13257 56.69140
1480741860 2 12 16 21 11 726.50000 0.74172000 7.19000 3.65673 3.13257 56.69140
1480741860 2 12 16 21 11 726.50000 0.74172000 7.19000 3.65673 3.13257 56.69140
1480741920 2 12 16 21 12 726.50000 0.74172000 7.18000 3.65673 3.13257 56.69140
1480741920 2 12 16 21 12 727.52900 0.74172000 7.17200 3.65673 3.13257 56.69140
1480741980 2 12 16 21 13 726.50000 0.74172000 7.18000 3.65673 3.13257 56.69140
1480741980 2 12 16 21 13 727.54400 0.74172000 7.17200 3.65673 3.13257 56.69140
1480741980 2 12 16 21 13 727.54400 0.74172000 7.17000 3.65673 3.13257 56.69140
1480742040 2 12 16 21 14 726.53400 0.74211000 7.17000 3.65673 3.13257 56.69140
1480742040 2 12 16 21 14 727.52900 0.74211000 7.15000 3.65673 3.13257 56.69140
1480742100 2 12 16 21 15 727.96000 0.74500000 7.13379 3.65673 3.13257 56.69140
1480742100 2 12 16 21 15 727.96600 0.74690000 7.13010 3.65673 3.13257 56.69140
1480742100 2 12 16 21 15 727.54300 0.74211000 7.16849 3.65673 3.13257 56.69140
1480742100 2 12 16 21 15 727.96000 0.74233000 7.15000 3.65673 3.13257 56.69140
1480742160 2 12 16 21 16 727.99900 0.74690000 7.11000 3.65673 3.13257 56.69140
1480742160 2 12 16 21 16 728.00000 0.74600000 7.10000 3.65673 3.13257 56.69140
1480742220 2 12 16 21 17 727.96900 0.74600000 7.06001 3.65673 3.13257 56.69140
1480742220 2 12 16 21 17 727.96900 0.74600000 7.05000 3.65673 3.13257 56.69140
1480742340 2 12 16 21 19 728.00000 0.74600000 7.01001 3.65673 3.13257 56.69140
1480742340 2 12 16 21 19 728.00000 0.74600000 7.01000 3.65673 3.13257 56.69140
1480742400 2 12 16 21 20 728.48800 0.74600000 7.00500 3.65673 3.13257 56.69140
1480742400 2 12 16 21 20 728.48800 0.74600000 7.00000 3.65673 3.13478 56.69140
1480742400 2 12 16 21 20 728.48800 0.75000000 7.00000 3.65673 3.13478 56.69140
1480742460 2 12 16 21 21 727.98100 0.74800000 6.95000 3.65673 3.13478 56.69143
1480742460 2 12 16 21 21 728.49000 0.75100000 7.00000 3.65673 3.13478 56.69140
1480742460 2 12 16 21 21 728.49400 0.75390000 6.95000 3.65673 3.13478 56.69143
1480742580 2 12 16 21 23 727.97400 0.75400000 7.00000 3.65673 3.13478 56.69143
1480742580 2 12 16 21 23 727.98400 0.75430000 7.00971 3.65673 3.13478 56.69143
1480742580 2 12 16 21 23 727.98400 0.75500000 7.00971 3.65673 3.13478 56.69189
1480742580 2 12 16 21 23 727.52900 0.75500000 7.01000 3.65673 3.13478 56.69189
1480742640 2 12 16 21 24 727.52900 0.75500000 7.03690 3.65673 3.13478 56.69189
1480742640 2 12 16 21 24 726.37300 0.75500000 7.01001 3.65673 3.13478 56.69189
1480742700 2 12 16 21 25 727.52900 0.75552000 7.01960 3.65673 3.13478 56.69189
1480742700 2 12 16 21 25 727.52900 0.75552000 7.01001 3.65673 3.13478 56.69189
1480742760 2 12 16 21 26 727.71000 0.76000000 7.01959 3.65673 3.13478 56.69189
1480742760 2 12 16 21 26 727.71000 0.75552000 7.03970 3.65673 3.13478 56.69189
1480742820 2 12 16 21 27 728.19900 0.76000000 7.01959 3.65673 3.13478 56.69189
1480742880 2 12 16 21 28 727.71000 0.76000000 7.01000 3.65673 3.13478 56.69189
1480742880 2 12 16 21 28 728.22900 0.76000000 6.96401 3.65673 3.13478 56.69189
1480742880 2 12 16 21 28 728.40000 0.76000000 6.99971 3.65673 3.13478 56.69189
1480742940 2 12 16 21 29 728.19900 0.76000000 6.95003 3.65673 3.13478 56.69189
1480742940 2 12 16 21 29 728.49400 0.76098000 6.95003 3.65673 3.13478 56.69316
1480742940 2 12 16 21 29 728.49400 0.76098000 6.96991 3.65673 3.13478 56.69316
1480742940 2 12 16 21 29 727.72600 0.76098000 6.96000 3.65673 3.13478 56.69316
1480743000 2 12 16 21 30 728.49200 0.76098000 6.97566 3.65673 3.13478 56.69341
1480743000 2 12 16 21 30 727.72600 0.76098000 6.96000 3.65673 3.13478 56.69316
1480743000 2 12 16 21 30 728.49400 0.76098000 6.96000 3.65673 3.13478 56.69341
1480743060 2 12 16 21 31 728.49300 0.76100000 6.95013 3.65673 3.13478 56.69341
1480743120 2 12 16 21 32 728.00000 0.76097000 6.95013 3.65673 3.13478 56.69341
1480743120 2 12 16 21 32 728.49200 0.76100000 6.96000 3.65673 3.13478 56.69366
1480743180 2 12 16 21 33 727.99900 0.75972000 6.98001 3.65673 3.13478 57.00000
1480743180 2 12 16 21 33 728.49300 0.76100000 6.95013 3.65673 3.13478 56.69366
1480743180 2 12 16 21 33 727.06300 0.76100000 6.96000 3.65673 3.13478 57.00000
1480743300 2 12 16 21 35 727.99800 0.75972000 6.98997 3.65673 3.13478 57.00000
1480743300 2 12 16 21 35 727.10500 0.75972000 6.98997 3.65673 3.13478 57.00000
1480743300 2 12 16 21 35 727.99800 0.75972000 6.98973 3.65673 3.13478 57.00000
1480743300 2 12 16 21 35 727.99800 0.75972000 6.98997 3.65673 3.13478 57.00000
1480743360 2 12 16 21 36 727.99900 0.75972000 7.02326 3.65673 3.13478 57.00000
1480743360 2 12 16 21 36 727.10900 0.75972000 7.02326 3.65673 3.13478 57.00000
1480743420 2 12 16 21 37 727.10900 0.75972000 7.02391 3.65673 3.13478 57.00000
1480743420 2 12 16 21 37 727.99900 0.75972000 7.02327 3.65673 3.13478 57.00000
1480743480 2 12 16 21 38 727.99900 0.75972000 7.02327 3.65673 3.13478 57.00000
1480743480 2 12 16 21 38 728.00000 0.75972000 7.02327 3.65673 3.13478 57.00000
1480743480 2 12 16 21 38 728.49200 0.75972000 7.03935 3.65673 3.13478 57.00000
1480743540 2 12 16 21 39 728.49400 0.75972000 7.00001 3.65673 3.13478 57.00000
1480743600 2 12 16 21 40 728.49400 0.76993000 7.00000 3.65673 3.13478 57.00000
1480743600 2 12 16 21 40 728.49400 0.75972000 7.00001 3.65673 3.13478 57.00000
1480743660 2 12 16 21 41 728.49400 0.76993000 7.00001 3.65673 3.13478 57.00000
1480743660 2 12 16 21 41 728.49400 0.76993000 7.02601 3.65673 3.13478 57.00000
1480743660 2 12 16 21 41 728.00000 0.76993000 7.00000 3.65673 3.13478 57.00000
1480743660 2 12 16 21 41 728.49300 0.76993000 7.00000 3.65673 3.13478 57.00000
1480743720 2 12 16 21 42 728.49300 0.76993000 7.00000 3.65673 3.13478 57.00000
1480743720 2 12 16 21 42 728.49300 0.76993000 7.00000 3.65673 3.13478 56.68914
1480743780 2 12 16 21 43 728.49400 0.76993000 7.00000 3.65673 3.13478 56.68914
1480743780 2 12 16 21 43 728.49300 0.76993000 7.00000 3.65673 3.13478 57.00000
1480743840 2 12 16 21 44 728.49400 0.76993000 7.00000 3.65673 3.13478 56.68914
1480743840 2 12 16 21 44 728.49400 0.76031000 7.00000 3.65673 3.13478 56.68914
1480743900 2 12 16 21 45 728.49400 0.76031000 6.99107 3.65673 3.13478 56.68914
1480743960 2 12 16 21 46 728.49400 0.76031000 6.99108 3.65673 3.13478 56.68914
1480743960 2 12 16 21 46 728.49400 0.76031000 6.99108 3.65673 3.13478 56.68914
1480743960 2 12 16 21 46 728.49400 0.76049000 6.99999 3.65673 3.13478 56.68914
1480744020 2 12 16 21 47 728.49400 0.76031000 7.00000 3.65673 3.13478 56.68914
1480744080 2 12 16 21 48 728.00000 0.76049000 6.99999 3.65673 3.13478 56.65000
1480744080 2 12 16 21 48 728.00000 0.76049000 6.99999 3.65673 3.13478 56.65000
1480744080 2 12 16 21 48 728.00000 0.76270000 6.99999 3.65673 3.13478 56.65000
1480744140 2 12 16 21 49 728.00000 0.76270000 6.99999 3.65673 3.13478 56.65000
1480744140 2 12 16 21 49 728.00000 0.76270000 7.00000 3.65673 3.13478 56.51711
1480744200 2 12 16 21 50 728.49400 0.76270000 6.99224 3.65673 3.13478 56.51711
1480744200 2 12 16 21 50 728.49400 0.76270000 7.00000 3.65673 3.13478 56.51711
1480744200 2 12 16 21 50 728.00000 0.76270000 7.00000 3.65673 3.13478 56.51711
1480744200 2 12 16 21 50 728.00000 0.76270000 6.99999 3.65673 3.13478 56.51711
1480744260 2 12 16 21 51 728.93700 0.76270000 6.99224 3.65673 3.14000 56.51711
1480744320 2 12 16 21 52 728.93600 0.76270000 6.99224 3.65673 3.14000 56.51711
1480744380 2 12 16 21 53 728.93200 0.76270000 6.99224 3.65673 3.14000 56.40000
1480744380 2 12 16 21 53 728.93500 0.76270000 6.99224 3.65673 3.14000 56.51711
1480744380 2 12 16 21 53 728.93200 0.76270000 6.99224 3.65673 3.14000 56.51711
1480744380 2 12 16 21 53 729.00000 0.76270000 6.99224 3.65673 3.14000 56.40000
1480744440 2 12 16 21 54 729.00000 0.76270000 7.03941 3.69700 3.14000 56.40000
1480744440 2 12 16 21 54 729.00000 0.76270000 7.03941 3.65673 3.14000 56.40000
1480744500 2 12 16 21 55 729.00000 0.76270000 7.03968 3.69700 3.14000 56.40000
1480744560 2 12 16 21 56 728.00600 0.76270000 7.03968 3.69700 3.14000 56.40000
1480744560 2 12 16 21 56 729.44800 0.76270000 7.02018 3.69700 3.14000 56.40000
1480744560 2 12 16 21 56 728.01400 0.76270000 7.00231 3.69700 3.14000 56.40000
1480744620 2 12 16 21 57 729.42000 0.76270000 7.00231 3.69700 3.14000 56.40000
1480744680 2 12 16 21 58 730.00000 0.76270000 7.03956 3.66320 3.31395 56.40000
1480744680 2 12 16 21 58 728.01400 0.76270000 7.00231 3.69700 3.14000 56.40000
1480744680 2 12 16 21 58 728.01400 0.76270000 7.00231 3.69700 3.31395 56.40000
1480744740 2 12 16 21 59 730.00000 0.76270000 7.03956 3.66320 3.31395 56.40000
1480744740 2 12 16 21 59 730.00000 0.76270000 7.03956 3.69700 3.31395 56.40000
1480744740 2 12 16 21 59 730.00000 0.76270000 7.03956 3.69700 3.31395 56.40000
1480744800 2 12 16 22 00 730.09000 0.76270000 7.03956 3.66320 3.31395 57.06273
1480744800 2 12 16 22 00 729.90000 0.76270000 7.03906 3.66320 3.31395 57.06273
1480744860 2 12 16 22 01 730.54000 0.76270000 7.03906 3.66320 3.31395 56.40010
1480744860 2 12 16 22 01 730.09000 0.76270000 7.03956 3.66320 3.31395 57.06273
1480744860 2 12 16 22 01 730.48000 0.76270000 7.03906 3.66320 3.31395 57.06273
1480744980 2 12 16 22 03 730.67200 0.76270000 7.03906 3.66320 3.31395 56.40010
1480744980 2 12 16 22 03 730.59000 0.76270000 7.03906 3.66320 3.31395 56.40010
1480744980 2 12 16 22 03 730.54000 0.76270000 7.03906 3.66320 3.31395 56.40010
1480745040 2 12 16 22 04 730.59000 0.76270000 7.03906 3.66320 3.31395 56.40010
1480745040 2 12 16 22 04 730.67200 0.76270000 7.03906 3.66320 3.31395 56.40010
1480745040 2 12 16 22 04 730.67200 0.76270000 7.03906 3.66320 3.31395 56.40010
1480745100 2 12 16 22 05 730.58800 0.76270000 7.03906 3.66320 3.31395 56.40010
1480745100 2 12 16 22 05 730.58900 0.76270000 7.02000 3.66320 3.31395 57.06041
1480745160 2 12 16 22 06 730.58900 0.76270000 7.02000 3.66320 3.31395 56.40010
1480745160 2 12 16 22 06 730.58900 0.76270000 7.02000 3.66320 3.31395 57.06041
1480745220 2 12 16 22 07 730.58900 0.76270000 7.02000 3.66320 3.31395 57.06041
1480745220 2 12 16 22 07 730.58800 0.76270000 7.03972 3.66320 3.31395 57.06041
1480745280 2 12 16 22 08 730.58900 0.76270000 7.02000 3.66320 3.31395 57.06041
1480745280 2 12 16 22 08 730.58800 0.76270000 7.03972 3.66320 3.31395 57.06041
1480745280 2 12 16 22 08 730.58800 0.76270000 7.03972 3.66320 3.31395 57.06041
1480745280 2 12 16 22 08 730.58800 0.76117000 7.06995 3.66320 3.31395 57.06041
1480745340 2 12 16 22 09 730.58800 0.76270000 7.03994 3.66320 3.31395 57.06041
1480745400 2 12 16 22 10 730.58800 0.76117000 7.06995 3.66320 3.31395 57.06041
1480745400 2 12 16 22 10 730.58800 0.76117000 7.07763 3.66320 3.10000 57.06041
1480745460 2 12 16 22 11 730.58800 0.76117000 7.06995 3.66320 3.31395 57.06041
1480745460 2 12 16 22 11 730.58800 0.76117000 7.06995 3.66320 3.31395 57.06041
1480745520 2 12 16 22 12 729.01200 0.76117000 7.07763 3.66320 3.10000 57.06041
1480745520 2 12 16 22 12 731.17300 0.76117000 7.08630 3.66320 3.10000 57.06041
1480745520 2 12 16 22 12 731.17400 0.76117000 7.09498 3.66320 3.10000 57.06041
