1480685460 2 12 16 05 31 720.00000 0.71720000 7.64006 3.67940 3.20000 58.25344
1480685520 2 12 16 05 32 722.63600 0.71720000 7.64006 3.67940 3.20000 58.25344
1480685520 2 12 16 05 32 721.83200 0.71720000 7.64006 3.67940 3.20000 58.25344
1480685520 2 12 16 05 32 719.74000 0.71720000 7.64006 3.67940 3.20000 58.25344
1480685520 2 12 16 05 32 719.68100 0.71720000 7.64006 3.67940 3.20000 58.25344
1480685580 2 12 16 05 33 722.74900 0.71720000 7.64006 3.67264 3.20000 58.25344
1480685640 2 12 16 05 34 722.63600 0.71720000 7.64006 3.67940 3.20000 58.25344
1480685640 2 12 16 05 34 722.71000 0.71720000 7.64006 3.67264 3.20000 58.25344
1480685640 2 12 16 05 34 723.00000 0.71720000 7.64006 3.67264 3.20000 58.25344
1480685700 2 12 16 05 35 722.99900 0.71720000 7.64006 3.67264 3.20000 58.25344
1480685760 2 12 16 05 36 721.97700 0.71720000 7.64006 3.67264 3.20000 58.25344
1480685820 2 12 16 05 37 723.00000 0.71720000 7.64064 3.67264 3.20000 58.25344
1480685820 2 12 16 05 37 721.52800 0.71720000 7.64064 3.67264 3.20000 58.25344
1480685820 2 12 16 05 37 721.52800 0.71720000 7.64064 3.67264 3.20000 58.25344
1480685820 2 12 16 05 37 721.52700 0.71720000 7.64064 3.67264 3.20000 58.25344
1480685820 2 12 16 05 37 721.52700 0.71720000 7.64006 3.67264 3.20000 58.25344
1480685880 2 12 16 05 38 721.52800 0.71720000 7.64064 3.67264 3.20000 58.25344
1480685880 2 12 16 05 38 721.52600 0.71720000 7.64064 3.67264 3.20000 58.25344
1480685880 2 12 16 05 38 721.52700 0.71720000 7.68625 3.67264 3.20000 58.25344
1480686000 2 12 16 05 40 722.88900 0.71720000 7.68625 3.67264 3.20000 58.25344
1480686000 2 12 16 05 40 723.00000 0.71720000 7.68615 3.67264 3.20000 58.25344
1480686060 2 12 16 05 41 723.00000 0.71720000 7.68615 3.67264 3.20000 58.25344
1480686060 2 12 16 05 41 723.00000 0.71720000 7.68599 3.67264 3.20000 58.25344
1480686060 2 12 16 05 41 723.00000 0.71720000 7.65004 3.67264 3.20000 58.25300
1480686120 2 12 16 05 42 722.88000 0.71720000 7.65004 3.67264 3.20000 58.25300
1480686120 2 12 16 05 42 723.00000 0.71720000 7.65003 3.67264 3.20000 58.25344
1480686120 2 12 16 05 42 723.00000 0.71720000 7.65004 3.67264 3.20000 58.25310
1480686180 2 12 16 05 43 722.88000 0.71720000 7.65004 3.67264 3.20000 58.25300
1480686240 2 12 16 05 44 722.88000 0.71720000 7.65004 3.67264 3.20000 58.25301
1480686240 2 12 16 05 44 723.00000 0.71720000 7.65009 3.67264 3.20000 58.25300
1480686240 2 12 16 05 44 723.00000 0.71720000 7.65009 3.67264 3.20000 58.25300
1480686300 2 12 16 05 45 722.88000 0.71720000 7.65004 3.67264 3.20000 58.25300
1480686300 2 12 16 05 45 723.00000 0.71720000 7.65009 3.67264 3.20000 58.25300
1480686360 2 12 16 05 46 722.50000 0.71720000 7.65009 3.67264 3.20000 58.25300
1480686360 2 12 16 05 46 723.00000 0.71720000 7.65009 3.67264 3.20000 58.25300
1480686360 2 12 16 05 46 723.20800 0.71720000 7.65009 3.67264 3.20000 58.25300
1480686420 2 12 16 05 47 722.50000 0.71720000 7.65009 3.67264 3.20000 58.25300
1480686420 2 12 16 05 47 723.20800 0.71720000 7.65009 3.67264 3.20000 58.25300
1480686480 2 12 16 05 48 723.11700 0.71720000 7.65009 3.67264 3.20000 58.25300
1480686480 2 12 16 05 48 721.52600 0.71720000 7.65009 3.67264 3.20000 58.00000
1480686540 2 12 16 05 49 723.11800 0.71720000 7.65009 3.67264 3.20000 58.25300
1480686540 2 12 16 05 49 720.29600 0.71720000 7.65009 3.67264 3.20000 58.00020
1480686600 2 12 16 05 50 722.85900 0.71720000 7.65024 3.67264 3.20000 58.00010
1480686600 2 12 16 05 50 721.61500 0.71720000 7.65024 3.67264 3.20000 58.00010
1480686660 2 12 16 05 51 719.72500 0.71720000 7.65000 3.67264 3.20000 58.00020
1480686660 2 12 16 05 51 720.15200 0.71720000 7.65024 3.67264 3.20000 58.00010
1480686720 2 12 16 05 52 719.99900 0.71720000 7.65000 3.67264 3.20000 58.00000
1480686720 2 12 16 05 52 719.72400 0.71720000 7.63000 3.67264 3.20000 58.00010
1480686720 2 12 16 05 52 720.00000 0.71720000 7.65024 3.67264 3.20000 58.00000
1480686780 2 12 16 05 53 719.72400 0.71720000 7.65000 3.67264 3.20000 58.00020
1480686840 2 12 16 05 54 720.87900 0.71720000 7.63001 3.67264 3.20000 58.00010
1480686840 2 12 16 05 54 720.87900 0.71720000 7.63001 3.67264 3.20000 58.00010
1480686840 2 12 16 05 54 720.87500 0.71289000 7.63001 3.67264 3.39249 58.00010
1480686900 2 12 16 05 55 720.87000 0.71720000 7.63001 3.67264 3.39249 58.00010
1480686900 2 12 16 05 55 720.65100 0.71289000 7.63001 3.67264 3.39249 58.00000
1480686900 2 12 16 05 55 720.87500 0.71289000 7.63001 3.67264 3.39249 58.00010
1480686960 2 12 16 05 56 720.65100 0.71121000 7.63001 3.67264 3.39249 58.00010
1480686960 2 12 16 05 56 720.53600 0.71121000 7.63001 3.67264 3.39249 58.00000
1480687080 2 12 16 05 58 720.42100 0.71121000 7.63001 3.67264 3.39249 58.00000
1480687080 2 12 16 05 58 720.53700 0.71121000 7.63001 3.67264 3.39249 58.00000
1480687080 2 12 16 05 58 720.53700 0.71121000 7.63001 3.67264 3.39249 58.00010
1480687080 2 12 16 05 58 720.53700 0.71121000 7.63001 3.67264 3.39249 58.00000
1480687080 2 12 16 05 58 720.42100 0.71121000 7.63001 3.67264 3.39249 58.00000
1480687200 2 12 16 06 00 721.48800 0.71121000 7.63001 3.67264 3.39249 58.00010
1480687200 2 12 16 06 00 721.48900 0.71121000 7.63001 3.67264 3.39249 58.00000
1480687200 2 12 16 06 00 720.42100 0.71121000 7.63001 3.67264 3.39249 58.00000
1480687200 2 12 16 06 00 721.49000 0.71121000 7.63001 3.67264 3.39249 58.00000
1480687260 2 12 16 06 01 721.48600 0.71121000 7.63001 3.67264 3.39249 58.49985
1480687260 2 12 16 06 01 720.16000 0.71121000 7.63001 3.67264 3.39249 58.00000
1480687320 2 12 16 06 02 720.04900 0.71121000 7.63001 3.67264 3.39249 58.00000
1480687320 2 12 16 06 02 720.04900 0.71121000 7.63001 3.67264 3.39249 58.00000
1480687380 2 12 16 06 03 720.16000 0.71121000 7.63001 3.67264 3.39249 58.00000
1480687440 2 12 16 06 04 719.61000 0.71121000 7.63001 3.67264 3.39249 58.00000
1480687440 2 12 16 06 04 720.99800 0.71121000 7.63001 3.67264 3.39249 58.00000
1480687500 2 12 16 06 05 720.82800 0.71121000 7.63001 3.67264 3.39249 58.00000
1480687500 2 12 16 06 05 720.99300 0.71121000 7.63001 3.67264 3.39249 58.00000
1480687500 2 12 16 06 05 720.99800 0.71121000 7.63001 3.67264 3.39249 58.00000
1480687560 2 12 16 06 06 720.99300 0.71121000 7.63001 3.67264 3.39249 58.00000
1480687560 2 12 16 06 06 720.22100 0.71121000 7.63000 3.67264 3.39249 58.00000
1480687620 2 12 16 06 07 720.82800 0.71121000 7.63001 3.67264 3.39249 58.00000
1480687620 2 12 16 06 07 720.22100 0.71121000 7.63001 3.67264 3.39249 58.00000
1480687680 2 12 16 06 08 719.24000 0.71121000 7.63000 3.67264 3.39249 58.00000
1480687740 2 12 16 06 09 719.66600 0.71121000 7.62003 3.67264 3.39249 58.00000
1480687740 2 12 16 06 09 719.24000 0.71121000 7.63000 3.67264 3.39249 58.00000
1480687740 2 12 16 06 09 719.66600 0.71121000 7.63000 3.67264 3.39249 58.00000
1480687740 2 12 16 06 09 720.13000 0.71121000 7.62004 3.67264 3.39249 58.00000
1480687800 2 12 16 06 10 720.13000 0.71121000 7.62004 3.67264 3.39249 58.00000
1480687800 2 12 16 06 10 719.66500 0.71121000 7.62004 3.67264 3.39249 58.00000
1480687800 2 12 16 06 10 718.82600 0.71121000 7.62004 3.67264 3.39249 58.00000
1480687860 2 12 16 06 11 719.67100 0.71121000 7.62001 3.67264 3.39249 58.00000
1480687920 2 12 16 06 12 718.04300 0.71121000 7.62001 3.67264 3.39249 58.00000
1480687920 2 12 16 06 12 718.04300 0.71121000 7.62001 3.67264 3.39249 58.00000
1480687920 2 12 16 06 12 718.04100 0.71121000 7.62004 3.67264 3.39249 58.00000
1480687920 2 12 16 06 12 718.82600 0.71121000 7.62004 3.67264 3.39249 58.00000
1480687980 2 12 16 06 13 719.22700 0.71121000 7.62001 3.67264 3.39249 58.00000
1480688040 2 12 16 06 14 718.04600 0.71121000 7.62001 3.67264 3.39249 58.00000
1480688040 2 12 16 06 14 719.22800 0.71121000 7.62001 3.67264 3.39249 58.00000
1480688100 2 12 16 06 15 719.23000 0.71121000 7.62001 3.67264 3.39249 58.00000
1480688100 2 12 16 06 15 719.23000 0.71121000 7.62001 3.67264 3.39249 58.00000
1480688100 2 12 16 06 15 719.23000 0.71121000 7.62001 3.67264 3.39249 58.00000
1480688160 2 12 16 06 16 719.23000 0.71121000 7.62001 3.67264 3.39249 58.00000
1480688220 2 12 16 06 17 719.23000 0.71121000 7.62001 3.67264 3.39249 58.00000
1480688280 2 12 16 06 18 719.23000 0.71121000 7.62001 3.67264 3.39249 58.00000
1480688280 2 12 16 06 18 719.56500 0.71121000 7.62001 3.67264 3.39249 58.00000
1480688280 2 12 16 06 18 719.56500 0.71121000 7.62001 3.67264 3.39249 58.00000
1480688340 2 12 16 06 19 719.23000 0.71121000 7.62001 3.63524 3.39249 58.00000
1480688340 2 12 16 06 19 719.80000 0.71121000 7.62001 3.63524 3.39249 58.00000
1480688340 2 12 16 06 19 719.80700 0.71121000 7.62001 3.63524 3.39249 58.00000
1480688400 2 12 16 06 20 719.80600 0.71121000 7.62001 3.63524 3.39249 58.00000
1480688400 2 12 16 06 20 719.50000 0.71121000 7.62001 3.63524 3.39249 58.00000
1480688400 2 12 16 06 20 719.49800 0.71121000 7.62001 3.63524 3.39249 58.00000
1480688460 2 12 16 06 21 719.22800 0.71228000 7.62001 3.63524 3.39249 58.00000
1480688460 2 12 16 06 21 719.22900 0.71228000 7.62001 3.63524 3.39249 58.00000
1480688460 2 12 16 06 21 719.49900 0.71121000 7.62001 3.63524 3.39249 58.00000
1480688520 2 12 16 06 22 719.73000 0.71228000 7.62001 3.63524 3.39249 58.00000
1480688580 2 12 16 06 23 718.52000 0.71228000 7.62001 3.63524 3.39249 58.00000
1480688580 2 12 16 06 23 719.73200 0.71228000 7.62001 3.63524 3.39249 58.00000
1480688640 2 12 16 06 24 719.72900 0.71228000 7.62001 3.63524 3.39249 58.00000
1480688640 2 12 16 06 24 719.72700 0.71228000 7.62007 3.63524 3.39249 58.00000
1480688700 2 12 16 06 25 719.72600 0.71228000 7.62001 3.63524 3.39249 58.00000
1480688700 2 12 16 06 25 719.72700 0.71228000 7.62007 3.63524 3.39249 58.00000
1480688760 2 12 16 06 26 718.06000 0.71228000 7.62000 3.63524 3.39249 58.00000
1480688760 2 12 16 06 26 717.99900 0.71228000 7.61575 3.63524 3.39249 58.00000
1480688820 2 12 16 06 27 718.04000 0.71228000 7.61575 3.63524 3.39249 58.00000
1480688820 2 12 16 06 27 717.48000 0.71228000 7.61575 3.63524 3.39249 58.00000
1480688880 2 12 16 06 28 719.22600 0.71228000 7.61575 3.63524 3.39249 58.00000
1480688880 2 12 16 06 28 717.48000 0.71228000 7.61575 3.63524 3.39249 58.00000
1480688940 2 12 16 06 29 717.48000 0.71228000 7.61575 3.63524 3.39249 58.00000
1480688940 2 12 16 06 29 717.04100 0.71460000 7.61575 3.63524 3.39249 58.00000
1480688940 2 12 16 06 29 717.04100 0.71460000 7.61000 3.63524 3.39249 58.00000
1480688940 2 12 16 06 29 717.04100 0.71460000 7.61000 3.63524 3.39249 58.00000
1480689000 2 12 16 06 30 717.50000 0.71460000 7.61000 3.63524 3.39249 58.00001
1480689060 2 12 16 06 31 717.50000 0.71460000 7.61000 3.63524 3.39249 58.00001
1480689060 2 12 16 06 31 717.00200 0.71460000 7.61000 3.63524 3.39249 58.00001
1480689060 2 12 16 06 31 717.50000 0.71460000 7.61000 3.63524 3.39249 58.00000
1480689120 2 12 16 06 32 717.00200 0.71460000 7.61000 3.63524 3.39249 58.00001
1480689120 2 12 16 06 32 717.00200 0.71460000 7.61000 3.63524 3.39249 58.00001
1480689180 2 12 16 06 33 717.00200 0.71460000 7.61000 3.63524 3.39249 58.00001
1480689240 2 12 16 06 34 719.15700 0.71460000 7.61000 3.63524 3.39249 58.00001
1480689240 2 12 16 06 34 719.15700 0.71460000 7.61000 3.63524 3.39249 58.00001
1480689300 2 12 16 06 35 719.15700 0.71460000 7.60454 3.63524 3.39249 58.00001
1480689300 2 12 16 06 35 719.15700 0.71460000 7.60000 3.63524 3.39249 58.00001
1480689300 2 12 16 06 35 719.10900 0.71460000 7.60000 3.63524 3.39249 58.00001
1480689300 2 12 16 06 35 718.00000 0.71460000 7.60000 3.63524 3.39249 58.00001
1480689300 2 12 16 06 35 719.10300 0.71460000 7.60000 3.63524 3.39249 58.00001
1480689420 2 12 16 06 37 718.99800 0.71039000 7.63119 3.63524 3.39249 58.00010
1480689420 2 12 16 06 37 718.99800 0.71039000 7.63119 3.63524 3.39249 58.00010
1480689420 2 12 16 06 37 719.10300 0.71460000 7.60000 3.63524 3.39249 58.00010
1480689420 2 12 16 06 37 719.10300 0.71460000 7.60000 3.63524 3.39249 58.00010
1480689480 2 12 16 06 38 718.99700 0.71039000 7.63119 3.63524 3.39249 58.00010
1480689480 2 12 16 06 38 718.01000 0.71039000 7.63119 3.63524 3.39249 58.00010
1480689540 2 12 16 06 39 719.90000 0.71039000 7.63119 3.63524 3.39249 58.00010
1480689600 2 12 16 06 40 719.90000 0.71039000 7.63119 3.63524 3.39249 58.00010
1480689600 2 12 16 06 40 719.89800 0.71039000 7.63119 3.63524 3.39249 58.00010
1480689600 2 12 16 06 40 719.89900 0.71039000 7.63119 3.63524 3.39249 58.00010
1480689660 2 12 16 06 41 719.89800 0.71039000 7.63119 3.63524 3.39249 58.00010
1480689660 2 12 16 06 41 719.89900 0.71039000 7.63119 3.63524 3.39249 58.00010
1480689720 2 12 16 06 42 719.90000 0.71039000 7.63119 3.63524 3.39249 58.00060
1480689720 2 12 16 06 42 719.89900 0.71039000 7.63119 3.63524 3.39249 58.00010
1480689780 2 12 16 06 43 719.90000 0.71039000 7.63119 3.63524 3.39249 58.00060
1480689780 2 12 16 06 43 719.90000 0.71039000 7.63119 3.63524 3.39249 58.00083
1480689780 2 12 16 06 43 719.90000 0.71039000 7.63119 3.63524 3.39249 58.00083
1480689780 2 12 16 06 43 719.90000 0.71039000 7.63119 3.63524 3.39249 58.00010
1480689840 2 12 16 06 44 719.90000 0.71039000 7.63119 3.63524 3.39249 58.00083
1480689900 2 12 16 06 45 719.89900 0.71039000 7.63119 3.63524 3.39249 58.00083
1480689960 2 12 16 06 46 719.89900 0.71039000 7.63119 3.63524 3.39249 58.00083
1480689960 2 12 16 06 46 719.89900 0.71039000 7.63119 3.63524 3.39249 58.00083
1480689960 2 12 16 06 46 719.89900 0.71039000 7.63119 3.63524 3.39249 58.00000
1480690020 2 12 16 06 47 719.89900 0.71039000 7.63119 3.63524 3.39249 58.20000
1480690020 2 12 16 06 47 719.89700 0.71039000 7.63119 3.63524 3.39249 58.00000
1480690020 2 12 16 06 47 719.89400 0.71039000 7.63119 3.63524 3.39249 58.20000
1480690080 2 12 16 06 48 719.89700 0.71039000 7.63119 3.63524 3.39249 58.20000
1480690140 2 12 16 06 49 719.89700 0.71039000 7.63119 3.63524 3.39249 58.20000
1480690140 2 12 16 06 49 719.89700 0.71039000 7.63119 3.63524 3.39249 58.20000
1480690140 2 12 16 06 49 719.89700 0.71039000 7.63119 3.63524 3.39249 58.20000
1480690200 2 12 16 06 50 719.23600 0.71039000 7.63119 3.63524 3.39249 58.20000
1480690200 2 12 16 06 50 719.89700 0.71039000 7.63119 3.63524 3.39249 58.20000
1480690260 2 12 16 06 51 719.89700 0.71039000 7.63119 3.63524 3.39249 58.20000
1480690260 2 12 16 06 51 719.23600 0.71039000 7.63119 3.63524 3.39249 58.20000
1480690320 2 12 16 06 52 719.34000 0.71039000 7.61000 3.63524 3.39249 58.00000
1480690320 2 12 16 06 52 719.34600 0.71039000 7.61000 3.63524 3.39249 58.00000
1480690380 2 12 16 06 53 719.34600 0.71039000 7.61000 3.63524 3.39249 58.00000
1480690380 2 12 16 06 53 719.34600 0.71039000 7.61000 3.63524 3.39249 58.00000
1480690380 2 12 16 06 53 719.34100 0.71039000 7.61000 3.63524 3.39249 58.00000
1480690440 2 12 16 06 54 719.50000 0.71039000 7.64909 3.63524 3.39249 58.00000
1480690440 2 12 16 06 54 719.89800 0.71039000 7.64909 3.63524 3.39249 58.00000
1480690500 2 12 16 06 55 719.34600 0.71039000 7.64909 3.63524 3.39249 58.00000
1480690500 2 12 16 06 55 719.89800 0.71039000 7.64909 3.63524 3.39249 58.00000
1480690500 2 12 16 06 55 719.89800 0.71039000 7.64910 3.63524 3.39249 58.00000
1480690560 2 12 16 06 56 719.82600 0.71039000 7.64910 3.63524 3.39249 58.00000
1480690560 2 12 16 06 56 719.90000 0.71039000 7.64910 3.63524 3.39249 58.00000
1480690680 2 12 16 06 58 719.90000 0.71039000 7.64910 3.63524 3.39249 58.00000
1480690680 2 12 16 06 58 719.90000 0.71039000 7.64910 3.63524 3.39249 58.00000
1480690740 2 12 16 06 59 719.90000 0.71039000 7.64910 3.63524 3.39249 58.00000
1480690740 2 12 16 06 59 719.90000 0.71039000 7.64909 3.63524 3.39249 58.00000
1480690740 2 12 16 06 59 721.98000 0.71039000 7.61001 3.63524 3.39249 58.00000
1480690740 2 12 16 06 59 721.44800 0.71039000 7.61001 3.63524 3.39249 58.00000
1480690800 2 12 16 07 00 721.98000 0.71039000 7.64909 3.63524 3.39249 58.00000
1480690800 2 12 16 07 00 721.44800 0.71039000 7.63816 3.63524 3.39249 58.00000
1480690860 2 12 16 07 01 721.44000 0.71039000 7.63816 3.63524 3.39249 58.00000
1480690860 2 12 16 07 01 721.44500 0.71039000 7.63816 3.63524 3.39249 58.00000
1480690860 2 12 16 07 01 721.44700 0.71039000 7.63816 3.63524 3.39249 58.00000
1480690980 2 12 16 07 03 721.44300 0.71410000 7.63816 3.63524 3.39249 58.00000
1480690980 2 12 16 07 03 720.70000 0.71410000 7.61007 3.63524 3.39249 58.00000
1480690980 2 12 16 07 03 721.48200 0.71360000 7.61007 3.63524 3.39249 58.00000
1480691040 2 12 16 07 04 721.43200 0.71360000 7.61007 3.63524 3.39249 58.00000
1480691100 2 12 16 07 05 721.48200 0.71360000 7.61007 3.63524 3.39249 58.00000
1480691100 2 12 16 07 05 721.36700 0.71360000 7.59001 3.63524 3.39249 58.00000
1480691100 2 12 16 07 05 721.36700 0.71360000 7.59001 3.63524 3.39249 58.00000
1480691100 2 12 16 07 05 721.36700 0.71360000 7.59001 3.63524 3.39249 58.00000
1480691160 2 12 16 07 06 721.36700 0.71360000 7.59001 3.63524 3.39249 58.00000
1480691220 2 12 16 07 07 721.14300 0.71360000 7.60000 3.63524 3.39249 58.00000
1480691220 2 12 16 07 07 721.48200 0.71380000 7.62100 3.63524 3.39249 58.00000
1480691220 2 12 16 07 07 721.48200 0.71380000 7.62100 3.63524 3.39249 58.00000
1480691280 2 12 16 07 08 721.48100 0.71380000 7.62100 3.63524 3.39249 58.00000
1480691280 2 12 16 07 08 721.37100 0.71300000 7.62508 3.63524 3.39249 58.00000
1480691280 2 12 16 07 08 721.25900 0.71300000 7.62508 3.63524 3.39249 58.00000
1480691400 2 12 16 07 10 721.47800 0.71250000 7.62508 3.63524 3.39249 58.00000
1480691400 2 12 16 07 10 721.47800 0.71250000 7.62508 3.63524 3.39249 58.00000
1480691400 2 12 16 07 10 721.47500 0.71250000 7.62508 3.63524 3.39249 58.00000
1480691400 2 12 16 07 10 721.47300 0.71250000 7.62508 3.63524 3.39249 58.00000
1480691460 2 12 16 07 11 721.48200 0.71250000 7.62100 3.63524 3.39249 58.00000
1480691460 2 12 16 07 11 720.70000 0.71250000 7.62508 3.63524 3.39249 58.00000
1480691520 2 12 16 07 12 721.48200 0.71250000 7.62100 3.63524 3.39249 58.00000
1480691580 2 12 16 07 13 721.48200 0.71250000 7.62100 3.63524 3.39249 58.00000
1480691580 2 12 16 07 13 721.48200 0.71250000 7.62100 3.63524 3.39249 58.00000
1480691580 2 12 16 07 13 720.70000 0.71250000 7.62100 3.63524 3.39249 58.00000
1480691580 2 12 16 07 13 720.70000 0.71250000 7.62100 3.63524 3.39249 58.00000
1480691640 2 12 16 07 14 721.14300 0.71250000 7.62100 3.63524 3.39249 58.00000
1480691640 2 12 16 07 14 720.87800 0.71250000 7.62100 3.63524 3.39249 58.00000
1480691700 2 12 16 07 15 720.87900 0.71250000 7.62100 3.63524 3.39249 58.00000
1480691760 2 12 16 07 16 721.48000 0.71230000 7.62100 3.63524 3.39249 58.00010
1480691760 2 12 16 07 16 720.70000 0.71230000 7.62100 3.63524 3.39249 58.00000
1480691760 2 12 16 07 16 721.48000 0.71230000 7.62100 3.63524 3.39249 58.00000
1480691820 2 12 16 07 17 721.48000 0.71230000 7.62100 3.63524 3.39249 58.00010
1480691820 2 12 16 07 17 720.00300 0.71230000 7.62100 3.63524 3.39249 58.00000
1480691880 2 12 16 07 18 721.47300 0.71230000 7.62100 3.63524 3.39249 58.00000
1480691880 2 12 16 07 18 721.46500 0.71230000 7.62100 3.63524 3.39249 58.00000
1480691940 2 12 16 07 19 721.46500 0.71230000 7.62100 3.63524 3.39249 58.00000
1480691940 2 12 16 07 19 721.46300 0.71230000 7.62100 3.63524 3.39249 58.00000
1480692000 2 12 16 07 20 721.46000 0.71230000 7.62100 3.63524 3.39249 58.00000
1480692000 2 12 16 07 20 721.46000 0.71230000 7.62100 3.63524 3.39249 58.00000
1480692000 2 12 16 07 20 720.00100 0.71230000 7.62100 3.63524 3.39249 58.00000
1480692000 2 12 16 07 20 721.46300 0.71230000 7.62100 3.63524 3.39249 58.00000
1480692060 2 12 16 07 21 721.47900 0.71230000 7.62100 3.63524 3.37813 58.00000
1480692120 2 12 16 07 22 721.45700 0.71230000 7.62100 3.63524 3.37813 58.00000
1480692120 2 12 16 07 22 721.48200 0.71230000 7.62100 3.63524 3.37813 58.00000
1480692120 2 12 16 07 22 721.47700 0.71230000 7.62100 3.63524 3.37813 58.00000
1480692180 2 12 16 07 23 721.47700 0.71230000 7.62100 3.63524 3.37813 58.00000
1480692180 2 12 16 07 23 721.47700 0.71230000 7.62100 3.63524 3.37813 58.00000
1480692240 2 12 16 07 24 720.01800 0.71230000 7.63511 3.63524 3.37813 58.32985
1480692240 2 12 16 07 24 721.48200 0.71230000 7.62100 3.63524 3.37813 58.00000
1480692300 2 12 16 07 25 721.48100 0.71230000 7.62100 3.63524 3.37813 58.00000
1480692300 2 12 16 07 25 721.47900 0.71230000 7.62100 3.63524 3.37813 58.00000
1480692360 2 12 16 07 26 721.48200 0.71230000 7.62100 3.63524 3.37813 58.00010
1480692360 2 12 16 07 26 721.48100 0.71230000 7.62100 3.63524 3.37813 58.00000
1480692360 2 12 16 07 26 721.48200 0.71230000 7.62100 3.63524 3.37813 58.00000
1480692420 2 12 16 07 27 721.48200 0.71230000 7.62100 3.63524 3.37813 58.00000
1480692420 2 12 16 07 27 721.48200 0.71230000 7.62100 3.63524 3.37813 58.00000
1480692420 2 12 16 07 27 721.48100 0.71230000 7.62100 3.63524 3.37813 58.00000
1480692540 2 12 16 07 29 721.48100 0.71230000 7.63420 3.63524 3.37813 58.00000
1480692540 2 12 16 07 29 721.48000 0.71230000 7.63420 3.63524 3.37813 58.00000
1480692540 2 12 16 07 29 721.48200 0.71230000 7.63420 3.63524 3.37813 58.00000
1480692540 2 12 16 07 29 721.48200 0.71230000 7.63420 3.63524 3.37813 58.00000
1480692600 2 12 16 07 30 721.48100 0.71230000 7.63400 3.63524 3.37813 58.00000
1480692600 2 12 16 07 30 721.48100 0.71230000 7.63400 3.63524 3.37813 58.00000
1480692600 2 12 16 07 30 720.34400 0.71230000 7.63400 3.63524 3.37813 58.00000
1480692660 2 12 16 07 31 721.48100 0.71230000 7.63400 3.63524 3.37813 58.00000
1480692720 2 12 16 07 32 721.48100 0.71230000 7.59397 3.63524 3.37813 58.00000
1480692720 2 12 16 07 32 721.47600 0.71230000 7.63400 3.63524 3.37813 58.00000
1480692780 2 12 16 07 33 721.48200 0.71230000 7.59397 3.63524 3.37813 58.00000
1480692780 2 12 16 07 33 721.48200 0.71230000 7.59397 3.63524 3.37813 58.00000
1480692780 2 12 16 07 33 721.48200 0.71230000 7.59397 3.63524 3.37813 58.00000
1480692840 2 12 16 07 34 721.48200 0.71230000 7.58000 3.63524 3.37813 58.00000
1480692840 2 12 16 07 34 723.00000 0.71230000 7.58000 3.63524 3.37813 58.00000
1480692900 2 12 16 07 35 723.22900 0.71230000 7.58000 3.63524 3.37813 58.00000
1480692960 2 12 16 07 36 723.08400 0.71230000 7.58000 3.63524 3.37813 58.00000
1480693020 2 12 16 07 37 721.54200 0.71230000 7.58000 3.63524 3.37813 58.00000
1480693020 2 12 16 07 37 721.54200 0.71230000 7.58000 3.63524 3.37813 58.00000
1480693020 2 12 16 07 37 723.23000 0.71230000 7.58000 3.63524 3.37813 58.00000
1480693020 2 12 16 07 37 723.22900 0.71230000 7.58000 3.63524 3.37813 58.00000
1480693080 2 12 16 07 38 723.22900 0.71230000 7.58000 3.63524 3.37813 58.00000
1480693140 2 12 16 07 39 723.11800 0.71230000 7.63289 3.63524 3.37813 58.00000
1480693140 2 12 16 07 39 723.11800 0.71230000 7.63289 3.63524 3.37813 58.00000
1480693140 2 12 16 07 39 723.11800 0.71120000 7.63289 3.63524 3.37813 58.00000
1480693140 2 12 16 07 39 723.11800 0.71090000 7.63289 3.63524 3.37813 58.00000
1480693200 2 12 16 07 40 723.11900 0.71230000 7.63289 3.63524 3.37813 58.00000
1480693260 2 12 16 07 41 723.21000 0.71090000 7.63289 3.63524 3.37813 58.00000
1480693260 2 12 16 07 41 723.11800 0.71090000 7.63289 3.63524 3.37813 58.00000
1480693260 2 12 16 07 41 723.22700 0.71090000 7.63289 3.63524 3.37813 58.00000
1480693320 2 12 16 07 42 721.02400 0.71090000 7.63289 3.63524 3.37813 58.00000
1480693380 2 12 16 07 43 723.22500 0.71090000 7.58000 3.63524 3.37813 58.00000
1480693380 2 12 16 07 43 723.22500 0.71090000 7.63289 3.63524 3.37813 58.00000
1480693380 2 12 16 07 43 723.22500 0.71090000 7.63289 3.63524 3.37813 58.00000
1480693440 2 12 16 07 44 721.02400 0.71090000 7.63289 3.63524 3.37813 58.00000
1480693440 2 12 16 07 44 723.22500 0.71090000 7.58000 3.63524 3.37813 58.00000
1480693500 2 12 16 07 45 723.22500 0.71090000 7.58000 3.63524 3.37813 58.00000
1480693500 2 12 16 07 45 721.53400 0.71090000 7.57356 3.63524 3.37813 58.00000
1480693560 2 12 16 07 46 721.75700 0.71090000 7.57356 3.63524 3.37813 58.00000
1480693560 2 12 16 07 46 721.30000 0.71090000 7.57356 3.63524 3.37813 58.00000
1480693620 2 12 16 07 47 722.14400 0.71090000 7.57271 3.63524 3.37813 58.00000
1480693620 2 12 16 07 47 720.62900 0.71090000 7.57356 3.63524 3.37813 58.00000
1480693680 2 12 16 07 48 722.14400 0.71090000 7.57271 3.63524 3.37813 58.00000
1480693680 2 12 16 07 48 722.14400 0.71090000 7.57080 3.63524 3.37813 58.00000
1480693740 2 12 16 07 49 722.18200 0.71090000 7.57080 3.63524 3.37813 58.00000
1480693740 2 12 16 07 49 722.18100 0.71090000 7.57080 3.63524 3.37813 58.00000
1480693740 2 12 16 07 49 722.18400 0.71090000 7.57080 3.63524 3.37813 58.00000
1480693740 2 12 16 07 49 722.85000 0.71090000 7.56000 3.63524 3.37813 58.00000
1480693860 2 12 16 07 51 723.00000 0.71090000 7.56000 3.63524 3.37813 58.00000
1480693860 2 12 16 07 51 723.29000 0.71090000 7.56000 3.63524 3.37813 58.00000
1480693860 2 12 16 07 51 722.88700 0.71090000 7.56000 3.63524 3.37813 58.00000
1480693920 2 12 16 07 52 723.28200 0.70957000 7.55000 3.63524 3.37813 58.00000
1480693920 2 12 16 07 52 722.99400 0.70957000 7.55000 3.63524 3.37813 58.00000
1480693920 2 12 16 07 52 722.88700 0.70957000 7.55000 3.63524 3.37813 58.00000
1480693920 2 12 16 07 52 722.88700 0.70957000 7.55000 3.63524 3.37813 58.00000
1480693980 2 12 16 07 53 723.27900 0.70957000 7.56000 3.63524 3.37813 58.00000
1480693980 2 12 16 07 53 721.22300 0.70957000 7.53574 3.63524 3.37813 58.00000
1480694040 2 12 16 07 54 723.29000 0.70957000 7.55000 3.63524 3.37813 58.00000
1480694040 2 12 16 07 54 723.28400 0.70957000 7.50300 3.63524 3.37813 58.00000
1480694100 2 12 16 07 55 723.28700 0.70957000 7.53574 3.63524 3.37813 58.00000
1480694100 2 12 16 07 55 723.28400 0.70957000 7.50300 3.63524 3.37813 58.00000
1480694160 2 12 16 07 56 723.28400 0.70957000 7.50300 3.63524 3.37813 58.00000
1480694220 2 12 16 07 57 722.22500 0.70957000 7.50300 3.63524 3.37813 58.00000
1480694220 2 12 16 07 57 723.28400 0.70957000 7.50301 3.63524 3.37813 58.00000
1480694280 2 12 16 07 58 722.22400 0.70957000 7.50300 3.63524 3.37813 58.00000
1480694280 2 12 16 07 58 720.98400 0.70957000 7.50300 3.63524 3.37813 58.00000
1480694280 2 12 16 07 58 723.28900 0.70957000 7.50300 3.63524 3.37813 58.00000
1480694280 2 12 16 07 58 723.28600 0.70957000 7.50300 3.63524 3.37813 58.00000
1480694280 2 12 16 07 58 723.29000 0.70957000 7.50300 3.63524 3.37813 58.00000
1480694400 2 12 16 08 00 723.28600 0.70957000 7.50300 3.63524 3.37813 58.00000
1480694400 2 12 16 08 00 723.29000 0.70957000 7.50300 3.63524 3.37813 58.00000
1480694400 2 12 16 08 00 723.28600 0.70957000 7.50300 3.63524 3.37813 58.00000
1480694460 2 12 16 08 01 723.28800 0.70957000 7.50300 3.63524 3.37813 58.00000
1480694520 2 12 16 08 02 723.28900 0.70957000 7.50000 3.63524 3.37813 58.00000
1480694580 2 12 16 08 03 723.29000 0.70957000 7.50000 3.63524 3.37813 58.00000
1480694580 2 12 16 08 03 723.29000 0.70957000 7.50000 3.63524 3.37813 58.00000
1480694580 2 12 16 08 03 723.28900 0.70957000 7.50000 3.63524 3.37813 58.00000
1480694580 2 12 16 08 03 723.28900 0.70957000 7.50000 3.63524 3.37813 58.00000
1480694640 2 12 16 08 04 723.28900 0.70957000 7.51000 3.63524 3.37813 58.00000
1480694700 2 12 16 08 05 723.29000 0.70957000 7.51000 3.63524 3.37813 58.00000
1480694700 2 12 16 08 05 723.28900 0.70957000 7.51000 3.63524 3.37813 58.00000
1480694700 2 12 16 08 05 723.28900 0.70957000 7.51000 3.63524 3.37813 58.00000
1480694760 2 12 16 08 06 723.17800 0.70957000 7.51000 3.63524 3.37813 57.67990
1480694760 2 12 16 08 06 723.27800 0.70957000 7.52989 3.63524 3.37813 57.67990
1480694820 2 12 16 08 07 720.92100 0.70957000 7.51000 3.63524 3.37813 57.67990
1480694820 2 12 16 08 07 723.27900 0.70957000 7.52989 3.63524 3.37813 57.67992
1480694880 2 12 16 08 08 723.26000 0.70957000 7.52989 3.63524 3.37813 57.67992
1480694880 2 12 16 08 08 723.26000 0.70756000 7.52989 3.63524 3.37813 57.67992
1480694880 2 12 16 08 08 723.25800 0.70764000 7.52989 3.63524 3.37813 57.67992
1480694940 2 12 16 08 09 723.28700 0.70700000 7.53000 3.63524 3.37813 57.67980
1480694940 2 12 16 08 09 721.04300 0.70764000 7.52989 3.63524 3.37813 57.67992
1480695000 2 12 16 08 10 723.28600 0.70700000 7.53752 3.63524 3.37813 57.67980
1480695000 2 12 16 08 10 723.28700 0.70700000 7.53000 3.63524 3.37813 57.67980
1480695060 2 12 16 08 11 723.28900 0.70686000 7.53000 3.63524 3.37813 57.67980
1480695060 2 12 16 08 11 723.29000 0.70700000 7.53000 3.63524 3.37813 57.67980
1480695120 2 12 16 08 12 723.28900 0.70686000 7.53000 3.63524 3.37813 57.40001
1480695120 2 12 16 08 12 723.29000 0.70686000 7.51500 3.63524 3.37813 57.40001
1480695180 2 12 16 08 13 723.44900 0.70800000 7.51500 3.63524 3.37813 57.40001
1480695180 2 12 16 08 13 723.28900 0.70800000 7.51500 3.63524 3.37813 57.40001
1480695240 2 12 16 08 14 722.88800 0.70990000 7.50200 3.63524 3.37813 57.40001
1480695240 2 12 16 08 14 722.02000 0.70900000 7.53687 3.63524 3.37813 57.40001
1480695240 2 12 16 08 14 721.90800 0.71000000 7.50200 3.63524 3.37813 57.40001
1480695240 2 12 16 08 14 723.28900 0.70804000 7.51500 3.63524 3.37813 57.40001
1480695240 2 12 16 08 14 722.13100 0.70800000 7.53696 3.63524 3.37813 57.40001
1480695360 2 12 16 08 16 721.01200 0.70990000 7.50202 3.63524 3.37813 57.40001
1480695420 2 12 16 08 17 722.02000 0.70678000 7.50200 3.63524 3.37813 57.89000
1480695420 2 12 16 08 17 721.01200 0.70990000 7.50201 3.63524 3.37813 57.40001
1480695420 2 12 16 08 17 721.23600 0.70990000 7.50201 3.63524 3.37813 57.89000
1480695420 2 12 16 08 17 722.02000 0.70990000 7.50201 3.63524 3.37813 57.89000
1480695480 2 12 16 08 18 722.02000 0.70990000 7.50200 3.63524 3.37813 57.89000
1480695480 2 12 16 08 18 722.02000 0.70990000 7.50200 3.63524 3.37813 57.89000
1480695480 2 12 16 08 18 722.02000 0.70678000 7.50200 3.63524 3.37813 57.89000
1480695540 2 12 16 08 19 722.99400 0.70678000 7.53988 3.63524 3.37813 57.40000
1480695600 2 12 16 08 20 722.99600 0.70678000 7.53988 3.63524 3.37813 57.40000
1480695600 2 12 16 08 20 722.99400 0.70674000 7.53988 3.63524 3.37813 57.40000
1480695600 2 12 16 08 20 723.00000 0.70672000 7.53984 3.63524 3.37813 57.40000
1480695600 2 12 16 08 20 722.99600 0.70678000 7.53988 3.63524 3.37813 57.40000
1480695660 2 12 16 08 21 723.00000 0.70679000 7.50211 3.63524 3.37813 57.40000
1480695720 2 12 16 08 22 723.00000 0.70672000 7.53984 3.63524 3.37813 57.40000
1480695720 2 12 16 08 22 723.00000 0.70682000 7.50211 3.63524 3.37813 57.40000
1480695780 2 12 16 08 23 723.00000 0.70682000 7.50211 3.63524 3.37813 57.40000
1480695780 2 12 16 08 23 722.50000 0.70682000 7.50211 3.63524 3.37813 57.40000
1480695840 2 12 16 08 24 723.29000 0.70682000 7.50211 3.63524 3.37813 57.40000
1480695840 2 12 16 08 24 723.29000 0.70890000 7.50211 3.63524 3.37813 57.40000
1480695900 2 12 16 08 25 723.40000 0.70890000 7.51957 3.63524 3.37813 57.40000
1480695900 2 12 16 08 25 723.39800 0.70890000 7.50211 3.63524 3.37813 57.40000
1480695900 2 12 16 08 25 723.40000 0.70890000 7.50211 3.63524 3.37813 57.40000
1480695960 2 12 16 08 26 723.29000 0.70890000 7.51957 3.63524 3.37813 57.40000
1480696020 2 12 16 08 27 723.29000 0.70890000 7.51957 3.63524 3.37813 57.40000
1480696020 2 12 16 08 27 723.40000 0.70890000 7.51957 3.63524 3.37813 57.40000
1480696080 2 12 16 08 28 723.45000 0.70890000 7.51957 3.63524 3.37813 57.40000
1480696080 2 12 16 08 28 723.74700 0.70890000 7.51957 3.63524 3.37813 57.40000
1480696140 2 12 16 08 29 723.74700 0.70890000 7.51957 3.63524 3.37813 57.40000
1480696140 2 12 16 08 29 723.74800 0.70910000 7.52101 3.63524 3.37813 57.40000
1480696200 2 12 16 08 30 723.74400 0.70930000 7.53872 3.63524 3.37813 57.40000
1480696200 2 12 16 08 30 723.74700 0.70930000 7.52101 3.63524 3.37813 57.40000
1480696200 2 12 16 08 30 723.74600 0.70930000 7.52101 3.63524 3.37813 57.40000
1480696200 2 12 16 08 30 723.74600 0.70910000 7.52101 3.63524 3.37813 57.40000
1480696260 2 12 16 08 31 723.29000 0.70930000 7.53872 3.63524 3.37813 57.40000
1480696320 2 12 16 08 32 723.60000 0.70930000 7.53872 3.63524 3.37813 57.40000
1480696320 2 12 16 08 32 723.74400 0.70930000 7.53861 3.63524 3.37813 57.40000
1480696320 2 12 16 08 32 723.63400 0.70930000 7.53861 3.63524 3.37813 57.40000
1480696380 2 12 16 08 33 723.63700 0.70930000 7.53861 3.63524 3.37813 57.40000
1480696380 2 12 16 08 33 722.51100 0.70930000 7.53861 3.63524 3.37813 57.40000
1480696380 2 12 16 08 33 722.51100 0.70930000 7.53861 3.63524 3.37813 57.40000
1480696500 2 12 16 08 35 723.74800 0.70930000 7.54000 3.63524 3.37813 57.40000
1480696500 2 12 16 08 35 722.20000 0.70930000 7.54000 3.63524 3.37813 57.40000
1480696500 2 12 16 08 35 722.51100 0.70930000 7.53837 3.63524 3.37813 57.40000
1480696560 2 12 16 08 36 723.74800 0.70930000 7.55000 3.63524 3.37813 57.40000
1480696560 2 12 16 08 36 723.74300 0.70670000 7.56838 3.63524 3.37813 57.40000
1480696560 2 12 16 08 36 723.75000 0.70950000 7.60000 3.63524 3.37813 57.40000
1480696620 2 12 16 08 37 723.74900 0.70670000 7.55000 3.63524 3.37813 57.40000
1480696680 2 12 16 08 38 722.22200 0.70950000 7.60000 3.63524 3.37813 57.40000
1480696680 2 12 16 08 38 724.29500 0.70840000 7.60000 3.63524 3.37813 57.19199
1480696740 2 12 16 08 39 723.74900 0.70950000 7.60000 3.63524 3.37813 57.40000
1480696740 2 12 16 08 39 724.26900 0.70950000 7.60000 3.63524 3.37813 57.40000
1480696740 2 12 16 08 39 724.99900 0.70840000 7.60000 3.63524 3.37813 57.19199
1480696800 2 12 16 08 40 724.99900 0.70840000 7.60441 3.63524 3.37813 57.19199
1480696800 2 12 16 08 40 724.99900 0.70840000 7.60000 3.63524 3.37813 57.19199
1480696860 2 12 16 08 41 724.84300 0.70840000 7.60441 3.63524 3.37813 57.19199
1480696860 2 12 16 08 41 724.98100 0.70840000 7.64000 3.63524 3.37813 57.19199
1480696860 2 12 16 08 41 724.99900 0.70840000 7.60441 3.63524 3.37813 57.19199
1480696920 2 12 16 08 42 724.84000 0.70840000 7.64000 3.63524 3.37813 57.19199
1480696920 2 12 16 08 42 723.51000 0.70840000 7.64000 3.63524 3.37813 57.19199
1480696980 2 12 16 08 43 724.83600 0.70840000 7.64000 3.63524 3.37813 57.19199
1480696980 2 12 16 08 43 724.97700 0.70940000 7.64000 3.63524 3.37813 57.19201
1480697040 2 12 16 08 44 724.98100 0.70840000 7.64000 3.63524 3.37813 57.19199
1480697100 2 12 16 08 45 723.50000 0.70890000 7.64788 3.63524 3.37813 57.10000
1480697100 2 12 16 08 45 723.50000 0.70890000 7.65000 3.63524 3.37813 57.10000
1480697100 2 12 16 08 45 723.50000 0.70890000 7.61481 3.63524 3.37813 57.19198
1480697100 2 12 16 08 45 723.50000 0.70890000 7.64955 3.63524 3.37813 57.19198
1480697160 2 12 16 08 46 723.50000 0.70890000 7.65000 3.63524 3.37813 57.10000
1480697220 2 12 16 08 47 723.51000 0.70890000 7.64788 3.63524 3.37813 57.10000
1480697220 2 12 16 08 47 723.45000 0.70860000 7.64892 3.63524 3.37813 57.00030
1480697280 2 12 16 08 48 723.40000 0.70860000 7.67001 3.63524 3.37813 57.00040
1480697280 2 12 16 08 48 723.50000 0.70860000 7.64892 3.63524 3.37813 57.00030
1480697280 2 12 16 08 48 723.40000 0.70860000 7.67490 3.63524 3.37813 57.00040
1480697340 2 12 16 08 49 723.40000 0.70860000 7.67001 3.63524 3.37813 57.00040
1480697340 2 12 16 08 49 723.45000 0.70860000 7.64895 3.63524 3.37813 57.00040
1480697400 2 12 16 08 50 723.40000 0.70860000 7.68000 3.63524 3.37813 57.00040
1480697460 2 12 16 08 51 723.00000 0.70860000 7.67003 3.63524 3.37813 57.00040
1480697460 2 12 16 08 51 723.51000 0.70860000 7.68766 3.63524 3.37813 57.00040
1480697460 2 12 16 08 51 723.00000 0.70860000 7.67003 3.63524 3.37813 57.00067
1480697520 2 12 16 08 52 723.00000 0.70860000 7.67003 3.63524 3.37813 57.00067
1480697520 2 12 16 08 52 723.00000 0.70860000 7.67003 3.63524 3.37813 57.00067
1480697520 2 12 16 08 52 722.46000 0.70860000 7.67003 3.63524 3.37813 57.00067
1480697520 2 12 16 08 52 723.00000 0.70860000 7.67003 3.63524 3.37813 57.00067
1480697580 2 12 16 08 53 724.00000 0.70860000 7.68711 3.63524 3.37813 57.00080
1480697640 2 12 16 08 54 724.00000 0.70860000 7.68711 3.63524 3.37813 57.00080
1480697640 2 12 16 08 54 724.90500 0.70860000 7.68711 3.63524 3.37813 57.00080
1480697700 2 12 16 08 55 723.44500 0.70860000 7.68711 3.63524 3.37813 57.00080
1480697700 2 12 16 08 55 724.90400 0.70860000 7.68711 3.63524 3.37813 57.00080
1480697700 2 12 16 08 55 724.90400 0.70860000 7.68711 3.63524 3.37813 57.00080
1480697700 2 12 16 08 55 724.91400 0.70860000 7.68711 3.63524 3.37813 57.00080
1480697760 2 12 16 08 56 724.98000 0.70860000 7.69471 3.63524 3.37813 57.00080
1480697820 2 12 16 08 57 724.98100 0.71100000 7.69475 3.67996 3.37813 57.00116
1480697820 2 12 16 08 57 724.90500 0.71100000 7.69474 3.67996 3.37813 57.00080
1480697880 2 12 16 08 58 724.90500 0.70860000 7.69475 3.63524 3.37813 57.00080
1480697880 2 12 16 08 58 724.90500 0.71100000 7.69475 3.67996 3.37813 57.00116
1480697940 2 12 16 08 59 724.98100 0.71100000 7.69475 3.67996 3.37813 57.00116
1480697940 2 12 16 08 59 724.90800 0.71100000 7.69475 3.67996 3.37813 57.00116
1480697940 2 12 16 08 59 724.99900 0.71100000 7.69475 3.67996 3.37813 57.00116
1480698000 2 12 16 09 00 724.99900 0.71100000 7.68992 3.67996 3.37813 57.00116
1480698000 2 12 16 09 00 725.00000 0.71100000 7.64232 3.67996 3.37813 57.00116
1480698060 2 12 16 09 01 724.90400 0.71100000 7.68992 3.67996 3.37813 57.00116
1480698060 2 12 16 09 01 725.00000 0.71200000 7.64232 3.67996 3.37813 57.00116
1480698120 2 12 16 09 02 725.00000 0.71200000 7.64232 3.67996 3.37813 57.00116
1480698120 2 12 16 09 02 724.99900 0.71100000 7.64232 3.67996 3.37813 57.00116
1480698120 2 12 16 09 02 725.00000 0.71200000 7.64232 3.67996 3.37813 57.00116
1480698240 2 12 16 09 04 725.00000 0.71200000 7.64232 3.67996 3.37813 57.00116
1480698240 2 12 16 09 04 724.99900 0.71200000 7.64232 3.67996 3.37813 57.00116
1480698240 2 12 16 09 04 724.99800 0.71200000 7.63956 3.67996 3.37813 57.00116
1480698300 2 12 16 09 05 724.98000 0.71200000 7.63098 3.67996 3.37813 57.00116
1480698300 2 12 16 09 05 724.99600 0.71200000 7.63098 3.67996 3.37813 57.00116
1480698300 2 12 16 09 05 724.28000 0.71200000 7.62038 3.67996 3.37813 57.00116
1480698360 2 12 16 09 06 724.27100 0.71200000 7.63098 3.67996 3.37813 57.00116
1480698420 2 12 16 09 07 724.99900 0.71200000 7.60259 3.67996 3.37813 57.00116
1480698420 2 12 16 09 07 724.13000 0.71200000 7.60259 3.67996 3.37813 57.00116
1480698420 2 12 16 09 07 724.99800 0.71200000 7.59000 3.67996 3.37813 57.00116
1480698480 2 12 16 09 08 724.99900 0.71200000 7.60259 3.67996 3.37813 57.00116
1480698540 2 12 16 09 09 724.99900 0.71200000 7.52100 3.67996 3.37813 57.00116
1480698540 2 12 16 09 09 725.00000 0.71200000 7.51310 3.67996 3.37813 57.00116
1480698540 2 12 16 09 09 724.99800 0.71200000 7.55000 3.67996 3.37813 57.00116
1480698540 2 12 16 09 09 724.99800 0.71200000 7.55000 3.67996 3.37813 57.00116
1480698600 2 12 16 09 10 724.99900 0.71200000 7.51310 3.67996 3.37813 57.00116
1480698660 2 12 16 09 11 725.00000 0.71200000 7.50991 3.67996 3.37813 57.00116
1480698660 2 12 16 09 11 725.00000 0.71200000 7.50000 3.67996 3.37813 57.00116
1480698660 2 12 16 09 11 724.99900 0.71200000 7.50000 3.67996 3.37813 57.00116
1480698720 2 12 16 09 12 725.00000 0.71200000 7.50000 3.67996 3.37813 57.00116
1480698720 2 12 16 09 12 725.00000 0.71200000 7.50000 3.67996 3.37813 57.00116
1480698780 2 12 16 09 13 724.69100 0.71200000 7.50100 3.67996 3.37813 57.00116
1480698840 2 12 16 09 14 724.68000 0.71200000 7.50000 3.67996 3.37813 57.00116
1480698840 2 12 16 09 14 725.00000 0.71200000 7.50000 3.67996 3.37813 57.00116
1480698840 2 12 16 09 14 724.69100 0.71200000 7.50100 3.67996 3.37813 57.00116
1480698840 2 12 16 09 14 724.99900 0.71200000 7.50100 3.67996 3.37813 57.00116
1480698840 2 12 16 09 14 724.99900 0.71200000 7.50000 3.67996 3.37813 57.00116
1480698900 2 12 16 09 15 724.67000 0.71200000 7.50000 3.67996 3.37813 57.01000
1480698900 2 12 16 09 15 724.68000 0.71200000 7.50000 3.67996 3.37813 57.01000
1480698960 2 12 16 09 16 724.67000 0.71200000 7.50000 3.67996 3.37813 57.01000
1480699020 2 12 16 09 17 724.67000 0.71200000 7.50000 3.67996 3.37813 57.01000
1480699080 2 12 16 09 18 724.67000 0.71200000 7.50000 3.67996 3.37813 57.01000
1480699080 2 12 16 09 18 725.00000 0.71200000 7.50000 3.67996 3.37813 57.01000
1480699140 2 12 16 09 19 725.00000 0.71200000 7.53046 3.67996 3.37813 57.01001
1480699140 2 12 16 09 19 724.99900 0.71200000 7.53046 3.67996 3.37813 57.01001
1480699140 2 12 16 09 19 725.00000 0.71200000 7.53046 3.67996 3.37813 57.01001
1480699140 2 12 16 09 19 725.00000 0.71200000 7.51000 3.67996 3.37813 57.01000
1480699140 2 12 16 09 19 725.00000 0.71200000 7.51000 3.67996 3.37813 57.01000
1480699200 2 12 16 09 20 724.69200 0.71200000 7.53046 3.67996 3.37813 57.01001
1480699260 2 12 16 09 21 724.99900 0.70780000 7.53758 3.67996 3.37813 57.01001
1480699260 2 12 16 09 21 724.69100 0.71200000 7.53046 3.67996 3.37813 57.01001
1480699320 2 12 16 09 22 725.00000 0.70780000 7.53758 3.67996 3.37813 57.01001
1480699320 2 12 16 09 22 725.00000 0.70780000 7.53758 3.67996 3.37813 57.01001
1480699320 2 12 16 09 22 725.00000 0.70780000 7.53758 3.67996 3.37813 57.01001
1480699440 2 12 16 09 24 725.00000 0.70780000 7.53758 3.67996 3.37813 57.01001
1480699440 2 12 16 09 24 725.00000 0.70780000 7.53758 3.67996 3.37813 57.01001
1480699440 2 12 16 09 24 725.00000 0.70780000 7.55626 3.67996 3.37813 57.01001
1480699500 2 12 16 09 25 725.00000 0.70780000 7.55626 3.67996 3.37813 57.01001
1480699500 2 12 16 09 25 725.00000 0.70780000 7.55626 3.67996 3.37813 57.01001
1480699560 2 12 16 09 26 724.66900 0.70780000 7.55626 3.67996 3.37813 57.01001
1480699560 2 12 16 09 26 725.00000 0.70780000 7.55626 3.67996 3.37813 57.01001
1480699560 2 12 16 09 26 725.00000 0.70780000 7.53000 3.67996 3.37813 57.01001
1480699620 2 12 16 09 27 725.00000 0.70780000 7.55626 3.67996 3.37813 57.01001
1480699680 2 12 16 09 28 725.00000 0.70780000 7.51059 3.67996 3.37813 57.01001
1480699680 2 12 16 09 28 725.10800 0.70780000 7.51059 3.67996 3.37813 57.01001
1480699680 2 12 16 09 28 725.00100 0.70780000 7.51059 3.67996 3.37813 57.01001
1480699680 2 12 16 09 28 724.67200 0.70780000 7.51059 3.67996 3.37813 57.10000
1480699740 2 12 16 09 29 725.18357 0.70780000 7.51059 3.67996 3.37813 57.10000
1480699800 2 12 16 09 30 725.10800 0.70780000 7.51059 3.67996 3.37813 57.10000
1480699860 2 12 16 09 31 725.55000 0.70780000 7.51100 3.67996 3.37813 57.10000
1480699860 2 12 16 09 31 725.53000 0.70780000 7.51000 3.67996 3.37813 57.00000
1480699860 2 12 16 09 31 725.22500 0.70780000 7.51100 3.67996 3.37813 57.10000
1480699920 2 12 16 09 32 725.55000 0.70780000 7.51100 3.67996 3.37813 57.10000
1480699920 2 12 16 09 32 725.00000 0.70780000 7.51100 3.67996 3.37813 57.10000
1480699920 2 12 16 09 32 725.50000 0.70780000 7.51000 3.67996 3.37813 57.00000
1480699920 2 12 16 09 32 725.55000 0.70780000 7.50100 3.67996 3.37813 57.00000
1480700040 2 12 16 09 34 725.50000 0.70780000 7.50100 3.67996 3.37813 57.00000
1480700040 2 12 16 09 34 725.49000 0.70780000 7.50100 3.67996 3.37813 57.00000
1480700040 2 12 16 09 34 725.55000 0.70780000 7.50100 3.67996 3.37813 57.00000
1480700040 2 12 16 09 34 725.55000 0.70780000 7.50100 3.67996 3.37813 57.00000
1480700100 2 12 16 09 35 725.55000 0.70780000 7.50100 3.67996 3.37813 57.00000
1480700100 2 12 16 09 35 724.90000 0.70780000 7.50100 3.67996 3.37813 57.00000
1480700160 2 12 16 09 36 725.55000 0.70780000 7.50100 3.67996 3.37813 57.00000
1480700220 2 12 16 09 37 724.90000 0.70780000 7.50100 3.67996 3.37813 57.00000
1480700220 2 12 16 09 37 724.90000 0.70780000 7.50100 3.67996 3.37813 57.00000
1480700220 2 12 16 09 37 724.90000 0.70780000 7.50100 3.67996 3.37813 57.00000
1480700280 2 12 16 09 38 724.90000 0.70780000 7.50100 3.67996 3.37813 57.00000
1480700340 2 12 16 09 39 725.55000 0.71150000 7.50000 3.67996 3.37813 57.00000
1480700340 2 12 16 09 39 725.55000 0.71150000 7.50000 3.67996 3.37813 57.00000
1480700340 2 12 16 09 39 724.98000 0.70822000 7.53757 3.67996 3.37813 57.00000
1480700340 2 12 16 09 39 725.55000 0.70822000 7.53757 3.67996 3.37813 57.00000
1480700400 2 12 16 09 40 725.00000 0.70822000 7.53750 3.67996 3.37813 57.00000
1480700400 2 12 16 09 40 725.15000 0.70822000 7.53743 3.67996 3.20000 57.00000
1480700460 2 12 16 09 41 725.24000 0.70822000 7.50000 3.67996 3.20000 57.00000
1480700460 2 12 16 09 41 725.12000 0.70822000 7.53750 3.67996 3.37813 57.00000
1480700520 2 12 16 09 42 725.18800 0.70822000 7.49431 3.67996 3.20000 57.00000
1480700520 2 12 16 09 42 726.00000 0.70822000 7.50000 3.67996 3.20000 57.00000
1480700580 2 12 16 09 43 725.18800 0.70822000 7.49431 3.67996 3.20000 57.00000
1480700580 2 12 16 09 43 725.99900 0.70822000 7.49431 3.67996 3.20000 57.00000
1480700580 2 12 16 09 43 725.99900 0.70822000 7.48000 3.67996 3.20000 57.00000
1480700640 2 12 16 09 44 725.99900 0.70822000 7.48000 3.67996 3.20000 57.00000
1480700700 2 12 16 09 45 725.19100 0.70822000 7.52698 3.67996 3.20000 57.00022
1480700700 2 12 16 09 45 726.50000 0.70822000 7.48000 3.67996 3.20000 57.00022
1480700760 2 12 16 09 46 725.19100 0.70822000 7.52698 3.67996 3.20000 57.00022
1480700760 2 12 16 09 46 725.19100 0.70822000 7.52698 3.67996 3.20000 57.00022
1480700760 2 12 16 09 46 726.00000 0.70822000 7.48000 3.67996 3.20000 57.00022
1480700820 2 12 16 09 47 726.47900 0.70822000 7.48000 3.67996 3.20000 57.00022
1480700880 2 12 16 09 48 726.47900 0.70822000 7.48000 3.67996 3.20000 57.00022
1480700880 2 12 16 09 48 726.40000 0.70822000 7.48000 3.67996 3.20000 57.00022
1480700880 2 12 16 09 48 726.87800 0.70822000 7.48000 3.67996 3.20000 57.00022
1480700940 2 12 16 09 49 726.70000 0.70822000 7.48000 3.67996 3.20000 57.00022
1480700940 2 12 16 09 49 726.88000 0.70822000 7.48000 3.67996 3.20000 57.00022
1480701000 2 12 16 09 50 726.88900 0.70961000 7.52173 3.67996 3.20000 57.00022
1480701000 2 12 16 09 50 726.90000 0.70961000 7.52173 3.67996 3.20000 57.00022
1480701000 2 12 16 09 50 726.71000 0.70822000 7.48000 3.67996 3.20000 57.00022
1480701000 2 12 16 09 50 726.89000 0.70961000 7.52173 3.67996 3.20000 57.00022
1480701060 2 12 16 09 51 726.87800 0.70961000 7.52173 3.67996 3.20000 57.00022
1480701060 2 12 16 09 51 726.88800 0.70961000 7.52173 3.67996 3.20000 57.00022
1480701120 2 12 16 09 52 726.89700 0.70961000 7.49206 3.68000 3.20000 57.00272
1480701180 2 12 16 09 53 726.89700 0.70961000 7.52173 3.67996 3.20000 57.00022
1480701180 2 12 16 09 53 726.90000 0.70961000 7.50000 3.68000 3.20000 57.00272
1480701180 2 12 16 09 53 726.89700 0.71009000 7.52668 3.68000 3.20000 57.00272
1480701240 2 12 16 09 54 726.06000 0.71009000 7.52668 3.68000 3.20000 57.00272
1480701240 2 12 16 09 54 726.04800 0.71009000 7.52668 3.68000 3.20000 57.00394
1480701240 2 12 16 09 54 726.88800 0.71009000 7.52668 3.68000 3.20000 57.00272
1480701360 2 12 16 09 56 726.04800 0.71009000 7.52668 3.68000 3.20000 57.00394
1480701360 2 12 16 09 56 726.04800 0.71009000 7.52668 3.68000 3.20000 57.00394
1480701360 2 12 16 09 56 726.00000 0.71009000 7.52668 3.68000 3.20000 57.00394
1480701420 2 12 16 09 57 726.00000 0.71009000 7.52668 3.68000 3.20000 57.00394
1480701420 2 12 16 09 57 726.00000 0.71009000 7.54349 3.68000 3.20000 57.00394
1480701480 2 12 16 09 58 726.00000 0.71009000 7.54349 3.68000 3.20000 57.00394
1480701480 2 12 16 09 58 726.00000 0.71009000 7.54349 3.68000 3.20000 57.00394
1480701540 2 12 16 09 59 725.99900 0.71009000 7.54349 3.68000 3.20000 57.00394
1480701540 2 12 16 09 59 724.01100 0.71009000 7.54349 3.68000 3.20000 57.00394
1480701540 2 12 16 09 59 724.00200 0.71009000 7.54349 3.68000 3.20000 57.00394
1480701600 2 12 16 10 00 724.01100 0.71009000 7.54349 3.68000 3.20000 57.00394
1480701660 2 12 16 10 01 724.00200 0.71009000 7.54349 3.68000 3.20000 57.00394
1480701720 2 12 16 10 02 725.15100 0.71009000 7.55000 3.68000 3.20000 57.00394
1480701720 2 12 16 10 02 724.01600 0.71009000 7.55000 3.68000 3.20000 57.00394
1480701720 2 12 16 10 02 724.01600 0.71009000 7.55000 3.68000 3.20000 57.00394
1480701720 2 12 16 10 02 724.00000 0.71009000 7.55000 3.68000 3.20000 57.00394
1480701780 2 12 16 10 03 725.00000 0.71009000 7.55000 3.68000 3.20000 57.00394
1480701780 2 12 16 10 03 725.00000 0.71009000 7.55000 3.68000 3.20000 57.00394
1480701840 2 12 16 10 04 725.00000 0.71009000 7.55000 3.68000 3.20000 57.00394
1480701840 2 12 16 10 04 724.99900 0.71009000 7.55000 3.68000 3.20000 57.00394
1480701840 2 12 16 10 04 724.99900 0.71009000 7.55000 3.68000 3.20000 57.00394
1480701840 2 12 16 10 04 724.14100 0.71009000 7.55000 3.68000 3.20000 57.00394
1480701900 2 12 16 10 05 724.98900 0.71009000 7.55000 3.68000 3.20000 57.00394
1480701960 2 12 16 10 06 724.99900 0.71009000 7.55000 3.68000 3.20000 57.69721
1480702020 2 12 16 10 07 724.99000 0.71009000 7.55000 3.68000 3.20000 57.69721
1480702020 2 12 16 10 07 725.00000 0.71009000 7.55000 3.68000 3.20000 57.69721
1480702080 2 12 16 10 08 725.68900 0.71009000 7.56001 3.68000 3.20000 57.69721
1480702080 2 12 16 10 08 725.68900 0.71009000 7.56000 3.68000 3.20000 57.69721
1480702080 2 12 16 10 08 725.69100 0.71009000 7.56000 3.68000 3.20000 57.69721
1480702080 2 12 16 10 08 725.69000 0.71009000 7.55000 3.68000 3.20000 57.69721
1480702080 2 12 16 10 08 725.69000 0.71009000 7.55000 3.68000 3.20000 57.69721
1480702200 2 12 16 10 10 725.70000 0.71009000 7.55720 3.68000 3.20000 57.69721
1480702200 2 12 16 10 10 725.70000 0.71009000 7.50036 3.68000 3.20000 57.69721
1480702200 2 12 16 10 10 725.69000 0.71009000 7.50036 3.68000 3.20000 57.69721
1480702260 2 12 16 10 11 725.05100 0.71009000 7.50092 3.68000 3.20000 57.69721
1480702260 2 12 16 10 11 725.05300 0.71009000 7.50092 3.68000 3.20000 57.69721
1480702260 2 12 16 10 11 725.04000 0.71009000 7.50036 3.68000 3.20000 57.69721
1480702380 2 12 16 10 13 724.88800 0.71009000 7.50092 3.68000 3.20000 57.69721
1480702380 2 12 16 10 13 724.88900 0.71009000 7.50092 3.68000 3.20000 57.69721
1480702380 2 12 16 10 13 724.90000 0.71009000 7.55678 3.68000 3.20000 57.69721
1480702440 2 12 16 10 14 725.04000 0.71009000 7.55678 3.68000 3.20000 57.69721
1480702440 2 12 16 10 14 725.05100 0.71009000 7.48000 3.68000 3.20000 57.69721
1480702500 2 12 16 10 15 725.05100 0.71009000 7.48000 3.68000 3.20000 57.69721
1480702500 2 12 16 10 15 725.05100 0.71009000 7.48000 3.68000 3.20000 57.69721
1480702500 2 12 16 10 15 725.05100 0.71009000 7.48000 3.68000 3.20000 57.69721
1480702560 2 12 16 10 16 725.04100 0.71009000 7.48000 3.68000 3.20000 57.69721
1480702620 2 12 16 10 17 725.04800 0.71009000 7.48000 3.68000 3.20000 57.69721
1480702680 2 12 16 10 18 725.00000 0.71009000 7.48000 3.68000 3.20000 57.69721
1480702680 2 12 16 10 18 725.05100 0.71009000 7.48000 3.68000 3.20000 57.69721
1480702680 2 12 16 10 18 725.05000 0.71009000 7.48000 3.68000 3.20000 57.69721
1480702680 2 12 16 10 18 725.05100 0.71009000 7.48000 3.68000 3.20000 57.69721
1480702740 2 12 16 10 19 724.99900 0.71009000 7.48000 3.68000 3.20000 57.69721
1480702740 2 12 16 10 19 724.99900 0.71009000 7.48000 3.68000 3.20000 57.69721
1480702740 2 12 16 10 19 725.05000 0.71009000 7.48000 3.68000 3.20000 57.69721
1480702800 2 12 16 10 20 725.05100 0.71009000 7.48000 3.68000 3.20000 57.69721
1480702800 2 12 16 10 20 724.99900 0.71009000 7.48000 3.68000 3.20000 57.69721
1480702860 2 12 16 10 21 725.05000 0.71009000 7.52405 3.68000 3.20000 57.59401
1480702860 2 12 16 10 21 724.99900 0.71009000 7.48000 3.68000 3.20000 57.59401
1480702920 2 12 16 10 22 725.02000 0.71009000 7.52405 3.68000 3.20000 57.59401
1480702920 2 12 16 10 22 725.02000 0.71009000 7.52405 3.68000 3.20000 57.59401
1480703040 2 12 16 10 24 725.01000 0.71009000 7.52405 3.68000 3.20000 57.59401
1480703040 2 12 16 10 24 725.01000 0.71009000 7.52405 3.68000 3.20000 56.71501
1480703040 2 12 16 10 24 725.01300 0.71009000 7.52405 3.68000 3.20000 56.71501
1480703040 2 12 16 10 24 725.04000 0.71009000 7.52405 3.68000 3.20000 56.71501
1480703100 2 12 16 10 25 725.05000 0.71009000 7.52405 3.68000 3.20000 56.71501
1480703100 2 12 16 10 25 725.05100 0.71009000 7.52405 3.68000 3.20000 56.71501
1480703160 2 12 16 10 26 725.05100 0.71009000 7.52405 3.68000 3.20000 56.71501
1480703160 2 12 16 10 26 725.05100 0.71009000 7.49862 3.68000 3.20000 56.71501
1480703160 2 12 16 10 26 725.05100 0.71009000 7.49862 3.68000 3.20000 56.71501
1480703160 2 12 16 10 26 725.05100 0.71009000 7.49862 3.68000 3.20000 56.71501
1480703280 2 12 16 10 28 725.05000 0.71009000 7.55042 3.68000 3.20000 56.71501
1480703280 2 12 16 10 28 725.05100 0.71009000 7.49862 3.68000 3.20000 56.71501
1480703280 2 12 16 10 28 725.05100 0.71009000 7.52345 3.68000 3.20000 56.71501
1480703340 2 12 16 10 29 725.05100 0.71009000 7.52345 3.68000 3.20000 56.71501
1480703340 2 12 16 10 29 725.05100 0.71009000 7.55904 3.68000 3.20000 56.71501
1480703340 2 12 16 10 29 725.05100 0.71009000 7.55904 3.68000 3.20000 56.71501
1480703340 2 12 16 10 29 725.05000 0.71009000 7.55904 3.68000 3.20000 56.71501
1480703400 2 12 16 10 30 725.05100 0.71009000 7.55904 3.68000 3.20000 56.71501
1480703400 2 12 16 10 30 725.05000 0.71009000 7.55904 3.68000 3.20000 56.71501
1480703460 2 12 16 10 31 725.05000 0.71009000 7.55904 3.68000 3.20000 56.73202
1480703520 2 12 16 10 32 725.04600 0.71009000 7.55904 3.68000 3.20000 56.73202
1480703520 2 12 16 10 32 725.05000 0.71009000 7.55904 3.68000 3.20000 56.71501
1480703580 2 12 16 10 33 725.03900 0.71009000 7.55904 3.68000 3.20000 56.73202
1480703580 2 12 16 10 33 724.99900 0.71009000 7.55904 3.68000 3.20000 56.73202
1480703640 2 12 16 10 34 725.05100 0.71009000 7.55904 3.68000 3.20000 56.73202
1480703640 2 12 16 10 34 725.05100 0.71009000 7.55904 3.68000 3.20000 56.73202
1480703700 2 12 16 10 35 724.99900 0.71009000 7.55904 3.68000 3.20000 56.73202
1480703700 2 12 16 10 35 724.05100 0.71148000 7.55904 3.68000 3.20000 56.73202
1480703760 2 12 16 10 36 724.05500 0.71148000 7.55860 3.68000 3.20000 56.73202
1480703760 2 12 16 10 36 724.05100 0.71148000 7.50031 3.68000 3.20000 56.73202
1480703820 2 12 16 10 37 724.00000 0.71148000 7.55845 3.68000 3.20000 56.73202
1480703820 2 12 16 10 37 724.05100 0.71148000 7.50031 3.68000 3.20000 56.73202
1480703820 2 12 16 10 37 725.03000 0.71148000 7.55860 3.68000 3.20000 56.73202
1480703880 2 12 16 10 38 724.05100 0.71148000 7.55850 3.68000 3.20000 56.73202
1480703880 2 12 16 10 38 723.90000 0.70808000 7.55845 3.68000 3.20000 56.73202
1480703940 2 12 16 10 39 724.95900 0.71139000 7.55845 3.68000 3.20000 56.73202
1480703940 2 12 16 10 39 723.78000 0.70808000 7.55845 3.68000 3.20000 56.73202
1480703940 2 12 16 10 39 723.78000 0.70808000 7.55845 3.68000 3.20000 56.73202
1480703940 2 12 16 10 39 723.78300 0.70808000 7.55845 3.68000 3.20000 56.73202
1480704060 2 12 16 10 41 723.80000 0.70808000 7.55845 3.68000 3.20000 56.74913
1480704060 2 12 16 10 41 723.78500 0.70808000 7.55845 3.68000 3.20000 56.74913
1480704060 2 12 16 10 41 723.80000 0.70808000 7.55845 3.68000 3.20000 56.74913
1480704120 2 12 16 10 42 723.78100 0.70808000 7.55845 3.68000 3.20000 56.74913
1480704180 2 12 16 10 43 723.80000 0.70808000 7.55845 3.68000 3.20000 56.74913
1480704180 2 12 16 10 43 723.74000 0.70808000 7.55845 3.68000 3.20000 56.74913
1480704240 2 12 16 10 44 723.74100 0.70808000 7.55845 3.68000 3.20000 56.75512
1480704240 2 12 16 10 44 723.80000 0.70808000 7.55845 3.68000 3.20000 56.75512
1480704240 2 12 16 10 44 723.40000 0.70808000 7.55845 3.68000 3.20000 56.75512
1480704240 2 12 16 10 44 723.79000 0.70808000 7.55845 3.68000 3.20000 56.75512
1480704300 2 12 16 10 45 722.85100 0.70808000 7.55800 3.68000 3.20000 56.75512
1480704300 2 12 16 10 45 723.00000 0.70808000 7.55800 3.68000 3.20000 56.75512
1480704300 2 12 16 10 45 723.74000 0.70808000 7.55845 3.68000 3.20000 56.75512
1480704360 2 12 16 10 46 723.00000 0.70840000 7.55796 3.68000 3.20000 56.75512
1480704420 2 12 16 10 47 722.88900 0.70840000 7.55796 3.68000 3.20000 56.75512
1480704420 2 12 16 10 47 722.85100 0.70840000 7.55796 3.68000 3.20000 56.75512
1480704420 2 12 16 10 47 723.68600 0.70840000 7.55796 3.68000 3.20000 56.75512
1480704540 2 12 16 10 49 723.68600 0.70840000 7.55796 3.68000 3.20000 56.75512
1480704540 2 12 16 10 49 723.60000 0.70840000 7.55796 3.68000 3.20000 56.75512
1480704540 2 12 16 10 49 723.60000 0.70840000 7.56815 3.68000 3.20000 56.75512
1480704540 2 12 16 10 49 723.60000 0.70840000 7.56815 3.68000 3.20000 56.75512
1480704600 2 12 16 10 50 722.86000 0.70840000 7.56815 3.68000 3.20000 56.75512
1480704600 2 12 16 10 50 723.60000 0.70840000 7.56815 3.68000 3.20000 56.75512
1480704660 2 12 16 10 51 723.58900 0.70840000 7.56815 3.68000 3.20000 56.50203
1480704660 2 12 16 10 51 722.86000 0.70840000 7.56815 3.68000 3.20000 56.50203
1480704660 2 12 16 10 51 723.60000 0.70840000 7.56815 3.68000 3.20000 56.75512
1480704720 2 12 16 10 52 723.80000 0.70840000 7.56815 3.68000 3.20000 56.50403
1480704780 2 12 16 10 53 723.59800 0.70840000 7.56815 3.68000 3.20000 56.50403
1480704780 2 12 16 10 53 722.25200 0.70840000 7.52534 3.68000 3.20000 56.50403
1480704840 2 12 16 10 54 723.50000 0.70840000 7.56815 3.68000 3.20000 56.50403
1480704840 2 12 16 10 54 722.25300 0.70840000 7.52534 3.68000 3.20000 56.50403
1480704900 2 12 16 10 55 722.25300 0.70840000 7.52534 3.68000 3.20000 56.50403
1480704900 2 12 16 10 55 722.25300 0.70840000 7.52540 3.68000 3.20000 56.50403
1480704960 2 12 16 10 56 722.03300 0.70840000 7.52540 3.68000 3.20000 56.50403
1480704960 2 12 16 10 56 722.50200 0.70840000 7.52540 3.68000 3.20000 56.50403
1480705020 2 12 16 10 57 722.50100 0.70840000 7.52540 3.68000 3.20000 56.50403
1480705080 2 12 16 10 58 722.87000 0.70840000 7.57672 3.68000 3.20000 56.51401
1480705080 2 12 16 10 58 722.87000 0.70840000 7.52540 3.68000 3.20000 56.51401
1480705080 2 12 16 10 58 722.87000 0.70840000 7.52540 3.68000 3.20000 56.50403
1480705080 2 12 16 10 58 722.50100 0.70840000 7.52540 3.68000 3.20000 56.51401
1480705140 2 12 16 10 59 723.80000 0.70840000 7.57672 3.68000 3.20000 56.51401
1480705200 2 12 16 11 00 722.87000 0.70840000 7.57672 3.68000 3.20000 56.51401
1480705200 2 12 16 11 00 722.87000 0.70840000 7.57672 3.68000 3.20000 56.51401
1480705260 2 12 16 11 01 722.77100 0.70840000 7.57672 3.68000 3.20000 56.51401
1480705260 2 12 16 11 01 723.79900 0.70840000 7.57672 3.68000 3.20000 56.51401
1480705260 2 12 16 11 01 723.80000 0.70840000 7.57672 3.68000 3.20000 56.51401
1480705320 2 12 16 11 02 723.79800 0.70840000 7.57672 3.68000 3.20000 56.51401
1480705320 2 12 16 11 02 723.79800 0.70840000 7.57672 3.68000 3.20000 56.51401
1480705320 2 12 16 11 02 722.87000 0.70840000 7.57672 3.68000 3.20000 56.51401
1480705380 2 12 16 11 03 722.00100 0.70840000 7.57672 3.68000 3.20000 56.51401
1480705380 2 12 16 11 03 723.80000 0.70840000 7.57672 3.68000 3.20000 56.51401
1480705440 2 12 16 11 04 723.79800 0.70840000 7.57672 3.68000 3.20000 56.51401
1480705500 2 12 16 11 05 723.79900 0.70840000 7.57672 3.68000 3.20000 56.51401
1480705500 2 12 16 11 05 723.79800 0.70840000 7.57672 3.68000 3.20000 56.51401
1480705560 2 12 16 11 06 721.86600 0.70690000 7.52215 3.68000 3.20000 56.51401
1480705560 2 12 16 11 06 724.98900 0.70840000 7.57672 3.68000 3.20000 56.51401
1480705620 2 12 16 11 07 722.00000 0.70690000 7.52215 3.68000 3.20000 56.53302
1480705620 2 12 16 11 07 722.00000 0.70690000 7.52215 3.68000 3.20000 56.51401
1480705620 2 12 16 11 07 721.93800 0.70690000 7.52215 3.68000 3.20000 56.51401
1480705620 2 12 16 11 07 724.98900 0.70840000 7.52215 3.68000 3.20000 56.51401
1480705680 2 12 16 11 08 721.97300 0.70690000 7.52215 3.68000 3.20000 56.53302
1480705680 2 12 16 11 08 722.00000 0.70690000 7.52215 3.68000 3.20000 56.53302
1480705740 2 12 16 11 09 722.00000 0.70690000 7.52215 3.68000 3.20000 56.53302
1480705740 2 12 16 11 09 722.00000 0.70690000 7.57571 3.68000 3.20000 56.53302
1480705800 2 12 16 11 10 722.00000 0.70690000 7.57571 3.68000 3.20000 56.53302
1480705860 2 12 16 11 11 722.00000 0.70690000 7.57571 3.68000 3.20000 56.53302
1480705920 2 12 16 11 12 722.00000 0.70690000 7.57555 3.68000 3.20000 56.53302
1480705920 2 12 16 11 12 722.00000 0.70690000 7.57555 3.68000 3.20000 56.53302
1480705920 2 12 16 11 12 722.00000 0.70690000 7.57555 3.68000 3.20000 56.53302
1480705920 2 12 16 11 12 722.00000 0.70690000 7.57555 3.68000 3.20000 56.53302
1480705920 2 12 16 11 12 722.00000 0.70690000 7.57555 3.68000 3.20000 56.53302
1480705980 2 12 16 11 13 722.00000 0.70690000 7.57555 3.68000 3.20000 56.53302
1480706040 2 12 16 11 14 722.91400 0.70690000 7.57555 3.68000 3.20000 56.53302
1480706040 2 12 16 11 14 722.91400 0.70690000 7.57555 3.68000 3.20000 56.53302
1480706100 2 12 16 11 15 722.91400 0.70690000 7.57555 3.68000 3.20000 56.53302
1480706160 2 12 16 11 16 722.91400 0.70690000 7.57555 3.68000 3.20000 56.54411
1480706160 2 12 16 11 16 722.58800 0.70690000 7.57555 3.68000 3.20000 56.54411
1480706160 2 12 16 11 16 722.91300 0.70690000 7.57555 3.68000 3.20000 56.54411
1480706160 2 12 16 11 16 723.00000 0.70690000 7.56987 3.68000 3.20000 56.54411
1480706220 2 12 16 11 17 722.91400 0.70690000 7.56987 3.68000 3.20000 56.54411
1480706220 2 12 16 11 17 723.00000 0.70690000 7.56987 3.68000 3.20000 56.54411
1480706220 2 12 16 11 17 723.00000 0.70690000 7.56987 3.68000 3.20000 56.54411
1480706280 2 12 16 11 18 723.22300 0.70690000 7.56987 3.68000 3.20000 56.55012
1480706280 2 12 16 11 18 723.00000 0.70690000 7.56987 3.68000 3.20000 56.54411
1480706340 2 12 16 11 19 723.22300 0.70690000 7.56987 3.68000 3.20000 56.55012
1480706400 2 12 16 11 20 721.99900 0.70690000 7.56987 3.68000 3.20000 56.55012
1480706400 2 12 16 11 20 722.50300 0.70690000 7.56987 3.68000 3.20000 56.55012
1480706460 2 12 16 11 21 723.22300 0.70690000 7.56987 3.68000 3.20000 56.55512
1480706460 2 12 16 11 21 723.20600 0.70690000 7.56987 3.68000 3.20000 56.55012
1480706460 2 12 16 11 21 723.22300 0.70690000 7.56987 3.68000 3.20000 56.55012
1480706520 2 12 16 11 22 723.19900 0.70690000 7.56097 3.68000 3.20000 56.55512
1480706520 2 12 16 11 22 723.20000 0.70674000 7.56097 3.68000 3.20000 56.55512
1480706520 2 12 16 11 22 723.20000 0.70674000 7.56097 3.68000 3.20000 56.55512
1480706580 2 12 16 11 23 723.00000 0.70674000 7.56097 3.68000 3.20000 56.55512
1480706580 2 12 16 11 23 723.00000 0.70674000 7.56097 3.68000 3.20000 56.55512
1480706640 2 12 16 11 24 723.07600 0.70674000 7.56097 3.68000 3.20000 56.55512
1480706700 2 12 16 11 25 723.00000 0.70674000 7.56097 3.68000 3.20000 56.55512
1480706700 2 12 16 11 25 723.00000 0.70674000 7.56097 3.68000 3.20000 56.55512
1480706700 2 12 16 11 25 722.21100 0.70674000 7.56097 3.63501 3.20000 56.55512
1480706820 2 12 16 11 27 723.90000 0.70674000 7.56097 3.63501 3.20000 56.55512
1480706820 2 12 16 11 27 723.89900 0.70674000 7.56097 3.63501 3.20000 56.55512
1480706820 2 12 16 11 27 722.85000 0.70674000 7.56097 3.63501 3.20000 56.55512
1480706880 2 12 16 11 28 723.90000 0.70674000 7.56097 3.63501 3.20000 56.55512
1480706880 2 12 16 11 28 723.78400 0.70674000 7.56097 3.63501 3.20000 56.55512
1480706880 2 12 16 11 28 723.90000 0.70674000 7.56097 3.63501 3.20000 56.55512
1480706880 2 12 16 11 28 723.78400 0.70674000 7.56097 3.63501 3.20000 56.55512
1480706940 2 12 16 11 29 724.00000 0.70674000 7.57475 3.63501 3.20000 56.55512
1480706940 2 12 16 11 29 723.78300 0.70674000 7.56097 3.63501 3.20000 56.55512
1480707000 2 12 16 11 30 724.00000 0.70674000 7.57475 3.63501 3.20000 56.55512
1480707000 2 12 16 11 30 723.74000 0.70674000 7.57475 3.63501 3.20000 56.56383
1480707060 2 12 16 11 31 723.50000 0.70680000 7.57881 3.63501 3.20000 56.56383
1480707120 2 12 16 11 32 724.00000 0.70680000 7.57881 3.63501 3.20000 56.56406
1480707120 2 12 16 11 32 722.85000 0.70680000 7.57881 3.63501 3.20000 56.56383
1480707120 2 12 16 11 32 722.00400 0.70680000 7.57881 3.63501 3.20000 56.56406
1480707180 2 12 16 11 33 723.64900 0.70680000 7.57881 3.63501 3.20000 56.56406
1480707180 2 12 16 11 33 722.97600 0.70680000 7.57881 3.63501 3.20000 56.56406
1480707180 2 12 16 11 33 722.97600 0.70680000 7.57881 3.63501 3.20000 56.56406
1480707240 2 12 16 11 34 722.97600 0.70680000 7.57881 3.63501 3.20000 56.56406
1480707240 2 12 16 11 34 722.80000 0.70680000 7.57881 3.63501 3.20000 56.56406
1480707300 2 12 16 11 35 722.97500 0.70680000 7.57881 3.63501 3.20000 56.56406
1480707300 2 12 16 11 35 722.80000 0.70680000 7.57881 3.63501 3.20000 56.56406
1480707420 2 12 16 11 37 723.11000 0.70680000 7.57881 3.63501 3.20000 56.56406
1480707420 2 12 16 11 37 723.99900 0.70680000 7.57881 3.63501 3.20000 56.56406
1480707420 2 12 16 11 37 723.99900 0.70680000 7.57881 3.63501 3.20000 56.56406
1480707420 2 12 16 11 37 723.88800 0.70680000 7.57881 3.63501 3.20000 56.56406
1480707420 2 12 16 11 37 723.99900 0.70680000 7.57881 3.63501 3.20000 56.56406
1480707480 2 12 16 11 38 722.32100 0.70680000 7.57881 3.63501 3.20000 56.56406
1480707540 2 12 16 11 39 723.09000 0.70680000 7.57881 3.63501 3.20000 56.56406
1480707540 2 12 16 11 39 723.10500 0.70680000 7.57881 3.63501 3.20000 56.56406
1480707600 2 12 16 11 40 723.09000 0.70680000 7.57881 3.63501 3.20000 56.56406
1480707600 2 12 16 11 40 723.11000 0.70680000 7.57881 3.63501 3.20000 56.56406
1480707600 2 12 16 11 40 723.10000 0.70680000 7.57881 3.63501 3.20000 56.56406
1480707660 2 12 16 11 41 723.08900 0.70680000 7.55591 3.63501 3.20000 56.56406
1480707660 2 12 16 11 41 722.25000 0.70680000 7.55591 3.63501 3.20000 56.56406
1480707660 2 12 16 11 41 723.09000 0.70680000 7.55591 3.63501 3.20000 56.56406
1480707720 2 12 16 11 42 723.08900 0.70680000 7.55591 3.63501 3.20000 56.56406
1480707780 2 12 16 11 43 723.08900 0.70680000 7.55591 3.63501 3.20000 56.56406
1480707780 2 12 16 11 43 723.08900 0.70680000 7.55591 3.63501 3.20000 56.56406
1480707780 2 12 16 11 43 723.00000 0.70680000 7.56290 3.63501 3.20000 56.56406
1480707840 2 12 16 11 44 723.00000 0.70680000 7.55591 3.63501 3.20000 56.56406
1480707840 2 12 16 11 44 722.01000 0.70680000 7.56290 3.63501 3.20000 56.56406
1480707900 2 12 16 11 45 722.99700 0.70680000 7.56290 3.63501 3.20000 56.56406
1480707960 2 12 16 11 46 722.07100 0.70680000 7.56290 3.63501 3.20000 56.56406
1480707960 2 12 16 11 46 722.99600 0.70680000 7.56290 3.63501 3.20000 56.56406
1480707960 2 12 16 11 46 722.79800 0.70680000 7.57000 3.63501 3.20000 56.56406
1480708020 2 12 16 11 47 722.80000 0.70680000 7.57000 3.63501 3.20000 56.56406
1480708020 2 12 16 11 47 722.79800 0.70680000 7.57000 3.63501 3.20000 56.56406
1480708080 2 12 16 11 48 722.80000 0.70680000 7.57241 3.63501 3.20000 56.56406
1480708080 2 12 16 11 48 722.80000 0.70680000 7.57000 3.63501 3.20000 56.56406
1480708140 2 12 16 11 49 722.80000 0.70680000 7.57241 3.63501 3.20000 56.56406
1480708140 2 12 16 11 49 722.31300 0.70680000 7.57241 3.63501 3.20000 56.56406
1480708200 2 12 16 11 50 722.80000 0.70680000 7.57241 3.63501 3.20000 56.56406
1480708200 2 12 16 11 50 722.80000 0.70680000 7.56232 3.63501 3.20000 56.56406
1480708260 2 12 16 11 51 722.79000 0.70680000 7.56232 3.63501 3.20000 56.56406
1480708260 2 12 16 11 51 722.41300 0.70680000 7.56232 3.63501 3.20000 56.56406
1480708320 2 12 16 11 52 722.41300 0.70680000 7.56232 3.63501 3.20000 56.56406
1480708320 2 12 16 11 52 722.79000 0.70680000 7.56232 3.63501 3.20000 56.56406
1480708320 2 12 16 11 52 722.79000 0.70680000 7.56232 3.63501 3.20000 56.56406
1480708380 2 12 16 11 53 722.44100 0.70680000 7.56232 3.63501 3.20000 56.56406
1480708380 2 12 16 11 53 722.44000 0.70680000 7.56232 3.63501 3.20000 56.49746
1480708440 2 12 16 11 54 722.30200 0.70680000 7.56232 3.63501 3.20000 56.49746
1480708440 2 12 16 11 54 722.30100 0.70680000 7.56232 3.63501 3.20000 56.49746
1480708440 2 12 16 11 54 722.30200 0.70680000 7.56232 3.63501 3.20000 56.49746
1480708500 2 12 16 11 55 722.30200 0.70680000 7.56232 3.63501 3.20000 56.49746
1480708560 2 12 16 11 56 722.30200 0.70680000 7.56232 3.63501 3.20000 56.49746
1480708560 2 12 16 11 56 722.30200 0.70680000 7.56232 3.63501 3.20000 56.49746
1480708560 2 12 16 11 56 722.30200 0.70680000 7.56232 3.63501 3.20000 56.49746
1480708620 2 12 16 11 57 722.30200 0.70680000 7.56232 3.63501 3.20000 56.49746
1480708620 2 12 16 11 57 722.30200 0.70680000 7.56232 3.66000 3.20000 56.49746
1480708680 2 12 16 11 58 722.30000 0.70680000 7.56232 3.66000 3.20000 56.49746
1480708680 2 12 16 11 58 722.30200 0.70680000 7.56232 3.66000 3.20000 56.49746
1480708680 2 12 16 11 58 722.30200 0.70680000 7.56232 3.66000 3.20000 56.49746
1480708740 2 12 16 11 59 722.30200 0.70680000 7.53563 3.66000 3.20000 56.49746
1480708800 2 12 16 12 00 722.30200 0.70680000 7.53563 3.66000 3.20000 56.49746
1480708800 2 12 16 12 00 722.30200 0.70680000 7.53563 3.66000 3.20000 56.49746
1480708860 2 12 16 12 01 722.30100 0.70680000 7.53563 3.66000 3.20000 56.49746
1480708860 2 12 16 12 01 722.44000 0.70680000 7.53563 3.66000 3.20000 56.49746
1480708860 2 12 16 12 01 722.44000 0.70680000 7.53563 3.66000 3.20000 56.49746
1480708920 2 12 16 12 02 722.44000 0.70680000 7.53563 3.66000 3.20000 56.49746
1480708980 2 12 16 12 03 722.44000 0.70680000 7.53563 3.66000 3.20000 56.49746
1480708980 2 12 16 12 03 722.44000 0.70680000 7.53563 3.66000 3.20000 56.49746
1480709040 2 12 16 12 04 722.44000 0.70680000 7.53563 3.66000 3.20000 56.49746
1480709040 2 12 16 12 04 722.44000 0.70680000 7.53563 3.66000 3.20000 56.49746
1480709040 2 12 16 12 04 722.44000 0.70680000 7.53563 3.66000 3.20000 56.49746
1480709040 2 12 16 12 04 722.40000 0.70680000 7.53563 3.66000 3.20000 56.49746
1480709100 2 12 16 12 05 722.44000 0.70680000 7.53563 3.66000 3.20000 56.49746
1480709100 2 12 16 12 05 722.43900 0.70680000 7.53563 3.66000 3.20000 57.35568
1480709160 2 12 16 12 06 722.44000 0.70680000 7.53563 3.66000 3.20000 57.35568
1480709160 2 12 16 12 06 722.43900 0.70680000 7.53563 3.66000 3.20000 56.31237
1480709220 2 12 16 12 07 722.43900 0.70680000 7.53563 3.66000 3.20000 56.31237
1480709280 2 12 16 12 08 722.43900 0.70680000 7.57890 3.66000 3.20000 57.35055
1480709280 2 12 16 12 08 722.43900 0.70680000 7.53563 3.66000 3.20000 56.31237
1480709280 2 12 16 12 08 722.43900 0.70680000 7.57890 3.66000 3.20000 57.35055
1480709340 2 12 16 12 09 722.44000 0.70680000 7.57890 3.66000 3.20000 57.35055
1480709340 2 12 16 12 09 722.44000 0.70680000 7.57890 3.66000 3.20000 57.35055
1480709340 2 12 16 12 09 722.30200 0.70680000 7.57890 3.66000 3.20000 57.35055
1480709340 2 12 16 12 09 722.30200 0.70680000 7.57890 3.66000 3.20000 57.35055
1480709400 2 12 16 12 10 721.99900 0.70680000 7.57890 3.66000 3.20000 57.35055
1480709400 2 12 16 12 10 722.30300 0.70680000 7.57890 3.66000 3.20000 57.35055
1480709460 2 12 16 12 11 722.29700 0.70680000 7.57890 3.66000 3.20000 57.35055
1480709520 2 12 16 12 12 722.30300 0.70177000 7.57890 3.66000 3.20000 56.31498
1480709520 2 12 16 12 12 721.99900 0.70680000 7.57890 3.66000 3.20000 57.35055
1480709580 2 12 16 12 13 722.30100 0.70799000 7.57791 3.66000 3.20000 57.58000
1480709580 2 12 16 12 13 722.29700 0.70680000 7.57890 3.66000 3.20000 57.35055
1480709580 2 12 16 12 13 722.10000 0.70177000 7.57890 3.66000 3.20000 56.31498
1480709640 2 12 16 12 14 722.30300 0.70177000 7.57890 3.66000 3.20000 56.31498
