 6 10 17 06 26 3748.00000 10.50000000 254.59000 44.61000 16.13400 227.32200
 6 10 17 06 26 3748.00000 10.50000000 254.60000 44.61000 16.13400 227.32200
 6 10 17 06 26 3750.00000 10.50000000 254.59000 44.61000 16.13400 227.62300
 6 10 17 06 27 3747.30000 10.50000000 254.59000 44.61000 16.13400 227.62300
 6 10 17 06 27 3747.30000 10.50000000 254.58000 44.49000 16.13400 227.62400
 6 10 17 06 28 3747.30000 10.50200000 254.55000 44.49000 16.13400 227.62400
 6 10 17 06 28 3748.90000 10.50200000 254.59000 44.49000 16.13400 227.62400
 6 10 17 06 29 3747.30000 10.53400000 254.60000 44.49000 16.13400 227.62400
 6 10 17 06 29 3747.80000 10.53400000 254.60000 44.49000 16.13400 227.62400
 6 10 17 06 29 3747.60000 10.53400000 254.60000 44.49000 16.13400 227.62400
 6 10 17 06 30 3747.30000 10.53400000 254.60000 44.61000 16.13400 225.71100
 6 10 17 06 30 3747.80000 10.53400000 254.60000 44.61000 16.13400 227.62400
 6 10 17 06 31 3747.60000 10.53400000 254.60000 44.61000 16.13400 227.62400
 6 10 17 06 31 3747.50000 10.53400000 254.58000 44.61000 16.17400 227.62400
 6 10 17 06 32 3747.30000 10.53400000 254.55000 44.61000 16.17400 227.62400
 6 10 17 06 32 3747.80000 10.53400000 254.55000 44.61000 16.17400 227.62400
 6 10 17 06 32 3736.00000 10.50000000 254.60000 44.61000 16.17400 228.00000
 6 10 17 06 33 3736.00000 10.53000000 254.60000 44.61000 16.17400 228.00000
 6 10 17 06 33 3739.40000 10.53000000 254.80000 44.61000 16.17400 228.00000
 6 10 17 06 34 3738.70000 10.53000000 254.84000 44.61000 16.17400 228.00000
 6 10 17 06 34 3746.80000 10.53000000 254.91000 44.51000 16.17400 228.00000
 6 10 17 06 35 3745.00000 10.53000000 254.91000 44.51000 16.17400 228.00000
 6 10 17 06 35 3740.40000 10.53000000 254.98000 44.51000 16.13000 228.02300
 6 10 17 06 35 3744.50000 10.53000000 254.97000 44.51000 16.13000 228.02300
 6 10 17 06 36 3744.60000 10.53000000 254.97000 44.51000 16.13000 228.02300
 6 10 17 06 36 3740.80000 10.53000000 254.98000 44.60000 16.13000 228.02300
 6 10 17 06 37 3740.70000 10.53000000 254.98000 44.60000 16.13000 226.80200
 6 10 17 06 37 3741.80000 10.53000000 254.98000 44.60000 16.13000 226.80200
 6 10 17 06 38 3746.90000 10.53000000 254.96000 44.60000 16.15500 226.80200
 6 10 17 06 38 3743.90000 10.53000000 254.80000 44.52000 16.15500 226.80200
 6 10 17 06 38 3746.90000 10.53000000 254.69000 44.60000 16.15500 226.80200
 6 10 17 06 39 3744.40000 10.53000000 254.69000 44.60000 16.22300 226.80200
 6 10 17 06 39 3747.60000 10.53000000 254.69000 44.60000 16.22300 226.80200
 6 10 17 06 40 3747.70000 10.50000000 254.97000 44.60000 16.22300 226.80200
 6 10 17 06 40 3747.70000 10.50000000 254.97000 44.65000 16.22300 226.80200
 6 10 17 06 41 3748.90000 10.50000000 254.97000 44.65000 16.22300 226.80200
 6 10 17 06 41 3748.90000 10.50000000 254.97000 44.65000 16.22300 226.80200
 6 10 17 06 41 3748.80000 10.50000000 254.94000 44.65000 16.22300 227.16000
 6 10 17 06 42 3748.20000 10.50000000 254.94000 44.65000 16.22300 227.16000
 6 10 17 06 42 3749.20000 10.50000000 254.96000 44.61000 16.22300 227.16000
 6 10 17 06 43 3751.00000 10.50000000 254.96000 44.65000 16.22300 227.16000
 6 10 17 06 43 3752.80000 10.50000000 254.97000 44.67000 16.22300 227.16000
 6 10 17 06 44 3753.30000 10.50000000 254.97000 44.67000 16.22300 227.16000
 6 10 17 06 44 3757.40000 10.50000000 254.97000 44.67000 16.22300 227.16000
 6 10 17 06 44 3757.20000 10.50000000 254.98000 44.67000 16.22300 227.16000
 6 10 17 06 45 3759.10000 10.50000000 254.98000 44.72000 16.22300 227.16000
 6 10 17 06 45 3760.00000 10.50000000 254.98000 44.71000 16.22300 227.16000
 6 10 17 06 46 3760.50000 10.50000000 254.97000 44.71000 16.22300 227.16000
 6 10 17 06 46 3761.30000 10.50000000 254.97000 44.71000 16.22300 227.16000
 6 10 17 06 47 3761.20000 10.50000000 254.97000 44.71000 16.22300 226.89700
 6 10 17 06 47 3760.70000 10.50000000 254.98000 44.75000 16.22300 226.89700
 6 10 17 06 48 3761.60000 10.50000000 254.97000 44.70000 16.22300 227.00000
 6 10 17 06 48 3761.70000 10.58000000 254.99000 44.70000 16.22300 228.95000
 6 10 17 06 48 3760.90000 10.58300000 254.99000 44.70000 16.22300 227.08100
 6 10 17 06 49 3762.40000 10.58300000 254.99000 44.70000 16.22300 227.08100
 6 10 17 06 49 3761.60000 10.58300000 254.99000 44.70000 16.22300 227.08100
 6 10 17 06 50 3763.90000 10.58300000 254.99000 44.70000 16.22300 228.00000
 6 10 17 06 50 3763.00000 10.58300000 254.98000 44.70000 16.22300 228.00000
 6 10 17 06 50 3763.40000 10.58300000 254.98000 44.79000 16.22300 228.90000
 6 10 17 06 51 3763.40000 10.58300000 254.98000 44.79000 16.22300 229.00000
 6 10 17 06 51 3764.00000 10.58300000 254.98000 44.79000 16.22300 229.00000
 6 10 17 06 52 3764.00000 10.58300000 254.98000 44.81000 16.22300 229.00000
 6 10 17 06 52 3764.00000 10.58300000 254.93000 44.81000 16.22300 229.00000
 6 10 17 06 53 3764.00000 10.58300000 254.93000 44.85000 16.22300 229.00000
 6 10 17 06 53 3764.40000 10.49200000 254.93000 44.85000 16.22300 229.00000
 6 10 17 06 53 3762.30000 10.49200000 254.98000 44.85000 16.22300 229.00000
 6 10 17 06 54 3757.20000 10.49200000 254.99000 44.85000 16.21600 229.00000
 6 10 17 06 54 3759.50000 10.49200000 254.99000 44.85000 16.21600 228.99900
 6 10 17 06 55 3759.80000 10.45600000 254.99000 44.88000 16.21600 228.75000
 6 10 17 06 55 3757.20000 10.45600000 255.00000 44.88000 16.21600 228.75000
 6 10 17 06 56 3755.30000 10.57800000 255.00000 44.88000 16.21600 228.75000
 6 10 17 06 56 3759.00000 10.57000000 255.00000 44.88000 16.21600 228.75000
 6 10 17 06 56 3751.40000 10.57000000 254.99000 44.88000 16.21600 228.75000
 6 10 17 06 57 3754.20000 10.57700000 254.99000 44.86000 16.21600 228.75000
 6 10 17 06 57 3757.90000 10.57700000 254.98000 44.86000 16.21600 228.75000
 6 10 17 06 58 3757.90000 10.57700000 254.90000 44.85000 16.21600 228.75000
 6 10 17 06 58 3757.80000 10.57700000 254.66000 44.85000 16.13300 228.75000
 6 10 17 06 59 3757.80000 10.53000000 254.90000 44.85000 16.13300 228.75000
 6 10 17 06 59 3755.00000 10.53000000 254.98000 44.85000 16.13300 228.08000
 6 10 17 06 59 3755.00000 10.53000000 254.83000 44.85000 16.13300 228.08000
 6 10 17 07 00 3754.40000 10.53000000 254.83000 44.85000 16.13300 228.08000
 6 10 17 07 00 3754.50000 10.50500000 254.73000 44.85000 16.13300 228.08000
 6 10 17 07 01 3754.80000 10.50500000 254.71000 44.85000 16.13300 228.08000
 6 10 17 07 01 3754.90000 10.50500000 254.98000 44.85000 16.13300 228.96000
 6 10 17 07 02 3754.90000 10.50500000 254.73000 44.93000 16.13300 228.96000
 6 10 17 07 02 3755.10000 10.57500000 254.98000 44.85000 16.13300 229.00000
 6 10 17 07 02 3755.20000 10.57500000 254.98000 44.81000 16.13300 229.00000
 6 10 17 07 03 3755.20000 10.57500000 254.98000 44.81000 16.13300 228.99900
 6 10 17 07 03 3755.50000 10.57500000 254.98000 44.80000 16.13300 228.99900
 6 10 17 07 04 3755.80000 10.57500000 254.98000 44.80000 16.13300 228.99900
 6 10 17 07 04 3757.60000 10.57500000 254.98000 44.80000 16.13300 228.99900
 6 10 17 07 05 3757.70000 10.57500000 254.98000 44.80000 16.13300 228.99900
 6 10 17 07 05 3759.80000 10.57500000 254.98000 44.74000 16.13300 228.99900
 6 10 17 07 05 3756.50000 10.57500000 255.00000 44.74000 16.13300 228.99900
 6 10 17 07 06 3759.60000 10.57500000 255.04000 44.74000 16.13300 228.99900
 6 10 17 07 06 3756.50000 10.57500000 255.31000 44.71000 16.13300 228.99900
 6 10 17 07 07 3756.50000 10.57500000 255.30000 44.74000 16.13300 228.99900
 6 10 17 07 07 3759.60000 10.57500000 255.30000 44.74000 16.13300 228.08000
 6 10 17 07 08 3760.00000 10.57500000 255.30000 44.82000 16.13300 228.03000
 6 10 17 07 08 3760.00000 10.57500000 255.38000 44.76000 16.13300 228.00000
 6 10 17 07 08 3759.90000 10.57500000 255.38000 44.76000 16.13300 228.00000
 6 10 17 07 09 3759.90000 10.57500000 255.38000 44.76000 16.13300 228.00000
 6 10 17 07 09 3759.90000 10.57500000 255.37000 44.80000 16.13300 228.00000
 6 10 17 07 10 3759.90000 10.57500000 255.37000 44.80000 16.13300 227.90000
 6 10 17 07 10 3759.60000 10.57500000 255.38000 44.80000 16.13300 227.90000
 6 10 17 07 11 3759.80000 10.57500000 255.40000 44.75000 16.13300 227.90000
 6 10 17 07 11 3759.80000 10.57500000 255.40000 44.75000 16.13300 227.90000
 6 10 17 07 11 3759.80000 10.57500000 255.41000 44.75000 16.17000 227.90000
 6 10 17 07 12 3759.80000 10.57500000 255.39000 44.75000 16.17000 227.90000
 6 10 17 07 12 3759.80000 10.57500000 255.39000 44.75000 16.17000 227.90000
 6 10 17 07 13 3759.80000 10.51700000 255.28000 44.75000 16.17000 227.90000
 6 10 17 07 13 3759.80000 10.51700000 255.02000 44.75000 16.17000 226.33000
 6 10 17 07 14 3759.70000 10.51700000 255.27000 44.75000 16.17000 226.33000
 6 10 17 07 14 3759.80000 10.51700000 255.26000 44.75000 16.17000 226.33000
 6 10 17 07 14 3759.70000 10.51700000 255.18000 44.75000 16.17000 226.33000
 6 10 17 07 15 3759.40000 10.51700000 255.28000 44.75000 16.17000 226.33000
 6 10 17 07 15 3759.70000 10.51700000 255.28000 44.76000 16.17000 226.33000
 6 10 17 07 16 3759.60000 10.57400000 255.14000 44.73000 16.17000 226.33000
 6 10 17 07 16 3759.50000 10.57400000 255.27000 44.72000 16.17000 226.33000
 6 10 17 07 17 3759.60000 10.57400000 255.27000 44.72000 16.17000 226.33000
 6 10 17 07 17 3759.60000 10.57400000 255.26000 44.78000 16.17000 226.33000
 6 10 17 07 17 3759.60000 10.57400000 255.12000 44.78000 16.17000 227.70000
 6 10 17 07 18 3759.60000 10.57400000 255.26000 44.78000 16.17000 227.70000
 6 10 17 07 18 3759.60000 10.57400000 255.23000 44.80000 16.17000 227.70000
 6 10 17 07 19 3759.60000 10.57500000 255.27000 44.80000 16.17000 227.70000
 6 10 17 07 19 3759.60000 10.57500000 255.27000 44.80000 16.17000 227.70000
 6 10 17 07 20 3759.60000 10.57400000 255.12000 44.98000 16.25300 227.70000
 6 10 17 07 20 3759.50000 10.57400000 255.12000 44.98000 16.33200 227.70000
 6 10 17 07 20 3759.00000 10.49500000 255.25000 44.98000 16.33200 227.70000
 6 10 17 07 21 3759.00000 10.49500000 255.28000 44.98000 16.30300 227.70000
 6 10 17 07 21 3759.00000 10.49500000 255.28000 44.98000 16.30300 227.70000
 6 10 17 07 22 3759.40000 10.49500000 255.25000 44.98000 16.30300 227.70000
 6 10 17 07 22 3759.40000 10.49500000 255.25000 44.98000 16.30300 227.70000
 6 10 17 07 22 3757.50000 10.49500000 255.25000 44.98000 16.30300 226.00000
 6 10 17 07 23 3759.40000 10.58900000 255.25000 44.98000 16.30300 226.00000
 6 10 17 07 23 3759.50000 10.58900000 255.39000 45.00000 16.33600 226.00000
 6 10 17 07 24 3759.40000 10.58900000 255.74000 45.00000 16.33600 226.00000
 6 10 17 07 24 3759.50000 10.58900000 255.31000 45.00000 16.33600 226.00000
 6 10 17 07 25 3759.30000 10.57100000 255.58000 44.98000 16.30200 226.00000
 6 10 17 07 25 3759.30000 10.57100000 255.88000 44.98000 16.30200 226.00000
 6 10 17 07 25 3759.60000 10.57100000 255.88000 44.98000 16.33700 226.90000
 6 10 17 07 26 3759.90000 10.57100000 255.89000 45.00000 16.33700 226.90000
 6 10 17 07 26 3760.20000 10.57100000 255.88000 44.99000 16.33700 226.90000
 6 10 17 07 27 3761.00000 10.58400000 255.87000 44.99000 16.33700 226.90000
 6 10 17 07 27 3760.60000 10.58400000 255.87000 44.99000 16.33700 226.00000
 6 10 17 07 28 3761.00000 10.58400000 255.88000 44.99000 16.33700 225.35000
 6 10 17 07 28 3760.90000 10.58400000 255.89000 44.99000 16.33700 225.31000
 6 10 17 07 28 3761.00000 10.58400000 255.90000 44.99000 16.33700 225.34000
 6 10 17 07 29 3763.70000 10.58400000 255.89000 44.99000 16.33700 225.34000
 6 10 17 07 29 3763.30000 10.58400000 255.90000 44.99000 16.33700 225.34000
 6 10 17 07 30 3761.90000 10.58400000 255.90000 44.99000 16.33700 225.31000
 6 10 17 07 30 3762.90000 10.58400000 255.89000 44.99000 16.33700 225.10000
 6 10 17 07 31 3762.70000 10.58400000 255.89000 44.98000 16.33700 223.32700
 6 10 17 07 31 3762.60000 10.58400000 255.89000 44.98000 16.33700 223.89000
 6 10 17 07 31 3760.00000 10.58400000 255.87000 44.98000 16.33700 223.93000
 6 10 17 07 32 3760.00000 10.58400000 255.87000 44.98000 16.33700 223.89100
 6 10 17 07 32 3759.00000 10.58500000 255.89000 44.92000 16.33700 225.02000
 6 10 17 07 33 3756.10000 10.58500000 255.89000 44.92000 16.33700 225.02000
 6 10 17 07 33 3758.80000 10.58500000 255.89000 44.92000 16.33700 225.02000
 6 10 17 07 33 3760.00000 10.58500000 255.88000 44.92000 16.33700 225.02000
 6 10 17 07 34 3757.70000 10.58500000 255.87000 44.92000 16.33700 225.02000
 6 10 17 07 34 3758.20000 10.58500000 255.88000 44.92000 16.33700 223.89100
 6 10 17 07 35 3759.70000 10.58500000 255.04000 44.92000 16.33700 223.89000
 6 10 17 07 35 3758.60000 10.58500000 255.81000 44.96000 16.33700 221.42100
 6 10 17 07 36 3756.60000 10.58500000 255.81000 44.96000 16.33700 221.44100
 6 10 17 07 36 3755.20000 10.58500000 255.80000 44.96000 16.33700 221.44100
 6 10 17 07 36 3760.00000 10.58500000 255.89000 44.96000 16.33700 221.44100
 6 10 17 07 37 3758.80000 10.58500000 255.89000 44.96000 16.33700 221.44100
 6 10 17 07 37 3755.60000 10.58500000 255.46000 44.93000 16.33700 225.77900
 6 10 17 07 38 3755.60000 10.51200000 255.82000 44.93000 16.33700 225.77900
 6 10 17 07 38 3754.10000 10.59900000 255.80000 44.93000 16.33700 225.77900
 6 10 17 07 39 3754.80000 10.59900000 255.53000 44.96000 16.33700 225.77900
 6 10 17 07 39 3760.00000 10.59900000 255.56000 44.96000 16.33700 226.00000
 6 10 17 07 39 3760.00000 10.59900000 255.53000 44.96000 16.33700 226.00000
 6 10 17 07 40 3755.00000 10.59900000 255.87000 44.96000 16.33700 224.92400
 6 10 17 07 40 3759.60000 10.59900000 255.52000 44.96000 16.33700 224.92400
 6 10 17 07 41 3759.60000 10.59900000 255.52000 44.96000 16.33700 224.92400
 6 10 17 07 41 3754.00000 10.59900000 255.40000 44.96000 16.33700 224.92400
 6 10 17 07 42 3753.80000 10.59500000 255.14000 44.96000 16.33700 224.92400
 6 10 17 07 42 3752.90000 10.59500000 255.49000 44.92000 16.33700 222.39000
 6 10 17 07 42 3751.00000 10.59500000 255.52000 44.92000 16.33700 221.65000
 6 10 17 07 43 3751.30000 10.59500000 255.47000 44.92000 16.33700 221.65000
 6 10 17 07 43 3751.10000 10.46700000 255.17000 44.92000 16.33700 221.73000
 6 10 17 07 44 3751.00000 10.58900000 255.51000 44.92000 16.33700 221.73100
 6 10 17 07 44 3751.30000 10.58900000 255.49000 44.92000 16.33700 221.73100
 6 10 17 07 45 3750.10000 10.58900000 255.49000 44.92000 16.33700 221.73100
 6 10 17 07 45 3750.10000 10.58900000 255.43000 44.92000 16.33700 221.85100
 6 10 17 07 45 3750.10000 10.58900000 255.00000 44.92000 16.33700 221.85100
 6 10 17 07 46 3750.00000 10.58900000 255.06000 44.92000 16.33700 221.85100
 6 10 17 07 46 3763.00000 10.58900000 255.05000 44.92000 16.33700 221.85100
 6 10 17 07 47 3751.80000 10.58900000 255.01000 44.92000 16.33700 221.85100
 6 10 17 07 47 3762.10000 10.58900000 254.85000 44.92000 16.33700 221.85100
 6 10 17 07 47 3762.10000 10.58900000 255.02000 44.95000 16.33700 221.85100
 6 10 17 07 48 3761.60000 10.58900000 255.01000 44.81000 16.33700 223.88800
 6 10 17 07 48 3759.80000 10.48900000 255.05000 44.81000 16.33700 222.46000
 6 10 17 07 49 3760.00000 10.48900000 255.05000 44.81000 16.33700 222.46000
 6 10 17 07 49 3751.00000 10.48900000 255.01000 44.81000 16.33700 223.56000
 6 10 17 07 50 3756.90000 10.48900000 255.23000 44.81000 16.30000 223.56000
 6 10 17 07 50 3752.50000 10.48900000 255.29000 44.81000 16.35900 222.52000
 6 10 17 07 50 3756.70000 10.48900000 255.30000 44.81000 16.35900 222.52000
 6 10 17 07 51 3752.70000 10.48900000 255.30000 44.74000 16.35900 222.52000
 6 10 17 07 51 3756.50000 10.48900000 255.30000 44.74000 16.35900 222.56000
 6 10 17 07 52 3756.90000 10.48900000 255.39000 44.74000 16.35900 222.56000
 6 10 17 07 52 3760.20000 10.48900000 255.51000 44.72000 16.35900 222.56600
 6 10 17 07 53 3756.80000 10.50000000 255.51000 44.72000 16.35900 222.56600
 6 10 17 07 53 3756.80000 10.50000000 255.51000 44.72000 16.35900 222.56600
 6 10 17 07 53 3759.60000 10.50000000 255.69000 44.72000 16.35900 222.56600
 6 10 17 07 54 3759.70000 10.50000000 255.68000 44.72000 16.35900 222.56600
 6 10 17 07 54 3760.00000 10.50000000 255.67000 44.72000 16.35900 222.56600
 6 10 17 07 55 3760.00000 10.50000000 255.66000 44.72000 16.35900 222.56600
 6 10 17 07 55 3760.00000 10.50000000 255.66000 44.72000 16.35900 222.56600
 6 10 17 07 56 3760.00000 10.50000000 255.66000 44.71000 16.35900 225.98900
 6 10 17 07 56 3760.00000 10.50000000 255.66000 44.86000 16.35900 225.84000
 6 10 17 07 56 3760.00000 10.50000000 255.81000 44.86000 16.35900 225.84000
 6 10 17 07 57 3760.00000 10.50000000 255.76000 44.86000 16.35900 225.81000
 6 10 17 07 57 3760.70000 10.50000000 255.78000 44.86000 16.35900 225.81000
 6 10 17 07 58 3760.70000 10.50000000 255.77000 44.71000 16.30000 223.03000
 6 10 17 07 58 3760.00000 10.50000000 255.75000 44.86000 16.30000 223.03000
 6 10 17 07 59 3760.70000 10.50000000 255.75000 44.86000 16.30000 223.06000
 6 10 17 07 59 3760.00000 10.50000000 255.43000 44.86000 16.30000 223.06000
 6 10 17 07 59 3760.40000 10.50000000 255.70000 44.85000 16.35900 223.06000
 6 10 17 08 00 3760.40000 10.50000000 255.87000 44.70000 16.35900 223.06000
 6 10 17 08 00 3760.40000 10.57400000 255.88000 44.70000 16.35900 223.35000
 6 10 17 08 01 3760.10000 10.57400000 255.95706 44.70000 16.35900 223.35000
 6 10 17 08 01 3760.40000 10.57400000 256.00000 44.70000 16.35900 223.35000
 6 10 17 08 02 3760.40000 10.57400000 255.90000 44.70000 16.35900 223.35000
 6 10 17 08 02 3760.60000 10.58400000 255.97000 44.85000 16.35900 223.35000
 6 10 17 08 02 3760.60000 10.58400000 255.97000 44.85000 16.35900 223.35000
 6 10 17 08 03 3763.80000 10.58400000 255.97000 44.85000 16.35900 223.36000
 6 10 17 08 03 3760.60000 10.46200000 255.94000 44.85000 16.35900 223.36000
 6 10 17 08 04 3762.90000 10.46200000 255.68000 44.85000 16.35900 223.36000
 6 10 17 08 04 3762.90000 10.57900000 255.68000 44.65000 16.35900 223.36000
 6 10 17 08 05 3760.20000 10.57900000 255.90000 44.65000 16.35900 223.36000
 6 10 17 08 05 3761.60000 10.57900000 255.55000 44.65000 16.35900 223.54000
 6 10 17 08 05 3760.70000 10.57900000 255.90000 44.75000 16.35900 223.50000
 6 10 17 08 06 3759.70000 10.57900000 255.90000 44.85000 16.35900 223.50000
 6 10 17 08 06 3760.70000 10.57900000 255.80000 44.85000 16.35900 223.52000
 6 10 17 08 07 3759.70000 10.57900000 255.80000 44.85000 16.35900 223.53000
 6 10 17 08 07 3759.60000 10.57900000 255.80000 44.85000 16.35900 223.53000
 6 10 17 08 08 3759.70000 10.56900000 255.85000 44.85000 16.39100 223.53000
 6 10 17 08 08 3760.00000 10.56900000 255.87000 44.85000 16.39100 223.53000
 6 10 17 08 08 3759.60000 10.56900000 255.75000 44.83000 16.39100 223.53000
 6 10 17 08 09 3757.00000 10.56900000 255.80000 44.83000 16.39100 223.53000
 6 10 17 08 09 3759.60000 10.56900000 255.75000 44.82000 16.39100 223.53000
 6 10 17 08 10 3759.00000 10.55700000 255.85000 44.82000 16.39100 223.53000
 6 10 17 08 10 3757.20000 10.55700000 255.57000 44.82000 16.39100 223.53000
 6 10 17 08 10 3756.60000 10.55700000 255.84000 44.82000 16.39100 223.54000
 6 10 17 08 11 3756.60000 10.55700000 255.75000 44.82000 16.39100 223.54000
 6 10 17 08 11 3758.80000 10.55700000 255.85000 44.86000 16.39100 223.54000
 6 10 17 08 12 3759.00000 10.47100000 255.85000 44.83000 16.39100 223.54000
 6 10 17 08 12 3758.90000 10.47100000 255.43000 44.83000 16.39100 223.54000
 6 10 17 08 13 3758.90000 10.47100000 255.84000 44.82000 16.39100 223.54000
 6 10 17 08 13 3759.10000 10.47100000 255.47000 44.83000 16.39100 223.54000
 6 10 17 08 13 3759.30000 10.55600000 255.45000 44.69000 16.39100 223.54000
 6 10 17 08 14 3759.30000 10.55600000 255.35000 44.63000 16.39100 223.50000
 6 10 17 08 14 3758.90000 10.55500000 255.45000 44.82000 16.39100 223.50000
 6 10 17 08 15 3758.90000 10.55500000 255.20000 44.82000 16.39100 223.50000
 6 10 17 08 15 3759.00000 10.55600000 255.12000 44.81000 16.39100 223.54000
 6 10 17 08 16 3758.90000 10.55600000 255.20000 44.81000 16.30000 223.70000
 6 10 17 08 16 3759.00000 10.55600000 255.20000 44.78000 16.30000 223.70000
 6 10 17 08 16 3758.00000 10.55200000 255.35000 44.78000 16.30000 223.70000
 6 10 17 08 17 3758.80000 10.55200000 255.20000 44.81000 16.30000 223.70000
 6 10 17 08 17 3758.60000 10.55200000 255.19000 44.81000 16.30000 223.50000
 6 10 17 08 18 3756.70000 10.55200000 255.35000 44.81000 16.30000 223.50000
 6 10 17 08 18 3756.50000 10.45000000 255.34000 44.61000 16.30000 223.50000
 6 10 17 08 19 3756.90000 10.45000000 255.35000 44.76000 16.30000 223.50000
 6 10 17 08 19 3757.00000 10.54000000 255.44000 44.61000 16.38900 223.50000
 6 10 17 08 19 3756.70000 10.54000000 255.52000 44.76000 16.38900 223.93900
 6 10 17 08 20 3757.00000 10.54000000 255.52000 44.75000 16.38900 223.93900
 6 10 17 08 20 3757.20000 10.54000000 255.52000 44.75000 16.30200 223.93900
 6 10 17 08 21 3757.20000 10.54000000 255.45000 44.75000 16.30200 223.93900
 6 10 17 08 21 3758.60000 10.54000000 255.45000 44.75000 16.30200 223.93900
 6 10 17 08 22 3757.50000 10.54000000 255.19000 44.65000 16.30000 224.10000
 6 10 17 08 22 3757.50000 10.54000000 255.50000 44.65000 16.30000 224.10000
 6 10 17 08 22 3758.30000 10.54000000 255.49000 44.73000 16.30000 224.10000
 6 10 17 08 23 3758.40000 10.54000000 255.21000 44.65000 16.30000 224.10000
 6 10 17 08 23 3758.00000 10.52000000 255.21000 44.75000 16.30000 224.10000
 6 10 17 08 24 3758.30000 10.52000000 255.54000 44.75000 16.30000 224.59000
 6 10 17 08 24 3758.40000 10.52000000 255.26000 44.75000 16.30000 224.59000
 6 10 17 08 25 3758.50000 10.51900000 255.26000 44.75000 16.30000 224.59000
 6 10 17 08 25 3758.40000 10.51900000 255.73000 44.75000 16.30000 224.59000
 6 10 17 08 25 3758.40000 10.51900000 255.73000 44.75000 16.30000 224.59000
 6 10 17 08 26 3758.50000 10.51900000 255.73000 44.75000 16.30000 224.10000
 6 10 17 08 26 3758.50000 10.51900000 255.77000 44.72000 16.30000 224.10000
 6 10 17 08 27 3758.40000 10.51900000 255.77000 44.74000 16.30000 224.10000
 6 10 17 08 27 3758.30000 10.51900000 255.77000 44.72000 16.30000 224.09000
 6 10 17 08 27 3758.30000 10.51900000 255.79000 44.75000 16.30000 224.09000
 6 10 17 08 28 3758.50000 10.51900000 255.48000 44.75000 16.30000 224.09000
 6 10 17 08 28 3758.30000 10.51900000 255.79000 44.75000 16.30000 224.09000
 6 10 17 08 29 3756.30000 10.51900000 255.53000 44.75000 16.30000 224.10000
 6 10 17 08 29 3758.30000 10.51900000 255.53000 44.75000 16.30000 224.10000
 6 10 17 08 30 3758.30000 10.51900000 255.66000 44.75000 16.30000 224.10000
 6 10 17 08 30 3755.30000 10.51900000 255.65000 44.75000 16.30000 224.10000
 6 10 17 08 30 3758.40000 10.51900000 255.65000 44.75000 16.30000 224.10000
 6 10 17 08 31 3758.30000 10.51900000 255.65000 44.75000 16.30000 224.10000
 6 10 17 08 31 3758.30000 10.51900000 255.31000 44.75000 16.30000 224.10000
 6 10 17 08 32 3758.30000 10.51900000 255.31000 44.75000 16.30000 224.10000
 6 10 17 08 32 3753.00000 10.51900000 255.32000 44.75000 16.30000 224.10000
 6 10 17 08 33 3756.50000 10.45400000 255.35000 44.75000 16.30000 224.10000
 6 10 17 08 33 3753.30000 10.45400000 255.35000 44.75000 16.30000 224.10000
 6 10 17 08 33 3753.40000 10.45400000 255.70000 44.75000 16.30000 224.10000
 6 10 17 08 34 3753.40000 10.45400000 255.46000 44.75000 16.30000 224.10000
 6 10 17 08 34 3754.20000 10.45400000 255.35000 44.75000 16.30000 224.10000
 6 10 17 08 35 3756.60000 10.49700000 255.36000 44.75000 16.30000 224.43000
 6 10 17 08 35 3756.60000 10.50100000 255.36000 44.75000 16.30000 224.43000
 6 10 17 08 36 3756.60000 10.50100000 255.36000 44.77000 16.30000 224.43000
 6 10 17 08 36 3756.60000 10.50100000 255.36000 44.77000 16.30000 224.43000
 6 10 17 08 36 3756.60000 10.50100000 255.36000 44.77000 16.30000 224.09000
 6 10 17 08 37 3754.20000 10.50100000 255.36000 44.78000 16.30000 224.09000
 6 10 17 08 37 3753.30000 10.50100000 255.36000 44.80000 16.30000 224.09000
 6 10 17 08 38 3757.70000 10.50100000 255.35000 44.80000 16.30000 224.09000
 6 10 17 08 38 3751.10000 10.48700000 255.22000 44.80000 16.30000 224.09000
 6 10 17 08 39 3755.70000 10.48700000 255.33000 44.77000 16.30000 224.09000
 6 10 17 08 39 3755.00000 10.48700000 255.18000 44.77000 16.30000 224.09000
 6 10 17 08 39 3751.80000 10.48700000 255.18000 44.78000 16.30000 224.08000
 6 10 17 08 40 3751.70000 10.48700000 255.30000 44.78000 16.30000 224.08000
 6 10 17 08 40 3752.20000 10.48700000 255.21000 44.78000 16.30000 224.08000
 6 10 17 08 41 3752.20000 10.50000000 254.95000 44.78000 16.41700 224.08000
 6 10 17 08 41 3752.00000 10.50000000 255.12000 44.78000 16.41600 224.08000
 6 10 17 08 41 3752.00000 10.50000000 255.34000 44.75000 16.41600 224.08000
 6 10 17 08 42 3752.10000 10.50000000 255.34000 44.75000 16.41600 223.79000
 6 10 17 08 42 3750.50000 10.50000000 255.05000 44.75000 16.41600 223.79000
 6 10 17 08 43 3750.20000 10.50000000 255.30000 44.75000 16.34500 223.00000
 6 10 17 08 43 3750.20000 10.48400000 255.35000 44.75000 16.35200 223.00000
 6 10 17 08 44 3751.40000 10.48000000 255.35000 44.75000 16.35200 223.00000
 6 10 17 08 44 3752.00000 10.48000000 255.36000 44.75000 16.35200 223.00000
 6 10 17 08 44 3752.10000 10.45000000 255.36000 44.75000 16.35200 223.00000
 6 10 17 08 45 3753.10000 10.50000000 255.36000 44.75000 16.35200 221.69000
 6 10 17 08 45 3752.90000 10.50000000 255.35000 44.78000 16.35200 221.13100
 6 10 17 08 46 3752.90000 10.50000000 255.35000 44.78000 16.35200 221.13100
 6 10 17 08 46 3750.60000 10.45000000 255.36000 44.78000 16.41600 221.13100
 6 10 17 08 47 3753.70000 10.43100000 255.36000 44.78000 16.41600 221.13100
 6 10 17 08 47 3752.70000 10.43100000 255.34000 44.78000 16.41700 221.13100
 6 10 17 08 47 3752.90000 10.40400000 255.34000 44.75000 16.36400 222.58000
 6 10 17 08 48 3755.00000 10.40400000 255.34000 44.75000 16.36400 221.01200
 6 10 17 08 48 3755.00000 10.40400000 255.34000 44.75000 16.36400 221.01200
 6 10 17 08 49 3755.00000 10.40400000 255.34000 44.70000 16.36400 221.01200
 6 10 17 08 49 3755.10000 10.40400000 255.34000 44.70000 16.36400 221.01200
 6 10 17 08 50 3755.20000 10.40000000 255.34000 44.70000 16.36400 221.01200
 6 10 17 08 50 3755.20000 10.40000000 255.34000 44.69000 16.36400 221.01200
 6 10 17 08 50 3755.20000 10.40000000 255.34000 44.69000 16.36400 221.01200
 6 10 17 08 51 3755.30000 10.40000000 255.34000 44.52000 16.36400 221.01200
 6 10 17 08 51 3755.10000 10.45000000 255.34000 44.52000 16.36400 221.01200
 6 10 17 08 52 3755.00000 10.45000000 255.36000 44.52000 16.36400 221.01200
 6 10 17 08 52 3754.70000 10.40000000 255.36000 44.52000 16.36400 221.01200
 6 10 17 08 53 3754.90000 10.48700000 255.36000 44.52000 16.36400 221.01200
 6 10 17 08 53 3754.90000 10.48700000 255.36000 44.80000 16.36400 221.01200
 6 10 17 08 53 3754.00000 10.48700000 255.36000 44.80000 16.36400 221.01200
 6 10 17 08 54 3754.10000 10.48700000 255.36000 44.80000 16.36400 220.81000
 6 10 17 08 54 3758.50000 10.48700000 255.36000 44.80000 16.36400 220.81000
 6 10 17 08 55 3756.00000 10.48700000 255.36000 44.80000 16.36400 220.81000
 6 10 17 08 55 3755.50000 10.48700000 255.36000 44.59000 16.36400 221.01200
 6 10 17 08 56 3755.30000 10.48700000 255.36000 44.79000 16.36400 221.53000
 6 10 17 08 56 3755.50000 10.48700000 255.31000 44.79000 16.36400 221.01200
 6 10 17 08 56 3756.00000 10.48700000 255.36000 44.79000 16.36400 220.10000
 6 10 17 08 57 3756.00000 10.48700000 255.40000 44.79000 16.36400 220.10000
 6 10 17 08 57 3756.00000 10.48700000 255.41000 44.79000 16.36400 220.10000
 6 10 17 08 58 3756.00000 10.48700000 255.42000 44.79000 16.36400 220.10000
 6 10 17 08 58 3756.00000 10.48700000 255.32000 44.79000 16.36400 220.10000
 6 10 17 08 58 3755.90000 10.48700000 255.32000 44.79000 16.36400 220.10000
 6 10 17 08 59 3757.60000 10.48700000 255.42000 44.74000 16.36400 220.10000
 6 10 17 08 59 3758.20000 10.48700000 255.42000 44.74000 16.36400 220.10000
 6 10 17 09 00 3756.40000 10.48700000 255.46000 44.60000 16.36400 220.10000
 6 10 17 09 00 3758.60000 10.48700000 255.46000 44.74000 16.36400 220.10000
 6 10 17 09 01 3758.60000 10.48700000 255.46000 44.63000 16.36400 220.10000
 6 10 17 09 01 3758.70000 10.48700000 255.46000 44.63000 16.36400 220.10000
 6 10 17 09 01 3757.50000 10.48700000 255.46000 44.74000 16.36400 220.00000
 6 10 17 09 02 3757.60000 10.48700000 255.52000 44.64000 16.30200 220.00000
 6 10 17 09 02 3760.00000 10.48700000 255.52000 44.64000 16.30200 220.00000
 6 10 17 09 03 3759.90000 10.48700000 255.76000 44.60000 16.30000 219.98200
 6 10 17 09 03 3759.90000 10.48700000 255.96000 44.60000 16.30000 219.98200
 6 10 17 09 04 3760.00000 10.48700000 255.96000 44.73000 16.48600 219.98200
 6 10 17 09 04 3758.80000 10.48700000 255.95000 44.64000 16.48600 219.98200
 6 10 17 09 04 3760.00000 10.48700000 255.96000 44.64000 16.48600 219.98200
 6 10 17 09 05 3760.90000 10.48700000 255.96000 44.64000 16.48600 219.98200
 6 10 17 09 05 3760.10000 10.43000000 255.95000 44.64000 16.48600 219.98200
 6 10 17 09 06 3760.10000 10.43000000 255.89000 44.73000 16.48600 219.98200
 6 10 17 09 06 3760.10000 10.43000000 255.95000 44.73000 16.48600 219.75100
 6 10 17 09 06 3760.10000 10.43000000 255.94000 44.60000 16.48600 220.00000
 6 10 17 09 07 3759.90000 10.43000000 255.92000 44.60000 16.48600 220.00000
 6 10 17 09 07 3759.90000 10.43000000 255.56000 44.64000 16.48600 220.00000
 6 10 17 09 08 3758.80000 10.48400000 255.56000 44.64000 16.48600 220.00000
 6 10 17 09 08 3759.70000 10.48400000 255.56000 44.64000 16.48600 220.00000
 6 10 17 09 09 3758.80000 10.48400000 255.59000 44.64000 16.48600 221.21000
 6 10 17 09 09 3756.20000 10.48400000 255.59000 44.64000 16.48600 220.00000
 6 10 17 09 10 3758.70000 10.48400000 255.59000 44.64000 16.48600 220.00000
 6 10 17 09 10 3758.10000 10.48400000 255.95000 44.72000 16.48600 220.00000
 6 10 17 09 10 3758.10000 10.48400000 255.92000 44.72000 16.48600 220.00000
 6 10 17 09 11 3757.00000 10.48400000 255.92000 44.73000 16.48600 220.00000
 6 10 17 09 11 3756.90000 10.48400000 255.80000 44.73000 16.48600 221.04900
 6 10 17 09 12 3756.80000 10.48400000 255.77000 44.73000 16.48600 221.04900
 6 10 17 09 12 3756.60000 10.48400000 255.54000 44.73000 16.48600 221.04900
 6 10 17 09 12 3756.70000 10.48400000 255.54000 44.72000 16.48600 221.04900
 6 10 17 09 13 3759.80000 10.48400000 255.54000 44.72000 16.48600 221.04900
 6 10 17 09 13 3755.60000 10.48400000 255.51000 44.72000 16.48600 221.04900
 6 10 17 09 14 3756.10000 10.48400000 255.50000 44.72000 16.48600 221.04900
 6 10 17 09 14 3756.00000 10.48400000 255.90000 44.72000 16.48600 221.04900
 6 10 17 09 15 3755.60000 10.48400000 255.49000 44.73000 16.41100 221.04900
 6 10 17 09 15 3756.00000 10.48400000 255.68000 44.75000 16.41100 221.04900
 6 10 17 09 15 3756.00000 10.48400000 255.60000 44.75000 16.41100 221.04900
 6 10 17 09 16 3755.80000 10.48400000 255.89000 44.75000 16.30000 221.04900
 6 10 17 09 16 3755.90000 10.48400000 255.89000 44.75000 16.30000 219.75100
 6 10 17 09 17 3755.80000 10.48400000 255.89000 44.80000 16.30000 219.75100
 6 10 17 09 17 3755.60000 10.48400000 255.89000 44.75000 16.30000 219.75100
 6 10 17 09 18 3755.60000 10.48400000 255.62000 44.75000 16.30000 221.24900
 6 10 17 09 18 3755.80000 10.48400000 255.68000 44.80000 16.30000 219.70000
 6 10 17 09 18 3756.00000 10.48400000 255.80000 44.80000 16.30000 219.70000
 6 10 17 09 19 3755.60000 10.48400000 255.60000 44.79000 16.30000 221.15000
 6 10 17 09 19 3755.60000 10.48400000 255.60000 44.79000 16.30000 221.16000
 6 10 17 09 20 3755.70000 10.48400000 255.61000 44.79000 16.30000 221.16000
 6 10 17 09 20 3755.70000 10.47900000 255.61000 44.80000 16.30000 221.16000
 6 10 17 09 21 3755.70000 10.47900000 255.60000 44.60000 16.30000 221.24000
 6 10 17 09 21 3755.30000 10.47900000 255.89000 44.60000 16.30000 218.97800
 6 10 17 09 21 3755.20000 10.47900000 255.59000 44.60000 16.30000 219.00000
 6 10 17 09 22 3755.00000 10.47900000 255.59000 44.79000 16.30000 219.00000
 6 10 17 09 22 3754.90000 10.47900000 255.67000 44.79000 16.30000 219.00000
 6 10 17 09 23 3755.30000 10.47900000 255.67000 44.79000 16.30000 219.00000
 6 10 17 09 23 3755.30000 10.47900000 255.63000 44.78000 16.30000 220.93000
 6 10 17 09 24 3755.30000 10.47900000 255.13000 44.78000 16.30000 220.93000
 6 10 17 09 24 3755.30000 10.47900000 255.50000 44.77000 16.30000 220.93000
 6 10 17 09 24 3754.40000 10.43000000 255.49000 44.77000 16.30000 220.93000
 6 10 17 09 25 3754.80000 10.47500000 255.50000 44.77000 16.30000 221.25000
 6 10 17 09 25 3755.80000 10.47500000 255.12000 44.77000 16.30000 221.25000
 6 10 17 09 26 3755.00000 10.47500000 255.39000 44.77000 16.30000 221.30000
 6 10 17 09 26 3755.00000 10.47500000 255.50000 44.77000 16.30000 221.30000
 6 10 17 09 27 3756.00000 10.47500000 255.50000 44.78000 16.30000 221.30000
 6 10 17 09 27 3755.00000 10.47500000 255.50000 44.78000 16.30000 219.56100
 6 10 17 09 27 3755.00000 10.47500000 255.58000 44.77000 16.44200 219.56100
 6 10 17 09 28 3755.00000 10.47500000 255.60000 44.77000 16.44200 219.56100
 6 10 17 09 28 3755.00000 10.47500000 255.57000 44.78000 16.44200 219.56100
 6 10 17 09 29 3755.00000 10.47500000 255.31000 44.78000 16.44200 219.56100
 6 10 17 09 29 3755.00000 10.47500000 255.31000 44.64000 16.44200 219.56100
 6 10 17 09 30 3755.50000 10.47500000 255.57000 44.64000 16.44200 219.56100
 6 10 17 09 30 3755.00000 10.47500000 255.57000 44.78000 16.44200 219.56100
 6 10 17 09 30 3755.00000 10.47500000 255.25000 44.78000 16.44200 219.56100
 6 10 17 09 31 3754.00000 10.47500000 255.56000 44.78000 16.44200 219.56100
 6 10 17 09 31 3755.00000 10.47500000 255.55000 44.78000 16.44200 219.56100
 6 10 17 09 32 3754.10000 10.47500000 255.56000 44.78000 16.44200 219.56100
 6 10 17 09 32 3754.10000 10.47500000 255.55000 44.78000 16.44200 219.56100
 6 10 17 09 32 3754.10000 10.47500000 255.60000 44.78000 16.44200 219.56100
 6 10 17 09 33 3754.00000 10.47500000 255.60000 44.78000 16.44200 219.56100
 6 10 17 09 33 3753.90000 10.47500000 255.60000 44.78000 16.44200 219.56100
 6 10 17 09 34 3753.90000 10.47500000 255.56000 44.78000 16.44200 219.17000
 6 10 17 09 34 3753.90000 10.47500000 255.58000 44.69000 16.44200 219.17000
 6 10 17 09 35 3753.60000 10.47500000 255.60000 44.78000 16.44200 219.17000
 6 10 17 09 35 3750.50000 10.47200000 255.60000 44.78000 16.44200 219.17000
 6 10 17 09 35 3750.40000 10.47200000 255.59000 44.76000 16.44200 219.17000
 6 10 17 09 36 3750.00000 10.43000000 255.60000 44.78000 16.44200 219.00000
 6 10 17 09 36 3750.10000 10.43000000 255.60000 44.78000 16.44200 219.00000
 6 10 17 09 37 3750.20000 10.43000000 255.60000 44.78000 16.44200 218.99700
 6 10 17 09 37 3750.00000 10.40300000 255.60000 44.78000 16.44200 219.00000
 6 10 17 09 38 3750.50000 10.40300000 255.60000 44.78000 16.44200 219.00000
 6 10 17 09 38 3750.00000 10.40300000 255.60000 44.78000 16.44200 219.00000
 6 10 17 09 38 3751.00000 10.40300000 255.60000 44.78000 16.44200 219.96000
 6 10 17 09 39 3751.00000 10.40300000 255.60000 44.73000 16.44200 219.96000
 6 10 17 09 39 3751.00000 10.40300000 255.60000 44.78000 16.44200 219.96000
 6 10 17 09 40 3751.00000 10.40300000 255.60000 44.78000 16.44200 220.00000
 6 10 17 09 40 3751.20000 10.46700000 255.60000 44.78000 16.44200 220.00000
 6 10 17 09 41 3751.00000 10.46700000 255.60000 44.80000 16.44200 220.00000
 6 10 17 09 41 3751.10000 10.46700000 255.60000 44.80000 16.44200 220.00000
 6 10 17 09 41 3751.20000 10.46700000 255.60000 44.78000 16.44200 221.50000
 6 10 17 09 42 3751.20000 10.46700000 255.59000 44.78000 16.44200 221.50000
 6 10 17 09 42 3751.20000 10.46700000 255.60000 44.80000 16.44200 221.00000
 6 10 17 09 43 3751.20000 10.46700000 255.54000 44.80000 16.44200 221.00000
 6 10 17 09 43 3750.40000 10.46700000 255.54000 44.80000 16.44200 221.00000
 6 10 17 09 44 3750.90000 10.46700000 255.54000 44.79000 16.44200 221.00000
 6 10 17 09 44 3750.10000 10.46700000 255.60000 44.80000 16.44200 221.88900
 6 10 17 09 44 3750.10000 10.46700000 255.60000 44.80000 16.44200 221.83000
 6 10 17 09 45 3750.10000 10.46700000 255.57000 44.80000 16.35000 221.83000
 6 10 17 09 45 3750.90000 10.46700000 255.57000 44.78000 16.35000 222.86600
 6 10 17 09 46 3751.00000 10.46700000 255.57000 44.80000 16.47600 222.86600
 6 10 17 09 46 3751.00000 10.46700000 255.57000 44.80000 16.47600 222.77900
 6 10 17 09 47 3750.30000 10.46700000 255.56000 44.78000 16.47600 222.77900
 6 10 17 09 47 3751.00000 10.46700000 255.56000 44.80000 16.47600 222.77900
 6 10 17 09 47 3752.60000 10.42000000 255.56000 44.80000 16.47600 222.77900
 6 10 17 09 48 3752.00000 10.42000000 255.57000 44.80000 16.47600 222.63000
 6 10 17 09 48 3753.30000 10.42000000 255.57000 44.80000 16.47600 222.63000
 6 10 17 09 49 3752.80000 10.42000000 255.60000 44.80000 16.47600 222.63000
 6 10 17 09 49 3754.00000 10.42000000 255.60000 44.80000 16.44200 222.63000
 6 10 17 09 50 3754.10000 10.42000000 255.60000 44.70000 16.44200 222.63000
 6 10 17 09 50 3754.00000 10.46600000 255.60000 44.80000 16.44200 222.63000
 6 10 17 09 50 3754.10000 10.46600000 255.60000 44.80000 16.44200 222.63000
 6 10 17 09 51 3754.10000 10.46600000 255.60000 44.80000 16.44200 222.00000
 6 10 17 09 51 3755.10000 10.46600000 255.59000 44.80000 16.44200 222.00000
 6 10 17 09 52 3755.10000 10.42300000 255.60000 44.80000 16.44200 222.00000
 6 10 17 09 52 3754.40000 10.35900000 255.60000 44.71000 16.44200 222.00000
 6 10 17 09 53 3755.90000 10.35900000 255.59000 44.71000 16.44200 222.23000
 6 10 17 09 53 3756.40000 10.41300000 255.60000 44.71000 16.44200 222.20500
 6 10 17 09 53 3756.70000 10.41300000 255.59000 44.71000 16.44200 222.20500
 6 10 17 09 54 3756.80000 10.37300000 255.60000 44.71000 16.44200 222.20500
 6 10 17 09 54 3758.00000 10.46100000 255.60000 44.71000 16.44200 222.20500
 6 10 17 09 55 3758.00000 10.46100000 255.59000 44.79000 16.44200 222.20500
 6 10 17 09 55 3758.00000 10.46100000 255.60000 44.79000 16.44200 222.20500
 6 10 17 09 56 3758.00000 10.46100000 255.60000 44.79000 16.44200 223.46000
 6 10 17 09 56 3759.80000 10.46100000 255.60000 44.72000 16.44200 223.46000
 6 10 17 09 56 3763.80000 10.46100000 255.60000 44.72000 16.44200 223.46000
 6 10 17 09 57 3763.40000 10.46100000 255.62000 44.72000 16.44200 222.06000
 6 10 17 09 57 3762.00000 10.46100000 255.80000 44.72000 16.44200 223.03900
 6 10 17 09 58 3762.00000 10.46100000 255.92000 44.75000 16.44200 223.03900
 6 10 17 09 58 3762.00000 10.46100000 255.92000 44.75000 16.44200 223.03900
 6 10 17 09 59 3762.90000 10.46100000 255.94000 44.75000 16.44200 223.03900
 6 10 17 09 59 3762.90000 10.46100000 255.94000 44.75000 16.44200 223.03900
 6 10 17 09 59 3762.70000 10.46100000 255.94000 44.75000 16.44200 223.03900
 6 10 17 10 00 3762.80000 10.46100000 255.94000 44.75000 16.44200 223.03900
 6 10 17 10 00 3762.90000 10.46100000 255.81000 44.75000 16.44200 223.03900
 6 10 17 10 01 3762.90000 10.46700000 255.82000 44.75000 16.44200 223.03900
 6 10 17 10 01 3762.90000 10.46700000 255.94000 44.80000 16.44200 223.03900
 6 10 17 10 01 3763.20000 10.46700000 255.92000 44.80000 16.44200 223.03900
 6 10 17 10 02 3763.70000 10.46700000 256.00000 44.70000 16.44200 223.03900
 6 10 17 10 02 3764.00000 10.46700000 256.00000 44.70000 16.44200 222.33000
 6 10 17 10 03 3763.90000 10.46700000 256.00000 44.70000 16.44200 222.33000
 6 10 17 10 03 3763.90000 10.46700000 256.00000 44.80000 16.44200 222.52900
 6 10 17 10 04 3763.30000 10.46700000 256.00000 44.80000 16.44100 222.52900
 6 10 17 10 04 3763.30000 10.46700000 256.00000 44.80000 16.44100 222.52900
 6 10 17 10 04 3763.30000 10.46700000 256.00000 44.95000 16.44100 222.52900
 6 10 17 10 05 3763.30000 10.46700000 256.00000 44.70000 16.44100 222.52900
 6 10 17 10 05 3763.30000 10.46700000 255.96000 44.70000 16.35000 222.52900
 6 10 17 10 06 3763.90000 10.46000000 255.99000 44.74000 16.35000 222.52900
 6 10 17 10 06 3763.30000 10.46000000 256.01000 44.74000 16.35000 222.52900
 6 10 17 10 07 3769.90000 10.46000000 256.02000 44.75000 16.35000 222.52900
 6 10 17 10 07 3766.90000 10.46000000 256.10000 44.75000 16.35000 222.52900
 6 10 17 10 07 3766.20000 10.45800000 256.10000 44.94000 16.35000 222.52900
 6 10 17 10 08 3763.90000 10.45800000 256.09000 44.94000 16.35000 222.52900
 6 10 17 10 08 3766.00000 10.45800000 256.12000 44.93000 16.35000 222.52900
 6 10 17 10 09 3767.80000 10.45800000 256.36000 44.93000 16.35000 222.52900
 6 10 17 10 09 3769.10000 10.45800000 256.49000 44.93000 16.44400 222.52900
 6 10 17 10 10 3767.90000 10.45800000 256.50000 44.75000 16.44400 222.49000
 6 10 17 10 10 3769.10000 10.38200000 256.54000 44.75000 16.44400 222.49000
 6 10 17 10 10 3767.30000 10.38200000 256.65000 44.75000 16.44400 222.49000
 6 10 17 10 11 3767.10000 10.38200000 256.65000 44.75000 16.44400 222.49000
 6 10 17 10 11 3768.70000 10.45600000 256.93000 44.75000 16.44400 222.49000
 6 10 17 10 12 3768.50000 10.45600000 257.30000 44.75000 16.44400 222.49000
 6 10 17 10 12 3767.10000 10.45600000 257.30000 44.75000 16.44400 222.49000
 6 10 17 10 13 3764.00000 10.45600000 257.00000 44.94000 16.44400 222.49000
 6 10 17 10 13 3766.70000 10.45600000 256.85000 44.77000 16.44400 221.50000
 6 10 17 10 13 3766.50000 10.45600000 256.96000 44.77000 16.44400 221.50000
 6 10 17 10 14 3764.20000 10.45600000 256.99000 44.77000 16.44400 221.50000
 6 10 17 10 14 3766.70000 10.39700000 256.97000 44.77000 16.44400 221.50000
 6 10 17 10 15 3764.80000 10.39700000 257.25000 44.77000 16.44400 221.50000
 6 10 17 10 15 3765.00000 10.39700000 257.24000 44.77000 16.44400 221.50000
 6 10 17 10 15 3764.90000 10.39700000 257.13000 44.77000 16.44400 221.50000
 6 10 17 10 16 3764.90000 10.39700000 257.13000 44.77000 16.44400 221.50000
 6 10 17 10 16 3764.40000 10.39700000 257.12000 44.77000 16.44400 222.93900
 6 10 17 10 17 3764.70000 10.39700000 257.10000 44.77000 16.44400 222.93900
 6 10 17 10 17 3762.00000 10.39700000 256.98000 44.77000 16.44400 222.93900
 6 10 17 10 18 3760.20000 10.39700000 256.85000 44.95000 16.44400 222.93900
 6 10 17 10 18 3761.90000 10.39700000 256.97000 44.95000 16.44400 222.93900
 6 10 17 10 18 3761.50000 10.39700000 256.89000 44.95000 16.44400 222.93900
 6 10 17 10 19 3760.20000 10.39700000 256.89000 44.95000 16.44400 222.93900
 6 10 17 10 19 3760.10000 10.39700000 256.64000 44.95000 16.44400 221.20000
 6 10 17 10 20 3758.50000 10.39700000 256.78000 44.95000 16.44400 221.20000
 6 10 17 10 20 3759.90000 10.39700000 256.78000 44.95000 16.44400 221.20000
 6 10 17 10 21 3760.10000 10.39700000 256.58000 44.95000 16.44400 222.70900
 6 10 17 10 21 3756.70000 10.39700000 256.58000 44.95000 16.44400 222.70900
 6 10 17 10 21 3759.50000 10.39700000 256.58000 44.95000 16.44400 222.63000
 6 10 17 10 22 3757.30000 10.39700000 256.60000 44.81000 16.44400 222.63000
 6 10 17 10 22 3757.00000 10.39700000 256.60000 44.95000 16.44400 222.63000
 6 10 17 10 23 3757.00000 10.39700000 256.60000 44.81000 16.44400 221.04000
 6 10 17 10 23 3757.00000 10.39700000 256.50000 44.83000 16.44400 222.51000
 6 10 17 10 24 3754.10000 10.39700000 256.70000 44.83000 16.44400 222.51000
 6 10 17 10 24 3759.30000 10.39700000 256.70000 44.83000 16.44400 222.51000
 6 10 17 10 24 3759.00000 10.46300000 256.70000 44.83000 16.44400 222.51000
 6 10 17 10 25 3758.90000 10.46300000 257.10000 44.83000 16.44400 222.51000
 6 10 17 10 25 3754.50000 10.46300000 257.10000 44.83000 16.44400 222.51000
 6 10 17 10 26 3758.70000 10.46300000 256.99000 44.83000 16.44400 222.51000
 6 10 17 10 26 3759.40000 10.46300000 256.72000 44.83000 16.44400 222.51000
 6 10 17 10 27 3756.80000 10.46300000 257.11000 44.83000 16.44400 222.51000
 6 10 17 10 27 3759.50000 10.46300000 257.00000 44.81000 16.44400 222.51000
 6 10 17 10 27 3758.70000 10.46300000 256.77000 44.83000 16.44400 222.51000
 6 10 17 10 28 3758.70000 10.46300000 256.77000 44.83000 16.44400 222.51000
 6 10 17 10 28 3757.20000 10.46300000 257.11000 44.81000 16.44400 222.51000
 6 10 17 10 29 3757.40000 10.46300000 256.80000 44.83000 16.44400 222.51000
 6 10 17 10 29 3757.30000 10.46300000 256.81000 44.83000 16.44400 222.51000
 6 10 17 10 30 3759.00000 10.46300000 257.06000 44.83000 16.44400 222.51000
 6 10 17 10 30 3757.30000 10.46300000 257.08000 44.83000 16.44400 222.51000
 6 10 17 10 30 3756.40000 10.46300000 257.08000 44.83000 16.44400 222.51000
 6 10 17 10 31 3756.40000 10.46600000 257.08000 44.83000 16.44400 222.40900
 6 10 17 10 31 3756.40000 10.46600000 257.00000 44.83000 16.44300 222.40900
 6 10 17 10 32 3756.60000 10.46600000 257.00000 44.83000 16.44300 222.40900
 6 10 17 10 32 3758.30000 10.46600000 257.00000 44.83000 16.44300 222.40900
 6 10 17 10 33 3758.10000 10.46600000 257.14000 44.83000 16.44300 222.40900
 6 10 17 10 33 3760.00000 10.46600000 257.01000 44.83000 16.44300 222.40900
 6 10 17 10 33 3759.80000 10.46600000 257.01000 44.83000 16.44300 222.40900
 6 10 17 10 34 3758.20000 10.46600000 257.01000 44.83000 16.44300 218.50300
 6 10 17 10 34 3756.50000 10.46000000 257.12000 44.83000 16.44300 218.50300
 6 10 17 10 35 3757.00000 10.46000000 257.12000 44.83000 16.44300 220.17000
 6 10 17 10 35 3756.90000 10.46000000 257.00000 44.83000 16.44300 220.17000
 6 10 17 10 36 3759.30000 10.46000000 257.00000 44.83000 16.44300 220.17000
 6 10 17 10 36 3759.10000 10.46000000 257.00000 44.83000 16.44300 220.17000
 6 10 17 10 36 3758.80000 10.46000000 257.00000 44.83000 16.44300 220.17000
 6 10 17 10 37 3758.70000 10.46000000 257.10000 44.83000 16.44300 220.17000
 6 10 17 10 37 3756.60000 10.46000000 257.00000 44.83000 16.44300 220.17000
 6 10 17 10 38 3758.60000 10.46000000 257.00000 44.83000 16.44300 220.17000
 6 10 17 10 38 3758.60000 10.46000000 256.80000 44.83000 16.44300 220.17000
 6 10 17 10 38 3758.90000 10.46000000 256.80000 44.83000 16.44300 220.17000
 6 10 17 10 39 3758.00000 10.46000000 256.72000 44.83000 16.44300 220.17000
 6 10 17 10 39 3758.00000 10.46400000 256.79000 44.83000 16.44300 220.17000
 6 10 17 10 40 3758.00000 10.46400000 256.60000 44.80000 16.44300 220.17000
 6 10 17 10 40 3759.60000 10.46400000 256.80000 44.95000 16.44300 220.17000
 6 10 17 10 41 3759.00000 10.46400000 256.80000 44.95000 16.44300 220.17000
 6 10 17 10 41 3759.50000 10.46400000 256.70000 44.95000 16.48733 220.17000
 6 10 17 10 41 3758.10000 10.46400000 256.68000 44.95000 16.48733 220.17000
 6 10 17 10 42 3758.10000 10.46400000 256.69000 44.95000 16.48733 220.17000
 6 10 17 10 42 3755.00000 10.46400000 256.69000 44.95000 16.48733 220.17000
 6 10 17 10 43 3758.00000 10.46400000 257.08000 44.95000 16.48733 220.17000
 6 10 17 10 43 3758.00000 10.46400000 256.70000 44.95000 16.48733 220.17000
 6 10 17 10 44 3757.80000 10.46400000 257.05000 44.95000 16.48733 220.17000
 6 10 17 10 44 3758.10000 10.46400000 257.05000 44.95000 16.48733 220.17000
 6 10 17 10 44 3758.00000 10.46400000 256.80000 44.95000 16.48733 220.17000
 6 10 17 10 45 3750.00000 10.46400000 256.80000 44.95000 16.48733 220.17000
 6 10 17 10 45 3751.60000 10.46400000 257.00000 44.95000 16.48733 220.17000
 6 10 17 10 46 3751.90000 10.46400000 257.00000 44.77000 16.48733 220.23800
 6 10 17 10 46 3757.10000 10.46400000 256.52000 44.77000 16.48733 220.23800
 6 10 17 10 47 3752.20000 10.43100000 256.52000 44.94000 16.48733 220.23800
 6 10 17 10 47 3750.00000 10.43100000 256.50000 44.96000 16.48733 220.23800
 6 10 17 10 47 3756.20000 10.43100000 256.50000 44.96000 16.48733 220.23800
 6 10 17 10 48 3757.00000 10.46700000 256.90000 44.96000 16.48733 220.23800
 6 10 17 10 48 3755.00000 10.46700000 256.65000 44.96000 16.48733 220.23800
 6 10 17 10 49 3750.90000 10.46700000 256.65000 44.96000 16.48733 220.23800
 6 10 17 10 49 3757.00000 10.41800000 256.89000 44.96000 16.48733 220.23800
 6 10 17 10 50 3752.30000 10.41800000 256.92000 44.96000 16.48733 220.23800
 6 10 17 10 50 3756.60000 10.41800000 256.89000 44.96000 16.48733 220.23800
 6 10 17 10 50 3751.30000 10.41800000 256.92000 44.96000 16.48733 220.23800
 6 10 17 10 51 3751.50000 10.41800000 256.92000 44.96000 16.52000 221.04000
 6 10 17 10 51 3750.60000 10.41800000 256.89000 44.96000 16.52000 221.04000
 6 10 17 10 52 3750.70000 10.41800000 256.89000 44.96000 16.52000 221.04000
 6 10 17 10 52 3755.60000 10.41800000 256.89000 44.96000 16.52000 221.04000
 6 10 17 10 52 3755.60000 10.41800000 256.89000 44.96000 16.52000 221.04000
 6 10 17 10 53 3755.00000 10.41800000 256.89000 44.96000 16.52000 221.41000
 6 10 17 10 53 3754.50000 10.41800000 256.89000 44.95000 16.52000 221.41000
 6 10 17 10 54 3754.50000 10.41800000 256.88000 44.95000 16.52000 221.80000
 6 10 17 10 54 3751.30000 10.41800000 256.89000 44.93000 16.52000 221.76900
 6 10 17 10 55 3751.30000 10.41800000 256.89000 44.93000 16.52000 221.71000
 6 10 17 10 55 3751.50000 10.46700000 256.89000 44.93000 16.52000 221.71000
 6 10 17 10 56 3754.00000 10.46700000 256.89000 44.93000 16.52000 221.71000
 6 10 17 10 56 3751.00000 10.47000000 256.67000 44.93000 16.39200 221.71000
 6 10 17 10 56 3744.00000 10.47000000 256.67000 44.93000 16.39200 221.71000
 6 10 17 10 57 3753.80000 10.47000000 256.87000 44.80000 16.39200 221.71000
 6 10 17 10 57 3743.80000 10.47000000 256.86000 44.80000 16.39200 221.04000
 6 10 17 10 58 3742.90000 10.47000000 256.80000 44.85000 16.39200 221.04000
 6 10 17 10 58 3745.50000 10.47000000 256.77000 44.85000 16.39200 221.04000
 6 10 17 10 59 3748.90000 10.47000000 256.78000 44.95000 16.39200 221.04000
 6 10 17 10 59 3743.70000 10.47000000 256.75000 44.95000 16.40000 221.04000
 6 10 17 10 59 3748.70000 10.47000000 256.60000 44.95000 16.40000 221.04000
 6 10 17 11 00 3748.70000 10.43600000 256.50000 44.76000 16.40000 221.04000
 6 10 17 11 00 3748.00000 10.43600000 256.55000 44.76000 16.40000 221.04000
 6 10 17 11 01 3743.70000 10.43600000 256.55000 44.76000 16.40000 221.04000
 6 10 17 11 01 3747.90000 10.43600000 256.55000 44.92000 16.40000 221.04000
 6 10 17 11 02 3745.40000 10.43600000 256.55000 44.92000 16.40000 219.23700
 6 10 17 11 02 3748.70000 10.43600000 256.65000 44.92000 16.40000 219.23700
 6 10 17 11 02 3748.40000 10.43600000 256.69000 44.87000 16.40000 219.23700
 6 10 17 11 03 3748.10000 10.43600000 256.80000 44.87000 16.40000 219.23700
 6 10 17 11 03 3747.90000 10.43600000 256.80000 44.87000 16.40000 219.23700
 6 10 17 11 04 3741.70000 10.43600000 256.71000 44.87000 16.40000 219.23700
 6 10 17 11 04 3742.00000 10.42000000 256.40000 44.91000 16.40000 219.23700
 6 10 17 11 05 3743.60000 10.42000000 256.35000 44.90000 16.40000 219.23700
 6 10 17 11 05 3745.40000 10.42000000 256.41000 44.90000 16.40000 219.23700
 6 10 17 11 05 3747.00000 10.42000000 256.40000 44.90000 16.40000 219.23700
 6 10 17 11 06 3747.00000 10.42000000 256.40000 44.90000 16.40000 219.23700
 6 10 17 11 06 3745.10000 10.42000000 256.41000 44.90000 16.40000 219.23700
 6 10 17 11 07 3745.50000 10.42000000 256.70000 44.90000 16.40000 219.23700
 6 10 17 11 07 3745.40000 10.42000000 256.75000 44.88000 16.40000 219.23700
 6 10 17 11 08 3745.30000 10.42000000 256.92000 44.88000 16.40000 219.23700
 6 10 17 11 08 3747.00000 10.42000000 256.90000 44.88000 16.40000 219.23700
 6 10 17 11 08 3746.80000 10.41300000 256.87000 44.88000 16.40000 219.23700
 6 10 17 11 09 3747.00000 10.41300000 256.85000 44.87000 16.40000 219.23700
 6 10 17 11 09 3747.00000 10.41300000 256.82000 44.88000 16.40000 219.23700
 6 10 17 11 10 3749.30000 10.41300000 256.82000 44.88000 16.46200 219.23700
 6 10 17 11 10 3749.20000 10.41300000 256.99000 44.88000 16.46000 219.23700
 6 10 17 11 11 3751.30000 10.41300000 256.99000 44.87000 16.46000 219.23700
 6 10 17 11 11 3751.20000 10.41300000 256.98000 44.75000 16.46000 219.23700
 6 10 17 11 11 3749.20000 10.41300000 256.70000 44.88000 16.46000 219.23700
 6 10 17 11 12 3750.10000 10.41300000 256.70000 44.88000 16.46000 219.23700
 6 10 17 11 12 3747.10000 10.39100000 256.99000 44.88000 16.46000 219.23700
 6 10 17 11 13 3747.00000 10.39100000 256.70000 44.88000 16.52300 219.23700
 6 10 17 11 13 3747.00000 10.39600000 256.93000 44.88000 16.52300 219.23700
 6 10 17 11 14 3747.00000 10.39600000 256.93000 44.80000 16.52300 219.23700
 6 10 17 11 14 3749.80000 10.40100000 256.93000 44.80000 16.52300 221.79800
 6 10 17 11 14 3749.70000 10.40100000 256.70000 44.80000 16.52300 221.79800
 6 10 17 11 15 3745.00000 10.40100000 256.51000 44.80000 16.52300 221.79800
 6 10 17 11 15 3745.00000 10.41000000 256.86000 44.80000 16.52300 221.79800
 6 10 17 11 16 3746.90000 10.41000000 256.75000 44.80000 16.52300 221.79800
 6 10 17 11 16 3745.00000 10.41000000 256.75000 44.80000 16.52300 221.79800
 6 10 17 11 17 3743.90000 10.41000000 256.53000 44.80000 16.52300 221.79800
 6 10 17 11 17 3749.20000 10.41000000 256.53000 44.80000 16.52300 221.79800
 6 10 17 11 17 3745.00000 10.41000000 256.54000 44.80000 16.52300 221.79800
 6 10 17 11 18 3745.20000 10.41000000 256.54000 44.80000 16.51300 221.79800
 6 10 17 11 18 3745.20000 10.41000000 256.54000 44.80000 16.40300 221.79800
 6 10 17 11 19 3747.00000 10.41000000 256.82000 44.80000 16.40300 221.79800
 6 10 17 11 19 3745.70000 10.41000000 256.82000 44.80000 16.40300 221.79800
 6 10 17 11 20 3747.00000 10.41000000 256.84000 44.80000 16.40300 221.79800
 6 10 17 11 20 3747.00000 10.41000000 256.84000 44.80000 16.40300 221.79800
 6 10 17 11 20 3747.00000 10.41000000 256.70000 44.80000 16.40300 221.79800
 6 10 17 11 21 3747.00000 10.41000000 256.70000 44.80000 16.40300 221.79800
 6 10 17 11 21 3747.00000 10.41000000 256.38000 44.80000 16.40300 221.79800
 6 10 17 11 22 3751.30000 10.41000000 256.38000 44.80000 16.40300 221.79800
 6 10 17 11 22 3751.30000 10.41000000 256.38000 44.80000 16.40300 221.79800
 6 10 17 11 23 3751.20000 10.41000000 256.38000 44.80000 16.40300 221.79800
 6 10 17 11 23 3750.00000 10.41000000 256.38000 44.80000 16.40300 221.79800
 6 10 17 11 23 3750.00000 10.41000000 256.53000 44.80000 16.40300 221.79800
 6 10 17 11 24 3751.90000 10.41000000 256.66000 44.83000 16.40300 221.95000
 6 10 17 11 24 3751.90000 10.41000000 256.66000 44.83000 16.49600 221.95000
 6 10 17 11 25 3752.00000 10.41000000 256.66000 44.83000 16.49600 221.95000
 6 10 17 11 25 3751.90000 10.41000000 256.66000 44.87000 16.49600 221.95000
 6 10 17 11 25 3751.50000 10.41000000 256.66000 44.87000 16.49600 221.95000
 6 10 17 11 26 3753.80000 10.41000000 256.71000 44.84000 16.49600 221.95000
 6 10 17 11 26 3748.50000 10.41000000 256.69000 44.85000 16.49600 221.95000
 6 10 17 11 27 3748.60000 10.41000000 256.69000 44.83000 16.49600 221.95000
 6 10 17 11 27 3753.60000 10.41000000 256.69000 44.83000 16.49600 222.00000
 6 10 17 11 28 3750.10000 10.41000000 256.71000 44.86000 16.49600 222.57000
 6 10 17 11 28 3754.70000 10.41000000 256.71000 44.86000 16.49600 222.57000
 6 10 17 11 29 3754.90000 10.41000000 256.71000 44.88000 16.49600 222.57000
 6 10 17 11 29 3753.80000 10.41000000 256.71000 44.88000 16.49600 222.57000
 6 10 17 11 29 3750.60000 10.41000000 256.89000 44.88000 16.49600 222.57000
 6 10 17 11 30 3753.80000 10.41000000 256.66000 44.88000 16.49600 222.57000
 6 10 17 11 30 3750.30000 10.41000000 256.66000 44.83000 16.49600 221.18000
 6 10 17 11 31 3750.80000 10.41000000 256.87000 44.83000 16.49600 221.20000
 6 10 17 11 31 3750.80000 10.41000000 256.89000 44.83000 16.49600 221.20000
 6 10 17 11 31 3753.40000 10.41000000 256.66000 44.83000 16.49600 221.20000
 6 10 17 11 32 3750.60000 10.41000000 256.66000 44.83000 16.49600 221.20000
 6 10 17 11 32 3756.60000 10.41000000 256.66000 44.80000 16.51700 221.20000
 6 10 17 11 33 3756.60000 10.41000000 256.66000 44.80000 16.51700 221.20000
 6 10 17 11 33 3753.60000 10.38900000 256.66000 44.80000 16.51700 221.20000
 6 10 17 11 34 3753.60000 10.44800000 256.66000 44.80000 16.51700 221.20000
 6 10 17 11 34 3753.60000 10.44800000 256.70000 44.80000 16.51700 221.20000
 6 10 17 11 34 3753.80000 10.47000000 256.67000 44.83000 16.51700 221.20000
 6 10 17 11 35 3753.80000 10.47000000 256.82000 44.83000 16.51700 221.20000
 6 10 17 11 35 3754.80000 10.47000000 256.69000 44.83000 16.51700 221.20000
 6 10 17 11 36 3753.70000 10.47000000 256.70000 44.83000 16.51700 221.20000
 6 10 17 11 36 3753.70000 10.47000000 256.82000 44.95000 16.51700 222.00000
 6 10 17 11 37 3755.00000 10.47000000 256.82000 44.95000 16.51700 223.25600
 6 10 17 11 37 3755.00000 10.47000000 256.82000 44.95000 16.51700 223.25600
 6 10 17 11 37 3755.00000 10.47000000 256.82000 44.95000 16.51700 224.76400
 6 10 17 11 38 3755.00000 10.47000000 256.87000 44.95000 16.51700 224.76400
 6 10 17 11 38 3758.10000 10.47000000 256.89000 44.95000 16.51700 224.76400
 6 10 17 11 39 3758.20000 10.47000000 256.89000 44.95000 16.51700 224.76400
 6 10 17 11 39 3758.40000 10.47000000 256.90000 44.95000 16.51700 224.76400
 6 10 17 11 40 3759.00000 10.47000000 256.91000 44.95000 16.51700 224.76400
 6 10 17 11 40 3759.50000 10.47000000 256.91000 44.94000 16.51700 224.76400
 6 10 17 11 40 3756.50000 10.47000000 256.90000 44.94000 16.51700 224.06000
 6 10 17 11 41 3759.20000 10.47000000 256.89000 44.94000 16.51700 224.06000
 6 10 17 11 41 3755.00000 10.47000000 256.89000 44.94000 16.51700 224.06000
 6 10 17 11 42 3758.70000 10.47000000 256.89000 44.94000 16.51700 224.06000
 6 10 17 11 42 3755.00000 10.47000000 256.89000 45.00000 16.51700 224.00000
 6 10 17 11 43 3755.40000 10.47000000 256.87000 45.00000 16.51700 224.00000
 6 10 17 11 43 3758.70000 10.47000000 256.67000 45.01000 16.51700 224.00000
 6 10 17 11 43 3758.00000 10.47000000 256.89000 45.00000 16.51700 224.00000
 6 10 17 11 44 3757.90000 10.47000000 256.89000 45.00000 16.51700 224.00000
 6 10 17 11 44 3757.90000 10.47000000 256.57000 45.01000 16.51700 222.81000
 6 10 17 11 45 3757.90000 10.47000000 256.90000 45.00000 16.51700 222.81000
 6 10 17 11 45 3758.00000 10.46000000 256.90000 45.00000 16.51700 222.81000
 6 10 17 11 46 3758.00000 10.46000000 256.90000 45.00000 16.51700 222.81000
 6 10 17 11 46 3753.90000 10.46000000 256.89000 45.00000 16.51700 222.81000
 6 10 17 11 46 3757.40000 10.46000000 256.90000 45.00000 16.51700 222.81000
 6 10 17 11 47 3757.40000 10.46000000 256.90000 45.00000 16.51700 223.02000
 6 10 17 11 47 3757.00000 10.46000000 256.89000 45.00000 16.51700 222.86200
 6 10 17 11 48 3757.00000 10.46000000 256.88000 45.00000 16.51700 222.86200
 6 10 17 11 48 3754.40000 10.47000000 256.88000 45.00000 16.51700 222.86200
 6 10 17 11 49 3754.00000 10.47000000 256.89000 45.00000 16.51700 222.86200
 6 10 17 11 49 3752.50000 10.47000000 256.89000 45.00000 16.51700 222.86200
 6 10 17 11 49 3757.00000 10.47000000 256.88000 45.02000 16.51700 222.86200
 6 10 17 11 50 3756.90000 10.47000000 256.89000 45.01000 16.51700 222.86200
 6 10 17 11 50 3755.80000 10.47000000 256.89000 45.08000 16.51700 222.86200
 6 10 17 11 51 3755.80000 10.47000000 256.87000 45.08000 16.51700 222.86200
 6 10 17 11 51 3755.70000 10.47000000 256.59000 45.03000 16.51700 222.86200
 6 10 17 11 51 3755.50000 10.47000000 256.59000 45.01000 16.51700 223.90000
 6 10 17 11 52 3755.30000 10.47000000 256.54000 45.01000 16.51700 223.90000
 6 10 17 11 52 3752.50000 10.47000000 256.57000 45.01000 16.51700 223.90000
 6 10 17 11 53 3751.90000 10.47000000 256.59000 45.01000 16.51700 224.07000
 6 10 17 11 53 3755.00000 10.47000000 256.59000 45.04000 16.51700 224.07000
 6 10 17 11 54 3755.00000 10.47000000 256.59000 45.04000 16.51700 225.00000
 6 10 17 11 54 3753.80000 10.47000000 256.59000 45.04000 16.51700 223.54100
 6 10 17 11 55 3754.90000 10.47000000 256.71000 45.01000 16.51700 223.54100
 6 10 17 11 55 3754.90000 10.47000000 256.71000 45.04000 16.52100 223.54100
 6 10 17 11 55 3752.50000 10.47000000 256.71000 45.00000 16.52100 223.54100
 6 10 17 11 56 3752.50000 10.47000000 256.71000 45.00000 16.52100 223.66100
 6 10 17 11 56 3752.40000 10.47000000 256.71000 45.04000 16.56800 223.61000
 6 10 17 11 57 3750.00000 10.47000000 256.71000 45.04000 16.56800 223.61000
 6 10 17 11 57 3751.00000 10.47000000 256.71000 45.04000 16.56800 223.61000
 6 10 17 11 57 3752.20000 10.47000000 256.71000 45.04000 16.56800 223.61000
 6 10 17 11 58 3749.80000 10.47000000 256.58000 45.04000 16.56800 224.16000
 6 10 17 11 58 3745.00000 10.46500000 256.68000 45.04000 16.46900 224.16000
 6 10 17 11 59 3749.70000 10.46500000 256.71000 45.00000 16.46900 224.16000
 6 10 17 11 59 3749.30000 10.46500000 256.69000 45.00000 16.46900 224.16000
 6 10 17 12 00 3745.50000 10.46500000 256.69000 45.00000 16.46900 224.65000
 6 10 17 12 00 3749.70000 10.46400000 256.70000 45.00000 16.46900 224.65000
 6 10 17 12 00 3749.60000 10.46400000 256.69000 45.00000 16.46900 224.65000
 6 10 17 12 01 3749.40000 10.46400000 256.69000 45.00000 16.46900 224.65000
 6 10 17 12 01 3749.50000 10.46400000 256.70000 45.03000 16.46900 224.65000
 6 10 17 12 02 3749.50000 10.46400000 256.71000 45.03000 16.46900 224.65000
 6 10 17 12 02 3749.50000 10.46400000 256.70000 45.03000 16.46900 224.65000
 6 10 17 12 03 3749.60000 10.46400000 256.70000 45.03000 16.46900 224.65000
 6 10 17 12 03 3742.20000 10.46000000 256.70000 45.03000 16.46900 224.65000
 6 10 17 12 03 3749.80000 10.46000000 256.70000 45.03000 16.46900 224.65000
 6 10 17 12 04 3749.50000 10.46000000 256.65000 45.03000 16.46900 224.65000
 6 10 17 12 04 3750.00000 10.46000000 256.65000 45.03000 16.46900 224.65000
 6 10 17 12 05 3749.50000 10.46000000 256.65000 45.00000 16.46900 224.91000
 6 10 17 12 05 3749.80000 10.46000000 256.58000 45.00000 16.46900 224.91000
 6 10 17 12 06 3749.70000 10.46000000 256.63000 45.03000 16.46900 224.86900
 6 10 17 12 06 3749.90000 10.46000000 256.70000 45.01000 16.46900 224.86900
 6 10 17 12 06 3750.00000 10.46000000 256.70000 45.01000 16.66500 224.86900
 6 10 17 12 07 3750.00000 10.46000000 256.70000 45.01000 16.66500 224.86900
 6 10 17 12 07 3749.90000 10.46000000 256.71000 45.01000 16.66500 224.86900
 6 10 17 12 08 3750.00000 10.46000000 256.61000 45.01000 16.53700 224.75800
 6 10 17 12 08 3749.90000 10.46000000 256.58000 45.01000 16.53700 224.75800
 6 10 17 12 09 3749.80000 10.46000000 256.71000 45.01000 16.53700 224.75800
 6 10 17 12 09 3750.00000 10.46000000 256.59000 45.01000 16.53700 224.75800
 6 10 17 12 09 3750.00000 10.46000000 256.71000 45.01000 16.53700 224.70000
 6 10 17 12 10 3749.70000 10.46000000 256.71000 45.01000 16.53700 224.70000
 6 10 17 12 10 3749.70000 10.46000000 256.71000 45.01000 16.53700 224.65000
 6 10 17 12 11 3746.70000 10.46000000 256.71000 45.01000 16.53700 224.65000
 6 10 17 12 11 3747.00000 10.46000000 256.71000 45.02000 16.53700 224.65000
 6 10 17 12 12 3749.50000 10.41500000 256.71000 45.02000 16.53700 224.65000
 6 10 17 12 12 3749.20000 10.41500000 256.71000 45.02000 16.53700 224.16000
 6 10 17 12 12 3749.20000 10.41500000 256.70000 45.02000 16.53700 224.16000
 6 10 17 12 13 3749.90000 10.41500000 256.70000 45.02000 16.53700 224.16000
 6 10 17 12 13 3749.50000 10.41500000 256.71000 45.02000 16.53700 224.16000
 6 10 17 12 14 3749.90000 10.41500000 256.71000 45.02000 16.53700 224.16000
 6 10 17 12 14 3749.70000 10.41500000 256.66000 45.02000 16.53700 224.16000
 6 10 17 12 15 3749.90000 10.40100000 256.66000 45.02000 16.53700 224.16000
 6 10 17 12 15 3749.90000 10.40100000 256.66000 45.02000 16.53700 224.16000
 6 10 17 12 15 3749.90000 10.40100000 256.58000 45.00000 16.53700 224.19900
 6 10 17 12 16 3749.60000 10.40100000 256.71000 45.00000 16.53700 224.19900
 6 10 17 12 16 3749.80000 10.40200000 256.71000 45.00000 16.53700 224.17800
 6 10 17 12 17 3749.60000 10.40300000 256.57000 45.02000 16.60600 224.17800
 6 10 17 12 17 3749.80000 10.40300000 256.71000 45.02000 16.60600 224.16000
 6 10 17 12 17 3749.80000 10.40300000 256.71000 45.00000 16.60600 224.16000
 6 10 17 12 18 3750.00000 10.40300000 256.71000 45.00000 16.60600 224.16000
 6 10 17 12 18 3749.80000 10.40300000 256.67000 45.00000 16.60600 224.16000
 6 10 17 12 19 3749.80000 10.40300000 256.71000 45.00000 16.60600 224.16000
 6 10 17 12 19 3746.30000 10.40300000 256.41000 45.00000 16.60600 224.16000
 6 10 17 12 20 3749.70000 10.40300000 256.71000 45.00000 16.60600 224.16000
 6 10 17 12 20 3749.60000 10.40300000 256.71000 45.00000 16.60600 224.16000
 6 10 17 12 20 3749.40000 10.40300000 256.75000 45.00000 16.60600 224.16000
 6 10 17 12 21 3749.10000 10.40300000 256.71000 45.00000 16.60600 224.16000
 6 10 17 12 21 3749.70000 10.40300000 256.71000 45.00000 16.60600 224.16000
 6 10 17 12 22 3746.20000 10.40300000 256.71000 44.94000 16.55100 224.16000
 6 10 17 12 22 3749.70000 10.40300000 256.71000 44.94000 16.55100 224.16000
 6 10 17 12 23 3749.40000 10.40300000 256.71000 44.94000 16.55100 224.16000
 6 10 17 12 23 3749.40000 10.40300000 256.71000 44.80000 16.55100 224.16000
 6 10 17 12 23 3749.40000 10.40300000 256.71000 44.80000 16.55100 224.16000
 6 10 17 12 24 3749.40000 10.40400000 256.71000 44.79000 16.55100 224.16000
 6 10 17 12 24 3747.50000 10.40400000 256.71000 44.80000 16.55100 224.16000
 6 10 17 12 25 3745.40000 10.40400000 256.71000 44.80000 16.55100 223.00000
 6 10 17 12 25 3745.40000 10.40400000 256.79000 44.80000 16.55100 223.00000
 6 10 17 12 26 3745.30000 10.40400000 256.72000 44.80000 16.55100 223.00000
 6 10 17 12 26 3745.40000 10.40400000 256.50000 44.80000 16.55100 223.00000
 6 10 17 12 26 3745.40000 10.40400000 256.76000 44.80000 16.55100 223.00000
 6 10 17 12 27 3748.60000 10.40400000 256.76000 44.80000 16.55100 223.00000
 6 10 17 12 27 3745.60000 10.40400000 256.75000 44.93000 16.55100 223.00000
 6 10 17 12 28 3745.60000 10.40400000 256.75000 44.93000 16.55100 223.00000
 6 10 17 12 28 3748.60000 10.40400000 256.75000 44.93000 16.55100 223.00000
 6 10 17 12 29 3747.90000 10.40400000 256.74000 44.93000 16.55100 223.00000
 6 10 17 12 29 3748.30000 10.40400000 256.78000 44.93000 16.55100 223.00000
 6 10 17 12 29 3746.30000 10.40400000 256.79000 44.93000 16.55100 223.00000
 6 10 17 12 30 3749.00000 10.40400000 256.80000 44.93000 16.55100 223.00000
 6 10 17 12 30 3746.30000 10.40400000 256.80000 44.90000 16.55100 223.00000
 6 10 17 12 31 3746.10000 10.40400000 256.80000 44.90000 16.55100 223.00000
 6 10 17 12 31 3749.00000 10.40400000 256.80000 44.90000 16.63500 223.00000
 6 10 17 12 32 3749.00000 10.40400000 256.80000 44.90000 16.63500 222.95000
 6 10 17 12 32 3747.30000 10.40000000 256.80000 44.90000 16.63500 222.95000
 6 10 17 12 32 3749.00000 10.40000000 256.80000 44.90000 16.63500 222.95000
 6 10 17 12 33 3748.00000 10.40000000 256.80000 44.90000 16.63500 222.95000
 6 10 17 12 33 3748.90000 10.40000000 256.80000 44.90000 16.63500 222.95000
 6 10 17 12 34 3749.00000 10.40000000 256.80000 44.90000 16.63500 222.95000
 6 10 17 12 34 3749.80000 10.40000000 256.80000 44.86000 16.63500 222.95000
 6 10 17 12 35 3749.80000 10.41500000 256.80000 44.85000 16.63500 222.95000
 6 10 17 12 35 3750.00000 10.41500000 256.89000 44.85000 16.63500 222.95000
 6 10 17 12 35 3750.00000 10.41500000 256.89000 44.85000 16.63500 222.95000
 6 10 17 12 36 3750.00000 10.41500000 256.89000 44.85000 16.63500 222.95000
 6 10 17 12 36 3750.00000 10.41500000 256.92000 44.88000 16.63500 222.95000
 6 10 17 12 37 3752.00000 10.41500000 256.93000 44.88000 16.63500 222.95000
 6 10 17 12 37 3752.90000 10.41500000 256.93000 44.88000 16.63500 222.95000
 6 10 17 12 37 3753.00000 10.41500000 256.93000 44.88000 16.63500 222.95000
 6 10 17 12 38 3752.60000 10.41500000 256.98000 44.88000 16.63500 222.95000
 6 10 17 12 38 3751.90000 10.41500000 256.99000 44.85000 16.63500 222.95000
 6 10 17 12 39 3753.00000 10.41500000 256.99000 44.85000 16.63500 222.95000
 6 10 17 12 39 3752.00000 10.41500000 256.99000 44.85000 16.63500 222.95000
 6 10 17 12 40 3750.10000 10.41500000 257.00000 44.85000 16.63500 222.95000
 6 10 17 12 40 3750.10000 10.41500000 257.00000 44.85000 16.63500 222.95000
 6 10 17 12 41 3750.00000 10.41500000 257.00000 44.85000 16.63500 222.95000
 6 10 17 12 41 3749.90000 10.41500000 256.99000 44.85000 16.63500 222.95000
 6 10 17 12 41 3750.00000 10.41500000 256.99000 44.85000 16.63500 222.95000
 6 10 17 12 42 3746.40000 10.41500000 257.00000 44.85000 16.63500 222.95000
 6 10 17 12 42 3746.60000 10.41500000 257.00000 44.85000 16.63500 222.95000
 6 10 17 12 43 3746.60000 10.41500000 256.99000 44.85000 16.63500 222.95000
 6 10 17 12 43 3751.80000 10.41500000 257.00000 44.83000 16.63500 222.95000
 6 10 17 12 44 3750.10000 10.41500000 257.00000 44.83000 16.63500 222.95000
 6 10 17 12 44 3750.10000 10.41500000 257.00000 44.83000 16.63500 222.95000
 6 10 17 12 44 3750.10000 10.41500000 257.00000 44.83000 16.63500 222.95000
 6 10 17 12 45 3750.10000 10.41000000 257.00000 44.85000 16.63500 222.90000
 6 10 17 12 45 3750.10000 10.41000000 257.00000 44.85000 16.63500 222.90000
 6 10 17 12 46 3750.10000 10.41000000 257.50000 44.85000 16.63500 222.90000
 6 10 17 12 46 3750.70000 10.41000000 257.39000 44.85000 16.63500 222.90000
 6 10 17 12 46 3750.30000 10.41000000 257.50000 44.85000 16.63500 222.90000
 6 10 17 12 47 3750.50000 10.41000000 257.50000 44.85000 16.63500 222.90000
 6 10 17 12 47 3750.50000 10.41000000 257.55000 44.85000 16.63500 222.90000
 6 10 17 12 48 3750.30000 10.41000000 257.60000 44.85000 16.63500 222.90000
 6 10 17 12 48 3746.60000 10.41000000 257.60000 44.85000 16.63500 222.90000
 6 10 17 12 49 3750.00000 10.41000000 257.59000 44.94000 16.63500 223.94900
 6 10 17 12 49 3749.90000 10.41000000 257.60000 44.94000 16.63500 223.94900
 6 10 17 12 50 3746.60000 10.41000000 257.78000 44.93000 16.63500 223.94900
 6 10 17 12 50 3746.60000 10.41000000 257.75000 44.93000 16.63500 223.94900
 6 10 17 12 50 3746.60000 10.40000000 257.85000 44.93000 16.63500 223.94900
 6 10 17 12 51 3746.70000 10.40000000 257.65000 44.93000 16.63500 223.94900
 6 10 17 12 51 3746.80000 10.40000000 257.90000 44.92000 16.63500 223.94900
 6 10 17 12 52 3746.70000 10.40000000 257.98000 44.93000 16.63500 223.94900
 6 10 17 12 52 3746.10000 10.40000000 258.00000 44.93000 16.63500 223.94900
 6 10 17 12 52 3747.40000 10.40000000 258.00000 44.93000 16.63500 223.94900
 6 10 17 12 53 3747.40000 10.40000000 258.00000 44.93000 16.63500 223.94900
 6 10 17 12 53 3747.40000 10.40000000 258.02000 44.93000 16.63500 223.94900
 6 10 17 12 54 3749.90000 10.40000000 258.02000 44.93000 16.63500 223.94900
 6 10 17 12 54 3750.00000 10.40000000 258.10000 44.93000 16.63500 223.94900
 6 10 17 12 55 3750.00000 10.40000000 258.02000 44.90000 16.47700 223.94900
 6 10 17 12 55 3749.80000 10.40000000 258.00000 44.91000 16.47700 223.94900
 6 10 17 12 55 3749.80000 10.40000000 257.98000 44.83000 16.47700 223.94900
 6 10 17 12 56 3749.50000 10.40000000 257.98000 44.83000 16.47700 223.94900
 6 10 17 12 56 3749.50000 10.41000000 257.96000 44.83000 16.47700 223.00000
 6 10 17 12 57 3749.40000 10.41000000 257.80000 44.83000 16.47700 223.00000
 6 10 17 12 57 3749.40000 10.41000000 257.65000 44.82000 16.47700 223.00000
 6 10 17 12 58 3748.20000 10.41000000 257.71000 44.82000 16.47700 223.00000
 6 10 17 12 58 3744.00000 10.41000000 257.76000 44.82000 16.51600 223.00000
 6 10 17 12 58 3742.20000 10.41000000 257.79000 44.82000 16.51600 223.00000
 6 10 17 12 59 3746.90000 10.45900000 257.79000 44.82000 16.51600 223.00000
 6 10 17 12 59 3738.00000 10.45900000 257.35000 44.82000 16.51600 223.00000
 6 10 17 13 00 3736.20000 10.45300000 256.79000 44.82000 16.51600 223.00000
 6 10 17 13 00 3735.00000 10.45300000 257.07000 44.81000 16.51600 223.00000
 6 10 17 13 01 3734.90000 10.45300000 256.97000 44.87000 16.51600 222.90000
 6 10 17 13 01 3734.70000 10.45100000 256.70000 44.77000 16.51600 222.90000
 6 10 17 13 01 3731.00000 10.45100000 256.36000 44.77000 16.51600 222.90000
 6 10 17 13 02 3732.00000 10.45100000 256.36000 44.70000 16.51600 222.90000
 6 10 17 13 02 3725.20000 10.45100000 256.35000 44.70000 16.51600 222.90000
 6 10 17 13 03 3729.70000 10.45100000 256.65000 44.70000 16.51600 222.90000
 6 10 17 13 03 3728.70000 10.45100000 256.60000 44.71000 16.51600 221.18000
 6 10 17 13 04 3725.10000 10.45100000 256.60000 44.71000 16.51600 221.18000
 6 10 17 13 04 3725.10000 10.45100000 256.60000 44.71000 16.51600 221.18000
 6 10 17 13 05 3725.10000 10.45100000 256.15000 44.71000 16.51600 221.18000
 6 10 17 13 05 3723.00000 10.45100000 256.15000 44.69000 16.51600 221.18000
 6 10 17 13 05 3723.00000 10.45100000 256.10000 44.70000 16.51600 221.18000
 6 10 17 13 06 3722.90000 10.45100000 256.50000 44.70000 16.51600 222.30000
 6 10 17 13 06 3722.10000 10.45100000 256.50000 44.70000 16.51600 220.54000
 6 10 17 13 07 3722.00000 10.45100000 256.10000 44.68000 16.54900 220.54000
 6 10 17 13 07 3720.00000 10.44900000 256.10000 44.67000 16.54900 220.54000
 6 10 17 13 07 3722.10000 10.44900000 256.00000 44.67000 16.48400 220.00000
 6 10 17 13 08 3716.10000 10.44900000 256.00000 44.67000 16.48400 220.00000
 6 10 17 13 08 3715.10000 10.44900000 255.99000 44.63000 16.55000 220.00000
 6 10 17 13 09 3710.50000 10.44900000 255.97000 44.51000 16.55000 219.46900
 6 10 17 13 09 3710.50000 10.44900000 255.79000 44.64000 16.55000 219.46900
 6 10 17 13 10 3711.60000 10.44900000 255.79000 44.59000 16.55000 219.46900
 6 10 17 13 10 3711.70000 10.44900000 255.93000 44.59000 16.48400 219.46900
 6 10 17 13 10 3711.10000 10.44900000 255.83000 44.59000 16.48400 219.46900
 6 10 17 13 11 3710.30000 10.43900000 255.81000 44.59000 16.48400 219.46900
 6 10 17 13 11 3710.00000 10.43900000 255.62000 44.50000 16.48800 219.46900
 6 10 17 13 12 3710.60000 10.43900000 255.82000 44.50000 16.48800 219.46900
 6 10 17 13 12 3710.60000 10.43900000 255.83000 44.50000 16.48800 220.00000
 6 10 17 13 13 3711.00000 10.43900000 255.81000 44.51000 16.48800 220.00000
 6 10 17 13 13 3711.00000 10.43900000 255.82000 44.58000 16.48800 220.00000
 6 10 17 13 13 3719.00000 10.43900000 255.82000 44.58000 16.48800 220.00000
 6 10 17 13 14 3719.00000 10.43900000 255.83000 44.58000 16.48800 220.00000
 6 10 17 13 14 3718.90000 10.43900000 255.83000 44.59000 16.48800 220.00000
 6 10 17 13 15 3719.60000 10.43900000 255.83000 44.59000 16.71700 219.60000
 6 10 17 13 15 3723.00000 10.43900000 255.86000 44.63000 16.75600 219.60000
 6 10 17 13 16 3722.80000 10.43900000 255.86000 44.62000 16.75600 219.60000
 6 10 17 13 16 3722.80000 10.43900000 255.86000 44.60000 16.75600 219.60000
 6 10 17 13 16 3722.80000 10.39000000 255.86000 44.60000 16.52400 219.60000
 6 10 17 13 17 3720.70000 10.35000000 255.98000 44.60000 16.53600 219.60000
 6 10 17 13 17 3722.90000 10.35000000 256.00000 44.60000 16.54200 219.60000
 6 10 17 13 18 3722.10000 10.39000000 255.95000 44.60000 16.54200 219.60000
 6 10 17 13 18 3720.10000 10.35000000 255.98000 44.58000 16.52600 219.60000
 6 10 17 13 19 3720.00000 10.34100000 255.98000 44.58000 16.54600 219.60000
 6 10 17 13 19 3714.00000 10.34100000 255.98000 44.58000 16.54900 219.60000
 6 10 17 13 19 3712.40000 10.34600000 255.95000 44.55000 16.72500 219.60000
 6 10 17 13 20 3719.40000 10.34600000 255.90000 44.55000 16.71200 219.32600
 6 10 17 13 20 3719.30000 10.34000000 256.05000 44.55000 16.71200 219.32600
 6 10 17 13 21 3719.00000 10.34000000 256.23000 44.58000 16.71200 219.32600
 6 10 17 13 21 3715.30000 10.34000000 256.23000 44.51000 16.70900 218.69000
 6 10 17 13 22 3719.00000 10.34000000 256.12000 44.58000 16.70900 218.69000
 6 10 17 13 22 3719.00000 10.34000000 256.13000 44.58000 16.70900 219.52000
 6 10 17 13 22 3719.00000 10.34000000 256.13000 44.58000 16.70900 219.52000
 6 10 17 13 23 3719.00000 10.34000000 256.14000 44.58000 16.70900 219.59000
 6 10 17 13 23 3718.60000 10.34000000 256.13000 44.58000 16.70900 219.59000
 6 10 17 13 24 3719.00000 10.34000000 256.18000 44.58000 16.70900 219.59000
 6 10 17 13 24 3718.40000 10.34000000 255.93000 44.57000 16.53600 219.59000
 6 10 17 13 25 3718.90000 10.34000000 256.21000 44.57000 16.53600 219.52000
 6 10 17 13 25 3718.90000 10.34000000 256.21000 44.57000 16.72700 219.52600
 6 10 17 13 25 3718.40000 10.34000000 256.23000 44.57000 16.72700 219.52600
 6 10 17 13 26 3720.30000 10.34000000 256.23000 44.51000 16.73200 219.52600
 6 10 17 13 26 3719.00000 10.34000000 256.19000 44.51000 16.73200 219.52600
 6 10 17 13 27 3721.30000 10.34000000 256.23000 44.51000 16.73200 219.52600
 6 10 17 13 27 3721.20000 10.34000000 256.23000 44.50000 16.56700 219.52600
 6 10 17 13 28 3721.10000 10.34000000 256.22000 44.50000 16.56800 219.52600
 6 10 17 13 28 3720.50000 10.34000000 256.22000 44.50000 16.58800 219.52000
 6 10 17 13 28 3719.00000 10.34000000 256.22000 44.50000 16.58500 219.52000
 6 10 17 13 29 3719.00000 10.32700000 256.73000 44.50000 16.58500 219.52000
 6 10 17 13 29 3720.80000 10.32700000 256.65000 44.50000 16.58500 219.52000
 6 10 17 13 30 3720.00000 10.32700000 256.62000 44.50000 16.58500 219.52000
 6 10 17 13 30 3719.00000 10.32700000 256.61000 44.50000 16.58500 219.52000
 6 10 17 13 31 3712.50000 10.32700000 256.60000 44.50000 16.58500 219.52000
 6 10 17 13 31 3710.60000 10.30100000 256.19000 44.50000 16.58500 219.52000
 6 10 17 13 31 3710.60000 10.30100000 256.19000 44.50000 16.58500 219.52000
 6 10 17 13 32 3712.50000 10.30100000 256.57000 44.57000 16.58500 219.51000
 6 10 17 13 32 3712.50000 10.30100000 256.19000 44.58000 16.58500 219.51000
 6 10 17 13 33 3719.40000 10.30100000 255.88000 44.56000 16.58500 219.51000
 6 10 17 13 33 3718.30000 10.30100000 255.88000 44.53000 16.58500 219.51000
 6 10 17 13 34 3715.00000 10.30100000 255.61000 44.32000 16.58400 219.51000
 6 10 17 13 34 3715.70000 10.30100000 255.60000 44.32000 16.58400 219.51000
 6 10 17 13 34 3715.70000 10.30100000 255.59000 44.32000 16.55700 219.51000
 6 10 17 13 35 3715.00000 10.30100000 255.51000 44.32000 16.55500 219.51000
 6 10 17 13 35 3710.40000 10.30100000 255.59000 44.32000 16.55500 219.51000
 6 10 17 13 36 3715.00000 10.30100000 255.59000 44.32000 16.55500 219.51000
 6 10 17 13 36 3710.40000 10.30100000 255.60000 44.32000 16.55500 219.51000
 6 10 17 13 37 3710.40000 10.30100000 255.60000 44.44000 16.55500 219.51000
 6 10 17 13 37 3711.20000 10.30100000 255.50000 44.44000 16.55500 219.51000
 6 10 17 13 37 3712.10000 10.30100000 255.60000 44.44000 16.55500 219.46000
 6 10 17 13 38 3711.20000 10.30100000 255.50000 44.26000 16.55500 219.46000
 6 10 17 13 38 3712.00000 10.30100000 255.53000 44.42000 16.54500 219.46000
 6 10 17 13 39 3712.20000 10.30100000 255.53000 44.26000 16.54500 219.55000
 6 10 17 13 39 3713.30000 10.30100000 255.54000 44.26000 16.54500 219.55900
 6 10 17 13 40 3712.80000 10.30100000 255.55000 44.26000 16.54500 219.55000
 6 10 17 13 40 3713.00000 10.30400000 255.32000 44.38000 16.54500 219.56900
 6 10 17 13 40 3712.20000 10.30100000 255.56000 44.37000 16.54500 219.55000
 6 10 17 13 41 3712.00000 10.30100000 255.46000 44.37000 16.54500 219.55000
 6 10 17 13 41 3712.00000 10.30000000 255.34000 44.37000 16.54500 219.53700
 6 10 17 13 42 3710.00000 10.30000000 255.34000 44.36000 16.47000 219.46000
 6 10 17 13 42 3710.10000 10.30000000 255.31000 44.36000 16.47000 218.00000
 6 10 17 13 42 3708.00000 10.30000000 255.33000 44.36000 16.47000 218.00000
 6 10 17 13 43 3703.20000 10.30000000 255.34000 44.36000 16.47000 218.00000
 6 10 17 13 43 3703.30000 10.30000000 255.54000 44.36000 16.47000 218.00000
 6 10 17 13 44 3700.80000 10.30000000 255.53000 44.24000 16.47000 217.05400
 6 10 17 13 44 3707.50000 10.30000000 255.37000 44.24000 16.47000 219.32500
 6 10 17 13 45 3700.00000 10.30000000 255.37000 44.24000 16.47000 219.32500
 6 10 17 13 45 3699.90000 10.30000000 255.30000 44.24000 16.47000 219.28000
 6 10 17 13 45 3698.90000 10.30000000 255.30000 44.24000 16.47000 219.28000
 6 10 17 13 46 3699.10000 10.29800000 255.35000 44.22000 16.47000 217.07100
 6 10 17 13 46 3707.40000 10.29800000 255.35000 44.21000 16.47000 217.07100
 6 10 17 13 47 3709.60000 10.29800000 255.52000 44.23000 16.59600 217.07100
 6 10 17 13 47 3703.00000 10.24000000 255.36000 44.24000 16.59600 217.07100
 6 10 17 13 48 3706.90000 10.21600000 255.35000 44.24000 16.59600 217.07100
 6 10 17 13 48 3706.80000 10.21600000 255.34000 44.24000 16.59600 217.07100
 6 10 17 13 48 3706.00000 10.24500000 255.47000 44.23000 16.59600 217.07100
 6 10 17 13 49 3705.70000 10.24500000 255.15000 44.23000 16.59600 217.07100
 6 10 17 13 49 3706.00000 10.24500000 255.47000 44.24000 16.59600 217.07100
 6 10 17 13 50 3706.00000 10.24500000 255.44000 44.35000 16.59600 217.07100
 6 10 17 13 50 3703.80000 10.24500000 255.34000 44.23000 16.47000 217.07100
 6 10 17 13 51 3703.80000 10.24500000 255.34000 44.23000 16.47000 217.07100
 6 10 17 13 51 3703.80000 10.24500000 255.34000 44.23000 16.47000 217.07100
 6 10 17 13 51 3703.80000 10.24500000 255.34000 44.23000 16.47000 217.07100
 6 10 17 13 52 3703.80000 10.22200000 255.24000 44.23000 16.47000 217.07100
 6 10 17 13 52 3703.80000 10.22200000 255.24000 44.23000 16.47000 217.07100
 6 10 17 13 53 3704.00000 10.22200000 255.24000 44.23000 16.47000 217.07100
 6 10 17 13 53 3704.40000 10.22200000 255.33000 44.23000 16.47000 218.00000
 6 10 17 13 54 3714.30000 10.22200000 255.21000 44.23000 16.47000 218.00000
 6 10 17 13 54 3706.00000 10.23600000 255.33000 44.23000 16.47000 218.00000
 6 10 17 13 54 3708.20000 10.23600000 255.21000 44.23000 16.47400 217.00300
 6 10 17 13 55 3708.40000 10.23600000 255.21000 44.20000 16.47400 217.00300
 6 10 17 13 55 3708.50000 10.23600000 255.23000 44.23000 16.47400 217.00300
 6 10 17 13 56 3712.10000 10.25200000 255.23000 44.35000 16.47400 218.04000
 6 10 17 13 56 3712.40000 10.25200000 255.36000 44.23000 16.47400 218.04000
 6 10 17 13 57 3712.40000 10.25200000 255.37000 44.23000 16.47400 218.04000
 6 10 17 13 57 3712.30000 10.25200000 255.37000 44.35000 16.47400 218.04000
 6 10 17 13 57 3712.10000 10.25200000 255.08000 44.45000 16.47400 218.04000
 6 10 17 13 58 3712.00000 10.25200000 255.08000 44.45000 16.47400 218.04000
 6 10 17 13 58 3712.00000 10.25200000 255.35000 44.45000 16.47400 218.04000
 6 10 17 13 59 3713.50000 10.25200000 255.20000 44.45000 16.47400 218.04000
 6 10 17 13 59 3712.00000 10.25200000 255.41000 44.45000 16.47400 218.04000
 6 10 17 14 00 3712.00000 10.25200000 255.41000 44.45000 16.47400 218.04000
 6 10 17 14 00 3708.00000 10.25200000 255.37000 44.45000 16.47400 219.00000
 6 10 17 14 01 3708.00000 10.25200000 255.06000 44.45000 16.47400 219.00000
 6 10 17 14 01 3711.80000 10.25200000 255.09000 44.45000 16.47400 219.00000
 6 10 17 14 01 3711.80000 10.25200000 255.39000 44.45000 16.47400 219.00000
 6 10 17 14 02 3711.80000 10.25200000 255.39000 44.52000 16.47400 219.00000
 6 10 17 14 02 3711.80000 10.25200000 255.20000 44.53000 16.47400 218.99900
 6 10 17 14 03 3711.80000 10.27200000 255.20000 44.54000 16.47400 218.99900
 6 10 17 14 03 3705.10000 10.30000000 255.18000 44.54000 16.47400 218.99900
 6 10 17 14 03 3707.50000 10.30000000 255.20000 44.45000 16.47400 218.99900
 6 10 17 14 04 3707.50000 10.30000000 255.18000 44.45000 16.47400 218.99900
 6 10 17 14 04 3705.00000 10.30000000 255.25000 44.45000 16.47400 218.99900
 6 10 17 14 05 3704.00000 10.30000000 255.20000 44.45000 16.47400 218.12000
 6 10 17 14 05 3704.00000 10.30000000 255.30000 44.45000 16.47400 218.12000
 6 10 17 14 06 3705.20000 10.30000000 255.33000 44.45000 16.47100 218.12000
 6 10 17 14 06 3705.40000 10.30000000 255.49000 44.45000 16.47100 218.12000
 6 10 17 14 06 3706.30000 10.30000000 255.49000 44.45000 16.47100 218.12000
 6 10 17 14 07 3704.00000 10.30000000 255.49000 44.50000 16.47100 218.12000
 6 10 17 14 07 3706.90000 10.30000000 255.49000 44.55000 16.47100 218.12000
 6 10 17 14 08 3703.20000 10.30000000 255.45000 44.50000 16.47100 218.12000
 6 10 17 14 08 3704.40000 10.30000000 255.45000 44.60000 16.47100 218.12000
 6 10 17 14 09 3710.00000 10.30000000 255.78000 44.60000 16.47100 218.12000
 6 10 17 14 09 3711.70000 10.30000000 255.85000 44.60000 16.47100 218.04000
 6 10 17 14 09 3712.00000 10.30000000 255.50000 44.54000 16.47100 218.04000
 6 10 17 14 10 3712.30000 10.30000000 255.50000 44.49000 16.47100 218.04000
 6 10 17 14 10 3712.30000 10.30000000 255.78000 44.52000 16.47100 218.04000
 6 10 17 14 11 3716.00000 10.30000000 255.78000 44.52000 16.47100 218.04000
 6 10 17 14 11 3716.70000 10.30000000 255.77000 44.52000 16.47100 218.04000
 6 10 17 14 12 3717.70000 10.30000000 255.98000 44.59000 16.47100 218.04000
 6 10 17 14 12 3720.00000 10.30000000 255.98000 44.59000 16.47100 218.04000
 6 10 17 14 12 3719.80000 10.30000000 255.98000 44.59000 16.47100 218.04000
 6 10 17 14 13 3714.60000 10.30000000 255.98000 44.59000 16.47100 218.06200
 6 10 17 14 13 3716.30000 10.30000000 256.18000 44.59000 16.47100 218.06200
 6 10 17 14 14 3720.50000 10.30000000 256.35000 44.59000 16.47100 218.06200
 6 10 17 14 14 3720.80000 10.30000000 256.34000 44.49000 16.47100 218.06200
 6 10 17 14 15 3720.30000 10.30000000 256.34000 44.49000 16.47100 218.06200
 6 10 17 14 15 3717.20000 10.30000000 256.48000 44.49000 16.47100 218.06000
 6 10 17 14 15 3720.00000 10.30000000 256.48000 44.49000 16.47100 218.06000
 6 10 17 14 16 3720.30000 10.30000000 256.46000 44.49000 16.47100 218.06000
 6 10 17 14 16 3720.20000 10.30000000 256.39000 44.59000 16.47100 218.06200
 6 10 17 14 17 3716.00000 10.35100000 256.35000 44.59000 16.47100 218.06200
 6 10 17 14 17 3716.50000 10.35100000 256.34000 44.51000 16.47100 218.06200
 6 10 17 14 17 3719.70000 10.35100000 256.10000 44.51000 16.47100 218.06200
 6 10 17 14 18 3712.40000 10.35100000 256.09000 44.51000 16.47100 218.06200
 6 10 17 14 18 3712.10000 10.35100000 256.08000 44.51000 16.47100 218.06200
 6 10 17 14 19 3717.80000 10.35100000 256.06000 44.51000 16.47100 218.06200
 6 10 17 14 19 3718.80000 10.35100000 256.28000 44.51000 16.47100 218.04000
 6 10 17 14 20 3718.70000 10.35500000 256.05000 44.51000 16.47100 218.04000
 6 10 17 14 20 3718.00000 10.35500000 256.09000 44.40000 16.47100 218.06200
 6 10 17 14 20 3718.30000 10.35500000 256.09000 44.40000 16.47100 217.80300
 6 10 17 14 21 3715.10000 10.35500000 256.21000 44.40000 16.47100 218.06200
 6 10 17 14 21 3715.10000 10.35500000 256.34000 44.40000 16.47100 218.06200
 6 10 17 14 22 3716.70000 10.35500000 256.27000 44.40000 16.47100 218.06200
 6 10 17 14 22 3716.70000 10.35500000 256.09000 44.40000 16.47100 218.06200
 6 10 17 14 23 3718.90000 10.35500000 256.32000 44.40000 16.47100 218.06200
 6 10 17 14 23 3722.10000 10.35100000 256.09000 44.40000 16.57500 218.06200
 6 10 17 14 23 3719.50000 10.35100000 256.23000 44.40000 16.57500 218.06200
 6 10 17 14 24 3723.10000 10.35100000 256.09000 44.55000 16.57500 218.50000
 6 10 17 14 24 3725.00000 10.35100000 256.09000 44.54000 16.57500 218.50000
 6 10 17 14 25 3725.20000 10.35100000 256.24000 44.54000 16.57500 218.50000
 6 10 17 14 25 3726.30000 10.35500000 256.23000 44.58000 16.60000 218.50000
 6 10 17 14 26 3725.00000 10.38200000 256.24000 44.58000 16.60000 218.50000
 6 10 17 14 26 3725.00000 10.38200000 256.34000 44.58000 16.60000 218.50000
 6 10 17 14 26 3727.30000 10.38200000 256.26000 44.58000 16.60000 219.51000
 6 10 17 14 27 3727.30000 10.38200000 256.30000 44.60000 16.60000 219.50000
 6 10 17 14 27 3726.30000 10.38200000 256.30000 44.60000 16.60000 219.50000
 6 10 17 14 28 3727.70000 10.31600000 256.30000 44.60000 16.60000 219.49000
 6 10 17 14 28 3727.60000 10.31600000 256.30000 44.60000 16.60000 219.49000
 6 10 17 14 29 3727.60000 10.31600000 256.34000 44.60000 16.60000 219.49000
 6 10 17 14 29 3727.60000 10.31600000 256.47000 44.60000 16.60000 219.49000
 6 10 17 14 29 3727.70000 10.31600000 256.33000 44.60000 16.60000 219.49000
 6 10 17 14 30 3727.70000 10.31600000 256.49000 44.60000 16.60000 219.49000
 6 10 17 14 30 3727.70000 10.31600000 256.49000 44.60000 16.60000 219.49000
