17 10 17 00 00 4848.60000 10.11100000 281.70000 54.67000 16.12000 197.04000
17 10 17 00 00 4849.10000 10.11100000 281.98000 54.67000 16.12000 197.04000
17 10 17 00 00 4843.50000 10.11100000 281.96000 54.69000 16.12000 197.04000
17 10 17 00 01 4840.00000 10.11100000 281.96000 54.69000 16.12000 197.04000
17 10 17 00 01 4848.40000 10.11100000 281.96000 54.69000 16.03400 197.04000
17 10 17 00 02 4849.60000 10.11100000 281.78000 54.69000 16.03400 197.04000
17 10 17 00 02 4848.50000 10.11100000 281.78000 54.69000 16.03400 197.04000
17 10 17 00 03 4849.30000 10.11100000 281.78000 54.69000 16.03400 197.04000
17 10 17 00 03 4848.50000 10.11100000 281.78000 54.69000 16.03400 197.04000
17 10 17 00 03 4848.60000 10.11100000 281.77000 54.69000 16.03400 197.04000
17 10 17 00 04 4849.50000 10.11100000 281.77000 54.69000 16.03400 197.04000
17 10 17 00 04 4849.50000 10.11100000 281.77000 54.69000 16.03400 197.04000
17 10 17 00 05 4849.60000 10.11100000 281.72000 54.69000 16.03100 197.04000
17 10 17 00 05 4849.60000 10.11100000 281.72000 54.69000 16.03100 197.04000
17 10 17 00 06 4849.50000 10.11100000 281.72000 54.69000 16.03500 197.04000
17 10 17 00 06 4849.00000 10.11100000 281.66000 54.52000 16.03500 197.04000
17 10 17 00 06 4849.00000 10.11100000 281.66000 54.52000 16.03500 197.04000
17 10 17 00 07 4845.40000 10.11100000 281.66000 54.52000 16.03500 197.04000
17 10 17 00 07 4849.00000 10.00700000 281.66000 54.52000 16.03500 197.04000
17 10 17 00 08 4848.80000 10.00700000 281.66000 54.52000 16.03100 197.04000
17 10 17 00 08 4849.00000 10.00700000 281.66000 54.52000 16.03100 197.04000
17 10 17 00 09 4848.90000 10.00700000 281.66000 54.52000 16.03100 197.04000
17 10 17 00 09 4847.10000 10.00700000 281.67000 54.52000 16.03100 197.04000
17 10 17 00 09 4848.90000 10.00700000 281.67000 54.52000 16.03400 197.04000
17 10 17 00 10 4848.80000 10.00700000 281.67000 54.52000 16.03400 197.04000
17 10 17 00 10 4848.80000 10.00700000 281.67000 54.52000 16.03400 197.04000
17 10 17 00 11 4848.70000 10.00700000 281.67000 54.52000 16.03400 197.04000
17 10 17 00 11 4848.80000 10.00700000 281.67000 54.52000 16.03400 197.04000
17 10 17 00 12 4847.90000 10.00700000 281.67000 54.52000 16.03400 197.04000
17 10 17 00 12 4848.80000 10.00700000 281.67000 54.52000 16.03100 197.04000
17 10 17 00 12 4848.90000 10.00700000 281.67000 54.52000 16.03100 197.04000
17 10 17 00 13 4848.00000 10.00700000 281.67000 54.52000 16.03100 197.04000
17 10 17 00 13 4847.80000 10.00700000 281.67000 54.54000 16.03100 197.80000
17 10 17 00 14 4847.70000 10.00700000 281.67000 54.54000 16.03100 197.80000
17 10 17 00 14 4848.00000 10.00700000 281.67000 54.54000 16.03000 197.80000
17 10 17 00 15 4848.00000 10.00700000 281.67000 54.54000 16.03000 197.80000
17 10 17 00 15 4848.00000 10.00700000 281.83000 54.54000 16.03000 197.80000
17 10 17 00 15 4848.00000 10.00100000 281.66000 54.50000 16.03000 197.80000
17 10 17 00 16 4847.90000 10.00100000 281.66000 54.50000 16.03000 197.80000
17 10 17 00 16 4848.00000 10.00100000 281.68000 54.50000 16.00200 197.80000
17 10 17 00 17 4848.00000 10.00000000 281.68000 54.50000 16.00200 197.80000
17 10 17 00 17 4847.90000 10.00000000 281.66000 54.50000 16.00200 197.80000
17 10 17 00 18 4847.90000 10.00000000 281.66000 54.50000 16.00200 197.80000
17 10 17 00 18 4846.40000 10.00000000 281.66000 54.50000 16.00200 197.80000
17 10 17 00 18 4839.90000 10.00000000 281.66000 54.50000 16.00200 197.80000
17 10 17 00 19 4847.50000 10.00000000 281.66000 54.50000 16.00200 197.80000
17 10 17 00 19 4847.50000 10.00000000 281.66000 54.54000 16.00200 197.80000
17 10 17 00 20 4848.00000 10.00000000 281.66000 54.54000 16.00200 197.80000
17 10 17 00 20 4847.90000 10.00000000 281.67000 54.54000 16.00200 197.80000
17 10 17 00 21 4847.90000 10.00000000 281.67000 54.54000 16.00200 197.80000
17 10 17 00 21 4847.70000 10.00000000 281.67000 54.54000 16.00200 197.80000
17 10 17 00 21 4847.70000 10.00000000 281.66000 54.54000 16.00200 197.80000
17 10 17 00 22 4847.70000 10.00000000 281.66000 54.54000 16.00200 197.80000
17 10 17 00 22 4847.90000 10.00000000 281.66000 54.54000 16.00200 197.80000
17 10 17 00 23 4848.00000 10.00000000 281.66000 54.54000 16.00200 197.80000
17 10 17 00 23 4847.90000 10.00000000 281.66000 54.54000 16.00200 197.80000
17 10 17 00 23 4848.00000 10.00000000 281.66000 54.54000 16.00200 197.80000
17 10 17 00 24 4848.00000 10.00000000 281.66000 54.54000 16.00200 197.80000
17 10 17 00 24 4848.00000 10.00000000 281.65000 54.54000 16.00200 197.80000
17 10 17 00 25 4848.00000 10.00000000 281.65000 54.50000 16.00300 197.80000
17 10 17 00 25 4848.00000 10.00000000 281.61000 54.50000 16.00300 197.80000
17 10 17 00 26 4848.00000 10.00000000 281.56000 54.50000 16.00300 197.80000
17 10 17 00 26 4835.90000 10.00000000 281.56000 54.50000 16.00300 197.80000
17 10 17 00 26 4847.90000 10.00000000 281.56000 54.50000 16.00300 197.42100
17 10 17 00 27 4835.30000 10.00000000 281.80000 54.50000 16.00300 197.42100
17 10 17 00 27 4825.30000 10.00000000 281.80000 54.50000 16.00300 197.42100
17 10 17 00 28 4835.40000 10.11300000 281.50000 54.50000 16.00300 197.42100
17 10 17 00 28 4821.50000 10.11300000 281.50000 54.50000 16.00300 197.42100
17 10 17 00 29 4846.10000 10.11300000 281.77000 54.50000 16.00300 197.42100
17 10 17 00 29 4846.10000 10.11300000 281.50000 54.50000 16.00300 197.42100
17 10 17 00 29 4846.00000 10.11300000 281.50000 54.50000 16.00300 197.42100
17 10 17 00 30 4830.00000 10.11300000 281.50000 54.70000 16.00300 197.42100
17 10 17 00 30 4835.90000 10.11300000 281.60000 54.70000 16.00000 197.42100
17 10 17 00 31 4829.90000 10.11300000 281.60000 54.70000 16.00000 197.42100
17 10 17 00 31 4836.00000 10.11300000 281.59000 54.52000 16.00000 197.42100
17 10 17 00 32 4836.00000 10.11300000 281.48000 54.50000 16.00000 197.42100
17 10 17 00 32 4845.50000 10.11300000 281.48000 54.50000 16.00000 197.42100
17 10 17 00 32 4845.50000 10.11300000 281.48000 54.50000 16.00000 197.42100
17 10 17 00 33 4845.30000 10.11300000 281.48000 54.50000 16.00000 196.60400
17 10 17 00 33 4845.00000 10.11300000 281.48000 54.52000 16.00000 196.60000
17 10 17 00 34 4844.90000 10.11300000 281.48000 54.50000 16.00000 196.56000
17 10 17 00 34 4844.80000 10.11300000 281.48000 54.50000 16.00000 196.56000
17 10 17 00 35 4842.30000 10.11300000 281.48000 54.50000 16.00000 196.56000
17 10 17 00 35 4844.20000 10.11300000 281.47000 54.50000 16.00000 196.56000
17 10 17 00 35 4842.30000 10.11300000 281.48000 54.50000 16.00000 196.56000
17 10 17 00 36 4842.30000 10.11300000 281.48000 54.50000 16.00000 196.56000
17 10 17 00 36 4842.30000 10.11300000 281.48000 54.50000 16.00000 196.56000
17 10 17 00 37 4839.30000 10.11300000 281.42000 54.50000 16.00000 196.56000
17 10 17 00 37 4841.20000 10.11300000 281.42000 54.50000 16.00000 196.56000
17 10 17 00 38 4840.70000 10.04100000 281.47000 54.50000 16.00000 196.56000
17 10 17 00 38 4842.00000 10.04100000 281.47000 54.50000 16.00000 196.56000
17 10 17 00 38 4841.20000 10.04100000 281.47000 54.50000 16.00000 196.56000
17 10 17 00 39 4840.00000 10.04100000 281.47000 54.50000 16.00000 196.56000
17 10 17 00 39 4837.00000 10.04100000 281.43000 54.50000 16.00000 196.56000
17 10 17 00 40 4837.00000 10.04100000 281.43000 54.40000 16.00000 196.56000
17 10 17 00 40 4834.90000 10.04100000 281.48000 54.39000 16.00000 196.56000
17 10 17 00 41 4834.90000 10.04100000 281.48000 54.39000 16.00000 196.60000
17 10 17 00 41 4835.00000 10.04100000 281.48000 54.39000 16.00000 196.60000
17 10 17 00 41 4835.00000 10.04100000 281.48000 54.39000 16.00000 196.60000
17 10 17 00 42 4835.00000 10.04100000 281.43000 54.39000 16.00000 196.60000
17 10 17 00 42 4835.00000 10.04100000 281.48000 54.27000 16.00000 196.60000
17 10 17 00 43 4838.80000 10.04100000 281.48000 54.27000 16.00000 196.60000
17 10 17 00 43 4835.10000 10.04100000 281.48000 54.27000 16.00000 196.60000
17 10 17 00 44 4838.80000 10.04100000 281.48000 54.27000 16.00000 196.60000
17 10 17 00 44 4827.60000 10.04100000 281.48000 54.27000 16.00000 196.60000
17 10 17 00 44 4835.70000 10.04100000 281.47000 54.42000 16.00000 197.00000
17 10 17 00 45 4827.80000 10.04100000 281.48000 54.42000 16.00000 197.00000
17 10 17 00 45 4837.90000 10.04100000 281.48000 54.42000 16.00000 197.00000
17 10 17 00 46 4837.90000 10.04100000 281.48000 54.42000 16.00000 197.00000
17 10 17 00 46 4833.90000 10.04100000 281.50000 54.42000 16.00000 197.00000
17 10 17 00 47 4833.80000 10.04100000 281.42000 54.27000 16.00000 197.00000
17 10 17 00 47 4834.00000 10.04100000 281.54000 54.27000 16.00000 197.00000
17 10 17 00 47 4835.00000 10.04100000 281.43000 54.27000 16.00000 197.00000
17 10 17 00 48 4835.00000 10.04100000 281.43000 54.27000 16.00000 197.00000
17 10 17 00 48 4834.20000 10.04100000 281.48000 54.27000 16.00000 197.00000
17 10 17 00 49 4834.40000 10.04100000 281.47000 54.27000 16.00000 197.00000
17 10 17 00 49 4834.40000 10.04100000 281.43000 54.27000 16.00000 197.00000
17 10 17 00 50 4832.00000 10.04100000 281.43000 54.27000 16.00000 197.00000
17 10 17 00 50 4834.60000 10.04100000 281.24000 54.27000 16.00000 197.00000
17 10 17 00 50 4834.40000 10.04100000 281.24000 54.27000 16.00000 197.00000
17 10 17 00 51 4835.00000 10.04100000 281.24000 54.27000 16.00000 196.56000
17 10 17 00 51 4835.00000 10.04100000 281.26000 54.03000 16.00000 196.56000
17 10 17 00 52 4834.70000 10.04100000 281.24000 54.03000 16.00000 196.56000
17 10 17 00 52 4834.40000 10.04100000 281.24000 54.03000 16.00000 196.56000
17 10 17 00 53 4832.00000 10.04100000 281.24000 54.03000 16.00000 196.56000
17 10 17 00 53 4834.40000 10.04100000 281.24000 54.03000 16.00000 196.56000
17 10 17 00 53 4834.70000 10.04100000 281.00000 54.03000 16.00000 196.56000
17 10 17 00 54 4834.70000 10.04100000 281.00000 54.03000 16.00000 196.56000
17 10 17 00 54 4835.00000 10.04100000 281.00000 54.03000 16.00000 196.56000
17 10 17 00 55 4835.00000 10.04100000 281.00000 54.03000 16.00000 196.56000
17 10 17 00 55 4838.30000 10.04100000 280.91000 54.10000 16.00000 196.56000
17 10 17 00 56 4838.30000 10.04100000 280.91000 54.10000 16.00000 196.56000
17 10 17 00 56 4838.30000 10.04100000 280.80000 54.10000 16.00000 196.56000
17 10 17 00 56 4838.60000 10.04100000 280.98000 54.10000 16.00000 196.56000
17 10 17 00 57 4842.00000 10.04100000 280.88000 54.10000 16.00000 196.56000
17 10 17 00 57 4838.30000 10.04100000 280.86000 54.10000 16.00000 196.56000
17 10 17 00 58 4838.30000 10.04100000 280.86000 54.10000 16.00000 196.56000
17 10 17 00 58 4837.40000 10.04100000 280.86000 54.10000 16.00000 196.56000
17 10 17 00 59 4839.50000 10.04100000 280.85000 54.10000 16.00000 196.56000
17 10 17 00 59 4839.50000 10.04100000 280.50000 54.10000 16.00000 196.56000
17 10 17 00 59 4839.50000 10.04100000 280.50000 54.05000 16.00000 196.56000
17 10 17 01 00 4839.70000 10.04100000 280.52000 54.05000 16.00000 196.56000
17 10 17 01 00 4839.70000 10.04100000 280.54000 54.05000 16.00000 196.56000
17 10 17 01 01 4839.70000 10.04100000 280.53000 54.10000 16.00000 196.56000
17 10 17 01 01 4839.70000 10.04100000 280.53000 54.10000 16.00000 196.56000
17 10 17 01 02 4839.70000 10.04100000 280.53000 54.10000 16.00000 196.56000
17 10 17 01 02 4839.70000 10.04100000 280.53000 54.10000 16.00000 196.56000
17 10 17 01 02 4839.70000 10.04100000 280.53000 54.10000 16.00000 196.56000
17 10 17 01 03 4839.70000 10.04100000 280.53000 54.10000 16.00000 196.56000
17 10 17 01 03 4839.70000 10.04100000 280.53000 54.10000 16.00000 196.56000
17 10 17 01 04 4839.70000 10.04100000 280.53000 54.10000 16.00000 196.56000
17 10 17 01 04 4839.70000 10.04100000 280.50000 54.10000 16.00000 196.56000
17 10 17 01 05 4839.70000 10.04100000 280.50000 54.10000 16.00000 196.56000
17 10 17 01 05 4839.70000 10.04100000 280.50000 54.10000 16.00000 196.56000
17 10 17 01 05 4839.60000 10.04100000 280.52000 54.10000 16.00000 196.56000
17 10 17 01 06 4839.70000 10.04100000 280.52000 54.10000 16.00000 196.56000
17 10 17 01 06 4839.70000 10.04100000 280.52000 54.10000 16.00000 196.56000
17 10 17 01 07 4839.70000 10.04100000 280.52000 54.10000 16.00000 196.56000
17 10 17 01 07 4835.00000 10.04100000 280.54000 54.23000 16.00000 196.56000
17 10 17 01 08 4836.20000 10.04100000 280.54000 54.23000 16.00000 196.56000
17 10 17 01 08 4837.50000 10.04100000 280.54000 54.23000 16.00000 196.56000
17 10 17 01 08 4837.30000 10.04100000 280.54000 54.23000 16.00000 196.56000
17 10 17 01 09 4837.20000 10.04100000 280.54000 54.23000 16.00000 196.56000
17 10 17 01 09 4837.00000 10.04100000 280.81000 54.23000 16.00000 196.56000
17 10 17 01 10 4836.80000 10.04100000 280.81000 54.23000 16.00000 196.56000
17 10 17 01 10 4839.90000 10.04100000 280.82000 54.23000 16.00000 196.56000
17 10 17 01 11 4835.80000 10.04100000 280.82000 54.23000 16.00000 196.56000
17 10 17 01 11 4835.30000 10.04100000 280.82000 54.23000 16.00000 196.56000
17 10 17 01 11 4836.40000 10.04100000 280.82000 54.23000 16.00000 196.56000
17 10 17 01 12 4836.50000 10.04100000 280.82000 54.23000 16.00000 196.56000
17 10 17 01 12 4834.50000 10.04100000 280.82000 54.23000 16.00000 196.56000
17 10 17 01 13 4834.70000 10.04100000 280.82000 54.23000 16.00000 196.56000
17 10 17 01 13 4834.70000 10.04100000 280.90000 54.23000 16.00000 196.56000
17 10 17 01 14 4834.80000 10.04100000 280.95000 54.23000 16.00000 196.56000
17 10 17 01 14 4834.80000 10.04100000 280.95000 54.23000 16.00000 196.56000
17 10 17 01 14 4836.00000 10.04100000 281.00000 54.23000 16.00000 196.56000
17 10 17 01 15 4836.00000 10.04100000 281.00000 54.23000 16.00000 196.56000
17 10 17 01 15 4836.00000 10.04100000 281.00000 54.23000 16.00000 196.56000
17 10 17 01 16 4835.20000 10.04100000 281.00000 54.23000 16.00000 196.56000
17 10 17 01 16 4835.20000 10.04100000 281.00000 54.23000 16.00000 196.56000
17 10 17 01 17 4835.80000 10.04100000 281.00000 54.23000 16.00000 196.56000
17 10 17 01 17 4836.00000 10.04100000 281.00000 54.23000 16.00000 196.56000
17 10 17 01 17 4836.00000 10.04100000 281.00000 54.23000 16.00000 196.56000
17 10 17 01 18 4836.00000 10.04100000 281.00000 54.23000 16.00000 197.74700
17 10 17 01 18 4835.90000 10.04100000 281.00000 54.23000 16.00000 197.74700
17 10 17 01 19 4836.00000 10.04100000 281.08000 54.23000 16.00000 197.74700
17 10 17 01 19 4836.00000 10.04100000 281.08000 54.23000 16.00000 197.74700
17 10 17 01 19 4836.00000 10.04100000 281.39000 54.23000 16.00000 197.74700
17 10 17 01 20 4836.00000 10.04100000 281.41000 54.23000 16.00000 197.74700
17 10 17 01 20 4836.00000 10.04100000 281.41000 54.23000 16.00000 197.74700
17 10 17 01 21 4825.50000 10.10000000 281.41000 54.23000 16.00000 197.74700
17 10 17 01 21 4835.80000 10.10000000 281.05000 54.23000 16.00000 197.74700
17 10 17 01 22 4830.00000 10.10000000 280.50000 54.23000 16.00000 197.74700
17 10 17 01 22 4828.80000 10.10000000 280.85000 54.23000 16.00000 197.74700
17 10 17 01 23 4830.00000 10.10000000 280.85000 54.23000 16.00000 197.74700
17 10 17 01 23 4830.00000 10.10000000 280.85000 54.23000 16.00000 197.74700
17 10 17 01 23 4813.70000 10.10000000 280.85000 54.23000 16.00000 197.74700
17 10 17 01 24 4830.00000 10.10000000 280.85000 54.23000 16.00000 197.74700
17 10 17 01 24 4829.60000 10.10000000 280.77000 54.18000 16.00000 197.74700
17 10 17 01 25 4829.60000 10.10000000 280.77000 54.18000 16.00000 197.74700
17 10 17 01 25 4829.60000 10.10000000 280.50000 54.18000 16.00000 197.74700
17 10 17 01 26 4829.70000 10.10000000 280.72000 54.18000 16.00000 197.74700
17 10 17 01 26 4829.70000 10.10000000 280.72000 54.18000 16.00000 196.60200
17 10 17 01 26 4829.90000 10.10000000 280.72000 54.18000 16.00000 196.60200
17 10 17 01 27 4829.90000 10.10000000 280.72000 54.18000 16.00000 196.60200
17 10 17 01 27 4829.80000 10.10000000 280.72000 54.18000 16.00000 196.60200
17 10 17 01 28 4829.80000 10.10000000 280.50000 54.18000 16.00000 196.60200
17 10 17 01 28 4829.70000 10.10000000 280.50000 54.18000 16.00000 196.60200
17 10 17 01 29 4829.80000 10.10000000 280.50000 54.15000 16.00000 196.60200
17 10 17 01 29 4829.70000 10.10000000 280.39000 54.15000 16.08400 196.60200
17 10 17 01 29 4828.60000 10.10000000 280.39000 54.15000 16.08400 196.60200
17 10 17 01 30 4828.60000 10.10000000 280.31000 54.15000 16.08400 196.60200
17 10 17 01 30 4828.60000 10.10000000 280.31000 54.15000 16.08400 196.60200
17 10 17 01 31 4828.60000 10.10000000 280.31000 54.15000 16.08400 196.60200
17 10 17 01 31 4829.50000 10.10000000 280.30000 54.15000 16.08400 196.60200
17 10 17 01 32 4829.50000 10.10000000 280.30000 54.15000 15.93300 196.60200
17 10 17 01 32 4829.50000 10.10000000 280.30000 54.15000 15.93300 196.60200
17 10 17 01 32 4829.50000 10.10000000 280.30000 54.15000 15.93300 196.60200
17 10 17 01 33 4829.50000 10.10000000 280.23000 54.15000 15.93300 196.60200
17 10 17 01 33 4828.60000 10.10000000 280.21000 54.15000 15.93300 196.60200
17 10 17 01 34 4828.60000 10.10000000 280.20000 54.19000 15.93300 196.60200
17 10 17 01 34 4828.60000 10.10000000 280.18000 54.19000 15.93300 196.60200
17 10 17 01 35 4828.60000 10.10000000 280.20000 54.19000 15.93300 196.60200
17 10 17 01 35 4828.60000 10.10000000 280.20000 54.19000 15.93300 196.60200
17 10 17 01 35 4828.60000 10.10000000 280.18000 54.19000 15.93300 196.60200
17 10 17 01 36 4828.60000 10.10000000 280.16000 54.19000 15.93300 196.60200
17 10 17 01 36 4817.60000 10.10000000 280.16000 54.19000 15.93300 196.60200
17 10 17 01 37 4822.00000 10.10000000 280.15000 54.19000 15.93300 196.60200
17 10 17 01 37 4822.00000 10.10000000 280.14000 54.16000 15.93300 196.60200
17 10 17 01 38 4822.00000 10.10000000 280.14000 54.16000 15.93300 196.56000
