19 8 17 00 00 3531.49900 11.43207000 250.00215 39.64650 16.44003 173.99977
19 8 17 00 02 3531.49900 11.70531000 253.51400 39.00000 16.44000 173.99977
19 8 17 00 00 3535.88900 11.43107000 250.00001 39.09030 16.53000 173.99977
19 8 17 00 01 3531.49900 11.52511000 251.19968 39.99791 16.53236 173.99968
19 8 17 00 02 3526.64700 11.45016000 251.19968 39.99791 16.44000 173.99977
19 8 17 00 02 3531.49900 11.45016000 251.19968 39.43973 16.75136 173.99977
19 8 17 00 03 3535.30000 11.60240000 249.99997 38.83700 16.75666 173.99977
19 8 17 00 05 3529.99500 11.43207000 251.19968 40.00000 16.53000 173.99968
19 8 17 00 03 3521.07000 11.43207000 250.00001 39.99000 16.53000 173.99977
19 8 17 00 04 3516.83100 11.43207000 251.19968 39.89992 16.53236 173.99977
19 8 17 00 04 3531.49900 11.45002000 251.19968 39.43973 16.53000 173.99977
19 8 17 00 04 3535.30000 11.43207000 251.19968 39.90000 16.53000 173.99977
19 8 17 00 05 3534.88900 11.60240000 251.19968 39.90000 16.53000 173.99977
19 8 17 00 05 3535.30000 11.60240000 249.99997 39.99580 16.44000 173.99977
19 8 17 00 06 3532.00000 11.70531000 251.19968 39.89793 16.53236 173.99977
19 8 17 00 06 3532.00000 11.43207000 251.19968 39.99580 16.75666 173.99977
19 8 17 00 06 3531.49900 11.43207000 250.73606 39.99791 16.75136 173.99977
19 8 17 00 07 3532.35200 11.45002000 250.73616 39.89793 16.53000 173.99977
19 8 17 00 08 3516.83100 11.60240000 253.51400 39.99580 16.53000 173.99977
19 8 17 00 08 3537.99900 11.70531000 251.19968 39.90000 16.53000 173.99977
19 8 17 00 09 3534.88900 11.45002000 249.70000 39.89992 16.44000 173.99977
19 8 17 00 09 3529.99800 11.60236000 251.10300 39.84651 16.75136 173.99967
19 8 17 00 09 3529.99500 11.45002000 251.13196 39.89992 16.53000 173.99985
19 8 17 00 10 3529.99800 11.45016000 250.99772 39.89793 16.44003 173.99977
19 8 17 00 10 3516.83100 11.43207000 250.30918 39.89000 16.44000 173.99985
19 8 17 00 11 3530.00000 11.60262000 250.99772 39.43973 16.53000 173.99985
19 8 17 00 10 3528.00000 11.45500000 250.30930 39.89001 16.44003 173.99984
19 8 17 00 11 3530.00000 11.45500000 251.70020 39.86600 16.44003 173.99985
19 8 17 00 12 3527.99200 11.45002000 251.04700 39.86600 16.44003 173.99984
19 8 17 00 12 3534.88900 11.43107000 251.57067 39.86600 16.44003 173.99984
19 8 17 00 13 3527.99200 11.45500000 251.04701 39.90000 16.44003 173.99985
19 8 17 00 13 3527.99200 11.45002000 251.04702 39.86600 16.75666 173.99984
19 8 17 00 14 3516.83100 11.70531000 250.99772 39.86601 16.35397 173.99984
19 8 17 00 14 3535.30000 11.45500000 251.75043 39.86300 16.35394 173.99985
19 8 17 00 15 3527.98800 11.43107000 251.64200 39.86601 16.35393 173.99985
19 8 17 00 15 3531.49900 11.52511000 251.64200 39.74312 16.35393 173.99985
19 8 17 00 16 3523.25700 11.45500000 253.51400 39.89279 16.35393 173.99985
19 8 17 00 16 3529.99500 11.45016000 251.29989 39.89279 16.35394 173.99985
19 8 17 00 17 3525.11200 11.45500000 251.52800 39.64650 16.35285 173.99985
19 8 17 00 16 3523.48000 11.60240000 251.61300 39.64650 16.35393 173.99985
19 8 17 00 17 3525.64600 11.51718000 250.30918 39.50000 16.35393 173.99985
19 8 17 00 17 3530.00000 11.60262000 251.61300 39.89279 16.35393 173.99984
19 8 17 00 18 3525.64600 11.43107000 250.30918 39.64650 16.35393 173.99984
19 8 17 00 18 3522.50100 11.51718000 251.04700 39.86600 16.35285 173.99984
19 8 17 00 19 3516.83100 11.60262000 251.05027 39.90000 16.35393 173.99984
19 8 17 00 19 3524.65100 11.51718000 251.61300 39.74312 16.75666 173.99984
19 8 17 00 20 3524.65100 11.60262000 251.05028 39.74000 16.35393 173.99984
19 8 17 00 20 3521.68300 11.51718000 251.95100 39.74000 16.44000 173.99976
19 8 17 00 21 3521.68300 11.51718000 251.05029 39.74000 16.44000 173.99984
19 8 17 00 21 3529.99500 11.60262000 251.29989 39.89279 16.26962 173.99985
19 8 17 00 21 3525.64600 11.43107000 251.05029 39.74000 16.26962 173.99984
19 8 17 00 22 3531.50000 11.60262000 251.29989 39.86300 16.44000 173.99985
19 8 17 00 22 3529.99400 11.51718000 250.99772 39.74000 16.26962 173.99976
19 8 17 00 25 3524.65000 11.54376000 251.05027 39.74000 16.35393 173.99985
19 8 17 00 25 3529.99500 11.43107000 251.29989 39.86600 16.35393 173.99984
19 8 17 00 23 3524.65300 11.60240000 251.10003 39.90000 16.26962 173.99976
19 8 17 00 24 3535.00000 11.43107000 251.10207 39.73894 16.35393 173.99984
19 8 17 00 25 3516.83100 11.43107000 250.99772 39.86601 16.35393 173.99984
19 8 17 00 25 3529.99600 11.54376000 250.99772 39.86601 16.26962 173.99984
19 8 17 00 26 3534.63000 11.54376000 251.05027 39.90000 16.26962 173.99984
19 8 17 00 26 3537.98000 11.54376000 251.40100 39.50000 16.35393 173.99985
19 8 17 00 26 3537.87600 11.45002000 251.57800 39.86601 16.35393 173.99984
19 8 17 00 26 3524.23800 11.45002000 251.05029 39.74312 16.44000 173.99984
19 8 17 00 27 3537.76400 11.45002000 251.95109 39.86300 16.44000 173.99976
19 8 17 00 28 3524.23800 11.43107000 251.05029 39.50000 16.35393 173.99984
19 8 17 00 28 3531.50000 11.60240000 251.10012 39.74000 16.26962 173.99984
19 8 17 00 29 3531.50000 11.60240000 251.05027 39.74000 16.26962 173.99984
19 8 17 00 29 3537.88800 11.60240000 252.00000 39.74000 16.26962 173.99984
19 8 17 00 29 3530.01900 11.45002000 252.29972 39.74312 16.26962 173.99984
19 8 17 00 29 3537.99900 11.43107000 251.05029 39.50000 16.53000 173.99984
19 8 17 00 30 3529.99500 11.43107000 252.00001 39.74000 16.26962 173.99984
19 8 17 00 31 3531.50000 11.60240000 251.05029 39.86300 16.26962 173.99984
19 8 17 00 31 3524.65100 11.60240000 252.00000 39.86300 16.35393 173.99984
19 8 17 00 31 3539.68500 11.60240000 252.00000 39.73894 16.35393 173.99984
19 8 17 00 32 3539.68500 11.60240000 252.00002 39.73986 16.35393 173.99976
19 8 17 00 32 3530.42300 11.60240000 251.05029 39.74000 16.26962 173.99976
19 8 17 00 32 3536.02000 11.60240000 252.49786 39.90000 16.35393 173.99976
19 8 17 00 35 3530.20400 11.60240000 252.09125 39.73894 16.53000 173.99976
19 8 17 00 34 3524.23800 11.60239000 252.00000 39.89279 16.26962 173.99976
19 8 17 00 34 3529.84600 11.60240000 252.00008 39.54416 16.26962 173.99984
19 8 17 00 37 3523.68300 11.60240000 252.00001 39.86601 16.53000 173.99984
19 8 17 00 35 3537.01100 11.70531000 252.00000 39.89279 16.35397 173.99985
19 8 17 00 36 3529.99500 11.45002000 252.00020 39.54414 16.44000 173.99984
19 8 17 00 36 3521.04000 11.43107000 252.00000 39.54416 16.35393 173.99985
19 8 17 00 36 3537.99900 11.60240000 252.00015 39.54416 16.35393 173.99984
19 8 17 00 37 3524.23800 11.60240000 252.10000 39.54414 16.35393 173.99985
19 8 17 00 37 3515.00000 11.60240000 252.10000 39.54414 16.35393 173.99985
19 8 17 00 37 3515.00000 11.60240000 252.34732 39.54415 16.35397 173.99985
19 8 17 00 37 3524.23800 11.54376000 252.00014 39.54416 16.53000 173.99976
19 8 17 00 38 3527.99200 11.54376000 252.36479 39.54416 16.53000 173.99976
19 8 17 00 39 3527.99200 11.54376000 252.10000 39.54416 16.35393 173.99985
19 8 17 00 39 3527.84200 11.54376000 252.00014 39.54416 16.26962 173.99985
19 8 17 00 42 3524.65100 11.54376000 252.10000 39.54414 16.35393 173.99976
19 8 17 00 40 3537.99900 11.43107000 252.00004 39.54416 16.35285 173.99999
19 8 17 00 41 3536.99900 11.54376000 252.00014 39.54416 16.26962 173.99999
19 8 17 00 41 3527.85100 11.54376000 251.55000 39.54416 16.35285 173.99999
19 8 17 00 42 3537.99900 11.70531000 251.05029 39.54416 16.34434 173.99984
19 8 17 00 42 3524.65100 11.54376000 252.36458 39.54416 16.53000 173.99999
19 8 17 00 42 3544.00000 11.54376000 252.36464 39.37300 16.34434 173.99999
19 8 17 00 45 3538.67700 11.54376000 252.00000 39.54416 16.35397 173.99999
19 8 17 00 43 3552.11700 11.54376000 252.36479 39.54415 16.34434 173.99999
19 8 17 00 43 3555.18000 11.54376000 252.50000 39.37299 16.34434 173.99999
19 8 17 00 44 3524.23800 11.54376000 252.00000 39.54522 16.53000 173.99999
19 8 17 00 45 3530.20400 11.54376000 252.56000 39.54416 16.34434 173.99984
19 8 17 00 45 3546.00000 11.60240000 252.00014 39.54522 16.26962 173.99984
19 8 17 00 45 3515.00000 11.54376000 252.36479 39.46490 16.34434 173.99984
19 8 17 00 46 3562.00000 11.57201000 252.58400 39.54416 16.34434 173.99999
19 8 17 00 46 3524.65100 11.54376000 252.76517 39.54416 16.26962 173.99976
19 8 17 00 46 3546.00000 11.57201000 253.31974 39.35400 16.34434 173.99999
19 8 17 00 47 3537.99900 11.54376000 252.00014 39.50000 16.34434 173.99999
19 8 17 00 47 3524.23800 11.60239000 252.36472 39.50000 16.35393 173.99985
19 8 17 00 50 3557.49900 11.57201000 252.36472 39.49999 16.34434 173.99999
19 8 17 00 49 3524.23800 11.60239000 252.58400 39.49999 16.34434 173.99984
19 8 17 00 48 3572.54500 11.70531000 253.51393 39.48300 16.34434 173.99985
19 8 17 00 49 3557.50000 11.56973000 253.51385 39.48300 16.34434 173.99999
19 8 17 00 49 3557.49800 11.54376000 253.51385 39.48300 16.34520 173.99999
19 8 17 00 50 3537.99900 11.70531000 253.51385 39.54416 16.34520 173.99976
19 8 17 00 50 3563.21500 11.56973000 253.61000 39.50000 16.34520 173.99968
19 8 17 00 51 3537.99900 11.60239000 253.78618 39.50000 16.34434 173.99984
19 8 17 00 52 3537.99900 11.60239000 252.36472 39.50000 16.35393 173.99976
19 8 17 00 52 3536.02000 11.56973000 253.51385 39.35400 16.34520 173.99976
19 8 17 00 52 3562.54400 11.54376000 253.51385 39.50000 16.34434 173.99984
19 8 17 00 53 3557.50000 11.60239000 253.10025 39.79793 16.34520 173.99999
19 8 17 00 53 3557.49800 11.60238000 253.51409 39.79792 16.34520 173.99999
19 8 17 00 53 3574.00000 11.57201000 254.13969 39.79792 16.34434 173.99968
19 8 17 00 54 3573.88800 11.60238000 252.36472 39.79792 16.44000 173.99984
19 8 17 00 54 3557.50000 11.60239000 254.00000 39.54524 16.34520 174.00000
19 8 17 00 55 3562.54700 11.54376000 252.36472 39.35416 16.34434 173.99984
19 8 17 00 56 3562.54400 11.56973000 252.58400 39.54414 16.34520 174.00000
19 8 17 00 56 3562.54700 11.60238000 254.00000 39.35416 16.34520 174.00000
19 8 17 00 58 3562.54700 11.70531000 253.51409 39.79792 16.34434 173.99999
19 8 17 00 57 3563.00100 11.60238000 253.10677 39.35416 16.34520 174.00000
19 8 17 00 57 3563.00100 11.54376000 253.51383 39.48300 16.34520 174.00000
19 8 17 00 57 3563.00100 11.60239000 253.51385 39.79792 16.34520 173.99985
19 8 17 00 58 3546.00000 11.60238000 253.10702 39.48300 16.35397 173.99968
19 8 17 00 58 3573.50000 11.60238000 253.10709 39.48300 16.34434 173.99968
19 8 17 00 59 3573.50100 11.60239000 252.58400 39.35416 16.34520 174.00000
19 8 17 01 00 3573.50000 11.60239000 253.51382 39.35416 16.34434 174.00000
19 8 17 00 59 3557.49800 11.60239000 253.11544 39.48300 16.34435 173.99999
19 8 17 01 00 3573.50000 11.60239000 253.99988 39.35416 16.34435 174.00000
19 8 17 01 01 3546.00000 11.60262000 253.51381 39.79792 16.44000 173.99976
19 8 17 01 01 3557.50000 11.60262000 253.51406 39.35416 16.34520 174.00000
19 8 17 01 01 3565.63500 11.60262000 253.51406 39.80000 16.35393 173.99985
19 8 17 01 02 3546.00000 11.62752000 253.51382 39.35416 16.34520 173.99999
19 8 17 01 02 3565.00100 11.62752000 254.29893 39.36005 16.34520 174.00000
19 8 17 01 02 3573.50000 11.60239000 253.51382 39.36005 16.34520 173.99976
19 8 17 01 03 3568.49200 11.62752000 254.24979 39.54414 16.34434 173.99999
19 8 17 01 03 3536.02000 11.62752000 253.51382 39.36005 16.35393 173.99985
19 8 17 01 03 3566.24200 11.62752000 254.24953 39.79792 16.34520 173.99976
19 8 17 01 04 3560.00000 11.62752000 253.51407 39.54524 16.34520 173.99976
19 8 17 01 05 3573.50000 11.62752000 253.51407 39.35415 16.34520 174.00000
19 8 17 01 05 3565.65000 11.60239000 251.05029 39.54524 16.34642 173.99985
19 8 17 01 05 3565.88500 11.62752000 253.60001 39.35415 16.34520 173.99999
19 8 17 01 06 3567.16900 11.62752000 253.51382 39.36005 16.34642 174.00000
19 8 17 01 06 3560.00000 11.60239000 254.24979 39.54524 16.34434 173.99984
19 8 17 01 06 3567.16900 11.54376000 253.59974 39.35415 16.34434 173.99984
19 8 17 01 07 3546.00000 11.62752000 253.51409 39.36005 16.35393 173.99985
19 8 17 01 08 3567.16900 11.62763000 253.59974 39.35415 16.34642 173.99967
19 8 17 01 08 3577.69700 11.62763000 253.59974 39.35415 16.34642 173.99967
19 8 17 01 09 3574.89000 11.60239000 253.51385 39.35416 16.34520 173.99976
19 8 17 01 09 3577.85700 11.62763000 253.59974 39.35415 16.34657 173.99967
19 8 17 01 09 3577.86000 11.60239000 253.51407 39.54414 16.34434 173.99984
19 8 17 01 10 3577.69700 11.60262000 253.51385 39.35416 16.46962 173.99976
19 8 17 01 10 3573.50000 11.54376000 253.59968 39.35415 16.34434 173.99984
19 8 17 01 11 3578.84800 11.69635000 253.59973 39.50000 16.46962 172.91940
19 8 17 01 12 3578.84300 11.70312000 251.05029 39.54414 16.46962 173.11000
19 8 17 01 12 3524.23800 11.69635000 253.59999 39.50000 16.34520 173.99999
19 8 17 01 12 3580.00000 11.70312000 253.99988 39.54524 16.46962 172.21728
19 8 17 01 12 3524.23800 11.62752000 253.60001 39.50000 16.46962 172.00003
19 8 17 01 13 3560.00000 11.69624000 254.24979 39.54524 16.34657 173.11000
19 8 17 01 14 3580.85300 11.70312000 253.80025 39.50000 16.46962 172.00000
19 8 17 01 14 3580.85300 11.70312000 253.51409 39.50000 16.46962 172.16344
19 8 17 01 14 3580.45200 11.60239000 253.51409 39.50000 16.34520 172.00003
19 8 17 01 14 3524.23800 11.62752000 253.60001 39.50000 16.46962 172.16344
19 8 17 01 15 3577.69700 11.69635000 253.59974 39.50000 16.46962 172.00000
19 8 17 01 15 3583.00000 11.69635000 253.59974 39.36005 16.34520 172.00014
19 8 17 01 15 3577.69700 11.70312000 253.60001 39.36005 16.46962 172.16344
19 8 17 01 16 3560.00000 11.62752000 251.05029 39.47800 16.34434 172.00003
19 8 17 01 17 3577.69800 11.62752000 253.90025 39.50000 16.46962 172.00000
19 8 17 01 18 3577.69700 11.70312000 253.90025 39.50000 16.46962 172.00014
19 8 17 01 17 3577.81400 11.70312000 253.99988 39.40000 16.46962 172.00000
19 8 17 01 18 3577.81600 11.60239000 253.90025 39.39894 16.34657 172.00000
19 8 17 01 19 3536.02000 11.60239000 253.80000 39.39997 16.34434 172.52053
19 8 17 01 19 3581.00000 11.60239000 253.51407 39.39997 16.34520 172.00000
19 8 17 01 20 3581.00000 11.69008000 253.51407 39.39894 16.34520 172.00014
19 8 17 01 20 3580.99900 11.69008000 253.90025 39.39997 16.46962 172.00000
19 8 17 01 20 3580.00000 11.69008000 253.89999 39.39997 16.46962 172.00000
19 8 17 01 23 3580.00000 11.62752000 253.59999 39.40000 16.46962 172.52053
19 8 17 01 21 3581.55100 11.69624000 253.89025 39.39997 16.34520 173.11000
19 8 17 01 21 3580.00000 11.62752000 253.51407 39.39997 16.46962 172.52053
19 8 17 01 22 3580.00000 11.69008000 253.80000 39.40000 16.34520 172.21728
19 8 17 01 23 3579.88900 11.70505000 253.80000 39.40000 16.46962 172.00000
19 8 17 01 23 3580.00000 11.60239000 251.05029 39.39998 16.34657 173.99985
19 8 17 01 23 3536.02000 11.62752000 253.99988 39.39998 16.34520 172.16344
19 8 17 01 24 3577.82900 11.70505000 254.24979 39.39998 16.34520 172.52053
19 8 17 01 24 3577.82000 11.62752000 251.05029 39.39998 16.34434 172.00014
19 8 17 01 25 3579.88000 11.70505000 253.51407 39.39998 16.46962 172.00000
19 8 17 01 25 3536.02000 11.62752000 253.80000 39.39894 16.34520 172.52053
19 8 17 01 26 3574.90200 11.70505000 253.30924 39.39998 16.34434 172.00014
19 8 17 01 25 3580.99900 11.70312000 253.30916 39.40000 16.34434 172.00000
19 8 17 01 26 3579.88900 11.70506000 251.05029 39.39793 16.46962 173.99985
19 8 17 01 27 3581.55100 11.70506000 253.80000 39.39793 16.34520 172.16344
19 8 17 01 27 3577.69700 11.70312000 253.30933 39.39793 16.34520 172.16344
19 8 17 01 27 3574.90100 11.60262000 253.30933 39.35414 16.34657 173.11000
19 8 17 01 28 3579.88900 11.70505000 251.05029 39.38500 16.46962 175.10644
19 8 17 01 29 3580.99900 11.60262000 253.30925 39.35411 16.34657 172.21728
19 8 17 01 31 3579.88900 11.70505000 253.30926 39.35411 16.46962 172.00014
19 8 17 01 29 3577.70000 11.60262000 253.30933 39.39793 16.34657 172.21728
19 8 17 01 30 3579.88900 11.70505000 253.30900 39.35411 16.34520 172.00014
19 8 17 01 30 3575.00000 11.70505000 253.30933 39.35411 16.46962 175.10644
19 8 17 01 31 3575.00000 11.70505000 253.30900 39.39793 16.34520 175.10644
19 8 17 01 31 3579.88900 11.62752000 253.30900 39.35411 16.34520 175.10644
19 8 17 01 31 3575.22200 11.69624000 253.00236 39.35411 16.34657 173.11000
19 8 17 01 32 3574.91100 11.60239000 253.51407 39.38500 16.34520 172.16344
19 8 17 01 32 3575.11200 11.62752000 254.24979 39.35414 16.46962 172.16344
19 8 17 01 33 3577.70000 11.60239000 253.80000 39.39793 16.46962 172.21728
19 8 17 01 33 3577.70000 11.60262000 253.29997 39.35411 16.50000 175.10644
19 8 17 01 36 3574.91100 11.70507000 253.80000 39.39998 16.34657 173.11000
19 8 17 01 34 3577.69700 11.69008000 253.30933 39.39998 16.46962 172.00014
19 8 17 01 34 3577.00000 11.70507000 253.80000 39.39998 16.24442 173.11000
19 8 17 01 35 3577.00000 11.70507000 253.00551 39.38500 16.24442 172.00014
19 8 17 01 35 3580.99900 11.60239000 253.30900 39.39793 16.24442 172.52053
19 8 17 01 36 3577.69700 11.62752000 253.30900 39.30000 16.24442 173.99985
19 8 17 01 36 3580.99900 11.69008000 253.30933 39.30000 16.24442 172.00014
19 8 17 01 37 3580.99900 11.60239000 253.10500 39.30000 16.46962 172.16344
19 8 17 01 37 3560.00000 11.69624000 253.30900 39.35411 16.24442 173.99985
19 8 17 01 37 3536.02000 11.70312000 253.00458 39.40000 16.34434 172.00014
19 8 17 01 38 3571.55000 11.70507000 253.30900 39.30000 16.34520 175.10644
19 8 17 01 38 3571.55000 11.69008000 253.00564 39.30000 16.24442 172.00014
19 8 17 01 39 3570.00000 11.69008000 253.00564 39.39998 16.46962 172.00014
19 8 17 01 39 3536.02000 11.70507000 253.00475 39.30000 16.34434 175.10644
19 8 17 01 39 3577.69800 11.69008000 253.00458 39.40000 16.34434 175.10644
19 8 17 01 40 3570.98800 11.70507000 253.00359 39.30000 16.34434 172.00014
19 8 17 01 40 3577.69800 11.70505000 253.00359 39.39998 16.34434 173.99985
19 8 17 01 41 3577.70000 11.70505000 253.00471 39.39793 16.34434 175.10644
19 8 17 01 41 3577.69700 11.70507000 253.00564 39.30000 16.24442 175.10644
19 8 17 01 42 3536.02000 11.62752000 253.00471 39.39998 16.50000 172.52053
19 8 17 01 42 3579.88900 11.70507000 253.30900 39.35411 16.24442 175.10644
19 8 17 01 43 3570.98300 11.70507000 253.30900 39.26052 16.24442 175.10644
19 8 17 01 43 3536.02000 11.69008000 253.00144 39.39998 16.46962 172.52053
19 8 17 01 44 3573.99900 11.70507000 253.30932 39.26052 16.24442 172.00000
19 8 17 01 44 3571.33900 11.70312000 253.30932 39.30000 16.34520 172.16344
19 8 17 01 44 3536.02000 11.62752000 253.00564 39.30000 16.24442 172.00014
19 8 17 01 44 3560.00000 11.70505000 253.00471 39.26052 16.34520 172.16344
19 8 17 01 45 3560.00000 11.70507000 253.00348 39.30000 16.24442 175.08901
19 8 17 01 48 3573.00300 11.62752000 253.00355 39.39998 16.24442 175.08901
19 8 17 01 46 3574.91100 11.62752000 253.00471 39.30000 16.24442 172.16344
19 8 17 01 47 3576.99000 11.60239000 253.00471 39.39998 16.34657 172.16344
19 8 17 01 47 3573.00000 11.62752000 253.00360 39.26052 16.24442 175.08901
19 8 17 01 47 3574.00000 11.70507000 253.00360 39.26052 16.24442 172.21728
19 8 17 01 48 3573.00000 11.70507000 253.00469 39.26052 16.24442 175.08901
19 8 17 01 49 3576.99000 11.60239000 253.00363 39.26052 16.34520 172.16344
19 8 17 01 49 3577.69700 11.70507000 253.00469 39.26052 16.24442 175.08901
19 8 17 01 49 3566.36200 11.70507000 253.00365 39.54524 16.24442 175.08901
19 8 17 01 49 3574.91100 11.70507000 253.00458 39.54524 16.24442 172.00000
19 8 17 01 50 3577.69800 11.70507000 253.48999 39.54524 16.24442 172.16344
19 8 17 01 50 3560.00000 11.70505000 253.00471 39.54524 16.34434 175.08901
19 8 17 01 50 3577.69700 11.62752000 253.00475 39.39998 16.24442 175.08901
19 8 17 01 51 3577.69700 11.69624000 253.49002 39.22104 16.34657 173.11000
19 8 17 01 51 3560.00000 11.60239000 253.00573 39.22103 16.34520 172.21728
19 8 17 01 52 3559.64400 11.70507000 253.00573 39.22000 16.24442 175.08901
19 8 17 01 54 3577.69700 11.60239000 253.00573 39.35411 16.50000 172.00000
19 8 17 01 53 3557.30100 11.60262000 253.00363 39.22000 16.46962 172.21728
19 8 17 01 53 3552.50200 11.70507000 253.00378 39.41500 16.24442 175.08901
19 8 17 01 54 3536.02000 11.70507000 253.00365 39.22103 16.34520 172.16344
19 8 17 01 54 3580.99900 11.70312000 253.00365 39.40000 16.50000 172.00000
19 8 17 01 54 3551.90600 11.69008000 253.00365 39.41500 16.24442 173.11000
19 8 17 01 55 3536.02000 11.62752000 253.00356 39.41500 16.34520 172.16344
19 8 17 01 56 3571.88600 11.65000000 253.00363 39.22000 16.46962 175.08901
19 8 17 01 56 3551.90600 11.60262000 253.00363 39.22000 16.24442 172.21728
19 8 17 01 56 3551.90600 11.60262000 253.00363 39.54524 16.34434 172.21728
19 8 17 01 57 3577.69700 11.70505000 253.00133 39.54524 16.34434 175.08901
19 8 17 01 57 3574.91100 11.62752000 252.57106 39.15215 16.24442 172.16344
19 8 17 01 58 3577.69800 11.64001000 252.57106 39.39998 16.46962 175.08901
19 8 17 01 58 3551.79500 11.65000000 252.10000 39.41498 16.34434 172.16344
19 8 17 01 59 3543.26300 11.60263000 252.91760 39.41498 16.24442 175.08901
19 8 17 02 01 3544.30700 11.58956000 253.00363 39.22000 16.46962 172.21728
19 8 17 01 59 3551.90600 11.65000000 253.00363 39.22000 16.34657 173.11000
19 8 17 02 00 3543.95200 11.46001000 252.72970 39.41498 16.24442 175.08901
19 8 17 02 00 3544.30300 11.46001000 252.10000 39.41498 16.34434 172.16344
19 8 17 02 01 3546.64700 11.65000000 252.72997 39.41498 16.24442 175.08901
19 8 17 02 01 3536.02000 11.46001000 252.72970 39.39998 16.34434 175.08901
19 8 17 02 02 3580.99900 11.46001000 253.00365 39.15215 16.46962 175.08901
19 8 17 02 02 3538.38000 11.47171000 252.74800 39.41498 16.50000 175.08901
19 8 17 02 02 3574.00000 11.47171000 253.00363 39.41498 16.24442 175.08901
19 8 17 02 03 3560.00000 11.58956000 252.72997 39.15215 16.34434 172.16344
19 8 17 02 03 3544.30300 11.47170000 252.10026 39.22103 16.34520 172.16344
19 8 17 02 03 3539.00000 11.58956000 253.49002 39.54524 16.34434 175.08901
19 8 17 02 04 3549.88800 11.46001000 253.00363 39.22000 16.46962 175.08901
19 8 17 02 05 3543.43600 11.48897000 253.30900 39.35411 16.50000 172.00000
19 8 17 02 05 3560.00000 11.48897000 252.00225 39.41488 16.24442 175.08901
19 8 17 02 05 3544.30300 11.48897000 252.74800 39.22103 16.34520 172.16344
19 8 17 02 06 3544.09200 11.46001000 252.10033 39.41488 16.34434 172.00014
19 8 17 02 06 3551.90600 11.60262000 253.00363 39.15215 16.24442 175.08901
19 8 17 02 07 3543.62600 11.47171000 253.00365 39.15215 16.34434 172.00000
19 8 17 02 07 3549.99800 11.47171000 252.10265 39.54524 16.24442 175.08901
19 8 17 02 07 3549.99900 11.54950000 252.10010 39.22000 16.24442 175.08901
19 8 17 02 07 3560.00000 11.58956000 252.10455 39.54524 16.24442 175.08901
19 8 17 02 08 3536.02000 11.48897000 252.72970 39.10492 16.24442 175.08901
19 8 17 02 09 3543.62600 11.58956000 252.72957 39.54524 16.34434 175.08901
19 8 17 02 09 3544.30300 11.58956000 252.00225 39.54524 16.34520 175.08901
19 8 17 02 09 3551.90600 11.47171000 252.72957 39.41488 16.46962 172.21728
19 8 17 02 10 3574.91100 11.47171000 252.10010 39.10492 16.34657 172.00014
19 8 17 02 11 3574.91100 11.54950000 252.10459 39.10492 16.24442 175.00000
19 8 17 02 11 3538.83000 11.60262000 253.30900 39.54524 16.34434 172.00014
19 8 17 02 11 3577.69800 11.60262000 254.23923 39.22104 16.46962 172.21728
19 8 17 02 12 3549.88900 11.54950000 253.50000 39.10492 16.24442 175.00000
19 8 17 02 13 3574.91100 11.54950000 253.50000 39.22103 16.24442 175.00000
19 8 17 02 13 3533.79800 11.54950000 253.50000 39.10492 16.24442 175.08901
19 8 17 02 13 3577.69800 11.48897000 253.50000 39.22103 16.34520 175.00000
19 8 17 02 14 3577.69800 11.48897000 252.10463 39.54524 16.34434 175.08901
19 8 17 02 14 3544.30300 11.54950000 253.50000 39.54524 16.46962 172.16344
19 8 17 02 15 3543.62600 11.47170000 253.50025 39.22000 16.34434 172.21728
19 8 17 02 15 3536.02000 11.46001000 253.50025 39.10492 16.24442 172.00014
19 8 17 02 15 3538.00000 11.54950000 253.50025 39.10492 16.24442 175.08901
19 8 17 02 15 3551.90600 11.60262000 253.50000 39.22000 16.46962 172.00000
19 8 17 02 16 3543.62600 11.54950000 253.50000 39.22000 16.34434 175.00000
19 8 17 02 16 3543.62600 11.54950000 252.10463 39.10492 16.24442 175.00000
19 8 17 02 17 3536.02000 11.54950000 253.50000 39.10492 16.34434 172.00000
19 8 17 02 18 3548.92100 11.58956000 253.50000 39.35411 16.34434 172.16344
19 8 17 02 18 3536.02000 11.54950000 253.50000 39.39998 16.24442 175.08901
19 8 17 02 18 3548.81000 11.46001000 253.50000 39.10492 16.24442 172.00014
19 8 17 02 19 3551.90600 11.47171000 253.50000 39.54524 16.46962 172.00014
19 8 17 02 19 3536.02000 11.54950000 253.50000 39.10492 16.24442 175.08901
19 8 17 02 19 3538.00000 11.54950000 252.10463 39.10492 16.24442 175.00000
19 8 17 02 20 3544.30300 11.47170000 252.72970 39.39998 16.24442 175.08901
19 8 17 02 21 3548.81000 11.48897000 253.50001 39.10492 16.24442 172.00014
19 8 17 02 21 3537.55600 11.54950000 254.16349 39.39998 16.24442 175.08901
19 8 17 02 21 3537.81200 11.54950000 253.50000 39.54524 16.24442 175.00000
19 8 17 02 22 3536.78500 11.54950000 252.72970 39.35411 16.24442 175.08901
19 8 17 02 23 3560.00000 11.54950000 253.50002 39.54524 16.24442 175.00000
19 8 17 02 23 3544.30300 11.54950000 253.50000 39.10492 16.24442 175.00000
19 8 17 02 23 3545.15100 11.47170000 252.10463 39.39998 16.34434 175.00000
19 8 17 02 24 3525.20100 11.54950000 253.51000 39.41488 16.24442 175.00000
19 8 17 02 24 3551.90600 11.60262000 254.16349 39.22104 16.46962 172.21728
19 8 17 02 24 3525.31900 11.54950000 253.50000 39.10492 16.34434 175.00000
19 8 17 02 24 3548.81000 11.47171000 252.72970 39.41488 16.46962 172.16344
19 8 17 02 25 3537.81200 11.46001000 253.51000 39.22103 16.24442 175.00000
19 8 17 02 25 3544.30300 11.47170000 254.16379 39.10492 16.34434 175.00000
19 8 17 02 26 3528.89900 11.48897000 253.51000 39.10492 16.34520 172.00014
19 8 17 02 27 3560.00000 11.58956000 253.50000 39.54524 16.34434 175.00000
19 8 17 02 27 3529.20000 11.46001000 254.52386 39.10492 16.24442 172.00014
19 8 17 02 28 3545.15100 11.47171000 252.72970 39.35411 16.24442 175.08901
19 8 17 02 27 3531.50600 11.54936000 254.52386 39.10492 16.24442 175.00000
19 8 17 02 28 3537.69400 11.54936000 254.16349 39.22000 16.46962 175.08901
19 8 17 02 28 3536.02000 11.54950000 252.72970 39.10492 16.24442 175.08901
19 8 17 02 29 3531.63800 11.54936000 254.67222 39.10492 16.24442 175.00000
19 8 17 02 30 3538.00100 11.54935000 253.50000 39.10492 16.24442 174.97065
19 8 17 02 30 3537.69400 11.60262000 253.51000 39.22000 16.34657 172.21728
19 8 17 02 30 3540.43200 11.54936000 254.52386 39.10492 16.46962 172.16344
19 8 17 02 31 3536.02000 11.46001000 253.50000 39.39998 16.24442 174.97065
19 8 17 02 31 3528.89900 11.54946000 254.67336 39.39998 16.24442 174.97065
19 8 17 02 32 3528.89900 11.47171000 254.67336 39.22104 16.34657 173.11000
19 8 17 02 32 3556.88900 11.60262000 254.67336 39.22000 16.34434 173.11000
19 8 17 02 33 3556.88900 11.54947000 254.67336 39.05452 16.24442 174.97065
19 8 17 02 33 3556.44900 11.47171000 254.67336 39.05452 16.34657 173.11000
19 8 17 02 33 3537.69400 11.54947000 253.51000 39.22103 16.24442 174.97065
19 8 17 02 34 3556.00000 11.47171000 254.67336 39.05452 16.50000 172.50000
19 8 17 02 34 3544.30300 11.58956000 254.67336 39.22103 16.24442 172.50000
19 8 17 02 35 3556.43900 11.54947000 254.68000 39.05452 16.46962 172.50000
19 8 17 02 35 3549.00500 11.54947000 253.51000 39.05452 16.52465 172.00014
19 8 17 02 35 3560.00000 11.58956000 252.10463 39.54524 16.34434 174.97065
19 8 17 02 36 3537.69600 11.54936000 253.51000 39.22104 16.34657 173.11000
19 8 17 02 36 3560.00000 11.60262000 254.68000 39.05452 16.52465 175.00000
19 8 17 02 37 3536.02000 11.54936000 254.67336 39.54524 16.46962 174.97065
19 8 17 02 37 3537.69400 11.54949000 254.68000 39.05452 16.34434 172.50000
19 8 17 02 38 3537.69400 11.60262000 254.67336 39.22000 16.46962 172.16344
19 8 17 02 38 3537.69400 11.54949000 253.50000 39.22000 16.46962 172.50000
19 8 17 02 39 3555.57000 11.60262000 254.67336 39.05452 16.52465 172.21728
19 8 17 02 39 3545.14900 11.54947000 252.10463 39.10492 16.34434 175.00000
19 8 17 02 39 3565.00000 11.60262000 253.51000 39.22104 16.52465 173.11000
19 8 17 02 40 3537.69400 11.54946000 252.10463 39.41488 16.24442 174.97065
19 8 17 02 40 3545.15100 11.47171000 254.68000 39.22103 16.34520 175.00000
19 8 17 02 41 3565.00000 11.60262000 254.67336 39.22000 16.52465 172.21728
19 8 17 02 41 3565.00300 11.54963000 253.50000 39.05452 16.24442 175.08901
19 8 17 02 41 3565.50000 11.54936000 254.70000 39.05452 16.52465 172.50000
19 8 17 02 44 3565.49900 11.54963000 253.50000 39.05452 16.52465 174.97065
19 8 17 02 44 3546.27400 11.71046000 252.10463 39.10492 16.34434 172.21728
19 8 17 02 43 3564.99900 11.71049000 254.67336 39.05452 16.52465 172.50000
19 8 17 02 43 3565.00300 11.71049000 253.50000 39.05452 16.52465 172.50000
19 8 17 02 44 3557.02400 11.71049000 254.51000 39.05452 16.52465 175.00000
19 8 17 02 44 3556.97000 11.54949000 254.67336 39.05452 16.46962 172.16344
19 8 17 02 44 3556.96600 11.71049000 254.68000 39.05452 16.24442 172.00014
19 8 17 02 45 3556.87700 11.71049000 254.50997 39.05452 16.52465 172.50000
19 8 17 02 45 3556.01200 11.71049000 254.50997 39.05453 16.52465 172.50000
19 8 17 02 46 3555.86000 11.71049000 253.51196 39.00000 16.52465 172.21728
19 8 17 02 46 3556.01300 11.71049000 254.50997 38.85212 16.52465 172.50000
19 8 17 02 46 3554.99900 11.54952000 254.69000 39.05451 16.52465 172.50000
19 8 17 02 47 3565.00000 11.54952000 253.50000 38.91172 16.24442 175.08901
19 8 17 02 47 3565.00000 11.54952000 253.50000 38.91172 16.34434 172.50000
19 8 17 02 48 3565.00000 11.71049000 254.68000 39.10492 16.46962 172.21728
19 8 17 02 48 3538.00000 11.54951000 254.51024 38.91172 16.52465 172.16344
19 8 17 02 49 3537.69600 11.54951000 253.50000 38.85213 16.52465 172.16344
19 8 17 02 49 3564.80300 11.71049000 254.67336 38.91172 16.52465 172.50000
19 8 17 02 50 3545.15100 11.54949000 254.67336 38.95710 16.50000 172.50000
19 8 17 02 50 3573.52300 11.71046000 254.68991 38.91172 16.52465 172.16344
19 8 17 02 51 3544.30300 11.71046000 254.51050 38.91172 16.46962 172.50000
19 8 17 02 53 3564.80400 11.71046000 254.51024 38.91172 16.34434 172.50000
19 8 17 02 51 3573.51700 11.71046000 254.68000 38.85212 16.34520 174.97065
19 8 17 02 52 3573.51700 11.71046000 254.68991 39.10492 16.52465 172.50000
19 8 17 02 52 3544.30300 11.71049000 253.51000 38.91172 16.52465 172.50000
19 8 17 02 53 3536.02000 11.71046000 254.51024 38.91172 16.34434 175.08901
19 8 17 02 53 3564.45400 11.71046000 254.69000 39.05452 16.52465 175.00000
19 8 17 02 53 3546.27400 11.54952000 254.70000 38.91172 16.52465 172.50000
19 8 17 02 54 3538.00000 11.54951000 254.70000 38.85213 16.52465 172.16344
19 8 17 02 54 3574.68000 11.71049000 254.67336 39.43562 16.46962 172.50000
19 8 17 02 54 3574.68000 11.61528000 254.69000 38.85212 16.52465 171.00224
19 8 17 02 55 3574.68000 11.47171000 254.68991 39.43562 16.34657 173.11000
19 8 17 02 56 3573.52300 11.71049000 254.69016 38.85212 16.52465 173.11000
19 8 17 02 56 3537.69400 11.54949000 254.67336 39.05452 16.46962 172.00000
19 8 17 02 57 3573.52300 11.61761000 254.67336 39.43562 16.52465 171.00224
19 8 17 02 57 3565.00300 11.47171000 254.68991 39.43562 16.34434 173.11000
19 8 17 02 57 3569.46600 11.47171000 253.51000 39.43562 16.34657 171.00224
19 8 17 02 57 3573.52300 11.61761000 254.68991 39.43562 16.52465 172.21728
19 8 17 02 58 3570.66800 11.61761000 254.69000 39.43562 16.52465 171.00224
19 8 17 02 59 3559.00000 11.62175000 254.51024 38.85213 16.46962 171.00224
19 8 17 02 59 3559.00000 11.54949000 253.50000 38.95710 16.52465 172.00000
19 8 17 03 00 3555.86000 11.61528000 253.50000 39.43562 16.24442 171.00224
19 8 17 03 00 3573.52300 11.54949000 254.68000 38.95710 16.50000 172.00000
19 8 17 03 02 3559.00000 11.61528000 254.50997 39.43562 16.34434 171.00224
19 8 17 03 00 3573.52300 11.66000000 254.67336 39.43562 16.34520 171.00224
19 8 17 03 01 3538.00000 11.54952000 254.69986 38.91172 16.34434 174.97065
19 8 17 03 02 3558.99900 11.62175000 254.30774 38.85213 16.46962 171.00224
19 8 17 03 02 3545.15100 11.61528000 254.68991 39.43562 16.52465 171.00224
19 8 17 03 04 3558.00300 11.66000000 254.69986 39.43562 16.52465 171.00224
19 8 17 03 03 3558.00400 11.61933000 254.50997 39.43562 16.52465 171.00224
19 8 17 03 03 3538.00000 11.70000000 254.70532 38.85213 16.46962 171.00224
19 8 17 03 04 3545.15100 11.54949000 254.69974 38.95710 16.34434 171.00224
19 8 17 03 04 3558.77200 11.62238000 254.57200 39.43562 16.52465 171.00224
19 8 17 03 05 3558.77200 11.61528000 254.57199 39.43562 16.46962 175.08901
19 8 17 03 05 3558.00400 11.70988000 254.57199 39.43562 16.34434 171.00224
19 8 17 03 05 3545.15100 11.70988000 254.68000 39.43562 16.50000 172.00000
19 8 17 03 06 3569.73800 11.70988000 253.50695 39.43562 16.52465 175.08901
19 8 17 03 07 3569.73600 11.70988000 253.50695 39.43562 16.52465 171.00224
19 8 17 03 09 3569.73600 11.70988000 253.50695 39.43562 16.52465 171.00224
19 8 17 03 07 3569.47000 11.70988000 254.68991 39.05476 16.52465 171.00224
19 8 17 03 08 3569.47000 11.70988000 254.57199 39.10492 16.52465 171.00224
19 8 17 03 08 3557.00000 11.61528000 254.30774 38.85213 16.24442 175.08901
19 8 17 03 08 3545.15100 11.70988000 253.50695 39.05452 16.52465 171.00224
19 8 17 03 08 3557.00000 11.54949000 254.68991 39.05476 16.52465 172.00000
19 8 17 03 09 3538.00000 11.70988000 254.30774 39.05476 16.52465 171.00224
19 8 17 03 09 3556.99800 11.62175000 253.50695 39.05476 16.52465 171.00224
19 8 17 03 10 3573.52300 11.70974000 254.68991 39.10492 16.34434 175.08901
19 8 17 03 11 3556.99800 11.70974000 253.50695 39.05476 16.52465 171.00224
19 8 17 03 11 3561.70700 11.70974000 254.68000 39.05476 16.34434 172.00014
19 8 17 03 11 3573.52300 11.70974000 253.50695 39.05476 16.34434 174.97065
19 8 17 03 12 3556.88900 11.70974000 253.50695 39.05476 16.52465 173.11000
19 8 17 03 13 3540.00000 11.70974000 253.60148 39.43562 16.52465 171.00224
19 8 17 03 12 3573.52300 11.70974000 254.67336 38.85212 16.34434 174.97065
19 8 17 03 13 3550.69900 11.62175000 253.01214 38.85213 16.46962 171.00224
19 8 17 03 14 3550.69900 11.70974000 254.45410 39.43562 16.52465 171.00224
19 8 17 03 14 3561.70700 11.70974000 254.45410 38.85212 16.52465 171.00224
19 8 17 03 14 3551.44900 11.70974000 253.60148 39.43562 16.34434 174.97065
19 8 17 03 14 3561.70700 11.62238000 254.57199 38.85212 16.52465 171.00224
19 8 17 03 15 3545.00400 11.62238000 254.57199 39.05452 16.34520 172.00014
19 8 17 03 16 3544.53900 11.54949000 253.60148 39.04800 16.52465 171.00224
19 8 17 03 16 3538.00000 11.70974000 253.60049 39.05452 16.46962 175.08901
19 8 17 03 17 3556.99600 11.70988000 253.50695 38.91172 16.52465 172.00014
19 8 17 03 17 3544.78200 11.70974000 252.73066 39.04800 16.34434 171.00224
19 8 17 03 17 3573.52300 11.70974000 253.60148 39.05476 16.34434 174.97065
19 8 17 03 18 3573.52300 11.47171000 252.73094 39.05452 16.46962 172.21728
19 8 17 03 18 3558.77200 11.70974000 252.73121 39.04800 16.52465 171.00224
19 8 17 03 18 3550.92300 11.70974000 254.57200 39.43562 16.46962 174.97065
19 8 17 03 19 3541.74400 11.61528000 253.01214 38.85212 16.24442 175.00000
19 8 17 03 19 3542.96800 11.70974000 253.60048 39.05452 16.34434 171.00224
19 8 17 03 22 3537.69400 11.70974000 253.60048 39.05452 16.52465 171.00224
19 8 17 03 21 3542.50900 11.70974000 253.00480 39.04800 16.52465 171.00224
19 8 17 03 20 3550.92300 11.62238000 253.60148 38.85212 16.34520 171.00224
19 8 17 03 21 3545.15100 11.61528000 253.60049 39.05452 16.52465 171.00224
19 8 17 03 21 3542.96900 11.62238000 254.68000 38.85212 16.34520 171.00224
19 8 17 03 22 3573.52300 11.54949000 253.60047 39.04800 16.50000 171.00224
19 8 17 03 23 3573.52300 11.70974000 253.60050 39.04800 16.52465 172.00014
19 8 17 03 23 3539.86200 11.62238000 252.73123 38.85212 16.64560 171.00224
19 8 17 03 23 3539.86200 11.62238000 254.68000 38.85212 16.34520 171.00224
19 8 17 03 24 3550.92300 11.70791000 252.73123 39.04800 16.52465 175.08901
19 8 17 03 24 3539.69300 11.62238000 252.73123 39.05452 16.64560 171.00224
19 8 17 03 24 3550.35800 11.70791000 253.00373 39.04800 16.64560 171.00224
19 8 17 03 25 3539.91500 11.54949000 252.73122 39.04800 16.50000 171.00224
19 8 17 03 28 3539.56100 11.70791000 252.73123 38.91172 16.64560 171.00224
19 8 17 03 26 3538.00000 11.61528000 252.50000 39.05452 16.64560 173.11000
19 8 17 03 26 3539.26100 11.62208000 252.73123 38.97019 16.64560 172.21728
19 8 17 03 27 3550.92300 11.62208000 252.73123 38.91172 16.34520 171.00224
19 8 17 03 27 3550.92300 11.70974000 254.57199 39.05452 16.64560 175.00000
19 8 17 03 28 3538.00000 11.62208000 252.50000 39.05452 16.52465 173.11000
19 8 17 03 28 3545.15100 11.62208000 250.00004 38.97007 16.52465 171.00224
19 8 17 03 28 3545.15100 11.70791000 250.00001 38.97007 16.64560 171.00224
19 8 17 03 29 3539.70000 11.62208000 250.00002 38.97007 16.46962 171.00224
19 8 17 03 29 3539.70000 11.62208000 251.49927 38.97007 16.64560 171.00224
19 8 17 03 30 3539.47900 11.70974000 252.50000 39.05452 16.46962 175.00000
19 8 17 03 30 3561.70700 11.62208000 251.49927 38.97007 16.64560 171.00224
19 8 17 03 31 3536.99000 11.62208000 251.52999 38.96494 16.50000 171.00224
19 8 17 03 31 3542.96900 11.70974000 250.00002 38.91172 16.46962 172.21728
19 8 17 03 31 3531.28500 11.62208000 251.49921 38.96494 16.64560 171.00224
19 8 17 03 32 3573.52300 11.62208000 250.75589 38.97019 16.50000 172.00000
19 8 17 03 32 3528.99100 11.62208000 251.49922 38.76307 16.64560 171.00224
19 8 17 03 35 3524.88000 11.62208000 251.49922 38.76307 16.50000 175.08901
19 8 17 03 33 3538.00000 11.62175000 251.49921 38.91172 16.52465 172.00014
19 8 17 03 34 3538.00000 11.62208000 251.49921 38.97019 16.50000 173.11000
19 8 17 03 34 3524.55700 11.62208000 250.00002 39.05452 16.46962 172.00014
19 8 17 03 34 3561.70700 11.70974000 250.00001 38.85900 16.34434 175.00000
19 8 17 03 35 3533.98600 11.62208000 250.00001 38.85900 16.52465 172.00014
19 8 17 03 35 3536.92800 11.70791000 250.00004 38.85900 16.52465 172.00014
19 8 17 03 36 3532.00100 11.62208000 251.13007 38.96494 16.46962 175.13055
19 8 17 03 36 3532.00200 11.62208000 251.52999 38.85900 16.64560 175.13055
19 8 17 03 37 3532.00300 11.54949000 251.49921 39.05452 16.34434 174.97065
19 8 17 03 39 3538.00000 11.62208000 251.49921 38.87100 16.64560 175.13055
19 8 17 03 37 3513.13300 11.70974000 251.53006 38.87100 16.46962 175.13055
19 8 17 03 37 3539.47900 11.70974000 250.00001 38.96494 16.64560 172.00000
19 8 17 03 38 3573.52300 11.70791000 251.49921 38.85899 16.34434 175.13055
19 8 17 03 39 3536.32800 11.62208000 250.00001 38.85900 16.34434 171.00224
19 8 17 03 39 3524.90300 11.62208000 251.52999 38.85899 16.52465 172.00014
19 8 17 03 39 3524.79200 11.70787000 251.49913 38.85899 16.64560 175.13055
19 8 17 03 40 3524.90300 11.70787000 250.00002 38.85899 16.64560 172.00000
19 8 17 03 40 3542.96900 11.70787000 250.87190 38.85899 16.64560 175.13055
19 8 17 03 41 3573.52300 11.70787000 251.49922 38.85899 16.34434 175.00000
19 8 17 03 41 3542.96900 11.70787000 250.00002 38.76307 16.24442 171.00224
19 8 17 03 42 3519.99000 11.70788000 250.87188 38.85899 16.52465 172.00014
19 8 17 03 42 3519.98900 11.70788000 250.00001 39.05452 16.64560 175.13055
19 8 17 03 43 3573.52300 11.70787000 251.49921 38.96494 16.34434 174.97065
19 8 17 03 43 3515.00600 11.70788000 251.49922 38.85898 16.52465 175.13055
19 8 17 03 43 3519.98900 11.70788000 251.20090 38.85898 16.52465 172.00014
19 8 17 03 44 3519.98900 11.70788000 251.20095 38.76307 16.52465 175.13055
19 8 17 03 44 3519.87900 11.70787000 251.20093 38.97019 16.50000 172.00000
19 8 17 03 44 3519.99000 11.70788000 251.20095 38.76307 16.64560 175.13055
19 8 17 03 45 3515.01000 11.70788000 251.20095 38.85899 16.64560 175.13055
19 8 17 03 46 3515.01000 11.70787000 251.20094 38.85901 16.34434 175.00000
19 8 17 03 46 3538.00000 11.70788000 251.49921 39.05452 16.34434 171.00224
19 8 17 03 46 3519.59200 11.70791000 251.20093 38.85899 16.64560 173.11000
19 8 17 03 47 3538.00000 11.70776000 250.00001 39.05452 16.34434 174.97065
19 8 17 03 47 3558.77200 11.70776000 251.13007 38.85898 16.64560 174.97065
19 8 17 03 47 3539.47900 11.70787000 251.13007 38.76307 16.50000 172.00000
19 8 17 03 48 3519.98800 11.70776000 251.20061 38.76307 16.64560 175.12989
19 8 17 03 49 3519.59200 11.70788000 251.20061 39.05452 16.46962 172.21728
19 8 17 03 49 3515.22300 11.70776000 251.49913 38.85900 16.46962 171.00224
19 8 17 03 51 3515.00600 11.70776000 251.00003 39.05452 16.64560 175.12989
19 8 17 03 50 3533.76300 11.70791000 251.20093 38.76307 16.34434 174.97065
19 8 17 03 50 3524.90300 11.70554000 250.00001 38.66640 16.64560 175.12989
19 8 17 03 51 3538.00000 11.70565000 251.49922 39.05452 16.24442 171.00224
19 8 17 03 51 3558.77200 11.70554000 251.20093 38.64716 16.64560 175.12989
19 8 17 03 51 3558.77200 11.70788000 251.49922 38.76307 16.24442 175.08901
19 8 17 03 54 3539.47900 11.70787000 250.87403 38.76000 16.50000 175.12989
19 8 17 03 52 3573.52300 11.70787000 250.00001 38.75031 16.34434 175.12989
19 8 17 03 53 3524.90300 11.70791000 251.20093 38.66640 16.52465 171.00224
19 8 17 03 53 3524.90200 11.70778000 251.03700 39.05452 16.24442 175.13055
19 8 17 03 56 3558.77200 11.70778000 251.49921 38.76000 16.64560 173.11000
19 8 17 03 54 3524.90300 11.70782000 251.13007 38.61913 16.64560 175.12989
19 8 17 03 55 3524.55700 11.70776000 251.49927 38.61821 16.46962 171.00224
19 8 17 03 55 3539.47900 11.70776000 251.13007 38.76000 16.64560 172.00000
19 8 17 03 55 3535.92400 11.70996000 251.52978 38.85900 16.34657 171.00224
19 8 17 03 56 3525.52100 11.70998000 251.52978 38.61913 16.52465 175.12989
19 8 17 03 58 3528.47500 11.70999000 251.21501 38.61913 16.64560 172.00014
19 8 17 03 57 3539.47900 11.72999000 251.13007 38.61913 16.50000 172.00000
19 8 17 03 57 3525.63100 11.70778000 251.49927 38.61807 16.34434 174.97065
19 8 17 03 58 3531.38900 11.73573000 251.21501 38.61913 16.64560 175.12989
19 8 17 03 58 3519.59200 11.74845000 251.21502 38.96487 16.46962 171.00224
19 8 17 03 58 3525.63100 11.76508000 251.49927 38.76000 16.34520 171.00224
19 8 17 03 59 3535.47400 11.79480000 251.52998 38.96487 16.64560 175.12989
19 8 17 03 59 3536.70400 11.80000000 251.52998 38.96487 16.52465 175.12989
19 8 17 04 00 3530.08800 11.80000000 251.52998 38.96487 16.64560 175.12989
19 8 17 04 00 3525.40800 11.70776000 251.52999 38.96487 16.46962 175.12989
19 8 17 04 01 3525.63100 11.70995000 251.52998 38.76000 16.34434 175.00000
19 8 17 04 01 3535.47400 11.79480000 251.52998 38.61821 16.46962 172.21728
19 8 17 04 02 3536.81600 11.79480000 251.49927 39.05452 16.46962 172.21728
19 8 17 04 02 3536.56700 11.82999000 251.53027 38.96487 16.64560 174.97065
19 8 17 04 02 3536.44500 11.79480000 251.49913 38.85900 16.64560 172.21728
19 8 17 04 02 3524.90300 11.82999000 251.97606 39.05452 16.46962 174.97065
19 8 17 04 05 3531.38900 11.80000000 252.00203 38.96487 16.52465 174.97065
19 8 17 04 03 3536.33300 11.81005000 251.99955 38.61821 16.64560 172.00014
19 8 17 04 04 3529.79000 11.82999000 252.00203 38.76000 16.64560 175.12989
19 8 17 04 04 3531.29000 11.82999000 251.53027 38.61821 16.34434 175.00000
19 8 17 04 05 3528.47500 11.82999000 252.00203 38.61821 16.34434 172.00014
19 8 17 04 05 3531.29600 11.82999000 251.53143 38.64106 16.52465 172.00014
19 8 17 04 05 3531.29600 11.81005000 251.53143 38.64106 16.64560 175.12989
19 8 17 04 06 3531.38900 11.77501000 251.53143 38.64106 16.64560 175.12989
19 8 17 04 07 3529.60200 11.79480000 251.49927 38.76000 16.64560 175.13055
19 8 17 04 06 3532.00100 11.80000000 251.53228 38.76307 16.34657 173.11000
19 8 17 04 07 3528.33000 11.83000000 251.49913 38.64106 16.56995 171.00224
19 8 17 04 07 3536.81600 11.77501000 251.20093 38.76307 16.56995 174.97065
19 8 17 04 08 3535.47400 11.82999000 251.53027 38.61821 16.34434 175.00000
19 8 17 04 08 3536.70400 11.79480000 251.53228 38.76307 16.24442 175.08901
19 8 17 04 10 3528.47500 11.83098000 251.97606 38.76000 16.34520 171.15420
19 8 17 04 10 3528.33000 11.83098000 251.63500 38.66640 16.56995 171.15420
19 8 17 04 10 3536.70400 11.79480000 251.63500 39.05452 16.56995 171.15420
19 8 17 04 10 3526.60200 11.83000000 251.97606 38.76000 16.56995 171.15420
19 8 17 04 11 3529.89800 11.83098000 251.63501 39.05452 16.52465 172.00014
19 8 17 04 11 3536.81600 11.82999000 251.53027 39.05452 16.34434 175.00000
19 8 17 04 11 3527.84100 11.83098000 251.53006 38.65000 16.56995 171.15624
19 8 17 04 12 3526.00000 11.83098000 252.26766 38.64508 16.56995 171.15420
19 8 17 04 13 3528.47500 11.83098000 251.53227 38.65000 16.52465 172.00014
19 8 17 04 12 3535.87100 11.83098000 252.73000 38.64508 16.56995 171.15420
19 8 17 04 13 3528.47500 11.83098000 252.73000 38.66640 16.52465 172.00014
19 8 17 04 14 3539.47900 11.83098000 251.63501 38.76307 16.24442 172.00014
19 8 17 04 16 3528.50800 11.79480000 252.50000 38.64508 16.56995 171.15420
19 8 17 04 15 3531.38900 11.80000000 252.00002 38.76307 16.34434 175.08901
19 8 17 04 15 3529.89800 11.83098000 252.00002 38.64508 16.56995 171.15420
19 8 17 04 16 3528.84100 11.82999000 252.00005 38.61821 16.34434 171.00224
19 8 17 04 18 3528.84100 11.83098000 252.00005 38.64509 16.56995 171.15420
19 8 17 04 16 3528.84100 11.82999000 252.00005 39.05452 16.56995 171.15420
19 8 17 04 17 3528.99000 11.77501000 251.49927 38.64509 16.34434 175.00000
19 8 17 04 17 3536.70400 11.82999000 252.36479 38.76307 16.56995 174.97065
19 8 17 04 18 3532.00100 11.77501000 252.10010 39.05452 16.34434 174.97065
19 8 17 04 18 3539.47900 11.79480000 251.63501 38.76000 16.34434 171.00224
19 8 17 04 18 3535.84200 11.83098000 252.00005 38.64508 16.76152 171.00224
19 8 17 04 19 3528.47500 11.81005000 251.53227 39.05452 16.76152 171.15420
19 8 17 04 19 3539.47900 11.82999000 251.99999 38.61821 16.76152 175.00000
19 8 17 04 19 3573.52300 11.84986000 251.99999 39.05452 16.76152 171.15420
19 8 17 04 20 3528.99000 11.83098000 251.99999 38.64509 16.75945 171.15420
19 8 17 04 21 3528.99000 11.84986000 251.99999 38.64508 16.76152 171.15420
19 8 17 04 21 3536.70400 11.84986000 251.99999 38.64508 16.24442 171.15420
19 8 17 04 21 3531.38900 11.84986000 252.00005 38.64508 16.75728 171.15420
19 8 17 04 22 3573.52300 11.84986000 251.99999 38.64508 16.75728 171.15420
19 8 17 04 22 3528.84100 11.84986000 252.00005 39.42800 16.50000 172.00000
19 8 17 04 23 3532.00100 11.84986000 252.75350 39.05452 16.75728 171.00224
19 8 17 04 23 3532.00100 11.84986000 252.75350 39.05452 16.75728 171.15624
19 8 17 04 23 3528.47500 11.82999000 252.36479 38.64508 16.34434 175.13087
19 8 17 04 24 3539.47900 11.84986000 251.63501 38.76000 16.50000 175.99633
19 8 17 04 25 3535.00000 11.84986000 252.50000 38.76000 16.50000 175.99633
19 8 17 04 25 3531.00000 11.85000000 252.98000 38.64508 16.56995 171.00224
19 8 17 04 26 3573.52300 11.84986000 252.50000 38.65000 16.34434 175.13087
19 8 17 04 25 3539.47900 11.85000000 253.20559 38.64508 16.75728 171.19513
19 8 17 04 26 3530.32200 11.82999000 253.20558 39.42800 16.75728 171.19513
19 8 17 04 27 3532.00100 11.85000000 252.50008 39.42800 16.52465 175.99633
19 8 17 04 27 3534.63500 11.84986000 252.50011 39.42800 16.75728 171.19513
19 8 17 04 27 3528.47500 11.83098000 252.00005 38.65000 16.75945 174.97065
19 8 17 04 30 3573.52300 11.84986000 251.53227 38.61821 16.75945 171.19513
19 8 17 04 29 3530.43300 11.84986000 253.20505 39.42800 16.75728 171.19513
19 8 17 04 29 3530.32200 11.84986000 253.20531 38.76307 16.75728 171.19513
19 8 17 04 29 3528.99000 11.84986000 252.50003 39.42800 16.34434 175.13087
19 8 17 04 30 3528.61900 11.83098000 251.99999 38.64508 16.75945 171.00224
19 8 17 04 30 3531.00000 11.84986000 252.50003 38.64509 16.24442 172.00014
19 8 17 04 30 3530.32200 11.84986000 252.36479 38.64508 16.75728 171.19513
19 8 17 04 31 3528.61900 11.81005000 252.50000 38.64508 16.76152 171.19513
19 8 17 04 31 3573.52300 11.84986000 253.20448 38.65000 16.76152 171.00224
19 8 17 04 32 3530.43400 11.84986000 253.20449 38.65000 16.75728 171.19513
19 8 17 04 32 3528.84100 11.84986000 253.20448 38.64508 16.75728 172.21728
19 8 17 04 32 3528.84100 11.84986000 252.36479 39.05452 16.76152 175.98366
19 8 17 04 33 3528.61900 11.83098000 251.99999 39.42800 16.75945 172.00835
19 8 17 04 34 3539.47900 11.85000000 253.20422 38.64508 16.52465 172.00014
19 8 17 04 34 3573.52300 11.84986000 251.53227 38.64508 16.24442 175.98366
19 8 17 04 34 3530.32200 11.84986000 253.20367 39.42800 16.41448 172.00853
19 8 17 04 34 3530.32200 11.84986000 253.20367 39.42800 16.41448 172.00853
19 8 17 04 35 3528.47500 11.84986000 251.53227 38.64508 16.41448 175.98351
19 8 17 04 36 3573.52300 11.81005000 252.00005 38.61821 16.24442 172.00853
19 8 17 04 37 3539.47900 11.84986000 253.20448 38.76307 16.50000 175.98366
19 8 17 04 38 3534.00000 11.84986000 252.85264 39.42800 16.41448 172.00853
19 8 17 04 38 3531.38900 11.84986000 252.85237 39.42800 16.41448 172.00853
19 8 17 04 39 3531.38900 11.84986000 252.85237 38.64509 16.34434 175.98366
19 8 17 04 39 3530.32100 11.84998000 252.85237 39.42800 16.41448 172.00853
19 8 17 04 43 3521.33100 11.84998000 252.85236 38.76000 16.50000 175.98351
19 8 17 04 43 3531.38900 11.85000000 251.53227 38.64508 16.76152 172.00014
19 8 17 04 44 3534.00000 11.84998000 252.85237 39.42800 16.41448 172.00853
19 8 17 04 46 3528.61900 11.83098000 253.21700 38.64508 16.75945 171.00224
19 8 17 04 46 3507.64700 11.84998000 253.21700 39.42800 16.44730 172.00853
19 8 17 04 46 3533.77100 11.85000000 253.21700 39.42556 16.76152 175.98351
19 8 17 04 48 3515.59100 11.84998000 252.85236 39.42556 16.50000 175.98351
19 8 17 04 50 3573.52300 11.84998000 253.61000 39.42556 16.44730 172.00838
19 8 17 04 49 3539.47900 11.84986000 252.85236 39.05452 16.44730 172.00835
19 8 17 04 49 3515.59300 11.84986000 253.21700 39.05452 16.44730 172.00835
19 8 17 04 52 3534.00000 11.84998000 253.61000 39.42556 16.34434 172.00853
19 8 17 04 51 3533.65200 11.84986000 253.21699 39.05452 16.50000 172.00835
19 8 17 04 52 3528.61900 11.85000000 252.85236 39.42556 16.41448 172.00014
19 8 17 04 52 3515.70400 11.84998000 253.50000 39.42556 16.44730 175.98366
19 8 17 04 53 3526.04800 11.85000000 252.71036 39.42556 16.41448 172.00853
19 8 17 04 53 3515.92700 11.84998000 252.85236 38.64300 16.50000 172.00853
19 8 17 04 54 3526.04800 11.82999000 252.71035 38.64508 16.44730 172.00853
19 8 17 04 55 3512.50200 11.84998000 252.71035 38.64000 16.44730 172.00853
19 8 17 04 55 3533.42500 11.85000000 252.85236 38.64000 16.44730 175.98351
19 8 17 04 55 3515.92700 11.84998000 253.07995 38.63100 16.41448 172.00853
19 8 17 04 56 3505.01900 11.84998000 253.07995 38.62015 16.41448 175.98366
19 8 17 04 56 3505.01800 11.84998000 252.20023 38.62015 16.41448 172.00853
19 8 17 04 57 3505.02000 11.85000000 252.20038 38.62017 16.44730 175.98351
19 8 17 04 57 3533.77100 11.84998000 252.20023 38.63800 16.41448 175.98366
19 8 17 04 58 3504.90900 11.66419000 252.20023 38.63800 16.41448 172.00853
19 8 17 04 58 3505.01700 11.66419000 251.69612 38.60731 16.41448 172.00853
19 8 17 05 01 3481.00100 11.66419000 252.10020 38.64508 16.41448 172.00853
19 8 17 04 59 3503.50000 11.66419000 252.20023 38.60731 16.41448 172.21728
19 8 17 05 00 3501.87000 11.84998000 252.10020 38.64000 16.41448 175.98351
19 8 17 05 00 3504.28500 11.84998000 252.10017 38.60700 16.44730 172.00835
19 8 17 05 01 3493.48800 11.85000000 252.20038 38.60731 16.76152 175.98351
19 8 17 05 03 3502.91500 11.66419000 250.68322 38.60700 16.41448 172.00853
19 8 17 05 02 3504.88600 11.66419000 252.10018 38.60700 16.41448 172.00853
19 8 17 05 02 3496.98000 11.84986000 250.68313 39.42532 16.44730 172.00835
19 8 17 05 02 3501.67500 11.66419000 252.95091 38.56000 16.50000 172.00014
19 8 17 05 03 3501.79500 11.66419000 250.65682 38.64000 16.41448 175.98366
19 8 17 05 03 3486.26800 11.66419000 250.68313 39.42532 16.41448 172.00853
19 8 17 05 04 3504.88400 11.66419000 251.85200 38.56000 16.41448 172.00853
19 8 17 05 04 3500.00000 11.66419000 251.86500 38.64508 16.41448 172.00853
19 8 17 05 05 3502.52900 11.66419000 250.68342 38.50014 16.41448 172.00853
19 8 17 05 08 3480.00000 11.85000000 251.85200 38.50014 16.41448 172.00014
19 8 17 05 15 3480.00000 11.83098000 251.85199 38.64508 16.75945 171.00224
19 8 17 05 15 3502.52900 11.66419000 251.85199 38.50014 16.41448 172.00853
19 8 17 05 17 3502.52900 11.66419000 251.85199 38.50014 16.41448 172.00853
19 8 17 05 26 3480.00000 11.85000000 251.85200 38.50014 16.41448 172.00014
19 8 17 05 29 3500.00000 11.66419000 251.85199 39.42532 16.41448 175.98366
19 8 17 05 28 3480.00000 11.85000000 252.10020 38.50014 16.50000 172.00014
19 8 17 05 30 3502.52900 11.85000000 250.68343 38.50014 16.76152 175.98351
19 8 17 05 28 3501.87000 11.84998000 252.10020 38.50207 16.50000 171.00224
19 8 17 05 29 3502.52900 11.66419000 251.85199 38.50014 16.41448 172.00853
19 8 17 05 30 3502.52900 11.66419000 251.85199 38.50207 16.41448 172.00853
19 8 17 05 30 3500.00000 11.66419000 251.85199 38.50207 16.50000 171.00224
19 8 17 05 31 3493.48800 11.84998000 250.68325 38.50207 16.44730 172.00838
19 8 17 05 33 3493.48800 11.85000000 251.85199 38.50000 16.41448 172.00853
19 8 17 05 31 3480.00000 11.66419000 250.68343 38.50000 16.41448 172.00853
19 8 17 05 32 3502.91600 11.85000000 250.68343 38.50014 16.50000 175.98351
19 8 17 05 32 3500.00000 11.83098000 251.85199 38.64508 16.75945 171.00224
19 8 17 05 33 3493.48800 11.84998000 251.85199 38.50207 16.50000 175.98351
19 8 17 05 36 3504.88400 11.66419000 253.50000 38.64508 16.41448 175.98366
19 8 17 05 35 3501.87000 11.66419000 251.85199 38.50000 16.41448 172.00853
19 8 17 05 35 3517.05700 11.84998000 250.68325 38.50207 16.50000 172.00838
19 8 17 05 35 3500.00000 11.83098000 253.50000 38.64508 16.75945 171.00224
19 8 17 05 38 3502.91600 11.85000000 251.85200 38.50014 16.76152 175.98351
19 8 17 05 39 3502.52900 11.66419000 251.85199 38.50207 16.41448 172.00853
19 8 17 05 40 3502.52900 11.66419000 250.68342 39.42532 16.41448 175.98366
19 8 17 05 40 3501.87000 11.66419000 252.00000 38.50000 16.41448 172.00853
19 8 17 05 49 3505.01800 11.66419000 252.00000 38.50000 16.41448 172.00853
19 8 17 10 22 3469.18300 11.60000000 249.99983 38.32000 16.20000 170.71461
19 8 17 10 23 3479.98400 11.60000000 249.99987 37.92017 16.20000 170.71461
19 8 17 10 24 3459.00000 11.00001000 249.99974 37.92017 16.20000 170.71461
19 8 17 10 24 3479.86900 11.00001000 249.41000 38.31981 16.20000 170.71461
19 8 17 10 24 3467.90800 11.00001000 249.41000 37.92017 16.20000 171.00001
19 8 17 10 25 3478.99700 11.00001000 249.42000 37.92017 16.20000 171.00001
19 8 17 10 26 3464.29300 11.00001000 246.12000 37.92017 16.20000 171.00001
19 8 17 10 26 3464.29400 11.33527298 249.96266 38.31977 16.20000 171.00001
19 8 17 10 27 3460.00000 11.44778000 247.59680 38.31870 16.20000 171.00001
19 8 17 10 29 3452.00000 11.48727000 248.89959 38.31870 16.20000 171.00001
19 8 17 10 29 3460.10000 11.48727000 248.89959 38.31870 16.23676 171.00001
19 8 17 10 30 3449.88800 11.48727000 247.00010 38.31642 16.23676 171.00001
19 8 17 10 31 3444.00000 11.48727000 247.52889 38.31642 16.23676 171.00001
19 8 17 10 31 3432.05400 11.48727000 247.49992 37.92001 16.23675 171.00001
19 8 17 10 32 3440.00000 11.48727000 246.00100 38.31641 16.23675 171.00001
19 8 17 10 32 3444.11700 11.48727000 247.49957 38.31641 16.23675 171.00001
19 8 17 10 33 3432.06000 11.48727000 247.49900 37.92000 16.23675 171.00001
19 8 17 10 34 3431.50000 11.58249000 247.40000 37.92000 16.23675 173.49996
19 8 17 10 35 3439.99100 11.58249000 246.04269 37.91999 16.23674 173.49996
19 8 17 10 36 3439.99900 11.58249000 246.00001 37.91999 16.23674 173.49996
19 8 17 10 37 3439.99000 11.58249000 246.04269 37.91999 16.23674 173.49996
19 8 17 10 37 3440.00000 11.58241000 246.00000 37.92000 16.23674 173.49996
19 8 17 10 38 3439.99900 11.58241000 246.50000 37.92000 16.23674 173.49996
19 8 17 10 39 3457.99200 11.58241000 246.04269 38.30990 16.23674 171.50000
19 8 17 10 39 3457.99200 11.58241000 247.39929 37.92000 16.23674 171.50000
19 8 17 10 41 3457.99200 11.58241000 247.39930 37.92000 16.23674 171.50000
19 8 17 10 40 3456.99900 11.58237000 246.50000 38.30988 16.23674 171.50000
19 8 17 10 40 3457.00000 11.21001000 246.99999 38.30988 16.23674 171.50000
19 8 17 10 40 3456.00000 11.21001000 246.60000 38.30988 16.23674 171.50000
19 8 17 10 41 3456.00000 11.21001000 246.60001 38.30988 16.23674 171.50000
19 8 17 10 41 3456.00000 11.21001000 246.60000 38.30988 16.23863 171.50000
19 8 17 10 42 3456.99800 11.21001000 246.98992 38.30967 16.23863 171.50000
19 8 17 10 43 3456.99700 11.21001000 246.98965 38.30967 16.23863 171.00000
19 8 17 10 44 3456.99400 11.21001000 246.60000 38.30950 16.17972 170.71101
19 8 17 10 44 3456.99700 11.21001000 246.60000 38.30950 16.17972 170.71101
19 8 17 10 44 3456.99700 11.21001000 246.49900 38.30950 16.17972 170.71101
19 8 17 10 45 3456.99400 11.21001000 246.59973 38.30950 16.17972 170.71101
19 8 17 10 46 3456.99300 11.58233000 246.20040 38.30950 16.17972 170.11000
19 8 17 10 46 3456.45000 11.58233000 246.59972 38.30950 16.17972 170.11000
19 8 17 10 46 3456.98900 11.58233000 246.20000 38.30950 16.17972 170.11000
19 8 17 10 47 3456.45000 11.58233000 246.59972 38.30950 16.17972 170.11000
19 8 17 10 47 3456.99400 11.58233000 246.59972 37.92000 16.17972 170.11000
19 8 17 10 47 3456.99300 11.58233000 246.59973 37.80000 16.05000 170.11000
19 8 17 10 48 3457.00000 11.58233000 246.50026 38.29997 16.05000 170.11000
19 8 17 10 49 3456.99900 11.58233000 246.60000 38.29997 16.05000 170.11000
19 8 17 10 49 3456.99900 11.58233000 246.59982 37.80000 16.05000 170.11000
19 8 17 10 50 3456.99800 11.58233000 247.00000 37.80000 16.05000 170.11000
19 8 17 10 51 3456.99800 11.58233000 247.00000 37.80001 16.05000 170.11000
19 8 17 10 51 3456.99300 11.58233000 247.00000 37.80001 16.05000 170.11000
19 8 17 10 51 3456.99600 11.58233000 247.00000 37.80001 16.05000 170.11000
19 8 17 10 52 3456.99800 11.58233000 247.00000 37.80001 16.05000 170.11000
19 8 17 10 52 3456.99100 11.58233000 246.98892 37.80001 16.05000 170.11000
19 8 17 10 53 3457.00000 11.58233000 246.98890 37.80001 16.05000 170.11000
19 8 17 10 53 3457.00000 11.58233000 246.98890 37.80001 16.05000 170.11000
19 8 17 10 54 3457.00000 11.58233000 246.98890 37.80001 16.05000 170.11000
19 8 17 10 54 3457.00000 11.58233000 246.98890 37.80001 16.05000 170.11000
19 8 17 10 54 3456.99800 11.58233000 246.98890 37.80001 16.05000 170.11000
19 8 17 10 55 3450.00000 11.58233000 246.98887 37.80001 16.05000 170.11000
19 8 17 10 58 3456.99700 11.58233000 246.98887 37.80001 16.05000 170.11000
19 8 17 10 56 3456.99700 11.58233000 246.98887 37.80001 16.05000 170.11000
19 8 17 10 57 3457.00000 11.58228000 246.98887 37.80001 16.05000 170.11000
19 8 17 10 57 3456.99900 11.58228000 246.98887 37.80001 16.05000 170.11000
19 8 17 10 57 3457.00000 11.58228000 246.98887 37.80001 16.05000 170.11000
19 8 17 10 58 3457.00000 11.58228000 246.98887 37.80001 16.05000 170.11000
19 8 17 10 58 3457.00000 11.58228000 246.98878 37.80001 16.05000 170.11000
19 8 17 10 58 3457.00000 11.58228000 246.98878 37.80001 16.05000 170.11000
19 8 17 10 59 3460.05600 11.58228000 246.98878 37.80001 16.05000 170.11000
19 8 17 11 02 3460.05500 11.58228000 246.98874 37.80001 16.05000 170.11000
19 8 17 11 00 3457.00000 11.58228000 246.98874 37.80001 16.05000 170.11000
19 8 17 11 00 3457.00000 11.58228000 246.98874 37.80001 16.05000 170.11000
19 8 17 11 01 3460.05700 11.58228000 246.98874 37.80001 16.05000 170.11000
19 8 17 11 01 3460.05700 11.58228000 246.98874 37.80001 16.05000 170.11000
19 8 17 11 02 3460.05700 11.58228000 246.98874 37.80001 16.05000 170.11000
19 8 17 11 04 3460.05700 11.58228000 246.98874 37.80001 16.05000 170.11000
19 8 17 11 02 3460.05700 11.58228000 246.98874 37.80001 16.05000 170.11000
19 8 17 11 03 3452.18700 11.58228000 246.98874 37.80001 16.05000 170.11000
19 8 17 11 03 3452.18700 11.58228000 246.98874 37.80001 16.05000 170.11000
19 8 17 11 04 3452.18700 11.58228000 246.98874 37.80001 16.05000 170.11000
19 8 17 11 04 3459.90800 11.58228000 246.98874 37.80001 16.05000 170.11000
19 8 17 11 05 3459.65700 11.58228000 246.98874 37.80001 16.05000 170.11000
19 8 17 11 06 3459.65700 11.58228000 246.98874 37.80001 16.05000 170.11000
19 8 17 11 06 3450.00000 11.58228000 246.98874 37.80001 16.05000 170.11000
19 8 17 11 06 3450.00000 11.58228000 246.98874 37.80001 16.05000 170.11000
19 8 17 11 06 3449.99700 11.58228000 246.98874 37.80001 16.05000 170.11000
19 8 17 11 07 3446.30400 11.60000000 246.98874 37.80001 16.05000 170.11000
19 8 17 11 07 3445.00000 11.60000000 246.98874 37.80001 16.05000 170.11000
19 8 17 11 08 3450.00000 11.60000000 246.98874 37.80001 16.05000 170.11000
19 8 17 11 09 3450.00000 11.60000000 246.98874 37.80001 16.05000 170.11000
19 8 17 11 09 3441.13100 11.60000000 246.98874 37.77000 16.05000 170.11000
19 8 17 11 09 3441.13100 11.60000000 246.98874 37.77000 16.05000 170.11000
19 8 17 11 10 3441.12700 11.60000000 246.98874 37.77000 16.05000 170.11000
19 8 17 11 10 3441.13100 11.60000000 246.98874 37.77000 16.05000 170.11000
19 8 17 11 10 3441.13100 11.60000000 246.98874 37.77000 16.05000 170.11000
19 8 17 11 11 3441.13100 11.60000000 246.98874 37.77000 16.05000 170.11000
19 8 17 11 11 3441.13100 11.60000000 246.98874 37.77000 16.05000 170.11000
19 8 17 11 12 3441.13100 11.60000000 246.98874 37.77000 16.05000 170.11000
19 8 17 11 13 3441.13100 11.60000000 246.98874 37.77000 16.05000 170.11000
19 8 17 11 13 3441.13100 11.60000000 246.98874 37.77000 16.05000 170.11000
19 8 17 11 13 3449.75800 11.60000000 246.98832 38.19910 16.05000 170.11000
19 8 17 11 14 3449.75400 11.60000000 246.98832 38.19910 16.23874 170.11000
19 8 17 11 14 3449.37900 11.60000000 246.60419 38.19910 16.23874 170.11000
19 8 17 11 17 3449.24700 11.59962000 246.98804 38.19910 16.23874 170.11004
19 8 17 11 15 3441.13000 11.59962000 246.98776 37.75001 16.23874 170.11004
19 8 17 11 15 3448.99500 11.59962000 246.98748 37.75001 16.23874 170.11004
19 8 17 11 16 3447.97900 11.59962000 246.60024 37.75001 16.23874 170.11112
19 8 17 11 16 3443.00000 11.59962000 246.59972 37.75001 16.23874 170.11112
19 8 17 11 16 3446.00000 11.59962000 246.50017 37.75001 16.23874 170.11112
19 8 17 11 17 3443.00900 11.59962000 246.59970 37.75001 16.23874 170.11112
19 8 17 11 18 3442.00000 11.59962000 246.59970 38.19570 16.23874 170.11112
19 8 17 11 18 3441.12700 11.59962000 246.59970 38.19570 16.23874 170.11112
19 8 17 11 19 3441.88600 11.59962000 246.59970 38.19570 16.23874 170.11112
19 8 17 11 19 3441.99600 11.59962000 246.59970 38.19570 16.23874 170.11112
19 8 17 11 19 3441.99400 11.59962000 246.60000 37.90000 16.04000 170.11112
19 8 17 11 19 3441.85900 11.59962000 246.98670 37.90000 16.04000 170.11112
19 8 17 11 20 3441.85900 11.59962000 246.98670 37.68762 16.04000 170.11000
19 8 17 11 20 3440.88600 11.59962000 246.98670 37.68762 16.04000 170.11000
19 8 17 11 21 3439.99900 11.59962000 246.98664 37.68761 16.04000 170.11000
19 8 17 11 21 3436.00000 11.59962000 246.98666 37.68761 16.04000 170.11000
19 8 17 11 22 3436.00000 11.59962000 246.98666 37.68761 16.04000 170.11000
19 8 17 11 22 3436.00000 11.59962000 246.89998 37.68761 16.04000 170.11000
19 8 17 11 23 3439.43000 11.00000000 246.89997 37.68761 16.04000 170.11000
19 8 17 11 23 3439.31700 11.00000000 246.60003 37.68761 16.04000 170.11000
19 8 17 11 23 3439.20200 11.00000000 246.59991 38.16883 16.04000 170.11000
19 8 17 11 24 3436.40000 11.58487000 246.59991 38.16674 16.04000 170.11000
19 8 17 11 24 3436.00000 11.58487000 246.55000 37.67499 16.04000 170.11000
19 8 17 11 25 3439.19900 11.58487000 246.59984 37.67001 16.14981 170.11208
19 8 17 11 25 3437.00000 11.58487000 246.59990 37.67001 16.14981 170.11208
19 8 17 11 26 3439.20000 11.58487000 246.59990 37.67001 16.14981 170.11208
19 8 17 11 26 3437.00000 11.58487000 246.55000 37.67001 16.14981 170.11208
19 8 17 11 26 3437.11100 11.58487000 246.50000 37.67000 16.14981 170.11208
19 8 17 11 27 3437.22200 11.58487000 246.59990 37.67000 16.14981 170.11208
19 8 17 11 27 3436.53000 11.58487000 246.59990 37.67000 16.14981 170.11208
19 8 17 11 28 3436.53000 11.58487000 246.50000 37.67000 16.14981 170.11208
19 8 17 11 28 3436.00000 11.47752000 246.59989 37.67000 16.14981 170.11208
19 8 17 11 29 3438.78800 11.47599000 246.59990 37.67000 16.14981 170.11208
19 8 17 11 30 3438.65800 11.47599000 246.59989 37.67000 16.14981 170.11208
19 8 17 11 30 3436.34300 11.47599000 246.59989 37.67000 16.14981 170.11208
19 8 17 11 30 3435.00000 11.47599000 246.50000 37.67000 16.14981 170.11208
19 8 17 11 31 3435.00900 11.45434000 246.50000 37.67000 16.14981 170.11001
19 8 17 11 31 3435.00200 11.46346000 246.59995 37.67000 16.14981 170.11001
19 8 17 11 32 3435.00100 11.46346000 246.59978 37.67000 16.14981 170.11001
19 8 17 11 32 3435.00100 11.46346000 246.00000 37.67000 16.14981 170.11001
19 8 17 11 33 3434.99900 11.46346000 246.00000 37.67000 16.14981 170.11001
19 8 17 11 33 3434.88600 11.46346000 246.00034 37.67000 16.14981 170.11001
19 8 17 11 34 3434.88200 11.46346000 246.00035 37.67000 16.14981 170.11001
19 8 17 11 34 3434.74500 11.46346000 246.00000 37.67000 16.14341 170.11001
19 8 17 11 35 3434.45100 11.46346000 246.00000 37.67000 16.14341 170.11001
19 8 17 11 35 3434.23500 11.46346000 246.00030 37.67000 16.14341 170.11001
19 8 17 11 36 3428.61000 11.46346000 245.59975 37.67000 16.14341 170.11001
19 8 17 11 36 3428.61000 11.46346000 245.50000 37.67000 16.14341 170.11001
19 8 17 11 36 3428.49700 11.46346000 245.50000 37.67000 16.14341 170.11001
19 8 17 11 37 3428.49200 11.00100000 245.20000 37.67000 16.14341 170.11001
19 8 17 11 37 3418.99600 11.40185719 245.18820 37.67000 16.14341 170.11001
19 8 17 11 38 3418.99500 11.40185719 245.12220 37.67000 16.05223 170.11001
19 8 17 11 39 3418.99100 11.40185719 245.10000 37.70000 16.05223 170.11001
19 8 17 11 40 3418.99100 11.40185719 245.10000 37.70000 16.05223 170.11001
19 8 17 11 40 3421.40100 11.40185719 245.49965 37.70000 16.05223 170.11001
19 8 17 11 40 3421.59900 11.40185719 245.46380 37.65000 16.05223 170.11001
19 8 17 11 41 3417.37000 11.40185719 245.00000 37.65000 16.05223 170.11001
19 8 17 11 41 3418.88000 11.40185719 245.00000 37.65000 16.05223 170.11001
19 8 17 11 42 3417.00000 11.40184000 244.98999 37.65000 16.05223 170.11001
19 8 17 11 43 3418.64900 11.32047000 244.84000 37.65000 16.05223 170.11001
19 8 17 11 43 3417.00000 11.32047000 244.98966 37.79995 16.05223 170.11001
19 8 17 11 44 3417.00000 11.32047000 244.84000 37.79995 16.05223 170.11001
19 8 17 11 44 3417.00000 11.32047000 244.53094 37.65000 16.05223 170.11001
19 8 17 11 45 3417.00000 11.06001000 244.53118 37.57183 16.05223 170.11001
19 8 17 11 45 3410.11000 11.30000000 244.20000 37.57183 16.05223 170.11001
19 8 17 11 46 3404.00000 11.27579000 244.20000 37.55000 16.04000 170.11001
19 8 17 11 46 3404.00000 11.27579000 244.14821 37.55000 16.04000 170.11001
19 8 17 11 47 3417.33700 11.30000000 244.53100 37.55000 16.04000 170.11001
19 8 17 11 47 3416.76300 11.30000000 243.77777 37.55000 16.04000 170.11001
19 8 17 11 48 3407.72900 11.32428000 243.69000 37.55000 16.04000 170.11001
19 8 17 11 49 3404.00000 11.32428000 243.69000 37.55000 16.04000 170.11001
19 8 17 11 50 3400.88600 11.32428000 244.09990 37.50510 16.04000 170.11001
19 8 17 11 52 3411.00000 11.32428000 243.03000 37.50000 16.04000 170.11001
19 8 17 11 51 3411.00000 11.16010000 243.85546 37.50000 16.04000 170.11001
19 8 17 11 52 3411.00000 11.16010000 243.85546 37.50510 16.04000 170.11001
19 8 17 11 52 3410.99700 11.16010000 243.49991 37.50000 16.04000 170.11001
19 8 17 18 07 3484.92400 11.50000000 250.97978 38.29000 16.41395 189.60000
19 8 17 18 07 3478.66200 11.50000000 252.89999 38.29000 16.41395 189.60000
19 8 17 18 08 3487.00000 11.59889000 252.89987 38.00000 16.41395 189.60000
19 8 17 18 09 3486.99700 11.60000000 251.70000 38.00000 16.41395 189.60000
19 8 17 18 09 3486.99900 11.60000000 252.88000 38.00000 16.41395 189.60000
19 8 17 18 12 3486.99700 11.60000000 252.88000 38.00000 16.41395 189.60000
19 8 17 18 10 3486.99800 11.60000000 252.89000 38.29000 16.41395 188.30002
19 8 17 18 11 3485.50000 11.60000000 251.41505 38.29000 16.41395 188.30002
19 8 17 18 11 3481.72300 11.60000000 251.40000 37.90000 16.41395 188.30002
19 8 17 18 12 3488.00000 11.60000000 251.82152 37.90000 16.41395 188.30002
19 8 17 18 12 3492.47600 11.50002000 252.87982 37.90000 16.41497 188.30002
19 8 17 18 13 3495.20000 11.50002000 251.82153 37.90000 16.41496 188.30002
19 8 17 18 14 3495.20000 11.50002000 251.40000 38.49996 16.41496 189.14878
19 8 17 18 14 3487.65000 11.50002000 252.49999 38.49996 16.41496 189.14878
19 8 17 18 15 3500.00000 11.50002000 252.00000 38.49996 16.41496 187.00000
19 8 17 18 15 3500.00000 11.50002000 251.82163 38.49992 16.41496 187.00000
19 8 17 18 16 3500.00000 11.50002000 252.00000 38.49992 16.41496 187.00000
19 8 17 18 17 3499.87000 11.50002000 252.88987 38.50000 16.41503 187.00012
19 8 17 18 18 3472.00100 11.50002000 252.00000 38.50000 16.41503 187.00012
19 8 17 18 19 3480.84000 11.50002000 252.01000 38.50000 16.58134 187.00012
19 8 17 18 19 3487.60000 11.50002000 252.01002 38.50000 16.58134 187.00012
19 8 17 18 19 3492.05500 11.59000000 251.60030 38.50000 16.58134 187.00013
19 8 17 18 20 3490.00000 11.59000000 252.39998 38.50000 16.58134 187.00012
19 8 17 18 20 3493.10600 11.59000000 252.37999 38.50000 16.58134 187.00012
19 8 17 18 21 3493.10600 11.59000000 252.24356 38.50000 16.58134 187.00012
19 8 17 18 22 3498.00000 11.49755000 251.60112 38.50000 16.58134 189.99748
19 8 17 18 23 3498.00000 11.49755000 251.90000 38.50000 16.58134 189.99748
19 8 17 18 23 3497.99900 11.49755000 251.90000 38.30000 16.58134 189.99748
19 8 17 18 24 3498.00000 11.49755000 251.60190 38.30000 16.58134 189.99748
19 8 17 18 25 3495.25200 11.49755000 251.34145 38.50000 16.58134 190.18909
19 8 17 18 26 3498.99800 11.49755000 251.34145 38.50000 16.58134 190.18909
19 8 17 18 26 3500.00000 11.49755000 252.23219 38.50000 16.58134 187.00012
19 8 17 18 26 3500.00000 11.49755000 252.23221 38.50000 16.58134 188.99734
19 8 17 18 27 3498.00000 11.55000000 252.23220 38.30000 16.58134 189.99999
19 8 17 18 27 3498.00000 11.55000000 252.00000 38.30000 16.58137 187.00000
19 8 17 18 28 3500.00000 11.55000000 252.23221 38.30000 16.58137 187.00000
19 8 17 18 28 3500.00000 11.55000000 252.23220 38.30000 16.58137 182.00004
19 8 17 18 29 3499.99600 11.55000000 252.23220 38.30000 16.58137 182.00004
