16 5 17 06 13 1580.00000 5.62550000 83.55032 22.37599 14.19979 85.46811
16 5 17 06 13 1581.50000 5.62550000 83.55072 22.37300 14.19979 85.46811
16 5 17 06 14 1582.50000 5.62550000 83.79751 22.37300 14.19979 85.46811
16 5 17 06 14 1581.50000 5.62550000 83.59936 22.32100 14.19952 85.46811
16 5 17 06 15 1582.00000 5.62550000 83.99907 22.32300 14.19952 85.46811
16 5 17 06 15 1582.00000 5.62550000 83.99903 22.34000 14.20000 85.46811
16 5 17 06 16 1581.50000 5.62550000 83.99903 22.30500 14.20000 85.46811
16 5 17 06 16 1582.63900 5.62550000 83.99903 22.30000 14.20000 85.46811
16 5 17 06 17 1581.62400 5.62550000 83.99903 22.25013 14.20000 85.47109
16 5 17 06 17 1582.63900 5.62550000 83.99903 22.26002 14.20000 85.47109
16 5 17 06 18 1582.00000 5.62550000 83.99909 22.34000 14.20000 85.47109
16 5 17 06 18 1582.62400 5.62550000 83.99909 22.34000 14.20000 85.47186
16 5 17 06 19 1582.62400 5.62550000 83.99909 22.34000 14.20000 85.47186
16 5 17 06 19 1576.01400 5.62550000 83.99909 22.34000 14.20000 85.47186
16 5 17 06 20 1582.00000 5.62550000 83.99909 22.34000 14.20000 85.47186
16 5 17 06 20 1582.00000 5.62550000 83.99909 22.34000 14.20000 85.47186
16 5 17 06 21 1582.00000 5.62550000 83.99909 22.23702 14.20000 85.47186
16 5 17 06 21 1582.00000 5.66850000 83.99909 22.23700 14.20000 85.47186
16 5 17 06 22 1582.00000 5.66913000 83.99909 22.25000 14.20000 85.47186
16 5 17 06 22 1582.00000 5.66913000 83.99909 22.25000 14.19999 85.47186
16 5 17 06 23 1582.00000 5.66913000 83.99909 22.19100 14.19999 85.47186
16 5 17 06 23 1581.05000 5.66913000 83.99909 22.24998 14.19999 85.47186
16 5 17 06 24 1581.99900 5.65555000 83.99914 22.19107 14.19999 85.47186
16 5 17 06 24 1581.00000 5.65555000 83.99914 22.19102 14.19999 85.47186
16 5 17 06 25 1577.00000 5.65555000 83.99914 22.19102 14.19999 85.47186
16 5 17 06 25 1580.99800 5.65555000 83.99914 22.28700 14.19999 85.47186
16 5 17 06 26 1579.00700 5.65555000 83.99878 22.28700 14.20000 85.47186
16 5 17 06 26 1581.98400 5.68652000 83.99000 22.28700 14.20000 85.47186
16 5 17 06 27 1581.98300 5.68652000 83.99000 22.10206 14.20000 85.47186
16 5 17 06 27 1580.12900 5.68652000 83.99000 22.12410 14.20000 85.47186
16 5 17 06 28 1580.12900 5.68652000 83.99915 22.10205 14.20000 85.47186
16 5 17 06 28 1580.94000 5.68652000 83.99914 22.19294 14.20000 85.47186
16 5 17 06 29 1580.00100 5.68652000 83.90100 22.10224 14.20000 85.47186
16 5 17 06 29 1580.35000 5.68652000 83.99913 22.07300 14.20000 85.47186
16 5 17 06 30 1580.33000 5.68652000 83.99913 22.07001 14.20000 85.47186
16 5 17 06 30 1580.32000 5.68652000 83.99911 22.07300 14.20000 85.47186
16 5 17 06 31 1579.07500 5.68652000 83.99911 22.03201 14.21002 85.47186
16 5 17 06 31 1578.02400 5.68652000 83.99914 22.03200 14.21002 85.47186
16 5 17 06 32 1577.23000 5.68652000 83.75101 22.05400 14.21002 86.66037
16 5 17 06 32 1579.77600 5.68652000 83.99915 21.97600 14.21002 86.66037
16 5 17 06 33 1577.36000 5.68652000 83.99915 21.97600 14.21002 86.66037
16 5 17 06 34 1577.22000 5.65000000 83.99915 21.97600 14.21002 86.66037
16 5 17 06 34 1577.20000 5.65000000 83.99915 21.94253 14.21002 86.65931
16 5 17 06 35 1577.17000 5.65000000 83.99915 21.94253 14.21002 86.65931
16 5 17 06 35 1577.21000 5.65000000 83.99915 21.93710 14.21002 86.65931
16 5 17 06 35 1577.22000 5.65000000 83.98949 21.91000 14.21002 86.60000
16 5 17 06 36 1577.21900 5.65000000 83.98949 21.93500 14.21002 86.60000
16 5 17 06 37 1577.00000 5.65000000 83.98949 21.85165 14.21002 86.60000
16 5 17 06 37 1574.07400 5.65000000 83.98949 21.90300 14.21002 86.60000
16 5 17 06 38 1574.25000 5.65001000 83.98449 21.90300 14.21002 86.60000
16 5 17 06 38 1574.24900 5.65001000 83.82626 21.80000 14.21002 86.59904
16 5 17 06 39 1574.22000 5.65001000 83.75005 21.80000 14.21002 86.59904
16 5 17 06 39 1574.20000 5.65000000 83.75007 21.80437 14.21002 86.59904
16 5 17 06 40 1574.20000 5.62700000 83.97699 21.80873 14.21002 86.59904
16 5 17 06 40 1574.20900 5.64994000 83.97699 21.80000 14.21002 86.59904
16 5 17 06 41 1574.23900 5.64994000 83.97699 21.69536 14.21000 86.59904
16 5 17 06 41 1574.24000 5.64984000 83.97699 21.78498 14.21000 86.59904
16 5 17 06 42 1574.18000 5.64984000 83.97699 21.75100 14.21000 86.59904
16 5 17 06 42 1573.79000 5.62550000 83.74999 21.75100 14.21000 86.59904
16 5 17 06 43 1574.18000 5.62550000 83.74999 21.72304 14.21000 85.48605
16 5 17 06 43 1574.20000 5.62550000 83.88270 21.75000 14.21000 85.48620
16 5 17 06 44 1574.20000 5.62550000 83.55000 21.72497 14.15697 85.48534
16 5 17 06 44 1574.20000 5.62550000 83.55000 21.60000 14.15697 85.48534
16 5 17 06 45 1574.18500 5.62550000 83.55000 21.63302 14.15697 85.48534
16 5 17 06 45 1574.19900 5.64962000 83.55002 21.63302 14.15697 85.48534
16 5 17 06 46 1574.18400 5.64962000 83.55002 21.63000 14.15697 85.48534
16 5 17 06 46 1574.19900 5.64962000 83.87934 21.63000 14.15697 85.48534
16 5 17 06 47 1574.20000 5.64962000 83.87931 21.58389 14.15697 85.48534
16 5 17 06 47 1574.00000 5.64962000 83.87931 21.56700 14.01535 85.48534
16 5 17 06 48 1575.85400 5.64962000 83.87931 21.56700 14.01535 85.48534
16 5 17 06 49 1576.00000 5.64962000 83.87931 21.48601 14.01535 85.48534
16 5 17 06 49 1576.22200 5.64962000 83.87931 21.56000 14.01585 85.48534
16 5 17 06 50 1576.00000 5.64962000 83.90000 21.62300 14.01585 85.48534
16 5 17 06 50 1578.00000 5.64962000 83.90001 21.36137 14.01585 85.48534
16 5 17 06 51 1578.79900 5.64962000 83.99884 21.31612 14.01585 85.48534
16 5 17 06 51 1580.93500 5.64962000 83.68305 21.30001 14.01585 86.58576
16 5 17 06 52 1578.91900 5.64962000 83.99878 21.26294 14.24638 86.58556
16 5 17 06 52 1582.23300 5.67675000 83.99877 21.20102 14.24638 86.58556
16 5 17 06 53 1580.00000 5.67675000 83.99875 21.12001 14.24638 86.58556
16 5 17 06 53 1582.00600 5.67675000 83.99877 21.11999 14.24638 86.58556
16 5 17 06 54 1582.23200 5.67675000 83.99915 21.21499 14.24638 85.48834
16 5 17 06 54 1582.11400 5.67656000 83.68411 21.10500 14.24638 85.48834
16 5 17 06 55 1582.23800 5.67656000 83.99915 21.08397 14.24638 85.48834
16 5 17 06 55 1580.37100 5.67656000 83.99915 21.19999 14.24638 86.58411
16 5 17 06 56 1580.22300 5.67656000 83.99915 21.38599 14.24638 86.58411
16 5 17 06 56 1580.22300 5.67656000 83.99915 21.50001 14.24638 86.58411
16 5 17 06 57 1579.79000 5.67656000 83.99915 21.27600 14.24638 86.58411
16 5 17 06 57 1578.01500 5.67656000 83.99915 21.27603 14.24638 86.58411
16 5 17 06 58 1580.22300 5.62550000 83.99915 21.30000 14.24638 86.58411
16 5 17 06 58 1580.10000 5.62550000 83.68459 21.30000 14.15000 86.58411
16 5 17 06 59 1574.11000 5.62550000 83.68477 21.33198 14.15000 86.58411
16 5 17 06 59 1575.09000 5.62550000 83.68477 21.33198 14.15000 86.58411
16 5 17 07 00 1574.34700 5.60040000 83.99915 21.47395 14.15000 86.58411
16 5 17 07 00 1573.75000 5.60040000 83.94127 21.43301 14.15000 86.58411
16 5 17 07 01 1575.96000 5.60000000 83.99905 21.50001 14.15000 86.58411
16 5 17 07 01 1577.27700 5.60000000 83.99906 21.55167 14.15000 86.58411
16 5 17 07 02 1577.27600 5.60000000 83.99906 21.62000 14.15000 86.58411
16 5 17 07 02 1575.01500 5.60000000 83.99905 21.60500 14.15000 86.58411
16 5 17 07 03 1577.30700 5.60000000 83.99905 21.78000 14.15000 86.58411
16 5 17 07 04 1576.59100 5.60000000 83.99892 21.57000 14.15000 86.58411
16 5 17 07 04 1577.29000 5.60000000 83.99892 21.56003 14.15000 86.58411
16 5 17 07 05 1574.27800 5.60000000 83.60009 21.56000 14.02705 86.58411
16 5 17 07 05 1580.00000 5.60000000 83.99858 21.55002 14.02705 85.45000
16 5 17 07 06 1575.00000 5.60000000 83.99858 21.55002 14.02705 85.45000
16 5 17 07 06 1579.97600 5.60000000 83.99858 21.56999 14.02705 85.45000
16 5 17 07 07 1577.31100 5.65916000 83.99908 21.56999 14.02705 85.45000
16 5 17 07 07 1576.14100 5.65916000 83.99908 21.56700 14.02705 85.45000
16 5 17 07 08 1577.31900 5.66060000 83.99882 21.57000 14.02705 85.45000
16 5 17 07 08 1577.10300 5.60002000 83.80001 21.55000 14.02705 85.45000
16 5 17 07 09 1577.10300 5.60002000 83.50001 21.54000 14.24184 85.45000
16 5 17 07 09 1574.41800 5.60002000 83.79994 21.54300 14.02705 85.45000
16 5 17 07 10 1573.75000 5.60002000 83.51000 21.54300 14.02705 85.45000
16 5 17 07 10 1576.13500 5.60002000 83.51000 21.54300 14.02705 85.45000
16 5 17 07 11 1573.00000 5.60002000 83.49916 21.54300 14.00100 85.45000
16 5 17 07 11 1577.10300 5.60002000 83.51000 21.64788 14.00100 85.45000
16 5 17 07 12 1576.13500 5.60000000 83.79871 21.50000 13.92572 85.45000
16 5 17 07 12 1576.11800 5.60000000 83.52004 21.42300 13.92572 85.45000
16 5 17 07 13 1573.00000 5.60000000 83.60000 21.50000 13.92572 86.31766
16 5 17 07 13 1573.00000 5.60000000 83.60000 21.42300 14.23891 86.31766
16 5 17 07 14 1573.01600 5.60000000 83.79820 21.41001 13.83516 86.31766
16 5 17 07 14 1577.08600 5.60000000 83.99849 21.49800 13.83516 86.31766
16 5 17 07 15 1577.07100 5.60000000 83.99839 21.40690 13.83516 85.45033
16 5 17 07 15 1577.10300 5.60000000 83.52008 21.37396 14.23597 85.45033
16 5 17 07 16 1577.09000 5.60000000 83.52008 21.20604 14.23597 85.45033
16 5 17 07 16 1576.99800 5.60000000 83.98983 21.20604 14.23597 85.45033
16 5 17 07 17 1576.99900 5.64000000 83.55001 21.29800 14.23597 85.45033
16 5 17 07 17 1575.10000 5.64000000 83.55002 21.27398 14.23597 85.45033
16 5 17 07 18 1576.99000 5.64000000 83.96983 21.15000 14.23597 85.45033
16 5 17 07 18 1577.08800 5.60000000 83.96979 21.15000 14.23597 85.45033
16 5 17 07 19 1577.00000 5.60000000 83.96967 21.24698 14.23597 85.45033
16 5 17 07 19 1577.00000 5.60000000 83.96960 21.27098 13.83902 85.45033
16 5 17 07 20 1577.00000 5.60000000 83.96950 21.24800 13.83902 85.45033
16 5 17 07 21 1577.00000 5.60000000 83.96946 21.20001 13.83902 85.45033
16 5 17 07 21 1577.09000 5.60000000 83.96946 21.29394 13.83902 85.45012
16 5 17 07 22 1574.64300 5.60000000 83.55000 21.25900 14.22888 85.45012
16 5 17 07 22 1577.09000 5.60000000 83.60000 21.25899 14.22888 85.45012
16 5 17 07 23 1574.65800 5.60000000 83.55000 21.34600 14.22888 85.45012
16 5 17 07 23 1577.07300 5.60000000 83.50000 21.31000 14.22888 85.45012
16 5 17 07 24 1574.04000 5.60000000 83.60000 21.31003 14.22888 85.45012
16 5 17 07 24 1574.06100 5.60000000 83.59998 21.30000 14.22888 85.45012
16 5 17 07 25 1573.10000 5.60000000 83.50002 21.30000 14.22888 85.45000
16 5 17 07 25 1573.01000 5.60000000 83.50000 21.31000 14.22888 85.45000
16 5 17 07 26 1573.10000 5.60000000 83.50000 21.20000 14.22888 85.45000
16 5 17 07 26 1573.93800 5.60000000 83.49999 21.30999 14.22888 86.04835
16 5 17 07 27 1573.80000 5.60000000 83.50000 21.30999 14.22888 86.04835
16 5 17 07 27 1573.00000 5.60000000 83.49993 21.30994 14.22888 86.04835
16 5 17 07 28 1574.04500 5.60000000 83.49910 21.30000 14.22888 86.04835
16 5 17 07 28 1576.37400 5.60000000 83.50000 21.30000 14.22193 86.04835
16 5 17 07 29 1576.37400 5.60000000 83.50000 21.37993 14.22193 86.04835
16 5 17 07 29 1577.08000 5.60000000 83.50000 21.32600 14.22193 86.04835
16 5 17 07 30 1576.37400 5.60000000 83.50000 21.32600 14.22193 86.04835
16 5 17 07 30 1576.38900 5.60000000 83.40000 21.32600 14.22193 86.04835
16 5 17 07 31 1577.00000 5.60000000 83.40000 21.32600 14.22193 86.04835
16 5 17 07 31 1576.99000 5.60000000 83.50000 21.36004 14.22193 86.04835
16 5 17 07 32 1576.38900 5.60000000 83.50000 21.36009 14.22193 86.04835
16 5 17 07 32 1576.99800 5.60000000 83.50000 21.34900 14.22193 86.04835
16 5 17 07 33 1576.96000 5.60000000 83.50000 21.32400 14.22193 86.04835
16 5 17 07 33 1576.69000 5.60000000 83.50000 21.34505 14.22193 86.04835
16 5 17 07 34 1576.69000 5.60000000 83.49998 21.34505 14.22193 86.04835
16 5 17 07 34 1575.01600 5.60000000 83.45000 21.29000 14.24196 85.45002
16 5 17 07 35 1575.01600 5.60000000 83.45000 21.15643 14.24196 85.45002
16 5 17 07 35 1573.10300 5.60000000 83.40000 21.15643 14.24196 85.45002
16 5 17 07 36 1576.66300 5.60000000 83.38999 21.15912 14.24196 85.45002
16 5 17 07 36 1574.98900 5.61000000 83.39000 21.15943 14.24196 85.45002
16 5 17 07 37 1576.29700 5.61000000 83.38999 21.24491 14.24196 85.45002
16 5 17 07 37 1576.39200 5.61000000 83.38999 21.24594 14.24196 85.45002
16 5 17 07 38 1576.64700 5.61000000 83.39000 21.24594 14.24298 85.45002
16 5 17 07 38 1575.00000 5.61000000 83.37000 21.40499 14.24298 85.45002
16 5 17 07 39 1575.00000 5.61000000 83.37000 21.40499 13.87005 85.45002
16 5 17 07 39 1575.00000 5.61000000 83.36999 21.31705 13.87005 85.45002
16 5 17 07 40 1576.00000 5.52001000 83.32000 21.40488 13.87005 85.45002
16 5 17 07 40 1575.00000 5.55291000 83.23718 21.20401 13.87005 85.45002
16 5 17 07 41 1570.20200 5.55291000 83.23730 21.31000 13.87005 85.45002
16 5 17 07 42 1573.99900 5.57879000 83.23705 21.22800 13.87005 85.45002
16 5 17 07 42 1573.99700 5.57879000 83.23730 21.21899 13.87005 85.45002
16 5 17 07 42 1571.85700 5.57879000 83.23730 21.21899 13.87005 85.45002
16 5 17 07 43 1571.87200 5.66909000 83.23730 21.30194 13.87005 85.45002
16 5 17 07 44 1571.87200 5.66909000 83.31099 21.35288 13.87005 85.45002
16 5 17 07 44 1576.34100 5.66909000 83.31100 21.39781 13.87005 85.45002
16 5 17 07 45 1577.21000 5.66891000 83.49999 21.39000 13.87005 85.45002
16 5 17 07 45 1575.53000 5.66891000 83.23746 21.31001 13.87005 85.45002
16 5 17 07 46 1575.54500 5.66891000 83.38963 21.38602 13.87005 85.45002
16 5 17 07 46 1575.00000 5.66891000 83.49998 21.38602 13.87005 84.77859
16 5 17 07 47 1575.30000 5.66891000 83.50000 21.38602 13.87005 84.77859
16 5 17 07 47 1575.00000 5.66891000 83.50000 21.30000 13.87005 84.77859
16 5 17 07 48 1575.00000 5.66891000 83.23737 21.30000 13.87005 84.77859
16 5 17 07 48 1575.30000 5.66891000 83.49998 21.38596 13.87005 84.77859
16 5 17 07 49 1575.44100 5.66891000 83.49999 21.41000 13.87005 84.77859
16 5 17 07 49 1577.18300 5.66824000 83.50000 21.44497 13.87005 86.99222
16 5 17 07 50 1577.18300 5.66824000 83.49996 21.44496 13.87005 86.99222
16 5 17 07 50 1577.20000 5.66824000 83.50000 21.44496 13.87005 86.99222
16 5 17 07 51 1577.20000 5.66824000 83.50000 21.43000 13.87005 86.99222
16 5 17 07 51 1576.25000 5.66824000 83.50000 21.58001 13.87005 86.99222
16 5 17 07 52 1577.08900 5.66824000 83.30311 21.52500 13.87005 86.99222
16 5 17 07 52 1575.00000 5.66824000 83.50000 21.52500 13.87005 86.99222
16 5 17 07 53 1575.95000 5.66824000 83.23752 21.52500 13.87005 86.99222
16 5 17 07 53 1577.18400 5.57982000 83.49998 21.75099 13.87005 86.99222
16 5 17 07 54 1577.08900 5.57982000 83.50000 21.71587 13.87005 86.99222
16 5 17 07 54 1575.98000 5.57982000 83.50000 21.74401 13.87005 86.99222
16 5 17 07 55 1577.00000 5.66742000 83.49999 21.89000 14.24009 86.99222
16 5 17 07 55 1576.99500 5.66742000 83.49999 22.00000 14.24009 86.99222
16 5 17 07 56 1577.95900 5.66723000 83.49999 22.03000 14.24009 86.99222
16 5 17 07 56 1573.40100 5.66723000 83.50000 21.98199 14.24009 86.99222
16 5 17 07 57 1576.50000 5.66723000 83.49999 21.90000 14.24009 86.99222
16 5 17 07 57 1577.38900 5.66723000 83.49999 21.75001 14.24009 86.99222
16 5 17 07 58 1577.20000 5.66723000 83.40029 21.77004 14.24009 86.99222
16 5 17 07 58 1577.38800 5.66723000 83.40029 21.77005 14.24009 85.47116
16 5 17 07 59 1577.16500 5.66723000 83.40029 21.55167 14.24009 85.47116
16 5 17 07 59 1577.19900 5.66723000 83.31692 21.72300 14.24009 85.47116
16 5 17 08 00 1573.54200 5.66723000 83.05000 21.74700 14.09999 85.47116
16 5 17 08 00 1571.00000 5.66723000 83.13226 21.72301 14.09999 85.47193
16 5 17 08 01 1569.63700 5.66723000 83.05009 21.70000 14.09999 85.47193
16 5 17 08 01 1574.30000 5.66723000 83.45000 21.67002 13.97867 85.47193
16 5 17 08 02 1569.54700 5.60001000 83.50000 21.49099 14.09993 85.00123
16 5 17 08 03 1574.28400 5.60001000 83.44999 21.40000 14.09993 85.46824
16 5 17 08 03 1574.74200 5.60000000 83.34998 21.40000 14.09993 86.32129
16 5 17 08 04 1574.50900 5.60000000 83.05080 21.46999 14.10000 86.32118
16 5 17 08 04 1569.56000 5.60000000 83.00000 21.47000 14.10000 86.32118
16 5 17 08 04 1574.29900 5.60000000 83.00000 21.59998 14.10000 86.32118
16 5 17 08 05 1574.19900 5.60000000 83.00000 21.51509 14.09997 86.32118
16 5 17 08 06 1574.20000 5.60000000 83.35000 21.51509 14.22817 86.32118
16 5 17 08 06 1574.20000 5.60000000 83.34990 21.59995 14.22817 86.31997
16 5 17 08 06 1574.19900 5.60000000 83.34993 21.60000 13.97636 85.00286
16 5 17 08 07 1572.53300 5.60000000 83.50000 21.60000 13.97636 85.00286
16 5 17 08 08 1574.21000 5.60000000 83.00104 21.68000 13.97636 86.31917
16 5 17 08 08 1574.21400 5.60000000 83.00104 21.80000 13.97636 86.31917
16 5 17 08 09 1577.37500 5.60000000 83.00104 21.78000 13.97636 86.31917
16 5 17 08 09 1577.37500 5.60000000 83.00104 21.70300 13.97636 86.31917
16 5 17 08 10 1576.00000 5.60000000 83.48196 21.79999 13.97636 86.31917
16 5 17 08 10 1571.00000 5.60000000 83.00265 21.73001 13.97636 86.31786
16 5 17 08 11 1571.11200 5.60000000 83.16785 21.80000 13.97636 86.31768
16 5 17 08 11 1572.71400 5.60000000 83.16820 21.79996 13.97636 86.31768
16 5 17 08 12 1575.77800 5.60000000 83.16832 21.94181 13.97636 86.31768
16 5 17 08 12 1575.88800 5.60000000 83.50001 21.84100 13.97636 86.31768
16 5 17 08 13 1575.66500 5.60000000 83.50000 21.84100 13.97636 85.00580
16 5 17 08 13 1571.00000 5.60000000 83.50001 21.84100 13.97636 85.00580
16 5 17 08 14 1576.00000 5.60000000 83.16873 21.81600 13.97636 85.00580
16 5 17 08 14 1575.00000 5.60000000 83.59998 21.80000 13.97636 85.00580
16 5 17 08 15 1574.99900 5.60000000 83.18001 21.64703 14.12119 85.00312
16 5 17 08 15 1574.99900 5.60000000 83.49967 21.70000 14.00007 85.00312
16 5 17 08 16 1574.99800 5.60000000 83.49967 21.70000 14.00007 85.00312
16 5 17 08 16 1574.99800 5.60000000 83.59998 21.73997 14.00001 86.31480
16 5 17 08 17 1575.00000 5.60000000 83.59996 21.64000 14.00000 86.31480
16 5 17 08 17 1572.77300 5.60000000 83.59996 21.71996 14.00000 86.31480
16 5 17 08 18 1574.99900 5.60000000 83.20021 21.71996 14.00000 86.31480
16 5 17 08 18 1575.98400 5.64895000 83.49997 21.57403 14.00000 86.31480
16 5 17 08 19 1575.98300 5.64895000 83.50000 21.57403 14.00000 86.31480
16 5 17 08 19 1575.98300 5.64895000 83.49998 21.57403 13.99998 86.31480
16 5 17 08 20 1577.30000 5.60000000 83.00021 21.60503 13.99998 86.31480
16 5 17 08 20 1577.28400 5.60000000 83.49999 21.57407 14.00000 86.31480
16 5 17 08 21 1577.35900 5.57970000 83.49999 21.57407 14.00000 86.31480
16 5 17 08 21 1578.64400 5.57970000 83.49992 21.60503 14.11913 86.31480
16 5 17 08 22 1578.64400 5.57970000 83.49990 21.58005 14.11913 86.31480
16 5 17 08 22 1579.96100 5.57970000 83.50000 21.60503 14.11913 85.00444
16 5 17 08 23 1577.33000 5.57970000 83.59979 21.60503 14.11913 85.00444
16 5 17 08 23 1580.00000 5.57970000 83.49000 21.59500 14.11913 85.00444
16 5 17 08 24 1580.03000 5.57970000 83.49000 21.58005 14.11913 85.00444
16 5 17 08 25 1577.42600 5.57970000 83.21707 21.58005 14.11913 85.00444
16 5 17 08 25 1578.99900 5.57970000 83.21707 21.56900 14.11913 85.00444
16 5 17 08 26 1576.34700 5.57879000 83.21707 21.48606 14.11913 85.00444
16 5 17 08 26 1576.00000 5.57879000 83.21723 21.56000 14.11913 85.00444
16 5 17 08 26 1577.01000 5.57900000 83.21723 21.59198 14.05001 85.00444
16 5 17 08 27 1577.19000 5.57902000 83.21744 21.62400 14.05001 85.00444
16 5 17 08 28 1577.00000 5.57902000 83.59999 21.60100 14.08000 85.00444
16 5 17 08 28 1577.22300 5.57902000 83.59997 21.63300 14.10000 85.00444
16 5 17 08 28 1577.00000 5.57902000 83.10057 21.69300 14.10000 85.00444
16 5 17 08 29 1579.00000 5.57902000 83.59991 21.63300 14.10000 85.00444
16 5 17 08 30 1576.68100 5.57902000 83.60000 21.63300 14.10000 85.00444
16 5 17 08 30 1577.00000 5.57902000 83.59996 21.58995 14.10000 85.00444
16 5 17 08 31 1577.00000 5.57902000 83.59996 21.58991 14.10000 85.07351
16 5 17 08 31 1575.00000 5.57902000 83.11019 21.50001 14.10000 85.07351
16 5 17 08 32 1575.01500 5.57902000 83.11019 21.50000 14.10000 85.07351
16 5 17 08 32 1575.50000 5.57902000 83.11091 21.44379 14.10000 85.07351
16 5 17 08 33 1576.98300 5.58000000 83.11091 21.44379 14.10000 85.07351
16 5 17 08 33 1575.50000 5.58000000 83.11091 21.58899 14.10000 85.07351
16 5 17 08 34 1576.00000 5.58000000 83.11160 21.56495 14.10000 85.07351
16 5 17 08 34 1575.90700 5.58000000 83.59980 21.43701 14.10000 85.07351
16 5 17 08 35 1575.03000 5.58000000 83.11201 21.43701 14.10000 85.07351
16 5 17 08 35 1576.00000 5.58000000 83.59980 21.54999 14.10000 85.07351
16 5 17 08 36 1576.00000 5.58000000 83.11221 21.54999 14.10000 85.07351
16 5 17 08 36 1576.00000 5.58000000 83.11221 21.48901 14.10000 85.07351
16 5 17 08 37 1575.00000 5.58000000 83.11231 21.55000 14.10000 85.07351
16 5 17 08 37 1575.98400 5.58000000 83.11231 21.55000 14.10000 85.07351
16 5 17 08 38 1576.30000 5.58000000 83.11231 21.46101 14.10000 85.99461
16 5 17 08 38 1575.67200 5.58000000 83.11231 21.48725 14.10000 85.99472
16 5 17 08 39 1575.75300 5.58000000 83.11231 21.57617 14.10000 85.99472
16 5 17 08 39 1576.00000 5.62224000 83.59980 21.57612 14.10000 85.99472
16 5 17 08 40 1576.00000 5.58000000 83.59980 21.56500 14.10000 85.99472
16 5 17 08 40 1575.76300 5.58000000 83.59980 21.56301 14.10000 85.99472
16 5 17 08 41 1575.80000 5.58000000 83.24083 21.56301 14.10000 85.99472
16 5 17 08 41 1575.80000 5.58000000 83.24083 21.56301 14.10000 85.99472
16 5 17 08 42 1575.80000 5.58000000 83.60000 21.56301 14.10000 85.99472
16 5 17 08 42 1575.04500 5.58000000 83.60000 21.63801 14.10000 85.99472
16 5 17 08 43 1575.00000 5.58000000 83.59998 21.69000 14.10000 85.99472
16 5 17 08 43 1575.00000 5.58000000 83.60000 21.79900 14.10000 85.99472
16 5 17 08 44 1574.00000 5.58000000 83.59993 21.63500 14.10000 85.99472
16 5 17 08 44 1573.80000 5.58000000 83.59976 21.70000 14.10000 85.99472
16 5 17 08 45 1578.98400 5.58000000 83.60000 21.69000 13.91575 85.99472
16 5 17 08 45 1580.00000 5.58000000 83.59997 21.75701 13.91575 85.99472
16 5 17 08 46 1580.00000 5.58000000 83.59992 21.75702 13.91575 85.99472
16 5 17 08 46 1577.33900 5.62156000 83.59987 21.75702 13.91575 85.99472
16 5 17 08 47 1570.00000 5.62156000 83.59987 21.68600 13.92008 85.99472
16 5 17 08 48 1576.77700 5.62156000 83.59987 21.68600 13.92008 85.99472
16 5 17 08 48 1576.94800 5.62156000 83.59998 21.75893 13.92008 85.99472
16 5 17 08 49 1576.62900 5.62156000 83.50123 21.75891 13.92008 85.99472
16 5 17 08 49 1575.80000 5.62156000 83.20132 21.79000 13.92008 85.99472
16 5 17 08 49 1575.91100 5.62156000 83.20132 21.76000 13.92008 85.99472
16 5 17 08 50 1576.61200 5.62156000 83.59962 21.65000 13.92008 85.99472
16 5 17 08 51 1576.61300 5.62156000 83.10015 21.79000 13.92008 85.99472
16 5 17 08 51 1576.63000 5.62156000 83.59961 21.78900 13.92008 85.99472
16 5 17 08 52 1578.86900 5.62156000 83.35000 21.85397 13.93501 85.99472
16 5 17 08 52 1576.61400 5.62156000 83.50514 21.85397 13.93500 85.99472
16 5 17 08 53 1575.60200 5.62156000 83.10078 21.85397 13.87053 85.99472
16 5 17 08 53 1573.57800 5.60000000 83.10078 21.85397 13.87053 85.99472
16 5 17 08 54 1572.74000 5.60000000 83.10078 21.85398 13.87053 85.99472
16 5 17 08 54 1577.55000 5.60000000 83.34994 21.91500 13.87053 85.99472
16 5 17 08 55 1575.85200 5.60000000 83.35002 21.93000 13.87053 85.99472
16 5 17 08 55 1577.27400 5.58000000 83.35001 21.93301 13.87053 85.99472
16 5 17 08 56 1577.00000 5.58000000 83.35001 21.95700 13.87053 85.99472
16 5 17 08 56 1577.00000 5.58000000 83.20011 21.85001 13.87053 85.99472
16 5 17 08 57 1577.15800 5.58000000 83.20011 21.90000 13.87053 85.99472
16 5 17 08 57 1577.15800 5.58000000 83.59705 21.98410 14.11476 85.99472
16 5 17 08 58 1578.79900 5.58000000 83.44552 22.01478 14.11476 85.99472
16 5 17 08 58 1578.79900 5.58000000 83.44552 22.13997 14.11461 85.99472
16 5 17 08 59 1578.80000 5.58000000 83.44552 22.13796 14.11461 85.99472
16 5 17 08 59 1578.95600 5.58000000 83.35000 22.19384 14.11461 85.99472
16 5 17 09 00 1580.00000 5.57999000 83.20009 22.15284 14.11461 85.99472
16 5 17 09 00 1578.98000 5.57999000 83.39585 22.05202 14.11461 85.99472
16 5 17 09 01 1580.00000 5.57999000 83.39585 22.01001 14.11461 85.08069
16 5 17 09 01 1580.19100 5.57999000 83.39585 22.01000 14.11461 85.08069
16 5 17 09 02 1579.49000 5.57999000 83.37964 22.01000 14.11461 85.08069
16 5 17 09 02 1580.00000 5.57999000 83.37964 22.01000 14.11461 85.08069
16 5 17 09 03 1580.00000 5.57999000 83.37928 22.00000 14.11461 85.08069
16 5 17 09 03 1579.91000 5.57999000 83.20009 22.00000 14.11461 85.08069
16 5 17 09 04 1579.91000 5.57999000 83.25000 22.00000 14.11461 85.08069
16 5 17 09 04 1579.91000 5.57999000 83.20110 21.98301 14.11461 85.08227
16 5 17 09 05 1579.91000 5.57999000 83.20110 21.97936 14.11461 85.08227
16 5 17 09 05 1579.98400 5.58000000 83.11001 21.96000 14.11461 85.08287
16 5 17 09 06 1580.19100 5.55631000 83.00000 21.96001 14.11461 85.08287
16 5 17 09 06 1579.99000 5.58000000 83.00000 21.96001 14.11461 85.08287
16 5 17 09 07 1579.69000 5.55633000 83.10951 21.96001 14.11461 85.08287
16 5 17 09 07 1579.99000 5.55633000 83.10943 21.98600 14.11461 85.08287
16 5 17 09 08 1579.69000 5.55633000 82.80000 21.98601 14.11461 85.08422
16 5 17 09 08 1579.99000 5.55633000 82.99916 22.09086 14.11461 85.08422
16 5 17 09 09 1579.99300 5.55633000 82.99925 22.06201 14.11461 85.08422
16 5 17 09 10 1586.63600 5.58000000 82.99925 22.14578 14.11461 85.08422
16 5 17 09 10 1586.63700 5.58000000 82.99925 22.15000 14.11461 85.08422
16 5 17 09 11 1586.63700 5.58000000 82.81000 22.26438 14.11461 86.00000
16 5 17 09 11 1586.63700 5.58000000 82.81000 22.29000 14.11461 86.00000
16 5 17 09 12 1582.00000 5.58000000 83.37567 22.32241 14.11461 86.09989
16 5 17 09 12 1582.00000 5.58000000 83.37567 22.40100 14.11461 86.09989
16 5 17 09 13 1582.01400 5.58000000 83.24971 22.40100 14.11461 86.09989
16 5 17 09 13 1584.19900 5.58000000 83.24971 22.41806 14.11461 86.09989
16 5 17 09 14 1582.00000 5.58000000 83.01000 22.55673 14.11461 86.10000
16 5 17 09 14 1584.18400 5.56010000 83.24914 22.61393 14.11461 86.10000
16 5 17 09 15 1583.78000 5.56010000 83.10000 22.61389 14.11461 85.08786
16 5 17 09 15 1583.78000 5.56000000 83.01000 22.60000 14.11461 85.08786
16 5 17 09 16 1583.78000 5.56000000 83.01000 22.55800 14.11461 85.08786
16 5 17 09 17 1583.76300 5.56000000 82.86000 22.62997 14.11461 85.08786
16 5 17 09 17 1583.76300 5.56000000 82.86000 22.76796 14.11461 85.08786
16 5 17 09 18 1583.76500 5.56000000 82.86000 22.68000 14.11461 85.08786
16 5 17 09 18 1583.76400 5.56000000 82.86000 22.66700 14.11461 85.08786
16 5 17 09 19 1583.77800 5.56000000 82.99941 22.68000 14.11461 85.08786
16 5 17 09 19 1586.75700 5.56000000 82.99999 22.68000 14.11461 86.30000
16 5 17 09 20 1583.55200 5.58000000 82.90000 22.63900 14.11461 86.30000
16 5 17 09 20 1583.55100 5.58000000 82.90000 22.63900 14.11461 86.30000
16 5 17 09 21 1586.74000 5.58000000 82.82000 22.50004 14.11461 86.30000
16 5 17 09 21 1586.77000 5.58000000 82.89999 22.50000 14.11461 86.30000
16 5 17 09 22 1586.00000 5.58000000 82.89999 22.41005 14.11298 86.30000
16 5 17 09 22 1586.00000 5.58000000 82.82000 22.41005 14.11501 86.30000
16 5 17 09 23 1586.00000 5.58000000 82.90000 22.40001 14.11500 86.30000
16 5 17 09 23 1584.91300 5.58000000 82.90000 22.34991 14.11500 86.30000
16 5 17 09 24 1585.91300 5.58000000 82.90000 22.34990 14.11500 86.30000
16 5 17 09 24 1585.98400 5.58000000 82.90000 22.34991 14.11501 86.30000
16 5 17 09 25 1585.98200 5.58000000 82.89996 22.39998 14.11501 86.30000
16 5 17 09 25 1585.98300 5.58000000 82.89996 22.40000 14.11501 86.30000
16 5 17 09 26 1585.98200 5.58000000 82.89997 22.40900 14.12000 86.30000
16 5 17 09 26 1584.68100 5.58000000 82.89996 22.40900 14.12000 85.56067
16 5 17 09 27 1586.00000 5.58000000 82.89996 22.40900 14.12000 85.56089
16 5 17 09 27 1586.00000 5.58000000 82.89996 22.40900 14.12000 85.56089
16 5 17 09 28 1586.00000 5.58000000 82.89992 22.40900 14.12000 85.56089
16 5 17 09 28 1585.00000 5.58000000 82.89996 22.40000 14.12000 85.56089
16 5 17 09 29 1583.55200 5.58000000 82.89992 22.40000 14.12000 85.47692
16 5 17 09 29 1583.80700 5.58000000 82.81000 22.34999 14.12000 85.47692
16 5 17 09 30 1585.98400 5.58000000 82.73269 22.40000 14.12000 85.47692
16 5 17 09 30 1582.25000 5.58000000 82.70000 22.40000 14.12000 85.47692
16 5 17 09 31 1583.50000 5.58000000 82.61011 22.46999 14.12000 85.47692
16 5 17 09 32 1585.41900 5.58000000 82.61000 22.46999 14.12000 85.47692
16 5 17 09 32 1585.30500 5.58000000 82.60012 22.46996 14.12000 85.47692
16 5 17 09 33 1585.08300 5.58000000 82.60012 22.43700 14.12000 85.47692
16 5 17 09 33 1584.50000 5.58000000 82.60012 22.43700 14.12000 85.35764
16 5 17 09 34 1579.69000 5.58000000 82.60012 22.43399 14.12000 85.35764
16 5 17 09 34 1583.58500 5.56001000 82.61007 22.36003 14.12000 85.35764
16 5 17 09 35 1577.00000 5.58000000 82.61009 22.34992 14.12000 85.35764
16 5 17 09 35 1582.87700 5.58000000 82.53000 22.34992 14.12000 85.35764
16 5 17 09 36 1575.85200 5.58000000 82.59985 22.34992 14.12000 85.35764
16 5 17 09 36 1580.66100 5.56000000 82.50000 22.39100 14.12000 85.35764
16 5 17 09 37 1580.43600 5.56000000 82.50000 22.34991 14.12000 85.35764
16 5 17 09 37 1579.50000 5.56000000 82.49993 22.34990 14.12000 85.35764
16 5 17 09 38 1579.50000 5.56000000 82.49999 22.34990 14.12000 85.35764
16 5 17 09 38 1579.50100 5.55000000 82.49995 22.40030 14.12000 85.35764
16 5 17 09 39 1580.00000 5.55000000 82.49992 22.40030 14.12000 85.35764
16 5 17 09 39 1580.28300 5.55000000 82.44999 22.40030 14.11933 85.35764
16 5 17 09 40 1580.29900 5.55000000 82.44999 22.40200 14.11933 86.00002
16 5 17 09 40 1580.29800 5.52432000 82.44999 22.52782 14.11933 86.00002
16 5 17 09 41 1580.30000 5.57984000 82.45000 22.52000 14.11933 86.00002
16 5 17 09 41 1580.16100 5.53432000 82.44998 22.49200 14.11906 86.00002
16 5 17 09 42 1579.52800 5.58000000 82.45000 22.52000 14.11906 86.00000
16 5 17 09 42 1579.49800 5.58000000 82.45000 22.52000 14.11906 86.00000
16 5 17 09 43 1582.64700 5.58000000 82.45000 22.52000 14.11906 85.07353
16 5 17 09 43 1579.40000 5.58000000 82.99962 22.45000 14.11906 85.07353
16 5 17 09 44 1581.06800 5.58000000 82.80978 22.45000 14.11906 85.07353
16 5 17 09 44 1580.02000 5.58000000 82.45015 22.60000 14.11906 85.07353
16 5 17 09 45 1580.82000 5.58000000 82.45018 22.60000 14.11906 85.07353
16 5 17 09 45 1581.07000 5.58000000 82.45015 22.69186 14.11906 85.07353
16 5 17 09 46 1581.03000 5.58000000 82.40001 22.67300 14.11906 85.07353
16 5 17 09 46 1582.60000 5.58000000 83.00000 22.77037 14.11853 85.07353
16 5 17 09 47 1581.07000 5.58000000 82.99854 22.78965 14.11853 86.24262
16 5 17 09 47 1582.60000 5.58000000 82.99854 22.80000 14.11853 86.24262
16 5 17 09 48 1581.20000 5.58000000 82.99854 22.80000 14.11853 86.24262
16 5 17 09 49 1582.64800 5.58000000 82.99854 22.80000 14.11853 86.24262
16 5 17 09 49 1582.68500 5.58000000 82.60000 22.85000 14.11853 85.70000
16 5 17 09 50 1582.68500 5.58000000 82.60000 22.94156 14.11853 85.70000
16 5 17 09 50 1582.04900 5.58000000 82.21000 22.93000 14.11853 85.70000
16 5 17 09 51 1581.26600 5.58000000 82.21000 23.00000 14.11853 85.70000
16 5 17 09 51 1582.65900 5.58000000 82.91580 23.00000 14.11853 85.70000
16 5 17 09 52 1582.68500 5.58000000 82.91531 23.00000 14.11853 85.70000
16 5 17 09 52 1581.15600 5.58000000 82.91531 22.94805 14.11853 85.70000
16 5 17 09 53 1581.30000 5.58000000 82.90954 22.90000 14.11778 83.97231
16 5 17 09 53 1580.11100 5.58000000 82.90922 22.92000 14.11778 83.97231
16 5 17 09 54 1579.41100 5.58000000 82.51025 22.80000 14.11778 83.97231
16 5 17 09 54 1582.66900 5.58000000 82.51025 22.80000 14.11778 83.97231
16 5 17 09 55 1579.20000 5.58000000 82.90861 22.94100 14.11778 83.97231
16 5 17 09 55 1582.66900 5.58000000 82.51043 22.89998 14.11778 83.97231
16 5 17 09 56 1582.65100 5.52000000 82.51043 22.86300 14.11778 83.97231
16 5 17 09 56 1579.33100 5.52000000 82.90802 22.86300 14.11778 83.97231
16 5 17 09 57 1579.33100 5.52000000 82.21024 22.86300 14.11778 85.46400
16 5 17 09 57 1580.66300 5.52000000 82.21024 22.86300 14.11778 85.46400
16 5 17 09 58 1582.68500 5.52000000 82.50000 22.86300 14.11778 85.46400
16 5 17 09 58 1582.68500 5.52000000 82.49999 22.86300 14.11778 85.46400
16 5 17 09 59 1582.68500 5.52000000 82.49999 22.81697 14.11778 85.46688
16 5 17 09 59 1580.70000 5.52000000 82.49998 22.81697 14.11778 85.46688
16 5 17 10 00 1580.00000 5.57000000 82.76766 22.81697 14.11778 85.46688
16 5 17 10 00 1580.01100 5.57000000 82.77000 22.75000 14.11778 85.46688
16 5 17 10 01 1580.00000 5.57000000 82.77001 22.80299 14.11778 85.46688
16 5 17 10 02 1582.55800 5.57000000 82.89903 22.80299 14.11778 85.46688
16 5 17 10 02 1582.56000 5.57000000 82.74993 22.82100 14.11683 85.46688
16 5 17 10 02 1582.90000 5.52411000 82.50039 22.82101 13.92707 85.46688
16 5 17 10 03 1582.98400 5.58000000 82.74993 22.83899 13.92707 85.46688
16 5 17 10 04 1583.00000 5.58000000 82.59993 22.89000 13.92707 85.46688
16 5 17 10 04 1583.00000 5.58000000 82.50004 22.89000 13.92707 85.46688
16 5 17 10 04 1584.13200 5.58000000 82.50002 22.83908 13.92707 86.30000
16 5 17 10 05 1583.67900 5.58000000 82.40000 22.89999 14.11655 86.30000
16 5 17 10 06 1585.00000 5.58000000 82.31170 22.89999 14.11655 86.30000
16 5 17 10 06 1585.00000 5.58000000 82.31170 22.89100 14.11655 86.30000
16 5 17 10 07 1583.56200 5.58000000 82.31170 22.80003 14.11655 86.30000
16 5 17 10 07 1583.50000 5.58000000 82.31170 22.80003 14.11655 86.30000
16 5 17 10 08 1583.50000 5.58000000 82.40000 22.80003 14.11655 86.30000
16 5 17 10 08 1583.56200 5.58000000 82.40000 22.82004 14.11655 84.92184
16 5 17 10 09 1584.23600 5.58000000 82.40000 22.94396 14.11655 84.92184
16 5 17 10 09 1584.23600 5.57000000 82.41001 22.89092 14.11655 84.92184
16 5 17 10 10 1585.00000 5.57000000 82.59998 22.89093 14.11655 84.92184
16 5 17 10 10 1585.00000 5.57000000 82.41000 22.90000 14.11655 84.92184
16 5 17 10 11 1586.91300 5.57000000 82.79974 22.90000 14.11655 84.92184
16 5 17 10 11 1587.69600 5.57000000 82.39000 22.90000 14.11655 84.92184
16 5 17 10 12 1588.00000 5.57000000 82.39002 22.90000 14.11655 84.92184
16 5 17 10 12 1585.00000 5.58000000 82.39002 22.90000 14.11655 84.92184
16 5 17 10 13 1585.00000 5.58000000 82.39000 22.89999 14.11655 86.29977
16 5 17 10 13 1585.00000 5.58000000 82.39000 22.84600 14.11655 86.29977
16 5 17 10 14 1587.95100 5.58000000 82.79929 22.89987 14.11655 86.30000
16 5 17 10 14 1588.00000 5.58000000 82.79929 22.76600 14.11655 86.32155
16 5 17 10 15 1588.00000 5.58000000 82.79870 22.56941 14.11655 86.32157
16 5 17 10 15 1588.00000 5.58000000 82.43001 22.64400 14.18813 86.32157
16 5 17 10 16 1588.00000 5.58000000 82.79820 22.64405 14.18813 86.32157
16 5 17 10 16 1590.00000 5.58000000 82.79812 22.64405 14.18813 86.29992
16 5 17 10 17 1589.00200 5.58000000 82.79787 22.62899 14.18813 86.29992
16 5 17 10 18 1589.00000 5.58000000 82.79787 22.62899 14.18813 86.29992
16 5 17 10 18 1589.00000 5.58000000 82.74984 22.62898 14.18813 86.29992
16 5 17 10 19 1588.67400 5.58000000 82.74984 22.56941 14.18813 86.29992
16 5 17 10 19 1589.00000 5.58000000 82.55000 22.56941 14.18813 86.29992
16 5 17 10 20 1589.00000 5.58000000 82.55001 22.56941 14.18813 86.29992
16 5 17 10 20 1590.00000 5.58000000 82.55001 22.59692 14.18813 86.29992
16 5 17 10 21 1590.55000 5.58000000 82.60000 22.50000 14.18813 86.29992
16 5 17 10 21 1589.03000 5.58000000 82.74969 22.50000 14.18813 86.29992
16 5 17 10 22 1590.00000 5.58000000 82.72000 22.50000 14.18813 86.29992
16 5 17 10 22 1589.22000 5.58000000 82.74942 22.50000 14.18813 86.29992
16 5 17 10 23 1589.21900 5.60324000 82.61010 22.50000 14.18813 86.29992
16 5 17 10 23 1588.22700 5.60324000 82.61001 22.57681 14.18813 86.29990
16 5 17 10 24 1588.21700 5.60324000 82.61002 22.50000 14.18813 86.29990
16 5 17 10 24 1588.21700 5.60324000 82.61000 22.50000 14.00200 86.29990
16 5 17 10 25 1588.21700 5.60324000 82.61000 22.56685 14.00200 86.29990
16 5 17 10 25 1588.21700 5.60324000 82.61000 22.50300 14.00200 86.29990
16 5 17 10 26 1588.21700 5.60340000 82.61000 22.50300 14.00200 86.29990
16 5 17 10 26 1588.99700 5.60340000 82.60996 22.50000 14.00200 86.29990
16 5 17 10 27 1588.32800 5.60340000 82.79000 22.44954 14.00200 86.29990
16 5 17 10 27 1590.55000 5.60331000 82.60999 22.50400 14.00200 86.29990
16 5 17 10 28 1590.54900 5.60331000 82.78998 22.50400 14.00200 86.29990
16 5 17 10 28 1590.55000 5.60331000 82.60000 22.40000 14.00200 86.30000
16 5 17 10 29 1590.53400 5.60331000 82.45132 22.40000 14.00200 86.30000
16 5 17 10 29 1590.55000 5.60331000 82.45132 22.40000 14.00200 86.30000
16 5 17 10 30 1590.55000 5.60331000 82.45132 22.40000 14.00200 86.30000
16 5 17 10 30 1590.55000 5.62000000 82.45132 22.36600 14.00200 86.30000
16 5 17 10 31 1590.50000 5.62000000 82.45132 22.30000 14.00200 86.30000
16 5 17 10 31 1590.55000 5.62000000 82.78991 22.30000 14.00200 86.30000
16 5 17 10 32 1589.99900 5.57700000 82.45105 22.42000 14.00200 86.29993
16 5 17 10 32 1591.99300 5.57700000 82.45102 22.42000 14.00200 86.29993
16 5 17 10 33 1588.43100 5.57700000 82.43000 22.36227 14.00200 85.52793
16 5 17 10 33 1588.43100 5.57700000 82.42998 22.36228 14.00200 86.29999
16 5 17 10 34 1590.54000 5.57700000 82.45100 22.30000 14.00200 86.29999
16 5 17 10 34 1588.62000 5.55083000 82.45100 22.30446 14.00200 86.29999
16 5 17 10 35 1592.00000 5.55083000 82.45102 22.33300 14.00200 86.29999
16 5 17 10 35 1592.00000 5.55083000 82.45100 22.30000 14.00200 86.29999
16 5 17 10 36 1592.00000 5.55361000 82.45102 22.30000 14.00200 86.29999
16 5 17 10 36 1591.99900 5.55361000 82.45100 22.37900 14.00200 85.52982
16 5 17 10 37 1591.20900 5.55374000 82.32000 22.37900 14.00200 85.52982
16 5 17 10 38 1593.00000 5.55374000 82.32000 22.36998 14.00200 85.52982
16 5 17 10 38 1591.08500 5.61899000 82.60999 22.36998 14.00200 85.52982
16 5 17 10 38 1594.00000 5.61899000 82.60999 22.37000 14.00200 85.53098
16 5 17 10 39 1594.19900 5.61899000 82.60999 22.37000 14.00200 85.53098
16 5 17 10 40 1594.19900 5.61899000 82.61000 22.36571 14.00200 85.53098
16 5 17 10 40 1594.99900 5.61899000 82.61014 22.36571 14.00200 85.53098
16 5 17 10 41 1594.01500 5.61899000 82.61014 22.31500 14.00200 85.53208
16 5 17 10 41 1594.19900 5.61899000 82.61030 22.37000 14.10000 85.53208
16 5 17 10 42 1594.01500 5.61899000 82.61022 22.37000 14.10000 85.53208
16 5 17 10 42 1594.01500 5.61899000 82.61030 22.37000 14.10001 85.53208
16 5 17 10 43 1594.99900 5.61899000 82.61030 22.42004 14.10001 85.53208
16 5 17 10 44 1595.00000 5.55551000 82.61079 22.54526 14.10000 85.53208
16 5 17 10 44 1595.00000 5.55551000 82.61079 22.60000 14.10000 85.53208
16 5 17 10 44 1595.00000 5.55551000 82.79996 22.63800 14.10000 85.53208
16 5 17 10 45 1594.98400 5.55551000 82.79996 22.60000 14.10000 85.53208
16 5 17 10 46 1595.00000 5.55551000 82.79999 22.60000 14.10000 85.53450
16 5 17 10 46 1594.98400 5.55551000 82.79999 22.71793 14.10000 87.24960
16 5 17 10 47 1595.00000 5.55551000 82.80000 22.71795 14.10000 87.24960
16 5 17 10 47 1594.00000 5.55551000 82.88975 22.71795 14.10000 87.24960
16 5 17 10 48 1595.71000 5.55551000 82.89000 22.80000 14.10000 87.24960
16 5 17 10 48 1594.98300 5.55596000 82.89999 22.76998 14.10000 87.24960
16 5 17 10 49 1595.79600 5.55596000 82.89998 22.72900 14.10000 87.24960
16 5 17 10 49 1595.70000 5.55596000 82.90000 22.73001 14.10000 87.24960
16 5 17 10 50 1595.68900 5.55596000 82.90000 22.73002 14.10000 87.24960
16 5 17 10 50 1594.99000 5.55596000 82.90000 22.71793 14.18417 87.24960
16 5 17 10 51 1593.77900 5.55596000 82.90000 22.71793 14.18417 86.32600
16 5 17 10 51 1593.78500 5.55596000 83.00000 22.60000 14.18417 86.32600
16 5 17 10 52 1593.77900 5.55596000 82.99996 22.60000 14.18403 86.32600
16 5 17 10 52 1593.01500 5.53432000 82.99994 22.65796 14.09000 86.32154
16 5 17 10 53 1595.96000 5.61768000 82.99994 22.71000 14.09000 85.54909
16 5 17 10 53 1595.99900 5.61768000 82.90001 22.71000 14.09000 85.54909
16 5 17 10 54 1593.03000 5.61768000 82.90002 22.71000 14.09000 85.54909
16 5 17 10 54 1595.99000 5.61768000 82.99989 22.71000 14.09000 85.54909
16 5 17 10 55 1595.95800 5.61768000 82.99990 22.80000 14.09000 85.54909
16 5 17 10 55 1596.16300 5.61768000 82.99989 22.79999 14.09000 85.54909
16 5 17 10 56 1595.11800 5.61768000 82.99990 22.79999 14.09000 85.54909
16 5 17 10 56 1595.93000 5.61768000 82.99998 22.79999 14.15000 85.54909
16 5 17 10 57 1595.92000 5.61768000 83.00000 22.79999 14.15000 85.54909
16 5 17 10 57 1590.94100 5.58000000 82.99987 22.71899 14.15000 85.54909
16 5 17 10 58 1595.89000 5.58000000 82.99987 22.57714 14.15000 85.54909
16 5 17 10 58 1595.00000 5.58000000 83.00000 22.65000 14.15000 85.54909
16 5 17 10 59 1594.44200 5.58000000 82.99987 22.65000 14.15000 85.55155
16 5 17 10 59 1592.94200 5.58000000 82.99987 22.65000 14.15000 85.55155
16 5 17 11 00 1592.79300 5.58000000 82.90011 22.65000 14.18299 85.55210
16 5 17 11 00 1593.99800 5.58000000 82.90011 22.65000 14.18299 85.55210
16 5 17 11 01 1594.00000 5.58000000 82.90053 22.70000 14.18299 85.55210
16 5 17 11 01 1594.00000 5.58000000 82.90008 22.70000 14.18299 85.55210
16 5 17 11 02 1594.00000 5.58000000 82.99995 22.70000 14.18299 85.55210
16 5 17 11 02 1592.79900 5.58000000 82.99998 22.70000 14.18299 85.55210
16 5 17 11 03 1592.81400 5.58000000 82.91009 22.66700 14.18252 86.46721
16 5 17 11 03 1592.80200 5.58000000 82.90001 22.66700 14.18252 86.46721
16 5 17 11 04 1592.80200 5.53416000 82.90001 22.68500 14.18252 85.55374
16 5 17 11 05 1592.79000 5.53416000 83.00000 22.70000 14.18252 85.55374
16 5 17 11 05 1592.78500 5.53000000 82.90001 22.66700 14.18252 85.55374
16 5 17 11 06 1592.78200 5.53000000 83.00000 22.66700 14.18252 85.55374
16 5 17 11 06 1592.96400 5.53000000 83.00000 22.68800 14.18252 85.55374
16 5 17 11 07 1592.96400 5.53000000 83.00000 22.70000 14.18252 85.55374
16 5 17 11 07 1592.96400 5.57800000 83.00000 22.70000 14.10000 85.55374
16 5 17 11 08 1593.37000 5.54997000 82.99998 22.70000 14.10000 85.55374
16 5 17 11 08 1594.00000 5.53000000 82.99998 22.72500 14.10000 85.55374
16 5 17 11 09 1593.98400 5.53000000 82.99998 22.72698 14.10000 85.55374
16 5 17 11 09 1592.93300 5.50500000 82.99998 22.72698 14.10000 85.55374
16 5 17 11 10 1592.94300 5.52980000 82.91016 22.72698 14.10000 85.55374
16 5 17 11 10 1593.96700 5.50000000 82.91019 22.70000 14.10000 85.59748
16 5 17 11 11 1592.92200 5.50000000 82.90001 22.70000 14.10000 85.59748
16 5 17 11 11 1592.92100 5.50000000 83.01000 22.70100 14.10000 85.59748
16 5 17 11 12 1592.92200 5.48185000 83.01000 22.70000 14.10000 85.59748
16 5 17 11 12 1593.98900 5.45422000 82.90002 22.65012 14.10000 85.59748
16 5 17 11 13 1593.99900 5.46949000 82.92000 22.65012 14.10000 85.59748
16 5 17 11 13 1594.00000 5.45421000 83.00997 22.62787 14.10000 85.59748
16 5 17 11 14 1594.90000 5.44667000 83.00999 22.57800 14.10000 85.59748
16 5 17 11 14 1594.90000 5.45010000 83.00992 22.57798 14.10000 85.59748
16 5 17 11 15 1594.90000 5.44400000 82.65000 22.60000 14.10000 85.59908
16 5 17 11 15 1595.76700 5.44334000 83.00998 22.52970 14.10000 85.59908
16 5 17 11 16 1595.76700 5.44333000 83.00997 22.60399 14.10000 85.59908
16 5 17 11 16 1594.91500 5.44000000 82.93001 22.60400 14.10000 85.59908
16 5 17 11 17 1594.91500 5.43870000 82.62037 22.60399 14.10000 85.59908
16 5 17 11 17 1595.00000 5.43868000 83.00987 22.54900 14.10000 85.59908
16 5 17 11 18 1595.00000 5.43870000 82.62042 22.50000 14.10000 85.59908
16 5 17 11 18 1590.01600 5.43000000 82.60999 22.50000 14.10000 85.59908
16 5 17 11 19 1594.87300 5.43000000 83.00980 22.52800 14.10000 85.59908
16 5 17 11 19 1590.14100 5.43000000 83.00980 22.52800 14.10000 85.59908
16 5 17 11 20 1595.00000 5.43000000 83.00980 22.50000 14.10000 85.59908
16 5 17 11 20 1594.85000 5.43000000 82.99998 22.50000 14.10000 85.59908
16 5 17 11 21 1594.77600 5.43000000 82.61005 22.56397 14.10000 85.59908
16 5 17 11 21 1593.99000 5.40500000 82.61005 22.56394 14.10000 85.59908
16 5 17 11 22 1593.99000 5.39352000 82.61001 22.50000 14.17406 84.82842
16 5 17 11 22 1593.99000 5.35000000 82.61002 22.50003 14.17406 84.82842
16 5 17 11 23 1597.38600 5.33333000 82.61002 22.50001 14.17406 84.82842
16 5 17 11 23 1596.94500 5.33333000 82.61001 22.50001 14.17406 84.82842
16 5 17 11 24 1594.95000 5.34948000 82.52100 22.50001 14.17375 84.82842
16 5 17 11 25 1597.39000 5.34948000 82.52102 22.50000 14.17375 86.32082
16 5 17 11 25 1596.94000 5.34948000 82.61002 22.47100 14.17370 86.32037
16 5 17 11 26 1596.94000 5.35898000 82.61002 22.47100 14.17370 85.00000
16 5 17 11 26 1596.50000 5.35898000 82.60000 22.49996 14.17370 85.00000
16 5 17 11 27 1596.23400 5.30000000 82.52100 22.49996 14.17370 85.00000
16 5 17 11 27 1596.23400 5.30000000 82.52100 22.49996 14.17370 85.00000
16 5 17 11 28 1596.00000 5.30000000 82.52100 22.49996 14.17370 85.00000
16 5 17 11 28 1596.00000 5.30000000 82.52104 22.49996 14.17370 86.31941
16 5 17 11 29 1594.22900 5.30000000 82.61002 22.40000 14.17370 86.31941
16 5 17 11 29 1594.22900 5.30000000 82.52109 22.40000 14.17370 86.31941
16 5 17 11 29 1594.20000 5.35853000 82.52119 22.48457 14.17370 86.31941
16 5 17 11 30 1594.20000 5.30004000 82.52120 22.48453 14.17370 86.31941
16 5 17 11 31 1594.99000 5.35873000 82.50000 22.40000 14.17370 86.31941
16 5 17 11 31 1594.00000 5.35873000 82.50000 22.39899 14.17370 86.31941
16 5 17 11 32 1593.99900 5.35873000 82.72993 22.39062 14.17370 86.31941
16 5 17 11 32 1594.00000 5.35873000 82.72993 22.32307 14.17370 86.31941
16 5 17 11 33 1591.23000 5.35421000 82.49001 22.21210 14.17370 85.00000
16 5 17 11 33 1593.99900 5.38435000 82.49001 22.27701 14.17370 85.00000
16 5 17 11 34 1593.49000 5.35873000 82.52125 22.26101 14.02001 84.89759
16 5 17 11 34 1593.48900 5.35873000 82.52125 22.20000 14.02001 84.89759
16 5 17 11 35 1590.86000 5.39000000 82.52123 22.20000 14.02001 84.89759
16 5 17 11 35 1596.33400 5.44573000 82.52123 22.00000 14.02001 84.89759
16 5 17 11 36 1596.33200 5.44573000 82.53000 22.14000 14.02001 84.89759
16 5 17 11 36 1594.00000 5.44573000 82.53000 22.00000 14.02001 84.89759
16 5 17 11 37 1595.99300 5.44557000 82.51000 22.00000 14.02001 84.89759
16 5 17 11 37 1595.99300 5.44557000 82.52999 22.00000 14.02001 84.89759
16 5 17 11 38 1595.99300 5.39020000 82.51800 21.97000 14.02001 84.89759
16 5 17 11 38 1595.99300 5.39020000 82.49001 21.93000 14.02001 84.89759
16 5 17 11 39 1595.99200 5.39074000 82.52966 21.99999 14.02001 85.39801
16 5 17 11 39 1590.10000 5.44573000 82.50000 21.93004 14.02001 85.39801
16 5 17 11 40 1596.03600 5.44547000 82.53000 21.99996 14.02001 85.39801
16 5 17 11 40 1590.00000 5.44596000 82.49000 22.00000 14.02001 85.39801
16 5 17 11 41 1595.66900 5.39148000 82.49000 22.03499 14.02001 85.39801
16 5 17 11 41 1595.83000 5.40239000 82.48999 22.02072 14.02001 85.39801
16 5 17 11 42 1595.00000 5.40239000 82.53000 22.00000 14.02001 85.39801
16 5 17 11 43 1594.90000 5.40239000 82.48001 22.08797 14.02000 84.89759
16 5 17 11 43 1593.11100 5.40239000 82.48003 22.08797 14.02000 84.89759
16 5 17 11 44 1593.26600 5.38311000 82.47993 22.04000 14.02000 84.89759
16 5 17 11 44 1593.26500 5.38311000 82.47993 21.97000 14.02000 84.89759
16 5 17 11 45 1593.39900 5.38311000 82.44000 21.97000 14.02000 84.89759
16 5 17 11 45 1593.40000 5.38311000 82.40000 21.97000 14.02000 84.62069
16 5 17 11 46 1590.60000 5.38311000 82.40000 21.97000 14.02000 84.62069
16 5 17 11 46 1590.00000 5.38385000 82.47968 21.95265 14.02000 84.62069
16 5 17 11 47 1589.03200 5.38385000 82.32000 21.95267 14.02000 84.62069
16 5 17 11 47 1589.84900 5.38385000 82.32000 21.95258 14.02000 84.62067
16 5 17 11 48 1588.00000 5.39111000 82.32000 21.94998 14.02000 84.50000
16 5 17 11 48 1587.99800 5.39111000 82.47860 21.94998 14.00000 84.49996
16 5 17 11 49 1587.99900 5.39111000 82.30990 21.98100 14.00000 84.49996
16 5 17 11 49 1580.70100 5.39111000 82.47819 21.98100 14.00000 84.29182
16 5 17 11 50 1588.00000 5.39111000 82.30045 21.99999 14.00000 84.28870
16 5 17 11 50 1588.00000 5.39111000 82.30047 21.90000 14.00000 84.28870
16 5 17 11 51 1589.71100 5.39111000 82.47677 22.00000 13.98100 84.28870
16 5 17 11 51 1589.60000 5.39111000 82.30045 22.00000 13.98100 84.28870
16 5 17 11 52 1585.00700 5.31631000 82.30047 21.99999 13.98100 84.28869
16 5 17 11 52 1587.00300 5.31631000 82.30047 22.00000 13.98100 84.28869
16 5 17 11 53 1589.76700 5.31631000 82.40634 22.00000 13.90002 84.28869
16 5 17 11 53 1587.99900 5.31631000 82.40000 22.00000 13.90002 84.28869
16 5 17 11 54 1588.00800 5.31631000 82.47648 22.00000 13.90002 84.28869
16 5 17 11 54 1588.42600 5.31631000 82.40000 22.00000 13.90002 84.28869
16 5 17 11 55 1587.00000 5.31631000 82.40000 21.92002 13.90002 84.28869
16 5 17 11 55 1586.97700 5.31631000 82.47599 22.00000 13.90002 84.28869
16 5 17 11 56 1588.00000 5.31631000 82.48000 21.97002 13.90002 84.28869
16 5 17 11 56 1588.00000 5.31631000 82.47600 22.00000 13.90002 84.28869
16 5 17 11 57 1588.00000 5.31631000 82.40008 22.00000 13.90002 84.28869
16 5 17 11 58 1586.58700 5.31631000 82.48000 21.97000 13.90002 84.28869
16 5 17 11 58 1588.00000 5.40076000 82.40001 22.00000 13.90002 84.28869
16 5 17 11 59 1584.58000 5.34210000 82.47598 21.97000 13.90000 84.28869
16 5 17 11 59 1584.58400 5.34210000 82.40000 21.91001 13.90000 84.28869
16 5 17 12 00 1588.00000 5.34210000 82.47998 21.90000 13.90000 84.28869
16 5 17 12 00 1588.00000 5.34210000 82.47997 21.90000 13.90000 84.28869
16 5 17 12 01 1587.83800 5.34210000 82.47998 21.89999 13.90000 84.29996
16 5 17 12 01 1587.83900 5.34210000 82.40000 21.92900 13.90000 84.29996
16 5 17 12 02 1587.51800 5.34210000 82.47998 21.91647 13.90000 84.29996
16 5 17 12 02 1587.00000 5.40070000 82.39999 21.93100 13.90000 84.29996
16 5 17 12 03 1586.77800 5.40070000 82.30045 21.86000 13.90000 84.29996
16 5 17 12 03 1586.99900 5.40070000 82.39993 21.85000 13.90000 84.29996
16 5 17 12 04 1586.63900 5.40239000 82.30045 21.85000 13.90000 84.22000
16 5 17 12 04 1584.12800 5.40239000 82.30047 21.81683 13.90000 84.22000
16 5 17 12 05 1586.57000 5.40239000 82.30046 21.85800 13.90000 84.22000
16 5 17 12 05 1584.00000 5.40239000 82.40000 21.85700 13.90000 84.22000
16 5 17 12 06 1584.00000 5.40239000 82.40000 21.83800 14.02998 84.22000
16 5 17 12 06 1580.00300 5.40239000 82.40000 21.80001 14.02998 84.22000
16 5 17 12 07 1584.12000 5.40000000 82.39997 21.79800 13.90000 84.22000
16 5 17 12 07 1585.00000 5.40000000 82.39999 21.79800 13.90000 84.22000
16 5 17 12 08 1582.00000 5.40000000 82.39999 21.78563 13.90000 84.22000
16 5 17 12 08 1589.78300 5.40000000 82.47998 21.78563 13.90000 84.99746
16 5 17 12 09 1589.78500 5.40000000 82.47998 21.78563 13.90000 84.99746
16 5 17 12 09 1584.96000 5.38050000 82.40000 21.75000 13.90000 84.99746
16 5 17 12 10 1585.08000 5.40000000 82.47995 21.70000 13.90000 84.99746
16 5 17 12 10 1585.00000 5.40000000 82.47995 21.70000 13.90000 84.99654
16 5 17 12 11 1589.69600 5.40000000 82.47997 21.70000 13.90000 84.99654
16 5 17 12 11 1589.69100 5.40000000 82.47998 21.70000 13.90000 84.99605
16 5 17 12 12 1585.87800 5.40000000 82.47998 21.78900 13.90000 85.43988
16 5 17 12 12 1585.87800 5.40000000 82.40000 21.60000 13.90000 85.43985
16 5 17 12 13 1587.00000 5.40000000 82.31002 21.67010 13.90000 85.43973
16 5 17 12 13 1587.11100 5.40000000 82.40000 21.68002 13.90000 85.44000
16 5 17 12 14 1590.54900 5.40000000 82.47998 21.79200 13.90000 85.44000
16 5 17 12 14 1587.28400 5.40000000 82.40000 21.79200 13.90000 85.44000
16 5 17 12 15 1590.55000 5.40000000 82.48000 21.77700 13.90000 85.46686
16 5 17 12 15 1590.53400 5.40239000 82.31000 21.82301 13.90000 85.46686
16 5 17 12 16 1590.53400 5.40239000 82.47999 21.80559 13.90000 85.46686
16 5 17 12 16 1590.55000 5.40239000 82.47997 21.76398 13.90000 85.46686
16 5 17 12 17 1590.55000 5.38650000 82.47997 21.76597 13.90000 85.46686
16 5 17 12 18 1591.32000 5.46130000 82.48000 21.71800 13.90000 85.27069
16 5 17 12 18 1590.84000 5.38851000 82.47999 21.70000 13.90000 85.27069
16 5 17 12 19 1590.84000 5.38851000 82.48000 21.70000 13.90000 84.84822
16 5 17 12 19 1587.63700 5.40239000 82.47997 21.74000 13.90000 84.84822
16 5 17 12 20 1589.00000 5.46107000 82.48000 21.74000 13.90000 86.46514
16 5 17 12 20 1589.00000 5.46107000 82.31052 21.74000 13.88200 86.46514
16 5 17 12 21 1589.00000 5.46107000 82.46997 21.67300 13.90000 86.46514
16 5 17 12 21 1590.00000 5.46107000 82.46996 21.63200 13.90000 86.46514
16 5 17 12 22 1588.50000 5.46142000 82.47000 21.63200 13.90000 86.45423
16 5 17 12 22 1590.00000 5.46139000 82.31000 21.63103 13.87021 85.27069
16 5 17 12 23 1588.61200 5.46139000 82.46990 21.70000 13.87021 85.27069
16 5 17 12 23 1590.01900 5.46139000 82.47000 21.63103 13.87021 84.84885
16 5 17 12 24 1590.85500 5.46139000 82.46999 21.72798 13.87021 84.84885
16 5 17 12 24 1592.83700 5.45980000 82.46999 21.66501 13.87021 84.42647
16 5 17 12 25 1587.32400 5.39860000 82.47000 21.66501 13.87021 84.42659
16 5 17 12 25 1589.99900 5.39860000 82.47000 21.76399 13.87021 84.42645
16 5 17 12 26 1589.99900 5.39860000 82.47000 21.73700 14.03675 84.42640
16 5 17 12 26 1589.68800 5.39860000 82.46999 21.72000 14.03675 84.42640
16 5 17 12 27 1589.99900 5.39860000 82.31000 21.72000 14.03675 84.42640
16 5 17 12 27 1587.89700 5.39860000 82.46993 21.75000 13.87022 84.42640
16 5 17 12 28 1589.98400 5.39860000 82.46993 21.75000 13.87022 84.42640
16 5 17 12 28 1587.83200 5.41591000 82.40000 21.82094 13.87022 84.42640
16 5 17 12 29 1589.99700 5.41591000 82.40000 21.77600 13.87022 84.42640
16 5 17 12 29 1589.99700 5.41591000 82.47000 21.91800 13.87022 84.42640
16 5 17 12 30 1589.98400 5.41591000 82.40000 21.91800 14.03610 84.42640
16 5 17 12 30 1587.83500 5.41591000 82.40000 21.84000 14.03610 84.42640
16 5 17 12 31 1589.99600 5.41591000 82.40000 21.84001 14.03610 84.42640
16 5 17 12 31 1589.96800 5.41591000 82.40003 21.86100 14.03610 84.42640
16 5 17 12 32 1589.96900 5.47950000 82.46999 21.83001 14.03610 84.42640
16 5 17 12 32 1587.82000 5.47950000 82.46999 21.83001 14.03610 84.42640
16 5 17 12 33 1589.90000 5.47950000 82.47000 21.83001 14.03610 84.42640
16 5 17 12 33 1589.75800 5.47950000 82.47000 21.99699 14.03610 84.42640
16 5 17 12 34 1589.63900 5.47950000 82.48000 22.00000 14.03610 84.42640
16 5 17 12 35 1589.34300 5.48000000 82.38004 22.00000 14.03610 84.42640
16 5 17 12 35 1588.99300 5.48000000 82.38005 22.10225 14.03610 84.42640
16 5 17 12 36 1588.99900 5.48000000 82.46999 22.20000 14.03610 84.42640
16 5 17 12 36 1588.85000 5.48000000 82.47000 22.22000 14.03610 84.42640
16 5 17 12 37 1588.62000 5.48000000 82.47000 22.21998 14.03610 84.42640
16 5 17 12 37 1588.40000 5.48000000 82.38004 22.22000 14.03610 84.42640
16 5 17 12 38 1588.71900 5.48100000 82.38004 22.22000 14.03610 84.50010
16 5 17 12 38 1590.00000 5.48100000 82.46968 22.22000 14.03610 84.50010
16 5 17 12 39 1592.70200 5.48100000 82.38003 22.20903 14.03610 84.50010
16 5 17 12 39 1592.59000 5.48100000 82.38004 22.30000 14.03610 84.50010
16 5 17 12 40 1592.40000 5.48100000 82.38004 22.30000 14.03610 84.50010
16 5 17 12 40 1593.00000 5.44606000 82.38004 22.30836 14.03610 84.50010
16 5 17 12 41 1592.72500 5.43441000 82.38040 22.30837 14.03610 84.50002
16 5 17 12 41 1592.45100 5.43441000 82.38003 22.36000 14.03610 84.50001
16 5 17 12 42 1593.37500 5.43441000 82.38004 22.38200 14.03610 84.50001
16 5 17 12 42 1593.37500 5.43441000 82.34000 22.38200 13.87021 84.50001
16 5 17 12 43 1593.24700 5.40774000 82.31000 22.40000 13.87500 84.50001
16 5 17 12 43 1593.35900 5.48988000 82.30045 22.45000 13.87500 84.50001
16 5 17 12 44 1592.82200 5.43432000 82.30045 22.45000 13.87500 85.21150
16 5 17 12 44 1592.81800 5.43432000 82.47000 22.45000 13.87021 85.21150
16 5 17 12 45 1594.59400 5.43432000 82.35000 22.40800 13.87021 85.21150
16 5 17 12 45 1591.03100 5.48988000 82.30045 22.39000 14.03413 85.21150
16 5 17 12 46 1590.00000 5.48988000 82.46991 22.39000 14.03413 85.21150
16 5 17 12 46 1590.00000 5.43432000 82.20000 22.36500 13.87025 85.21150
16 5 17 12 47 1590.00000 5.43432000 82.18961 22.49999 13.87025 85.21150
16 5 17 12 47 1590.01500 5.43432000 82.12000 22.30842 13.87025 85.21000
16 5 17 12 48 1592.89400 5.43432000 82.12001 22.30842 13.87025 85.21000
16 5 17 12 48 1590.03000 5.43432000 82.38987 22.30000 13.87025 85.21000
16 5 17 12 49 1590.01500 5.43432000 82.09770 22.30000 13.87025 85.21000
16 5 17 12 49 1592.66600 5.43432000 82.13203 22.30000 13.87025 85.21000
16 5 17 12 50 1592.54900 5.43432000 82.13203 22.30000 13.87025 85.21000
16 5 17 12 50 1590.01500 5.43432000 82.33998 22.30000 13.87025 85.21000
16 5 17 12 51 1590.01500 5.43432000 82.33998 22.41209 13.87025 85.21000
16 5 17 12 51 1590.00000 5.43432000 82.33998 22.40000 13.87025 85.21000
16 5 17 12 52 1590.00000 5.43432000 82.33915 22.35606 13.87025 85.21000
16 5 17 12 52 1590.01500 5.45000000 82.33915 22.35606 14.00482 85.21000
16 5 17 12 53 1592.72700 5.45000000 82.25002 22.35606 14.00482 85.21000
16 5 17 12 54 1591.37000 5.44000000 82.00000 22.35606 14.00482 84.88025
16 5 17 12 54 1591.36000 5.44000000 82.33710 22.31602 14.00482 84.50000
16 5 17 12 55 1591.35900 5.44000000 82.24993 22.33300 14.00482 84.50000
16 5 17 12 55 1592.70200 5.44000000 82.24993 22.33300 14.00000 84.50000
16 5 17 12 56 1592.73500 5.44000000 82.24972 22.33300 14.00000 84.50000
16 5 17 12 56 1590.00000 5.44000000 82.10001 22.35200 14.00477 84.22001
16 5 17 12 57 1592.70200 5.44000000 82.24780 22.35200 14.00477 84.22001
16 5 17 12 57 1592.68600 5.47000000 82.00000 22.30800 14.00477 84.22001
16 5 17 12 58 1592.68600 5.47000000 82.01010 22.20000 14.00477 84.22001
16 5 17 12 59 1592.70100 5.48000000 82.01010 22.20000 14.00477 84.22001
16 5 17 12 59 1592.70200 5.48000000 82.01010 22.19402 14.00477 84.22001
16 5 17 13 00 1592.63900 5.48000000 82.00000 22.14899 14.00477 84.22001
16 5 17 13 00 1592.68500 5.48000000 82.00000 22.01500 14.00477 84.22001
16 5 17 13 01 1586.72700 5.47990000 82.17505 22.18894 14.00477 84.22001
16 5 17 13 02 1586.93300 5.47990000 82.00000 22.07400 14.00477 84.22001
16 5 17 13 03 1592.00000 5.47990000 81.98429 22.07400 14.00477 84.22001
16 5 17 13 03 1591.99900 5.44000000 81.99996 22.12000 14.00477 85.01090
16 5 17 13 04 1591.99800 5.44000000 81.89000 22.10000 14.00477 85.01090
16 5 17 13 04 1592.15700 5.44000000 81.89000 22.10000 13.90000 85.01090
16 5 17 13 05 1594.94100 5.44000000 81.89000 22.07900 13.90000 85.01090
16 5 17 13 06 1594.93700 5.44000000 81.96205 22.05301 13.90000 85.01090
16 5 17 13 06 1594.92600 5.44000000 81.96205 22.00000 13.90000 85.01090
16 5 17 13 07 1593.00000 5.44000000 81.97985 22.00000 13.90000 85.01090
16 5 17 13 07 1592.01500 5.44000000 81.97984 22.00000 13.90000 85.01090
16 5 17 13 08 1591.01900 5.43109000 81.97984 21.97638 13.90001 85.01090
16 5 17 13 08 1594.89400 5.43109000 81.97987 21.97638 13.90001 85.01090
16 5 17 13 09 1594.91000 5.43109000 81.97987 21.95897 13.90001 85.01090
16 5 17 13 09 1594.91000 5.43109000 81.98003 21.90800 13.90001 85.01090
16 5 17 13 10 1592.99900 5.43109000 82.38916 21.90000 13.88000 85.01090
16 5 17 13 10 1591.04900 5.43109000 82.38916 21.90000 13.88000 85.01090
16 5 17 13 11 1594.00000 5.43109000 81.98038 22.00000 13.88000 85.01090
16 5 17 13 11 1591.14700 5.43109000 82.09008 22.00000 13.88000 85.01090
16 5 17 13 12 1594.00000 5.43109000 81.98988 21.98700 13.88000 85.01090
16 5 17 13 12 1594.89200 5.43109000 81.98988 21.98700 13.88000 85.01090
16 5 17 13 13 1594.89300 5.48000000 82.29053 21.86403 13.88000 85.01090
16 5 17 13 13 1594.87800 5.47999000 82.29053 21.86403 13.88000 85.01090
16 5 17 13 14 1594.87800 5.47999000 81.99310 21.91700 13.88000 85.01090
16 5 17 13 14 1594.87500 5.47999000 82.10892 21.90000 13.88000 85.01090
16 5 17 13 15 1594.88300 5.47999000 82.10894 21.90000 13.88000 84.22029
16 5 17 13 15 1594.90900 5.47999000 82.25493 21.90000 13.88000 84.22029
16 5 17 13 16 1594.90800 5.47999000 82.25373 21.96397 13.88000 84.22029
16 5 17 13 17 1594.90000 5.48000000 82.25373 21.96397 13.88000 84.22051
16 5 17 13 17 1594.09500 5.48000000 82.25373 21.96397 13.88000 84.22051
16 5 17 13 18 1594.90900 5.48000000 81.66000 21.90000 13.88000 84.22051
16 5 17 13 18 1592.69900 5.48000000 81.50000 21.90000 13.88000 84.22051
16 5 17 13 19 1594.89400 5.48000000 81.50000 21.89700 13.88000 84.22051
16 5 17 13 19 1592.00000 5.48000000 81.17193 21.90000 13.88000 84.22051
16 5 17 13 20 1592.79200 5.48977000 81.47411 21.84001 13.88001 84.22000
16 5 17 13 20 1594.00000 5.48971000 81.39993 21.83000 13.87021 84.22000
16 5 17 13 21 1593.98400 5.48971000 81.39965 21.83000 13.87021 84.29990
16 5 17 13 22 1592.85700 5.43100000 81.39883 21.92097 13.87021 84.29990
16 5 17 13 22 1592.49000 5.43100000 81.10000 21.98899 13.87021 84.29990
16 5 17 13 23 1592.48800 5.43100000 81.10000 22.00000 13.87021 84.29990
16 5 17 13 23 1592.48900 5.43100000 81.39668 22.00000 13.87021 84.29990
16 5 17 13 24 1592.49000 5.43100000 81.10000 22.02772 13.87021 84.29990
16 5 17 13 24 1592.49000 5.43100000 81.10000 22.00000 13.87021 84.29990
16 5 17 13 25 1594.60000 5.43100000 81.10000 22.00000 13.87021 84.29990
16 5 17 13 25 1594.58900 5.43100000 81.10000 22.00000 13.87021 84.29990
16 5 17 13 26 1593.53000 5.43100000 81.11116 22.00000 13.87021 84.29990
16 5 17 13 26 1594.58900 5.43100000 81.39898 22.00000 13.87021 84.29990
16 5 17 13 27 1594.17900 5.43100000 81.39900 22.00000 13.87021 84.29990
16 5 17 13 27 1594.17900 5.43100000 81.39899 22.00000 13.87021 84.29990
16 5 17 13 28 1594.17900 5.43100000 81.12542 22.00000 13.87021 84.29990
