26 5 17 05 59 2142.42100 14.89706000 160.72578 25.92000 23.60000 211.50000
26 5 17 06 00 2144.90000 14.89706000 160.92374 25.92000 23.60000 211.50000
26 5 17 06 00 2144.87800 14.89598000 160.92382 25.92000 23.60000 211.50000
26 5 17 06 01 2140.00000 14.80000000 161.00000 25.92005 23.60000 208.00090
26 5 17 06 01 2140.00000 14.80000000 160.99998 25.92000 23.60000 208.00090
26 5 17 06 02 2145.42000 14.60946000 160.05024 25.84998 23.60000 208.00090
26 5 17 06 02 2143.17200 14.60199000 160.92381 25.99147 23.60000 211.49967
26 5 17 06 03 2145.17500 14.55740000 160.92381 25.99147 23.59999 211.49967
26 5 17 06 03 2137.50100 14.55740000 161.09000 25.84994 23.59999 211.49988
26 5 17 06 04 2144.95100 14.60000000 160.05075 25.84994 23.59999 211.49988
26 5 17 06 05 2145.39000 14.60000000 160.92381 25.84994 23.59994 211.49988
26 5 17 06 05 2143.57000 14.60000000 160.90302 25.70001 23.59994 211.49988
26 5 17 06 06 2137.54200 14.52760000 160.89003 25.70001 23.59994 211.49988
26 5 17 06 06 2137.54200 14.59000000 160.85432 25.70001 23.59994 211.49988
26 5 17 06 06 2137.54300 14.59000000 160.89480 25.70001 23.60000 211.49988
26 5 17 06 07 2143.88900 14.43065000 160.05053 25.70001 23.60000 211.49988
26 5 17 06 07 2144.99600 14.40000000 160.17775 25.80898 23.60000 211.49988
26 5 17 06 08 2143.98000 14.59979000 160.17765 25.70000 23.60000 211.49988
26 5 17 06 08 2143.97800 14.39601000 160.17774 25.73000 23.60000 211.49988
26 5 17 06 09 2135.00000 14.36510000 160.89478 25.70000 23.60000 211.40000
26 5 17 06 10 2145.00000 14.49997000 160.17774 25.70000 23.60000 211.39980
26 5 17 06 10 2136.00000 14.24147000 160.99993 25.58115 23.59997 211.39980
26 5 17 06 11 2144.99700 14.49988000 160.50000 25.58115 23.59997 211.39980
26 5 17 06 11 2131.22900 14.24274000 160.92018 25.58110 23.59997 211.99483
26 5 17 06 12 2135.49900 14.20000000 160.91995 25.58110 23.59997 211.99483
26 5 17 06 12 2135.38800 14.10002000 158.66002 25.58112 23.59997 211.80000
26 5 17 06 13 2135.38300 14.10002000 159.99995 25.58107 23.59997 211.99493
26 5 17 06 13 2124.13000 14.10002000 160.00000 25.58107 23.59997 211.99493
26 5 17 06 14 2133.95800 14.17000000 159.99999 25.69199 23.59997 211.99470
26 5 17 06 14 2124.13000 13.65001000 158.84850 25.58000 23.28904 211.99459
26 5 17 06 15 2134.99000 13.65001000 158.66084 25.57999 23.28904 211.99459
26 5 17 06 15 2129.99800 13.99999000 158.66102 25.57999 23.28908 211.99459
26 5 17 06 16 2129.99900 13.99999000 159.80000 25.68984 23.28908 205.88022
26 5 17 06 16 2129.99900 13.77654000 159.79994 25.68984 23.28908 205.88022
26 5 17 06 17 2134.93800 13.99987000 159.79979 25.68984 23.28908 205.88022
26 5 17 06 17 2129.99900 13.77656000 159.99948 25.68984 23.28908 205.88022
26 5 17 06 18 2133.98500 13.77656000 159.99941 25.68984 23.28908 205.88022
26 5 17 06 18 2133.98400 13.89900000 159.00041 25.60398 23.28908 205.88022
26 5 17 06 19 2130.02000 13.80001000 159.16758 25.60398 23.28908 205.88022
26 5 17 06 19 2130.00000 13.80001000 159.00018 25.60398 23.28908 205.88022
26 5 17 06 20 2130.00000 13.89898000 159.89953 25.60398 23.25590 205.88022
26 5 17 06 20 2128.98000 13.80000000 159.89945 25.55113 23.25590 207.60032
26 5 17 06 21 2130.00000 13.78000000 159.89920 25.55113 23.25590 206.00031
26 5 17 06 21 2126.02200 13.78000000 159.89912 25.55113 23.25590 206.00031
26 5 17 06 22 2127.67000 13.89000000 159.79980 25.55113 23.25590 206.00031
26 5 17 06 22 2141.49800 13.89000000 159.40000 25.50000 23.25590 206.00031
26 5 17 06 23 2130.80000 13.90000000 159.79956 25.60360 23.25576 206.00031
26 5 17 06 23 2141.49600 13.90000000 159.00019 25.31049 23.25576 206.00031
26 5 17 06 24 2125.28000 13.90000000 159.00018 25.33580 23.25576 206.00031
26 5 17 06 24 2126.00100 13.90000000 159.00018 25.33580 23.25576 206.00031
26 5 17 06 25 2134.29600 13.90000000 159.79965 25.55112 23.23788 206.00031
26 5 17 06 25 2134.29600 14.00000000 159.00020 25.55112 23.23788 206.00031
26 5 17 06 26 2134.99600 14.00000000 159.00018 25.55112 23.23788 206.00031
26 5 17 06 26 2134.97400 14.00000000 159.49981 25.68957 23.23788 206.00031
26 5 17 06 27 2134.41000 14.00000000 159.49958 25.68957 23.23788 206.00031
26 5 17 06 28 2134.31600 14.16937000 159.49949 25.68957 23.12488 206.00031
26 5 17 06 28 2141.52100 14.16928000 159.00013 25.68955 23.12488 206.00031
26 5 17 06 28 2128.65300 14.16924000 159.00000 25.68955 23.12488 206.00031
26 5 17 06 29 2141.51700 14.16920000 158.70002 25.68955 23.12488 206.00031
26 5 17 06 30 2129.00000 13.78010000 158.99984 25.68948 23.12488 206.00031
26 5 17 06 30 2120.00000 13.78000000 158.69999 25.68948 23.12488 206.00031
26 5 17 06 31 2128.36200 13.70023000 158.66000 25.44384 23.12488 206.00031
26 5 17 06 31 2128.24100 13.51870000 158.28307 25.44384 23.12488 205.90000
26 5 17 06 32 2128.36200 13.51870000 158.10282 25.44384 23.12488 204.80000
26 5 17 06 32 2134.61200 13.51870000 158.00000 25.44384 23.12488 208.99921
26 5 17 06 32 2134.72500 13.60000000 157.82372 25.44384 23.08955 208.99921
26 5 17 06 33 2134.74900 13.84461000 158.49998 25.68917 23.08955 204.61066
26 5 17 06 33 2134.61200 13.84461000 158.49996 25.44400 23.07384 203.14241
26 5 17 06 34 2130.11100 13.84461000 158.49997 25.44400 23.07384 203.14241
26 5 17 06 35 2133.99800 13.53025000 158.69940 25.44402 23.07384 203.14241
26 5 17 06 35 2134.70000 13.53035000 159.31069 25.44402 23.07384 203.03930
26 5 17 06 36 2134.75000 13.79991000 158.69949 25.44402 23.07384 203.03930
26 5 17 06 36 2134.70000 13.79991000 159.31051 25.60000 23.07384 202.20051
26 5 17 06 37 2134.70000 13.60015000 159.19999 25.59999 23.00912 202.20051
26 5 17 06 37 2134.70000 13.60021000 159.49999 25.59998 22.98511 202.20051
26 5 17 06 38 2134.75000 13.60021000 159.49998 25.59996 22.98504 202.20051
26 5 17 06 38 2134.75000 13.94995000 159.30007 25.60000 22.98504 202.20051
26 5 17 06 39 2134.75000 13.94995000 159.50000 25.60000 22.98504 202.20051
26 5 17 06 39 2134.70000 13.94995000 159.88701 25.60000 22.98504 202.20051
26 5 17 06 40 2134.70000 13.94990000 159.88696 25.60000 22.98470 202.20051
26 5 17 06 40 2134.72800 13.94997000 159.87407 25.77281 22.98470 202.20051
26 5 17 06 41 2120.25800 13.94996000 159.87397 25.44354 22.98470 202.20051
26 5 17 06 41 2128.37700 13.94997000 159.31000 25.44354 22.98470 202.20000
26 5 17 06 42 2128.49100 13.94997000 159.20000 25.44357 22.98470 202.20030
26 5 17 06 43 2124.07600 13.94997000 159.59823 25.77273 22.98470 202.20040
26 5 17 06 43 2129.00000 13.99000000 158.73897 25.77273 22.98466 202.20001
26 5 17 06 43 2134.72800 14.17000000 159.76272 25.44362 22.98468 202.20000
26 5 17 06 44 2129.00000 14.19471000 159.19997 25.44362 22.98468 200.83017
26 5 17 06 44 2132.83400 14.20000000 159.76259 25.77262 22.98468 200.83017
26 5 17 06 45 2129.02100 14.20000000 159.76263 25.77260 22.98463 200.83016
26 5 17 06 46 2134.49900 14.20000000 159.68184 25.77255 23.23742 200.83016
26 5 17 06 46 2134.72800 14.23293000 158.73937 25.77255 23.23742 196.48451
26 5 17 06 46 2134.75000 14.37003000 159.00008 25.44383 23.23742 196.48451
26 5 17 06 47 2134.03400 14.37003000 159.00007 25.44383 23.23742 196.97602
26 5 17 06 47 2134.74600 14.37003000 159.68510 25.44383 23.23742 196.97602
26 5 17 06 48 2134.74900 14.23300000 159.00007 25.44383 23.23742 200.82897
26 5 17 06 49 2134.75000 14.49995000 159.00007 25.44383 23.23742 200.82897
26 5 17 06 49 2132.24900 14.20000000 159.00010 25.77235 23.23742 197.46919
26 5 17 06 50 2139.99800 14.20000000 159.57399 25.77235 23.23742 197.46919
26 5 17 06 50 2136.08800 14.34990000 159.61508 25.77235 23.23717 197.46919
26 5 17 06 51 2139.88700 14.34985000 159.69854 25.77236 23.23717 197.46919
26 5 17 06 51 2132.00000 14.18000000 159.12038 25.98999 23.23717 197.46919
26 5 17 06 52 2132.00000 14.02560000 159.77300 25.83218 23.23717 197.96364
26 5 17 06 52 2131.00000 14.17900000 159.77301 25.83219 22.98472 197.96364
26 5 17 06 53 2129.04300 14.17900000 159.77334 25.83219 23.23700 197.96364
26 5 17 06 53 2140.00000 14.00000000 159.77301 25.55118 23.23700 197.96364
26 5 17 06 54 2129.00000 14.17894000 159.77297 25.55118 23.23700 197.96364
26 5 17 06 54 2128.14100 13.80850000 159.77281 25.55118 23.23700 198.00000
26 5 17 06 55 2125.00000 14.00000000 159.77273 25.98960 23.23700 198.00020
26 5 17 06 55 2126.11300 14.28673000 159.77265 25.98960 23.23700 198.00000
26 5 17 06 56 2126.11300 14.00000000 158.50353 25.98960 23.23700 198.00019
26 5 17 06 56 2132.00000 14.00000000 159.76992 25.98960 23.23700 198.00019
26 5 17 06 57 2131.77600 14.00000000 159.76990 25.86488 23.23700 198.00040
26 5 17 06 57 2135.30600 14.00500000 158.46653 25.86485 22.94819 198.00040
26 5 17 06 58 2135.30500 14.00000000 158.42528 25.86485 23.21282 200.15797
26 5 17 06 58 2134.00000 14.00000000 159.00000 25.86485 23.21282 200.15797
26 5 17 06 59 2134.00000 14.00000000 158.50000 25.86485 23.21282 200.15763
26 5 17 06 59 2135.99600 13.69043000 158.50021 25.86470 23.12823 200.15721
26 5 17 07 00 2135.90800 13.69043000 159.49998 25.86470 23.12823 200.15721
26 5 17 07 00 2130.00000 13.69043000 159.69974 25.86470 23.12819 198.00159
26 5 17 07 01 2135.88400 13.69043000 157.78951 25.86470 23.12819 198.00159
26 5 17 07 01 2124.15000 13.78304000 157.78964 25.86470 23.12819 198.00159
26 5 17 07 02 2124.15000 14.11984000 159.67035 25.83382 23.15000 198.00159
26 5 17 07 02 2133.80000 14.11984000 159.51361 24.95705 23.15000 198.00159
26 5 17 07 03 2124.13000 13.79001000 159.51352 25.83375 22.91921 198.00053
26 5 17 07 03 2124.13000 14.12666000 158.00001 24.50000 22.91920 198.00053
26 5 17 07 04 2124.13000 14.12666000 159.31860 25.29300 22.91920 200.36541
26 5 17 07 05 2133.66700 14.00000000 159.27049 25.29300 22.91920 196.48405
26 5 17 07 05 2124.13000 13.85000000 158.00007 25.29315 22.91920 196.48405
26 5 17 07 05 2132.00000 13.98812000 158.00001 25.55112 22.84215 196.48405
26 5 17 07 06 2132.00000 13.86000000 158.00000 25.55112 22.91282 196.48405
26 5 17 07 07 2131.99900 13.86000000 158.99993 25.55112 22.70774 196.48405
26 5 17 07 07 2131.99800 13.98801000 159.11191 25.73499 22.62210 197.00000
26 5 17 07 07 2131.99900 13.85000000 158.98999 25.64002 22.50732 197.00000
26 5 17 07 08 2132.89000 13.98788000 158.00127 25.73499 22.22541 197.00000
26 5 17 07 08 2131.86000 13.98782000 158.98000 25.79897 22.36249 199.99925
26 5 17 07 09 2131.89900 13.86011000 158.11000 25.73503 21.01004 199.99925
26 5 17 07 09 2131.99900 13.86001000 158.97996 25.73510 22.01000 199.99874
26 5 17 07 10 2131.99800 13.99997000 159.10001 25.73697 22.01000 199.99874
26 5 17 07 10 2131.90000 13.99997000 159.10100 25.73695 22.01000 199.99874
26 5 17 07 11 2127.07900 13.99997000 159.11340 25.73499 22.01000 200.00000
26 5 17 07 12 2130.99900 13.99997000 159.11340 25.73499 22.01000 200.00000
26 5 17 07 12 2130.00000 13.99997000 159.14236 25.73499 22.01000 200.00000
26 5 17 07 13 2130.99700 13.99997000 159.15000 25.73499 22.01000 200.00000
26 5 17 07 13 2127.29400 13.90000000 159.15000 25.67599 22.01000 200.00000
26 5 17 07 14 2127.11800 13.90000000 159.59999 25.67597 22.20062 200.00000
26 5 17 07 14 2130.00000 13.86012000 159.20002 25.67597 22.20058 200.00000
26 5 17 07 15 2123.00000 13.86012000 159.59997 25.55146 22.20058 200.00000
26 5 17 07 15 2123.00000 13.82000000 159.59989 25.67592 22.20051 200.00000
26 5 17 07 15 2123.00000 13.82000000 159.20000 25.67592 22.20051 200.00000
26 5 17 07 16 2124.99900 13.82001000 159.51000 25.67592 22.20041 200.65864
26 5 17 07 17 2125.00000 13.82001000 159.60000 25.67592 22.20041 200.65828
26 5 17 07 17 2124.99900 13.82001000 159.51000 25.67592 22.20041 198.00055
26 5 17 07 18 2124.99900 13.98998000 159.20000 25.31025 22.20044 198.00055
26 5 17 07 18 2122.00000 13.98998000 159.15000 25.67570 22.20044 198.00055
26 5 17 07 19 2122.00000 13.98998000 159.69994 25.31044 22.20044 198.00055
26 5 17 07 19 2124.97800 13.82004000 159.25003 25.31044 22.01000 198.00055
26 5 17 07 20 2122.02300 13.95000000 159.69973 25.77180 22.22533 198.00055
26 5 17 07 20 2122.02300 13.95000000 159.69950 25.77180 22.00002 201.00000
26 5 17 07 21 2122.00000 13.98976000 159.26000 25.31085 22.00000 198.00047
26 5 17 07 21 2122.02300 13.82000000 159.69931 25.31085 22.22538 198.00047
26 5 17 07 22 2122.00000 13.82000000 159.15001 25.77156 22.22538 198.00047
26 5 17 07 22 2124.97800 13.98998000 159.16000 25.77145 22.30000 198.00047
26 5 17 07 23 2124.99700 13.99000000 159.69923 25.77136 22.30000 198.00047
26 5 17 07 23 2125.00000 13.99000000 159.69921 25.86593 22.22538 198.00047
26 5 17 07 24 2122.00000 13.99000000 159.69922 25.86593 22.30994 198.00047
26 5 17 07 24 2125.00100 13.99000000 159.69922 25.55124 22.30988 198.00047
26 5 17 07 25 2131.80000 13.99999000 159.59998 25.55126 22.30988 198.00047
26 5 17 07 25 2131.80000 14.00000000 159.59999 25.86580 22.30988 198.00047
26 5 17 07 26 2130.00000 14.00000000 159.59996 25.86580 22.30988 198.00047
26 5 17 07 26 2129.88500 14.09995000 159.59996 26.03199 22.30988 198.00047
26 5 17 07 27 2129.88500 14.09995000 159.59996 26.03199 22.30956 198.00047
26 5 17 07 27 2125.00000 14.09995000 159.60003 26.00299 22.30955 198.00047
26 5 17 07 28 2134.75000 14.09999000 159.59998 26.00000 22.30951 203.03902
26 5 17 07 28 2125.11100 14.10000000 159.59996 26.00000 22.30974 201.00001
26 5 17 07 29 2126.11200 14.10000000 159.80001 26.00000 22.44494 203.03911
26 5 17 07 29 2120.25000 14.09996000 160.00000 25.89400 22.36808 203.03911
26 5 17 07 30 2125.80900 14.09996000 160.48986 25.89399 22.40376 203.03879
26 5 17 07 30 2131.73000 14.09996000 160.00000 25.96100 22.40373 203.03879
26 5 17 07 31 2134.00000 14.09996000 160.00000 25.92700 22.40375 203.03879
26 5 17 07 32 2121.22400 14.09984000 160.10000 25.96100 22.40375 203.03879
26 5 17 07 32 2125.00100 14.09984000 160.09999 26.00000 22.40375 203.03879
26 5 17 07 32 2125.00100 14.09984000 159.90000 26.00000 22.40375 203.03879
26 5 17 07 33 2124.24100 14.08999000 160.10000 25.96600 22.36807 203.03879
26 5 17 07 34 2125.00100 14.08998000 159.90000 25.96200 22.36807 203.03879
26 5 17 07 34 2125.00100 14.09988000 159.80999 25.92600 22.40351 203.03879
26 5 17 07 35 2125.00000 14.09984000 160.08000 25.92600 22.40351 203.03879
26 5 17 07 35 2124.97900 14.09983000 159.98993 25.92600 22.40346 201.00287
26 5 17 07 36 2124.50000 14.09983000 159.59997 25.92600 22.40345 201.00289
26 5 17 07 36 2133.96800 14.09800000 159.98991 25.92600 22.40345 201.00289
26 5 17 07 37 2130.00000 14.09800000 159.59998 25.92600 22.40336 201.00353
26 5 17 07 37 2125.00100 14.09800000 159.98999 25.92600 22.40336 201.00353
26 5 17 07 38 2130.00000 14.09800000 159.98999 25.92600 22.40336 201.00353
26 5 17 07 38 2126.00000 14.09800000 159.99000 26.00000 22.40379 201.00353
26 5 17 07 39 2129.99800 14.09800000 159.30052 26.03250 22.40379 201.00413
26 5 17 07 39 2132.99700 14.09800000 159.70000 26.03250 22.40379 201.00413
26 5 17 07 40 2130.00000 14.09800000 159.69800 26.00000 22.40379 201.00413
26 5 17 07 40 2130.00000 14.08999000 159.99000 26.00000 22.40379 201.00413
26 5 17 07 41 2127.40800 14.05111000 159.99000 26.00000 22.40369 185.60524
26 5 17 07 41 2126.00000 14.08999000 159.99000 26.10100 22.46958 203.03772
26 5 17 07 42 2133.18800 14.05002000 159.99000 26.10100 22.46958 198.64507
26 5 17 07 42 2134.49000 14.09800000 159.69801 26.17791 22.46958 198.64507
26 5 17 07 43 2134.59100 14.09800000 159.98000 26.17791 22.54663 198.64507
26 5 17 07 43 2135.00000 14.09800000 159.69801 26.12870 22.54663 198.64507
26 5 17 07 44 2127.00000 14.09800000 160.48976 26.12870 22.61794 198.64507
26 5 17 07 44 2134.75000 14.09800000 159.40013 26.12870 22.61794 198.64507
26 5 17 07 45 2134.75000 14.09800000 159.69998 26.12870 22.61794 198.64507
26 5 17 07 45 2134.75000 14.09800000 159.69800 26.12870 22.31008 198.64507
26 5 17 07 46 2134.90000 14.09800000 159.69799 26.12870 22.31008 198.64507
26 5 17 07 46 2134.97100 14.05014000 159.70000 26.12866 22.31008 198.64507
26 5 17 07 47 2140.00000 14.05014000 159.69998 26.05900 22.31008 198.64507
26 5 17 07 47 2134.75000 14.19999000 159.70000 26.22400 22.31008 198.80518
26 5 17 07 48 2134.93400 14.20000000 159.69990 26.22397 22.31008 198.80518
26 5 17 07 48 2139.99900 14.20000000 159.70000 26.22393 22.31008 198.80518
26 5 17 07 49 2139.97800 14.10000000 159.70000 26.22393 22.31008 198.80518
26 5 17 07 49 2139.99900 14.10000000 159.69007 26.22393 22.31008 198.80518
26 5 17 07 50 2144.99800 14.20000000 159.70000 26.22393 22.31008 198.80518
26 5 17 07 50 2140.63200 14.20000000 159.70000 26.23808 22.40003 198.80518
26 5 17 07 51 2144.90000 14.29999000 159.70000 26.23808 22.40003 198.80518
26 5 17 07 51 2145.41900 14.30000000 160.48940 26.25306 22.61794 198.80518
26 5 17 07 52 2144.90000 14.30000000 160.50000 26.25306 22.61794 199.80032
26 5 17 07 52 2141.10000 14.30000000 160.50000 26.25306 22.61794 199.80032
26 5 17 07 53 2145.42000 14.30000000 160.50000 26.25306 22.61794 199.80032
26 5 17 07 53 2140.00000 14.30000000 161.00000 26.25306 22.61794 199.80032
26 5 17 07 54 2139.99800 14.30000000 160.00110 26.10000 22.61794 199.80032
26 5 17 07 55 2149.75300 14.41873000 160.79868 26.10000 22.61794 200.00000
26 5 17 07 55 2144.00000 14.31009000 160.99999 26.24000 22.61794 200.00000
26 5 17 07 55 2150.00000 14.41873000 160.48937 26.24000 22.61794 200.00020
26 5 17 07 56 2154.78000 14.49124000 160.55002 26.24000 22.74349 202.98711
26 5 17 07 57 2154.88600 14.35000000 160.97500 26.23500 22.53936 202.98730
26 5 17 07 57 2156.15000 14.49125000 160.97475 26.23500 22.53936 202.98730
26 5 17 07 57 2156.15000 14.49125000 160.89996 26.23500 20.79138 202.98730
26 5 17 07 58 2156.15000 14.49125000 160.98001 26.23500 22.60486 202.98730
26 5 17 07 59 2155.00000 14.49124000 161.00002 26.23500 22.60486 202.98730
26 5 17 07 59 2156.15000 14.49123000 161.50007 26.23500 22.60486 202.98730
26 5 17 08 00 2159.99100 14.49123000 161.50000 26.23500 22.60486 202.98715
26 5 17 08 00 2165.11000 14.50000000 161.50001 26.27400 22.60486 202.98715
26 5 17 08 01 2166.93000 14.50000000 161.51729 26.27400 22.60489 202.98715
26 5 17 08 01 2177.76000 14.50000000 162.00000 26.30700 22.60472 202.98715
26 5 17 08 02 2166.93000 14.54547000 161.71799 26.64813 22.60472 200.13637
26 5 17 08 02 2174.00000 14.62000000 163.37770 26.30701 22.46988 200.13637
26 5 17 08 03 2177.76000 14.76863000 163.00001 26.40000 22.60487 203.38371
26 5 17 08 03 2179.99900 14.79000000 163.47500 26.40000 22.60487 203.38371
26 5 17 08 04 2180.11900 14.78993000 162.00125 26.38400 22.46987 203.68280
26 5 17 08 04 2187.59300 14.91897000 163.47500 26.38400 22.46987 203.68283
26 5 17 08 05 2188.19500 14.91865000 162.10010 26.38400 22.60485 203.68283
26 5 17 08 05 2188.65000 14.91865000 163.99989 26.34897 22.60483 203.68283
26 5 17 08 06 2188.65000 14.78651000 164.20000 26.38400 22.74351 204.34986
26 5 17 08 06 2187.35400 14.90263000 164.32297 26.38400 22.92516 204.34986
26 5 17 08 07 2187.35000 14.90256000 163.90000 26.38400 22.99767 204.34986
26 5 17 08 08 2182.70000 14.90256000 163.50010 26.38400 22.79268 204.34986
26 5 17 08 08 2182.70100 14.89995000 164.80000 26.45300 22.82342 203.38471
26 5 17 08 08 2187.54800 14.89994000 164.79985 26.45300 22.99762 203.38471
26 5 17 08 09 2187.55800 14.89992000 164.00002 26.42100 22.99762 203.38471
26 5 17 08 09 2187.54900 14.78657000 164.47633 26.42100 22.99765 203.38471
26 5 17 08 10 2187.67400 14.78661000 164.00006 26.27000 22.99762 203.38471
26 5 17 08 11 2192.00000 14.78664000 164.00016 26.27000 22.99764 203.38471
26 5 17 08 11 2187.57100 14.99994000 164.80000 26.27000 22.99764 203.38471
26 5 17 08 11 2192.00000 14.97831000 164.10000 26.31902 23.01000 203.38470
26 5 17 08 12 2188.04200 14.97827000 164.89000 26.31902 23.01000 203.38470
26 5 17 08 13 2188.04200 14.97000000 164.49999 26.31902 23.13047 200.77442
26 5 17 08 13 2184.11000 14.97000000 164.59000 26.31902 23.13048 200.77442
26 5 17 08 13 2190.99900 14.97818000 164.59000 26.31902 23.13048 204.34968
26 5 17 08 14 2193.06500 14.97816000 164.86999 26.31902 23.13048 200.77453
26 5 17 08 14 2189.79900 14.83000000 164.86999 26.31902 23.13048 200.77453
26 5 17 08 15 2195.00000 14.97806000 164.50001 26.31902 23.13048 200.77453
26 5 17 08 16 2188.50000 14.97806000 164.99000 26.32000 23.21957 200.77453
26 5 17 08 16 2190.00000 14.97000000 164.70000 26.32000 23.21957 200.77453
26 5 17 08 17 2189.00000 14.83004000 164.00000 26.32000 23.21957 200.77453
26 5 17 08 17 2194.88600 14.83004000 164.87000 26.32000 23.21957 200.77453
26 5 17 08 18 2194.80000 14.83004000 164.97000 26.33401 23.50727 200.77453
26 5 17 08 18 2194.87900 14.83004000 165.00000 26.33401 23.50727 200.77453
26 5 17 08 19 2188.44800 14.83004000 164.99999 26.49290 23.50711 200.77453
26 5 17 08 19 2186.00100 14.96998000 164.97000 26.49290 23.50711 200.77453
26 5 17 08 20 2190.00100 14.78662000 164.97002 26.49290 23.50711 201.53941
26 5 17 08 20 2190.00000 14.78650000 165.50000 26.49290 23.50711 201.53941
26 5 17 08 21 2193.99900 14.96994000 165.49000 26.49290 23.50711 204.34976
26 5 17 08 21 2196.06200 14.96994000 165.51734 26.49294 23.50711 204.34976
26 5 17 08 22 2192.91400 14.96000000 165.60950 26.50000 23.50711 204.34976
26 5 17 08 22 2188.86500 14.96000000 165.60950 26.50000 23.50711 204.34976
26 5 17 08 23 2190.00000 14.96000000 165.60927 26.50000 23.50711 204.34976
26 5 17 08 23 2196.04400 15.00000000 165.70000 26.50000 23.50711 204.34976
26 5 17 08 24 2195.86500 15.00000000 165.60900 26.50000 23.50711 204.34976
26 5 17 08 24 2193.91500 15.00000000 165.87025 26.34000 23.50711 201.54140
26 5 17 08 25 2195.86100 15.00000000 165.70400 26.34000 23.50711 201.54151
26 5 17 08 25 2199.59000 15.00000000 165.90000 26.34000 23.01075 201.54151
26 5 17 08 26 2199.30000 15.00000000 165.85902 26.49797 23.01079 201.54151
26 5 17 08 26 2200.00000 15.09000000 166.00000 26.49695 23.01079 201.54151
26 5 17 08 27 2200.00000 15.21199000 166.00000 26.48001 23.45422 201.54151
26 5 17 08 27 2200.00000 15.19977000 166.13517 26.50000 23.45422 201.54151
26 5 17 08 28 2200.00000 15.19000000 166.13517 26.54100 23.01088 201.54151
26 5 17 08 28 2200.00000 15.19000000 166.43562 26.48002 23.01088 201.54151
26 5 17 08 29 2190.00000 15.19000000 166.43557 26.48002 23.01088 201.54151
26 5 17 08 29 2201.64000 15.10000000 166.43561 26.59000 23.01088 201.54151
26 5 17 08 30 2223.61500 15.25655000 166.65888 26.60000 23.01088 201.54151
26 5 17 08 48 2266.11100 15.55542000 169.90000 27.06599 23.89839 204.99999
26 5 17 08 49 2266.41000 15.55537000 169.90000 27.00001 23.89839 204.99999
26 5 17 08 49 2266.41000 15.55534000 169.90000 27.05000 23.89839 204.99999
26 5 17 08 50 2268.74300 15.45000000 169.83000 27.03700 23.89839 203.00120
26 5 17 08 50 2271.58000 15.35000000 169.71130 27.05000 23.89839 205.00000
26 5 17 08 51 2271.69100 15.37000000 169.82000 27.03800 23.89839 204.99993
26 5 17 08 51 2269.00000 15.35000000 169.79010 27.03802 23.89839 205.00000
26 5 17 08 52 2268.88900 15.35000000 169.81334 27.03700 24.00000 205.00000
26 5 17 08 52 2268.88900 15.35000000 169.81209 27.03701 24.52504 205.00000
26 5 17 08 53 2270.00000 15.35000000 169.81000 27.00000 24.52504 205.00000
26 5 17 08 53 2270.00000 15.35000000 169.82000 27.00000 24.52504 205.00000
26 5 17 08 54 2274.00000 15.35002000 169.70001 27.03793 24.52504 205.00000
26 5 17 08 54 2274.00000 15.49791000 169.81008 27.00000 24.52504 205.00000
26 5 17 08 55 2276.89300 15.49791000 169.88499 27.00000 23.76129 205.00000
26 5 17 08 55 2276.53000 15.35000000 169.81025 27.00000 24.39040 205.00000
26 5 17 08 56 2271.23000 15.35000000 170.00008 27.00000 23.76136 205.00000
26 5 17 08 56 2277.00000 15.35000000 170.00015 27.00000 23.73330 205.00000
26 5 17 08 57 2277.00000 15.49776000 170.10009 27.00000 24.39031 205.00000
26 5 17 08 57 2275.00000 15.32000000 170.10012 26.99999 24.39031 205.00000
26 5 17 08 58 2275.00000 15.32000000 170.87544 27.00000 24.39031 205.00000
26 5 17 08 58 2276.00000 15.32000000 170.49988 27.04986 24.39031 205.00000
26 5 17 08 59 2275.99900 15.32000000 170.80979 27.04986 24.39031 205.00000
26 5 17 09 00 2275.10000 15.40000000 170.79267 27.04986 24.39031 205.00000
26 5 17 09 00 2275.41000 15.40000000 170.52000 26.96000 24.39031 205.00000
26 5 17 09 01 2275.02200 15.40000000 170.77528 26.96000 23.73361 204.99996
26 5 17 09 01 2274.00000 15.45999000 170.16168 26.90600 24.52446 205.00000
26 5 17 09 01 2274.00000 15.45999000 170.11035 26.93900 24.00000 205.00000
26 5 17 09 02 2270.00000 15.32001000 170.46949 26.89799 24.00000 205.00000
26 5 17 09 03 2257.99600 15.32000000 170.10012 26.80000 24.00001 204.99996
26 5 17 09 03 2258.09000 15.39995000 170.00007 26.80001 24.00000 204.99996
26 5 17 09 04 2260.00000 15.21001000 170.69999 26.89795 23.94967 204.99996
26 5 17 09 04 2254.22800 15.19051000 170.10000 26.78272 23.94967 204.99996
26 5 17 09 05 2253.17300 15.19000000 169.39221 26.78273 23.94967 204.99996
26 5 17 09 05 2253.17300 15.19000000 169.84200 26.78272 23.95000 204.99996
26 5 17 09 06 2252.04100 15.19000000 169.99995 26.78272 23.95000 204.00000
26 5 17 09 06 2256.89300 15.18997000 169.32136 26.78275 23.95000 204.00000
26 5 17 09 07 2260.00000 15.31985000 169.27034 26.89794 23.73371 204.00000
26 5 17 09 07 2260.00000 15.31985000 169.26942 26.89792 23.99999 204.00000
26 5 17 09 08 2259.90000 15.17999000 169.27037 26.78900 23.99999 204.00000
26 5 17 09 08 2264.99800 15.18997000 169.26949 26.78902 23.73326 203.00100
26 5 17 09 09 2266.41000 15.44971000 169.72990 26.78902 23.73327 203.00100
26 5 17 09 09 2266.41000 15.44971000 169.72984 26.78902 23.73327 204.00000
26 5 17 09 10 2266.11100 15.44971000 169.60000 26.78902 23.73327 204.00000
26 5 17 09 10 2266.41000 15.42473000 169.00000 26.86800 23.73327 204.00000
26 5 17 09 11 2266.40900 15.10007000 169.21004 26.86800 23.73328 204.00000
26 5 17 09 11 2266.38700 15.10007000 169.30056 26.86800 23.73328 204.00000
26 5 17 09 12 2266.38700 15.10007000 169.30056 26.90600 23.73328 204.00000
26 5 17 09 13 2267.00000 15.38587000 169.66000 26.79403 23.73328 204.00000
26 5 17 09 13 2267.97700 15.38587000 169.00100 26.79403 24.00000 204.00000
26 5 17 09 14 2267.97700 15.38587000 169.66321 26.79403 24.00000 204.00000
26 5 17 09 14 2269.99900 15.38587000 167.56018 26.79500 24.00000 204.00000
26 5 17 09 15 2267.00100 15.33991000 169.31541 26.79500 24.00000 204.00000
26 5 17 09 15 2266.38600 15.33991000 169.49996 26.90579 24.00000 204.00000
26 5 17 09 16 2265.77800 15.10007000 169.31540 26.90000 24.00000 204.00000
26 5 17 09 17 2264.80100 15.29997000 169.00000 26.78272 24.00000 204.00000
26 5 17 09 17 2265.00000 15.29997000 169.00000 26.78272 24.00000 204.00000
26 5 17 09 18 2265.77500 15.29985000 169.00000 26.78272 24.00000 204.00000
26 5 17 09 19 2261.02200 15.20000000 169.00000 26.78272 24.00000 204.00000
26 5 17 09 19 2263.36900 14.90001000 168.99000 26.78272 24.00000 204.00000
26 5 17 09 20 2264.00000 15.00001000 168.99000 26.78272 24.00000 203.10095
26 5 17 09 20 2263.39100 15.09000000 168.99999 26.78272 24.00000 203.00111
26 5 17 09 21 2263.39100 15.09000000 169.00000 26.91400 23.80025 203.00111
26 5 17 09 21 2263.39000 15.10000000 169.00000 26.91400 23.80025 203.00111
26 5 17 09 22 2263.39000 15.10000000 169.00000 26.84781 23.80025 203.00111
26 5 17 09 22 2263.36900 15.10000000 168.99000 26.89800 23.80025 203.00111
26 5 17 09 23 2263.39000 15.19943000 169.00000 26.89800 23.80025 203.00111
26 5 17 09 23 2263.39100 15.19943000 169.09999 26.93302 24.00000 203.79996
26 5 17 09 24 2263.39100 15.19943000 169.10000 26.89700 24.00000 203.79996
26 5 17 09 24 2262.34100 15.11000000 169.10001 27.00000 24.00000 203.79996
26 5 17 09 25 2260.11100 15.11000000 169.09998 27.04800 24.00000 203.79996
26 5 17 09 26 2263.00000 15.11000000 169.42952 27.04800 24.00000 203.79996
26 5 17 09 26 2262.99900 15.11000000 169.38570 27.04800 24.00000 203.79996
26 5 17 09 27 2263.00000 15.11000000 169.50000 27.04800 24.00000 203.79996
26 5 17 09 27 2260.00100 15.11500000 169.38571 26.78272 24.00000 203.79996
26 5 17 09 27 2263.39100 15.30000000 169.44401 26.89700 24.00000 203.79996
26 5 17 09 28 2264.00000 15.30000000 169.50169 26.89700 24.00000 203.79999
26 5 17 09 28 2265.72900 15.30000000 169.32004 26.89697 24.00000 203.79999
26 5 17 09 29 2265.10000 15.30000000 169.60132 26.89695 23.99998 203.80000
26 5 17 09 29 2265.00000 15.30000000 169.62917 26.89695 24.00000 204.00000
26 5 17 09 30 2267.31300 15.30000000 169.67472 26.89695 24.00000 204.00000
26 5 17 09 30 2267.31000 15.30000000 169.80000 26.80999 24.00000 204.00000
26 5 17 09 31 2267.95600 15.30000000 169.75099 26.78272 23.99995 204.00000
26 5 17 09 31 2268.18000 15.30000000 169.75099 26.78272 24.00000 204.00000
26 5 17 09 32 2268.49000 15.30000000 170.00000 26.78272 24.00000 204.00000
26 5 17 09 33 2266.85000 15.30000000 170.23415 26.78272 24.00000 204.00000
26 5 17 09 33 2267.47200 15.30000000 170.23413 26.78272 24.00000 204.00000
26 5 17 09 34 2268.00000 15.33000000 170.28434 26.78272 24.00000 204.99998
26 5 17 09 34 2265.00000 15.30000000 170.00011 26.78272 24.00000 205.00000
26 5 17 09 35 2266.76000 15.34983000 170.00000 26.78272 24.00000 205.00000
26 5 17 09 35 2266.64800 15.00100000 170.00011 26.78272 23.99999 204.99997
26 5 17 09 36 2259.10500 15.34975000 169.30020 26.78272 23.99999 205.00000
26 5 17 09 36 2261.99900 15.34972000 169.99985 26.78272 23.99999 205.00000
26 5 17 09 37 2255.22200 15.34972000 170.00000 26.78272 23.99999 205.00000
26 5 17 09 37 2259.33500 15.34972000 169.99987 26.79800 24.00000 205.00000
26 5 17 09 38 2255.00000 15.34972000 168.99999 26.78272 24.01398 205.00000
26 5 17 09 38 2249.87000 15.29985000 169.77844 26.78272 24.01399 205.00000
26 5 17 09 39 2244.00000 15.29985000 169.00007 26.78272 24.01399 205.00000
26 5 17 09 39 2244.00000 15.29985000 169.00016 26.79797 24.01399 203.50010
26 5 17 09 40 2244.99900 15.28990000 169.76000 26.79797 24.01399 203.50010
26 5 17 09 40 2244.00000 15.00842000 169.56421 26.79797 24.01399 204.99984
26 5 17 09 41 2243.92000 15.28976000 169.68370 26.78273 24.01399 203.50000
26 5 17 09 41 2249.92400 15.28976000 169.68367 26.78273 24.01399 203.50000
26 5 17 09 42 2244.00000 15.28976000 169.56400 26.78273 23.80000 203.50000
26 5 17 09 42 2245.00000 15.28976000 169.48999 26.78273 23.80000 203.50010
26 5 17 09 43 2248.99700 15.28950000 169.49000 26.78272 23.80000 203.50010
26 5 17 09 43 2248.99900 15.04399000 169.48000 26.78272 23.80000 203.50001
26 5 17 09 44 2249.37400 15.04399000 169.48001 26.78272 23.99999 203.50001
26 5 17 09 44 2250.00000 15.04399000 169.50001 26.78273 23.99999 203.50001
26 5 17 09 45 2255.00000 15.04415000 169.50000 26.78272 23.99999 204.99868
26 5 17 09 45 2252.17400 15.04415000 170.47839 26.78272 23.99999 205.00000
26 5 17 09 46 2255.00000 15.28919000 170.00000 26.78274 23.99999 205.00025
26 5 17 09 46 2254.97700 15.28919000 170.00000 26.78272 23.99999 205.00025
26 5 17 09 47 2255.00000 15.28919000 169.50000 26.90458 23.99999 205.00025
26 5 17 09 47 2253.19000 15.28898000 168.96050 26.78277 23.99999 206.14294
26 5 17 09 48 2253.19000 15.20613000 169.49997 26.90446 23.68595 210.00000
26 5 17 09 48 2252.17400 15.20612000 169.39998 26.78275 23.68595 211.00000
26 5 17 09 49 2252.02200 15.28910000 169.39998 26.78275 23.68595 210.97721
26 5 17 09 49 2250.00000 15.28906000 169.49999 26.78400 23.68595 209.41700
26 5 17 09 50 2252.99000 15.28903000 169.49997 26.78400 23.68595 209.41700
26 5 17 09 50 2250.02200 15.28903000 169.95976 26.78400 23.68595 209.41903
26 5 17 09 51 2250.02200 15.28903000 169.00000 26.78600 23.68595 209.41903
26 5 17 09 51 2248.00000 15.28903000 169.00000 26.86493 23.68595 209.41903
26 5 17 09 52 2253.89700 15.28903000 168.80001 26.78272 23.68595 209.41903
26 5 17 09 52 2250.02100 15.28873000 168.99997 26.86000 23.73462 209.41903
26 5 17 09 53 2252.99700 15.28873000 168.80000 26.86000 23.73465 209.75000
26 5 17 09 53 2252.99000 15.28873000 169.00000 26.86000 23.73465 209.75000
26 5 17 09 54 2243.92000 15.28873000 168.90000 26.86000 23.73465 209.75000
26 5 17 09 55 2243.92000 15.28873000 168.80002 26.86000 23.73465 210.99994
26 5 17 09 55 2246.00000 15.20000000 168.90000 26.78272 23.73465 209.75000
26 5 17 09 56 2246.00000 15.20000000 168.80000 26.78272 23.73465 209.75000
26 5 17 09 56 2246.00000 15.10000000 168.87311 26.78272 23.73465 210.90000
26 5 17 09 57 2251.98000 15.10000000 168.99999 26.78272 23.73465 209.99999
26 5 17 09 57 2255.00000 15.10000000 168.90000 26.78272 23.73465 209.99988
26 5 17 09 58 2244.00000 15.10000000 168.50573 26.81499 23.73465 209.99988
26 5 17 09 58 2242.00100 15.05000000 168.46290 26.78272 23.73465 206.85589
26 5 17 09 59 2234.80100 15.05000000 168.46289 26.81489 23.73465 206.85589
26 5 17 09 59 2240.31500 15.05000000 168.44601 26.78272 23.99999 209.99885
26 5 17 10 00 2235.18200 15.05000000 168.44601 26.80999 23.99999 208.00000
26 5 17 10 00 2243.88400 15.05000000 168.44600 26.78272 23.99995 209.79977
26 5 17 10 01 2244.98000 15.00959000 167.73426 26.78272 23.99995 209.79977
26 5 17 10 01 2245.00000 15.00959000 167.73430 26.78272 23.99995 209.79977
26 5 17 10 02 2232.82600 15.29987000 168.00000 26.70000 23.99995 208.99930
26 5 17 10 02 2234.51900 15.29987000 168.47967 26.59900 23.99995 208.99930
26 5 17 10 03 2232.75000 15.29987000 168.00000 26.59900 23.99995 208.99930
26 5 17 10 03 2232.75000 15.29973000 168.00000 26.67089 23.99995 208.99930
26 5 17 10 04 2232.75000 15.05165000 168.00000 26.67089 23.99995 208.99930
26 5 17 10 04 2232.82800 15.05165000 168.00001 26.58744 23.99995 208.99930
26 5 17 10 05 2232.75000 15.05166000 168.00000 26.58744 23.99995 208.99832
26 5 17 10 05 2232.75000 15.29954000 168.00000 26.66293 23.99995 208.99832
26 5 17 10 06 2232.75000 15.00100000 167.80000 26.59500 23.99995 208.99832
26 5 17 10 06 2232.75000 15.05178000 167.73424 26.55700 23.99995 208.99832
26 5 17 10 07 2234.00000 14.90029000 167.73000 26.55700 23.99995 208.87103
26 5 17 10 07 2232.77200 14.90029000 167.50000 26.66286 23.99995 208.87103
26 5 17 10 08 2230.82900 14.90029000 167.45300 26.66286 23.99995 206.00010
26 5 17 10 08 2234.00000 14.90029000 167.50000 26.66286 23.99995 206.00010
26 5 17 10 09 2232.80700 15.29906000 166.70011 26.66286 23.99995 206.00010
26 5 17 10 09 2230.85200 15.05004000 167.00000 26.66286 23.99995 206.00053
26 5 17 10 10 2233.97500 15.05008000 167.60000 26.41900 23.99995 206.00053
26 5 17 10 11 2233.94800 15.10000000 167.59999 26.41900 23.99995 206.00053
26 5 17 10 11 2229.59600 15.10000000 167.00006 26.38905 23.99995 206.00053
26 5 17 10 11 2233.95000 15.10000000 167.58000 26.38905 23.99995 206.00053
26 5 17 10 12 2230.00000 15.10000000 167.58100 26.38903 23.99995 206.19364
26 5 17 10 12 2232.06800 15.10000000 167.25825 26.49994 23.99999 206.00052
26 5 17 10 13 2233.97700 15.10000000 167.58100 26.49994 23.99999 206.00052
26 5 17 10 13 2233.49900 15.10000000 167.58100 26.38500 23.99999 206.00052
26 5 17 10 14 2225.00100 15.10000000 167.58100 26.38501 23.99999 208.40946
26 5 17 10 15 2223.82100 15.10906000 167.58100 26.36891 23.99999 208.40946
26 5 17 10 15 2222.43200 15.29784000 167.58100 26.36891 23.99999 208.40946
26 5 17 10 16 2223.50000 15.29784000 167.00000 26.36891 23.99999 208.40946
26 5 17 10 16 2224.99400 15.10000000 167.00000 26.36891 23.99999 208.40946
26 5 17 10 16 2224.00000 15.10000000 167.58200 26.25823 23.99999 208.40946
26 5 17 10 17 2229.69000 15.10000000 168.02621 26.25823 23.99999 208.40946
26 5 17 10 17 2224.77000 15.10000000 167.59999 26.25823 23.99999 208.41053
26 5 17 10 18 2229.66700 15.10000000 167.58208 26.38200 23.99999 207.99993
26 5 17 10 18 2240.04700 15.05004000 167.58210 26.38200 23.99999 208.99731
26 5 17 10 19 2233.84700 15.05004000 168.47965 26.50888 23.99999 209.25503
26 5 17 10 20 2225.45200 15.10948000 168.47965 26.45000 23.99999 206.14372
26 5 17 10 20 2240.04700 15.39944000 168.47964 26.49999 24.00000 206.14372
26 5 17 10 21 2240.04700 15.39944000 168.27277 26.48300 23.99997 206.14372
26 5 17 10 21 2243.00000 15.39934000 169.33725 26.48300 23.99996 206.14372
26 5 17 10 22 2243.92000 15.39934000 168.00052 26.48300 23.99996 206.14372
26 5 17 10 22 2243.92000 15.39934000 169.33703 26.48300 23.99996 206.14372
26 5 17 10 23 2246.20000 15.39914000 169.33693 26.48300 23.99996 206.14372
26 5 17 10 23 2252.19800 15.39914000 169.46283 26.30700 23.99996 206.14372
26 5 17 10 24 2255.14000 15.39914000 169.40003 26.48998 23.99996 206.14372
26 5 17 10 24 2255.14000 15.39914000 169.40002 26.48998 23.99996 206.14372
26 5 17 10 25 2255.00000 15.39902000 169.46197 26.48999 23.99996 206.14372
26 5 17 10 25 2255.00000 15.39902000 169.40000 26.49000 24.16294 209.99604
26 5 17 10 26 2255.14000 15.39902000 169.42305 26.49000 24.16294 209.99604
26 5 17 10 26 2255.14000 15.39880000 169.40002 26.49000 23.98329 209.99604
26 5 17 10 27 2255.11600 15.39875000 169.40002 26.49000 23.98329 209.99604
26 5 17 10 27 2255.13900 15.39875000 169.38999 26.49000 23.98329 209.99519
26 5 17 10 28 2255.14000 15.39875000 169.00009 26.57275 23.98329 209.99519
26 5 17 10 28 2255.14000 15.17310000 169.37304 26.57275 23.98329 209.99519
26 5 17 10 29 2255.14000 15.11022000 169.00001 26.57275 24.26674 209.99519
26 5 17 10 29 2254.02200 15.11022000 169.00001 26.38825 24.26674 209.99519
26 5 17 10 30 2251.99900 15.34000000 169.16307 26.38825 24.26674 209.99519
26 5 17 10 30 2255.11200 15.34000000 169.00000 26.57460 24.26674 209.99519
26 5 17 10 31 2251.00100 15.34000000 169.39000 26.57460 24.26674 209.99519
26 5 17 10 31 2251.00100 15.11083000 169.00000 26.38837 24.26674 209.99519
26 5 17 10 32 2251.00100 15.11089000 169.00000 26.38837 24.26674 209.99519
26 5 17 10 32 2252.00100 15.11089000 169.00000 26.48998 23.98325 209.99519
26 5 17 10 33 2252.00000 15.11089000 169.37294 26.57451 23.98325 209.99306
26 5 17 10 33 2254.76800 15.11089000 168.10033 26.57451 23.98325 209.99306
26 5 17 10 34 2253.32000 15.11089000 169.37304 26.57451 23.98325 209.99306
26 5 17 10 34 2252.00000 15.11089000 169.37304 26.57451 23.98325 209.99306
26 5 17 10 35 2244.00200 15.11089000 168.10089 26.57451 23.90004 206.15124
26 5 17 10 35 2237.56400 15.12000000 168.20000 26.57458 23.90004 206.15124
26 5 17 10 36 2232.75100 15.12000000 168.20005 26.57458 23.90004 206.15124
26 5 17 10 36 2234.01000 15.09004000 169.18256 26.44900 23.90004 206.15124
26 5 17 10 37 2232.75000 15.09004000 169.18254 26.32514 23.90004 206.14296
26 5 17 10 37 2230.10000 15.09004000 168.21001 26.32514 23.90004 206.14296
26 5 17 10 38 2230.77600 15.24981000 168.31809 26.44400 23.70143 206.14296
26 5 17 10 39 2232.08000 15.24976000 168.31811 26.54998 23.70000 206.14296
26 5 17 10 39 2230.77900 15.24976000 168.44009 26.54998 23.70000 206.14296
26 5 17 10 39 2232.18800 15.24976000 168.42317 26.54998 23.70000 206.14296
26 5 17 10 40 2231.99800 15.24994000 168.42286 26.50149 23.70000 206.14296
26 5 17 10 40 2229.99900 15.15000000 168.89966 26.41502 23.70000 206.14296
26 5 17 10 41 2229.99900 15.15000000 168.31805 26.41502 23.70000 206.14296
26 5 17 10 42 2229.99700 15.15000000 167.98763 26.41501 23.70000 206.14296
26 5 17 10 42 2230.01800 15.15000000 168.40580 26.41502 23.64099 206.14296
26 5 17 10 42 2238.10900 15.15000000 168.62907 26.41502 23.64099 206.14296
26 5 17 10 43 2238.07500 15.15000000 167.87041 26.45200 24.14992 206.14296
26 5 17 10 43 2238.00000 15.11000000 168.38315 26.45200 24.14992 206.14296
26 5 17 10 44 2231.00000 15.11000000 168.38315 26.45200 24.14992 206.14296
26 5 17 10 44 2235.18700 15.11000000 168.77920 26.45200 24.14992 206.14296
26 5 17 10 45 2243.69300 15.11000000 168.94797 26.50150 24.14992 206.14296
26 5 17 10 45 2236.01900 15.11000000 168.76311 26.50150 24.14992 206.14296
26 5 17 10 46 2243.46900 15.24940000 168.78000 26.50149 24.14992 206.14296
26 5 17 10 46 2243.24200 15.12001000 168.77999 26.50149 24.14992 206.14296
26 5 17 10 47 2245.00100 15.12001000 168.96615 26.50149 23.90000 206.14296
26 5 17 10 48 2246.00000 15.12001000 168.96615 26.50149 23.90000 206.14296
26 5 17 10 48 2250.05000 15.12001000 169.03736 26.50147 23.90000 206.14296
26 5 17 10 49 2250.16300 15.20000000 168.96613 26.50146 23.90000 209.98484
26 5 17 10 49 2255.13400 15.25000000 168.99000 26.50149 23.90000 209.98484
26 5 17 10 50 2253.99900 15.19999000 169.16580 26.50149 23.90000 209.98484
26 5 17 10 50 2251.00000 15.19999000 169.16579 26.50149 24.12999 209.98484
26 5 17 10 51 2251.00000 15.20000000 169.46285 26.50149 24.12999 209.98484
26 5 17 10 51 2251.00000 15.19900000 169.26579 26.50149 24.12998 209.98484
26 5 17 10 52 2252.99900 15.20000000 169.44587 26.50149 24.12998 209.98484
26 5 17 10 52 2249.00000 15.20000000 169.44587 26.50150 24.12998 209.98484
26 5 17 10 53 2251.50000 15.11017000 169.46284 26.50150 24.12998 209.98484
26 5 17 10 53 2251.50000 15.11017000 169.44587 26.50150 24.09999 206.14297
26 5 17 10 54 2252.99800 15.11017000 169.40000 26.50150 24.09998 206.14297
26 5 17 10 54 2250.00000 15.22000000 169.38305 26.50150 24.09998 206.14297
26 5 17 10 55 2250.00000 15.22000000 169.25001 26.50150 24.09996 206.14297
26 5 17 10 55 2250.01000 15.22000000 169.25002 26.50150 24.09993 206.14364
26 5 17 10 56 2250.00000 15.23798000 169.25001 26.50150 24.09993 206.14364
26 5 17 10 56 2252.49700 15.23798000 169.25002 26.50150 23.90004 206.14364
26 5 17 10 57 2250.00000 15.23796000 169.20881 26.50150 23.90004 206.14364
26 5 17 10 57 2250.00000 15.29987000 169.08421 26.57507 23.90004 206.14364
26 5 17 10 58 2250.00000 15.23599000 169.36607 26.57507 23.90004 206.14490
26 5 17 10 58 2250.00000 15.23600000 168.60001 26.57507 23.90004 206.14490
26 5 17 10 59 2236.01900 15.29977000 168.49578 26.50733 23.90004 206.14490
26 5 17 10 59 2244.26300 15.15032000 168.37067 26.50733 23.90004 206.14490
26 5 17 11 00 2240.00300 15.30000000 168.99988 26.55597 23.90004 206.14490
26 5 17 11 00 2235.50300 15.16002000 168.98296 26.57521 23.90004 206.14490
26 5 17 11 01 2242.10000 15.30000000 168.98296 26.55597 23.90004 206.14490
26 5 17 11 01 2235.72600 15.33899000 169.24993 26.39201 24.06171 206.14490
26 5 17 11 02 2241.76000 15.33899000 168.60000 26.39201 24.06171 206.14490
26 5 17 11 02 2236.18100 15.33888000 168.60002 26.61900 24.06171 206.14490
26 5 17 11 03 2237.66600 15.33888000 168.60003 26.61896 24.06171 208.99948
26 5 17 11 03 2244.01400 15.40000000 169.49988 26.52101 24.06171 208.99948
26 5 17 11 04 2246.99800 15.40000000 169.39903 26.52101 24.06171 208.99948
26 5 17 11 04 2244.01400 15.44717000 169.48290 26.52101 24.06171 208.99948
26 5 17 11 05 2243.22500 15.44717000 169.47000 26.52101 24.06171 208.99948
26 5 17 11 05 2244.01400 15.44714000 169.43217 26.52101 24.06171 208.99948
26 5 17 11 06 2246.74800 15.44714000 169.47648 26.52101 24.06171 208.99948
26 5 17 11 06 2246.97600 15.44000000 169.44055 26.52101 24.06171 208.99948
26 5 17 11 07 2247.42800 15.35448000 169.42638 26.52101 24.06171 208.99948
26 5 17 11 07 2247.75100 15.20029000 169.42636 26.61879 24.06171 208.99948
26 5 17 11 08 2247.00000 15.20029000 169.42636 26.61879 24.06171 208.99948
26 5 17 11 08 2247.75100 15.20038000 169.40941 26.61879 23.65487 209.00000
26 5 17 11 09 2247.00300 15.43957000 169.39245 26.68495 23.65487 209.00000
26 5 17 11 09 2249.95000 15.43957000 169.40941 26.72397 23.65487 209.00000
26 5 17 11 10 2250.00000 14.94088000 169.49997 26.61893 23.65487 209.00000
26 5 17 11 11 2247.04900 14.83297000 169.52279 26.61893 23.65487 209.00000
26 5 17 11 11 2241.80300 15.00801000 169.66101 26.61893 23.65487 209.00000
26 5 17 11 12 2247.04200 15.00801000 169.79380 26.61893 23.65487 208.00000
26 5 17 11 12 2240.22100 15.00811000 169.79380 26.61894 23.65487 208.00002
26 5 17 11 13 2246.49500 15.16900000 169.11001 26.61894 23.65487 206.85000
26 5 17 11 13 2241.48100 15.16900000 169.68000 26.61879 23.65487 206.85000
26 5 17 11 14 2240.22200 15.16900000 169.10005 26.61879 23.65487 206.85000
26 5 17 11 14 2242.02700 15.16900000 169.51000 26.61879 23.65487 206.85000
26 5 17 11 14 2242.02700 15.16900000 169.10006 26.61879 23.65487 206.85000
26 5 17 11 15 2248.60000 15.16900000 169.46891 26.61879 23.65487 206.85000
26 5 17 11 16 2248.59700 15.30956000 169.08315 26.61879 23.65487 206.85000
26 5 17 11 16 2248.64100 15.30956000 169.10008 26.79999 23.65487 206.85000
26 5 17 11 17 2249.99900 15.30956000 169.00013 26.67900 23.65487 206.85000
26 5 17 11 17 2245.11100 15.30923000 169.01008 26.67900 23.65487 206.85000
26 5 17 11 18 2249.98800 15.30923000 168.98322 26.70000 23.65487 206.85000
26 5 17 11 18 2244.13400 15.30897000 167.22761 26.70000 23.65487 206.85000
26 5 17 11 19 2248.68200 15.30897000 167.22762 26.79093 23.65487 206.85000
26 5 17 11 19 2249.96600 15.29999000 168.02970 26.77997 23.65487 206.85000
26 5 17 11 20 2248.65000 15.29999000 168.16999 26.64900 23.65487 206.85000
26 5 17 11 20 2244.35600 15.29976000 169.05897 26.68100 23.64012 206.85000
26 5 17 11 21 2249.28000 15.29976000 168.54852 26.68100 23.64012 206.85000
26 5 17 11 21 2249.93600 15.30000000 168.75379 26.68100 23.64012 206.85000
26 5 17 11 22 2249.93700 15.30000000 168.75379 26.68100 23.64012 206.14296
26 5 17 11 22 2246.35300 15.30000000 168.99999 26.61200 23.64012 206.14296
26 5 17 11 23 2249.91700 15.30000000 168.90011 26.61200 23.64012 206.14296
26 5 17 11 23 2248.12000 15.30000000 169.36380 26.61200 23.64012 206.00011
26 5 17 11 24 2249.93700 15.30000000 168.99999 26.61200 23.64012 206.00011
26 5 17 11 24 2249.93700 15.30000000 168.99999 26.61200 23.64012 206.00011
26 5 17 11 25 2248.01600 15.30000000 168.90011 26.61200 23.64012 206.00011
26 5 17 11 25 2248.01200 15.30000000 168.90011 26.61200 23.64012 206.00011
26 5 17 11 26 2248.01600 15.33990000 168.90013 26.61200 23.64012 206.00011
26 5 17 11 26 2248.01700 15.33990000 169.50000 26.61200 23.64012 206.00011
26 5 17 11 27 2249.99900 15.33990000 169.50000 26.61200 23.64012 206.00011
26 5 17 11 27 2248.03900 15.33990000 169.65692 26.61200 23.64012 207.00000
26 5 17 11 28 2249.74100 15.33990000 169.65691 26.61200 23.64012 208.40914
26 5 17 11 28 2248.03500 15.33990000 169.61999 26.61200 23.64012 208.40914
26 5 17 11 29 2249.74200 15.33990000 169.56303 26.61200 23.64012 208.40914
26 5 17 11 29 2246.96700 15.33989000 168.43044 26.61200 23.64012 207.00106
26 5 17 11 30 2249.72100 15.33989000 168.43044 26.61200 23.64012 209.00000
26 5 17 11 30 2249.72100 15.40934000 169.53303 26.61200 23.64012 209.00000
26 5 17 11 31 2249.70300 15.40934000 169.53303 26.61200 23.64012 209.00000
26 5 17 11 31 2249.72700 15.40934000 169.53303 26.61200 23.64012 209.00000
26 5 17 11 32 2249.75000 15.40934000 169.49999 26.63100 23.64012 209.00000
26 5 17 11 32 2249.74900 15.40887000 169.48295 26.63100 23.64012 209.00000
26 5 17 11 33 2249.75000 15.40883000 169.48304 26.59000 23.64012 209.00000
26 5 17 11 33 2249.50000 15.40883000 169.49813 26.76300 23.64012 207.20186
26 5 17 11 34 2249.61000 15.40883000 169.60303 26.76300 24.03952 210.00000
26 5 17 11 34 2249.75000 15.40883000 169.60303 26.76300 24.03952 210.00000
26 5 17 11 35 2249.72700 15.40883000 169.59000 26.63004 23.64005 210.20026
26 5 17 11 35 2248.59500 15.40883000 169.49999 26.65999 23.64005 211.99492
26 5 17 11 36 2248.38900 15.40883000 169.48004 26.65999 23.64005 211.99492
26 5 17 11 37 2247.37000 15.40883000 169.49999 26.65999 23.64005 212.98745
26 5 17 11 37 2248.38700 15.40883000 169.48304 26.62700 23.64005 211.46422
26 5 17 11 37 2245.00000 15.40883000 169.47998 26.52106 23.64005 214.99999
26 5 17 11 38 2245.00000 15.40883000 169.26392 26.66000 23.64006 213.00000
26 5 17 11 39 2247.99500 15.40883000 169.46301 26.63200 23.61000 213.00000
26 5 17 11 39 2248.67000 15.40883000 169.26397 26.64000 23.61000 211.55060
26 5 17 11 39 2249.70000 15.40883000 169.46300 26.19275 23.61000 211.55060
26 5 17 11 40 2249.00000 15.40883000 169.43302 26.51520 23.61000 211.55060
26 5 17 11 40 2249.72500 15.40793000 169.43303 26.51520 23.46092 211.55113
26 5 17 11 41 2248.02400 15.30000000 169.40001 26.49891 23.46092 211.55113
26 5 17 11 42 2246.67000 15.28959000 168.86133 26.49891 23.46092 211.55113
26 5 17 11 42 2244.00000 15.28959000 168.86116 26.39800 23.46092 211.55113
26 5 17 11 43 2244.93200 15.40761000 169.39912 26.46298 23.40421 213.99948
26 5 17 11 43 2245.15600 15.40761000 168.60020 26.46298 23.40421 214.00000
26 5 17 11 44 2245.58000 15.40752000 169.40002 26.46298 23.40421 214.00001
26 5 17 11 44 2246.64700 15.40752000 169.38307 26.46298 23.40421 214.99978
26 5 17 11 45 2244.93100 15.40752000 169.38307 26.42600 23.38909 215.00000
26 5 17 11 45 2245.88600 15.40752000 169.38307 26.46000 23.38909 215.00000
26 5 17 11 46 2244.99300 15.40752000 169.38307 26.25805 23.89379 214.99963
26 5 17 11 46 2240.22100 15.18555000 169.34912 26.43398 23.89379 214.99963
26 5 17 11 47 2243.99800 15.18555000 168.88388 26.43398 23.89379 214.99963
26 5 17 11 47 2240.46000 15.18555000 169.29998 26.43384 23.89379 214.99963
26 5 17 11 48 2243.45800 15.18555000 169.29998 26.33000 23.89379 214.99963
26 5 17 11 48 2242.05000 15.18615000 169.28304 26.36500 23.89379 214.99963
26 5 17 11 49 2242.45900 15.18615000 169.28305 26.22674 23.89379 214.99963
26 5 17 11 49 2242.46000 15.18615000 169.19998 26.12743 23.89379 214.99963
26 5 17 11 50 2242.46000 15.39995000 169.20000 26.22500 23.89379 214.99963
26 5 17 11 50 2243.00000 15.39982000 169.00002 26.22500 23.89379 214.49936
26 5 17 11 51 2242.46000 15.39982000 169.00003 26.28992 23.89379 213.02078
26 5 17 11 51 2242.68400 15.39982000 169.20000 26.28992 23.89379 213.02078
26 5 17 11 52 2242.68400 15.39982000 169.19997 26.28992 23.89379 213.02078
26 5 17 11 52 2242.68400 15.39982000 169.19997 26.28986 23.89290 213.02078
26 5 17 11 53 2246.62400 15.39982000 169.22396 26.28986 23.89290 210.70323
26 5 17 11 53 2246.66800 15.39982000 169.62000 26.29402 23.38815 210.70323
26 5 17 11 54 2244.38100 15.39982000 169.71443 26.28986 23.38809 214.39958
26 5 17 11 54 2242.48200 15.39982000 168.90029 26.28986 23.38279 211.00020
26 5 17 11 55 2244.00000 15.39982000 169.70000 26.28986 23.36840 214.39903
26 5 17 11 55 2245.43900 15.39982000 169.70000 26.28986 23.33257 214.39903
26 5 17 11 56 2247.97200 15.39982000 169.60537 26.28986 23.33257 214.39903
26 5 17 11 56 2246.34600 15.39982000 169.70000 26.28986 23.33257 210.70305
26 5 17 11 57 2246.34400 15.39982000 169.58476 26.28986 23.33257 213.02078
26 5 17 11 58 2248.90000 15.39982000 169.58475 26.28986 23.33257 214.39798
26 5 17 11 58 2246.34300 15.25901000 169.58478 26.28986 23.32266 213.00000
26 5 17 11 58 2246.34200 15.25901000 169.60398 26.28986 23.32266 213.00000
26 5 17 11 59 2249.74700 15.25901000 169.60398 26.28986 23.32266 213.00000
26 5 17 11 59 2249.74900 15.25901000 169.68303 26.28986 23.32262 212.99973
26 5 17 12 00 2249.74500 15.25901000 169.66915 26.28986 23.32262 212.99962
26 5 17 12 00 2249.63500 15.25901000 169.66368 26.28986 23.32263 212.99962
26 5 17 12 01 2249.74700 15.25901000 169.63178 26.28986 23.32262 212.99962
26 5 17 12 02 2244.00100 15.25901000 169.63199 26.28986 23.32262 212.99962
26 5 17 12 02 2244.10100 15.32000000 169.62081 26.28986 23.32262 212.99962
26 5 17 12 03 2249.73500 15.26000000 169.50000 26.28986 23.25969 212.99962
26 5 17 12 03 2249.73700 15.26000000 169.81096 26.28986 23.22510 212.99962
26 5 17 12 04 2245.11100 15.30000000 169.79395 26.37368 23.22510 212.99962
26 5 17 12 04 2249.72200 15.35000000 169.73310 26.37368 23.22509 212.99962
26 5 17 12 05 2245.50000 15.35000000 169.75757 26.37368 23.22509 212.99962
26 5 17 12 05 2249.70700 15.37695000 169.62082 26.37363 23.22510 212.99962
26 5 17 12 06 2244.50000 15.44730000 169.73310 26.37363 23.22510 212.99962
26 5 17 12 06 2249.69100 15.46000000 169.62082 26.37363 23.22510 212.99962
26 5 17 12 07 2247.68000 15.46000000 169.65138 26.32200 23.22510 212.99962
26 5 17 12 07 2249.74600 15.48759000 169.63099 26.32200 23.22510 212.99962
26 5 17 12 08 2246.99000 15.50000000 169.63099 26.32200 23.22510 212.99962
26 5 17 12 08 2243.34200 15.57292000 169.63055 26.32196 23.22510 212.99962
26 5 17 12 09 2247.48800 15.57292000 169.79000 26.32194 23.17778 212.99962
26 5 17 12 09 2247.46400 15.71123000 169.61303 26.32200 23.17778 213.39000
26 5 17 12 10 2244.00000 15.50874000 169.10029 26.32200 23.17778 213.39000
26 5 17 12 10 2246.34200 15.50874000 169.79998 26.32200 23.17778 213.39000
26 5 17 12 11 2247.46500 15.50952000 169.12237 26.32200 23.63812 213.39000
26 5 17 12 11 2242.52200 15.50958000 169.12237 26.32191 23.64000 213.39000
26 5 17 12 12 2242.10000 15.50958000 169.12240 26.32193 23.64000 213.39000
26 5 17 12 12 2242.10000 15.50958000 169.75298 26.31900 23.64000 213.39000
26 5 17 12 13 2242.10000 15.50958000 169.75298 26.28000 23.89259 213.39000
26 5 17 12 14 2242.10000 15.73353000 169.73600 26.26000 23.89260 210.70468
26 5 17 12 14 2242.00000 15.73353000 169.73601 26.16000 23.89260 210.70468
26 5 17 12 14 2242.00000 15.73335000 169.73597 26.22400 23.89260 210.70468
26 5 17 12 15 2236.29300 15.73337000 169.76997 26.11000 23.89261 210.70468
26 5 17 12 15 2230.61000 15.60000000 169.00000 26.11000 23.89261 210.70468
26 5 17 12 16 2230.00000 15.64998000 169.46984 25.89939 23.89261 210.70468
26 5 17 12 16 2228.25600 15.53341000 169.68736 25.99999 23.89261 210.70511
26 5 17 12 17 2234.50000 15.53341000 168.90000 25.83000 23.89310 210.70501
26 5 17 12 17 2235.88900 15.53341000 168.90000 25.96500 23.89312 210.70501
26 5 17 12 18 2226.00800 15.53341000 168.62001 25.83004 23.89312 210.70501
26 5 17 12 19 2237.24200 15.53341000 169.24991 25.83007 23.89312 210.70421
26 5 17 12 19 2237.24000 15.53341000 168.90000 25.83007 23.89312 210.70501
26 5 17 12 19 2232.98000 15.72077000 169.20000 25.96494 23.89312 210.70501
26 5 17 12 20 2232.00000 15.64990000 169.42646 25.96494 23.89312 210.70501
26 5 17 12 20 2226.03100 15.71693000 169.23295 25.87712 23.89311 210.70501
26 5 17 12 21 2222.43400 15.71999000 169.38000 25.81804 23.89311 210.70501
26 5 17 12 21 2221.64000 15.71686000 169.07347 25.76598 23.89311 210.70501
26 5 17 12 22 2222.54000 15.65000000 168.62004 25.77040 23.89311 210.70547
26 5 17 12 22 2222.52900 15.79898000 168.62006 25.75200 23.89311 210.70547
26 5 17 12 23 2237.21800 15.79892000 168.97010 25.93586 23.89311 210.70547
26 5 17 12 24 2222.22700 15.79904000 168.62007 25.93586 23.89311 210.70412
26 5 17 12 24 2241.96600 15.91680000 169.40438 25.93586 23.89311 210.70412
26 5 17 12 25 2230.00100 15.88997000 169.21908 25.93586 23.89311 210.70412
26 5 17 12 25 2240.00000 15.91000000 169.59891 25.85800 23.89311 210.70412
26 5 17 12 26 2225.00200 15.90000000 169.58191 25.85800 23.89311 210.70412
26 5 17 12 26 2229.77500 15.90000000 169.48998 25.75517 23.89311 210.70412
26 5 17 12 27 2221.67400 15.68282000 168.62076 25.75517 23.89311 210.70412
26 5 17 12 27 2219.99800 15.89995000 168.95361 25.75603 23.89311 210.70563
26 5 17 12 28 2210.59000 15.89992000 168.62002 25.70616 23.89311 210.70563
26 5 17 12 28 2210.59000 15.80000000 168.62003 25.67410 23.89311 210.70305
26 5 17 12 29 2210.57900 15.80004000 168.62001 25.66827 23.89311 210.70581
26 5 17 12 29 2210.00100 15.80000000 168.17008 25.66185 23.89311 213.02077
26 5 17 12 30 2209.00000 15.80000000 168.00002 25.66185 23.89311 213.02077
26 5 17 12 30 2204.45900 15.89683000 168.07001 25.66298 23.89311 213.02077
26 5 17 12 31 2204.46000 15.89683000 168.00000 25.65992 23.89311 213.02077
26 5 17 12 31 2200.00000 15.90000000 167.78601 25.62800 23.89311 213.02077
26 5 17 12 32 2200.00000 15.89997000 167.98319 25.62800 23.89311 213.02077
26 5 17 12 32 2200.00100 15.89994000 168.60000 25.62800 23.89311 209.00200
26 5 17 12 33 2200.00000 15.89000000 167.98318 25.66699 23.89311 208.83953
26 5 17 12 33 2200.00100 15.79013000 168.00000 25.62801 23.89273 208.83952
26 5 17 12 34 2208.55900 15.79013000 168.57000 25.62801 23.89273 208.05044
26 5 17 12 35 2202.00200 15.89985000 168.21001 25.66697 23.89273 208.05054
26 5 17 12 35 2202.24500 15.87829000 168.21000 25.66697 23.39959 208.83948
26 5 17 12 36 2207.24100 15.96872000 168.21002 25.62801 23.39959 208.83948
26 5 17 12 36 2202.00000 15.96872000 168.20900 25.58908 23.39959 208.83948
26 5 17 12 37 2201.00100 15.98997000 168.00000 25.63500 23.39959 208.83948
26 5 17 12 37 2200.00000 15.87832000 168.00000 25.63500 23.39972 207.10003
26 5 17 12 38 2201.50000 15.99000000 168.00000 25.63100 23.39972 207.10013
26 5 17 12 38 2200.77900 16.09942000 167.99997 25.54621 23.39972 207.10003
26 5 17 12 39 2200.00000 16.09942000 167.51370 25.58088 23.39972 207.10010
26 5 17 12 39 2200.77800 16.00999000 167.50000 25.55000 23.39972 207.10010
26 5 17 12 40 2193.47100 16.00999000 167.86466 25.55000 23.39972 207.10010
26 5 17 12 40 2193.00000 16.00999000 167.58323 25.54139 23.39996 207.10000
26 5 17 12 41 2192.10200 16.00999000 167.60000 25.59697 23.39996 207.10000
26 5 17 12 41 2199.40000 15.88608000 167.22799 25.59697 23.39996 207.10010
26 5 17 12 42 2193.00000 15.88608000 167.22788 25.59304 23.39996 207.10000
26 5 17 12 42 2199.99500 15.88600000 167.22787 25.59304 23.39996 206.77015
26 5 17 12 43 2192.00000 15.88600000 166.60000 25.54147 23.40015 210.69900
26 5 17 12 43 2196.99800 15.88600000 166.92503 25.54147 23.40015 206.55687
26 5 17 12 44 2191.19900 15.99977000 167.49999 25.54147 23.40023 206.28622
26 5 17 12 44 2187.99700 15.98000000 166.77442 25.61299 23.40023 206.10062
26 5 17 12 45 2183.56600 15.88600000 166.77442 25.50001 23.40020 206.10000
26 5 17 12 45 2177.76000 15.85181000 166.00000 25.50001 23.40022 206.00010
