 1 5 17 00 00 1223.99000 5.80230000 71.00000 14.25600 15.49857 84.65000
 1 5 17 00 00 1221.59600 5.80000000 71.20000 14.25600 15.49857 84.65000
 1 5 17 00 01 1219.97500 5.75000000 71.20000 14.25600 15.49857 84.65000
 1 5 17 00 01 1218.88000 5.75000000 71.05000 14.25600 15.49857 84.65000
 1 5 17 00 02 1222.99700 5.75742000 71.05000 14.25600 15.49857 84.85000
 1 5 17 00 02 1222.99700 5.75742000 71.05000 14.25600 15.49857 84.85000
 1 5 17 00 03 1222.73500 5.75742000 71.16302 14.25600 15.49857 84.85000
 1 5 17 00 03 1222.73500 5.75742000 71.16302 14.25600 15.49857 84.85000
 1 5 17 00 04 1219.55000 5.84957000 71.30000 14.25600 15.49857 84.85000
 1 5 17 00 04 1219.55000 5.84959000 71.36000 14.25600 15.49857 84.85000
 1 5 17 00 05 1221.52300 5.84958000 71.36000 14.25600 15.49857 84.85000
 1 5 17 00 05 1221.52200 5.80681000 71.45000 14.25600 15.49857 84.85000
 1 5 17 00 06 1221.51000 5.84944000 71.44993 14.25600 15.49685 84.85000
 1 5 17 00 06 1219.55600 5.84944000 71.29506 14.25600 15.49685 84.85000
 1 5 17 00 07 1219.55600 5.84944000 71.44983 14.25600 15.49685 84.85000
 1 5 17 00 08 1219.55800 5.84944000 71.44999 14.25600 15.49685 84.85000
 1 5 17 00 08 1219.55900 5.82810000 71.44982 14.25600 15.49685 84.85000
 1 5 17 00 09 1219.56800 5.80682000 71.44982 14.25600 15.49685 84.85000
 1 5 17 00 09 1222.15100 5.80682000 71.44982 14.25600 15.49685 84.85000
 1 5 17 00 10 1222.15100 5.80682000 71.44999 14.25600 15.49685 84.85000
 1 5 17 00 10 1222.15100 5.80682000 71.44999 14.25600 15.49685 84.85000
 1 5 17 00 11 1222.74700 5.80682000 71.44999 14.25600 15.49685 84.85000
 1 5 17 00 11 1221.92700 5.84893000 71.44999 14.25600 15.49685 84.85000
 1 5 17 00 12 1221.92700 5.82790000 71.50000 14.25600 15.49685 84.85000
 1 5 17 00 12 1221.92700 5.82790000 71.50000 14.34300 15.49685 84.85000
 1 5 17 00 13 1221.92700 5.80698000 71.49401 14.34300 15.49685 84.85000
 1 5 17 00 13 1219.44000 5.80698000 71.50000 14.34300 15.49685 84.85000
 1 5 17 00 14 1219.10300 5.80698000 71.50101 14.34300 15.49685 84.85000
 1 5 17 00 14 1219.48100 5.80698000 71.63101 14.34300 15.49597 84.85000
 1 5 17 00 15 1222.72000 5.80698000 71.64000 14.34300 15.49597 84.85000
 1 5 17 00 15 1219.81600 5.80698000 71.63999 14.34300 15.49597 84.64568
 1 5 17 00 16 1222.03300 5.83321000 71.64000 14.34300 15.49597 84.64568
 1 5 17 00 16 1217.78900 5.83321000 71.64000 14.28800 15.49597 84.64568
 1 5 17 00 17 1218.01400 5.83321000 71.64002 14.28800 15.49597 84.64568
 1 5 17 00 17 1218.01400 5.83321000 71.81008 14.28800 15.49597 84.64568
 1 5 17 00 18 1218.01400 5.83321000 71.98746 14.28800 15.49597 84.64568
 1 5 17 00 18 1221.89800 5.83321000 71.82249 14.28800 15.49597 84.64568
 1 5 17 00 19 1221.78400 5.83321000 71.82248 14.28800 15.49597 84.64568
 1 5 17 00 19 1221.78400 5.85680000 71.82248 14.28800 15.49597 84.64568
 1 5 17 00 20 1215.99900 5.83440000 72.49000 14.26501 15.49597 84.64771
 1 5 17 00 20 1215.03000 5.80724000 72.50000 14.25600 15.49597 84.64771
 1 5 17 00 21 1218.33800 5.80724000 72.19999 14.25600 15.49597 84.60000
 1 5 17 00 21 1218.86700 5.80724000 72.42993 14.26501 15.49597 84.60000
 1 5 17 00 22 1218.85400 5.80724000 72.71221 14.25600 15.49597 84.60000
 1 5 17 00 22 1218.87900 5.80724000 72.59643 14.25600 15.19853 84.60000
 1 5 17 00 23 1218.12200 5.80724000 72.71199 14.25600 15.19853 84.60000
 1 5 17 00 23 1218.12300 5.84557000 72.70000 14.25600 15.27100 84.60000
 1 5 17 00 24 1218.87900 5.84557000 72.78000 14.25600 15.27100 84.60000
 1 5 17 00 24 1218.87800 5.84557000 72.72475 14.23000 15.27100 84.60000
 1 5 17 00 25 1218.12400 5.80724000 72.80001 14.23000 15.27100 84.60000
 1 5 17 00 25 1218.87600 5.80724000 72.88117 14.23000 15.27100 84.60002
 1 5 17 00 26 1218.87600 5.80724000 72.98771 14.23000 15.27100 84.60002
 1 5 17 00 26 1218.87700 5.85680000 72.94401 14.23000 15.27100 84.60002
 1 5 17 00 27 1218.87700 5.85680000 72.98000 14.23000 15.27100 84.60002
 1 5 17 00 27 1218.87700 5.85680000 72.70000 14.23000 15.27100 84.60002
 1 5 17 00 28 1218.12400 5.85680000 72.20195 14.22000 15.27100 84.60002
 1 5 17 00 28 1218.12500 5.85680000 72.98770 14.22000 15.27100 84.60002
 1 5 17 00 29 1218.75200 5.85680000 72.98770 14.22000 15.27100 84.60002
 1 5 17 00 30 1218.12400 5.83590000 72.98789 14.22000 15.27100 84.60002
 1 5 17 00 30 1217.07100 5.83590000 72.85682 14.22000 15.27100 84.60002
 1 5 17 00 31 1217.07300 5.83590000 72.85716 14.22000 15.27100 84.60002
 1 5 17 00 31 1217.07500 5.83590000 72.97000 14.22000 15.27100 84.60002
 1 5 17 00 32 1215.00100 5.83590000 72.85776 14.22000 15.27100 84.60002
 1 5 17 00 32 1217.15000 5.90097000 72.97000 14.22000 15.27100 84.60002
 1 5 17 00 33 1218.70700 5.90097000 72.99876 14.28399 15.27100 84.60002
 1 5 17 00 33 1215.25900 5.90097000 72.99999 14.28399 15.27100 84.60002
 1 5 17 00 34 1217.17600 5.90097000 72.90656 14.28399 15.27100 84.60002
 1 5 17 00 34 1218.71700 5.90097000 72.85658 14.28399 15.27100 84.60002
 1 5 17 00 35 1217.18000 5.90097000 72.95656 14.28399 15.27100 84.60002
 1 5 17 00 35 1218.69100 5.90097000 72.70666 14.28399 15.27100 84.60002
 1 5 17 00 36 1218.69100 5.90097000 72.95632 14.28399 15.27100 84.60002
 1 5 17 00 36 1218.70300 5.90097000 72.95632 14.28399 15.27100 84.60002
 1 5 17 00 37 1218.69100 5.90097000 72.70663 14.28399 15.27100 84.60002
 1 5 17 00 37 1218.87900 5.90097000 72.55656 14.28399 15.27100 84.60002
 1 5 17 00 38 1218.87900 5.84775226 72.55657 14.28399 15.27100 84.60002
 1 5 17 00 38 1218.87800 5.90000000 72.55000 14.28399 15.27100 84.60002
 1 5 17 00 39 1218.88000 5.90000000 72.55000 14.28399 15.27100 84.60002
 1 5 17 00 39 1218.88000 5.90000000 72.55010 14.28399 15.27100 84.60002
 1 5 17 00 40 1221.93000 5.90000000 72.40656 14.28399 15.27100 84.60002
 1 5 17 00 40 1221.71200 5.90000000 72.18203 14.28399 15.27100 84.60002
 1 5 17 00 41 1221.93000 5.90000000 72.00656 14.28399 15.27100 84.60002
 1 5 17 00 41 1221.93000 5.90000000 72.05656 14.28399 15.27100 84.60002
 1 5 17 00 42 1221.93000 5.89978000 72.17998 14.28399 15.27100 84.60002
 1 5 17 00 42 1221.93000 5.89978000 72.17998 14.28399 15.27100 84.60002
 1 5 17 00 43 1222.00000 5.84775226 72.00658 14.28399 15.27100 84.60002
 1 5 17 00 43 1220.52800 5.79900000 72.10649 14.28399 15.27100 84.60002
 1 5 17 00 44 1221.98500 5.79900000 72.10649 14.28399 15.27100 84.60002
 1 5 17 00 44 1221.98600 5.77337000 72.10649 14.28399 15.27100 84.60143
 1 5 17 00 45 1220.97400 5.78204496 71.42260 14.28399 15.27100 84.60143
 1 5 17 00 45 1220.30600 5.78204496 71.91901 14.28399 15.27100 84.60143
 1 5 17 00 46 1220.30700 5.78204496 71.76000 14.28399 15.27100 84.60143
 1 5 17 00 46 1220.99900 5.78204496 71.49908 14.28399 15.27100 84.60143
 1 5 17 00 47 1221.97400 5.78204496 70.70000 14.28399 15.27100 84.60143
 1 5 17 00 47 1222.99800 5.78204496 70.64999 14.28399 15.27100 84.60143
 1 5 17 00 48 1220.32000 5.78204496 70.22820 14.28399 15.27100 84.60143
 1 5 17 00 49 1220.35000 5.78204496 70.57245 14.21200 15.27100 84.60143
 1 5 17 00 49 1220.45000 5.78204496 70.90736 14.21200 15.27100 84.60143
 1 5 17 00 50 1219.33500 5.78204496 71.03396 14.21200 15.27100 84.60143
 1 5 17 00 50 1223.93000 5.78204496 71.03360 14.21200 15.27100 84.60143
 1 5 17 00 51 1219.38500 5.77300000 71.03396 14.21200 15.39853 84.60143
 1 5 17 00 51 1221.49400 5.77300000 71.03396 14.21200 15.46048 84.60143
 1 5 17 00 52 1221.58800 5.77300000 71.74998 14.21200 15.36602 84.60143
 1 5 17 00 52 1221.58800 5.77300000 71.74998 14.21200 15.36602 84.60143
 1 5 17 00 53 1221.49200 5.77300000 71.10010 14.17700 15.36602 84.60143
 1 5 17 00 53 1221.57300 5.77300000 71.45007 14.17700 15.36602 84.60143
 1 5 17 00 54 1221.49300 5.77300000 71.72999 14.17700 15.36602 84.60143
 1 5 17 00 54 1218.88000 5.77300000 71.97175 14.17700 15.36602 84.60143
 1 5 17 00 55 1218.88000 5.77300000 72.49999 14.17700 15.36602 84.60143
 1 5 17 00 55 1222.88600 5.77300000 72.49980 14.17700 15.36602 84.60143
 1 5 17 00 56 1222.99800 5.77300000 72.40663 14.17700 15.36602 84.60143
 1 5 17 00 56 1223.89900 5.77300000 72.25666 14.17700 15.36602 84.60143
 1 5 17 00 57 1223.67700 5.77300000 72.20656 14.17700 15.36602 84.60143
 1 5 17 00 57 1221.55300 5.77300000 72.10656 14.29797 15.50000 84.60143
 1 5 17 00 58 1221.55800 5.77300000 71.75657 14.29797 15.50000 84.60143
 1 5 17 00 58 1223.72800 5.77300000 71.58621 14.29797 15.54999 84.60143
 1 5 17 00 59 1223.83700 5.77300000 71.95583 14.29797 15.56055 84.60143
 1 5 17 00 59 1221.95100 5.77300000 71.95583 14.29797 15.56055 84.60143
 1 5 17 01 00 1223.82500 5.77300000 71.95583 14.29797 15.56057 84.60143
 1 5 17 01 00 1223.82700 5.77300000 71.80000 14.29797 15.56057 84.60143
 1 5 17 01 01 1223.77500 5.77300000 71.84928 14.29797 15.56057 84.60143
 1 5 17 07 18 1232.87200 5.97702000 72.80361 14.78000 15.80000 86.61303
 1 5 17 07 19 1232.87200 5.97702000 72.92673 14.78000 15.80000 86.61303
 1 5 17 07 19 1232.87200 5.91719000 72.70000 14.78000 15.79998 86.61303
 1 5 17 07 20 1232.90000 5.92000000 72.65123 14.78000 15.79998 86.61551
 1 5 17 07 20 1231.80900 5.97690000 72.69999 14.78000 15.79998 86.61551
 1 5 17 07 21 1232.80000 5.97690000 72.69999 14.75000 15.79998 86.61551
 1 5 17 07 21 1232.88400 5.90020000 72.68000 14.75000 15.79998 86.61551
 1 5 17 07 22 1231.81900 5.97690000 72.69999 14.72000 15.79998 86.61551
 1 5 17 07 22 1232.89900 5.97690000 72.69924 14.72000 15.80000 86.61551
 1 5 17 07 23 1231.85000 5.97685000 72.60000 14.70000 15.80000 86.61551
 1 5 17 07 23 1232.89900 5.97685000 72.59998 14.70000 15.80000 86.61551
 1 5 17 07 24 1231.88000 5.97685000 72.59927 14.70000 15.80000 86.61551
 1 5 17 07 24 1231.85100 5.97685000 72.45148 14.69990 15.80000 86.61551
 1 5 17 07 25 1231.85100 5.97685000 72.45164 14.68001 15.88977 86.61551
 1 5 17 07 26 1231.80600 5.97657000 72.59927 14.78000 15.80000 86.61551
 1 5 17 07 26 1231.65000 5.97657000 72.60000 14.78000 15.80000 86.61551
 1 5 17 07 26 1231.65000 5.97657000 72.59924 14.78000 15.80000 86.61551
 1 5 17 07 27 1232.84900 5.97657000 72.45190 14.78000 15.80000 86.61551
 1 5 17 07 27 1231.51200 5.97657000 72.60000 14.64532 15.80000 86.61551
 1 5 17 07 28 1231.00000 5.97657000 72.60000 14.64532 15.80000 86.61551
 1 5 17 07 29 1232.73600 5.97657000 72.60000 14.64532 15.80000 86.61551
 1 5 17 07 29 1231.00100 5.95000000 72.60000 14.64532 15.80000 86.61551
 1 5 17 07 30 1231.60000 5.95000000 72.60000 14.64532 15.80000 86.61551
 1 5 17 07 30 1231.60000 5.97492000 72.59927 14.64532 15.80000 86.61551
 1 5 17 07 31 1231.10000 5.95000000 72.44927 14.69500 15.80000 86.61551
 1 5 17 07 31 1231.01200 5.95000000 72.55000 14.70000 15.80000 86.61551
 1 5 17 07 32 1228.94000 5.95000000 72.60000 14.70000 15.80000 86.61551
 1 5 17 07 32 1231.08200 5.86015000 72.59990 14.70000 15.80000 86.61551
 1 5 17 07 33 1231.08200 5.86015000 72.54924 14.70000 15.86000 86.61551
 1 5 17 07 33 1231.08200 5.94999000 72.59983 14.70000 15.86000 86.62247
 1 5 17 07 34 1230.00200 5.94999000 72.59983 14.71001 15.86000 86.62247
 1 5 17 07 34 1231.08000 5.94999000 72.60000 14.71001 15.86000 86.62247
 1 5 17 07 35 1233.00000 5.94999000 72.45000 14.71001 15.86000 86.62247
 1 5 17 07 35 1233.00000 5.94999000 72.45000 14.75000 15.86000 86.62247
 1 5 17 07 36 1233.00000 5.95000000 72.59884 14.73011 15.86000 86.62247
 1 5 17 07 36 1233.00000 5.95000000 72.59875 14.75000 15.86000 86.62380
 1 5 17 07 37 1233.16700 5.95000000 72.44927 14.75000 15.86000 86.62380
 1 5 17 07 37 1233.10000 5.99999000 72.59791 14.75000 15.86000 86.62447
 1 5 17 07 38 1234.00000 5.99992000 72.47927 14.78000 15.86000 86.62447
 1 5 17 07 38 1233.01200 5.99987000 72.44928 14.76511 15.86000 86.62447
 1 5 17 07 39 1233.01300 5.99978000 72.45000 14.74201 15.86000 86.62447
 1 5 17 07 39 1233.00100 5.89149000 72.45000 14.78500 15.89975 86.62447
 1 5 17 07 40 1233.01200 5.99969000 72.47925 14.80000 15.89973 86.62447
 1 5 17 07 40 1234.18900 5.99969000 72.47925 14.80000 15.89973 86.62447
 1 5 17 07 41 1233.00000 5.95001000 72.40000 14.80000 15.89973 86.62620
 1 5 17 07 41 1231.96000 5.95000000 72.30000 14.81000 15.89973 86.62620
 1 5 17 07 42 1231.97200 5.95000000 72.02004 14.80700 15.89973 87.00000
 1 5 17 07 42 1230.60000 5.95008000 72.30000 14.80900 15.89973 87.00000
 1 5 17 07 43 1229.13900 5.95008000 72.03007 14.77901 15.89973 87.00000
 1 5 17 07 43 1229.00000 5.95008000 72.27900 14.77901 15.89973 87.00000
 1 5 17 07 44 1233.43800 5.95008000 72.24999 14.76000 15.89973 87.00000
 1 5 17 07 44 1228.78500 5.95008000 72.05004 14.76600 15.89973 87.00000
 1 5 17 07 45 1232.11800 5.98999000 72.04005 14.75900 15.89990 87.00000
 1 5 17 07 45 1229.05000 5.96000000 72.04003 14.75500 15.89990 87.00000
 1 5 17 07 46 1229.00700 5.96000000 72.04005 14.74899 15.89990 87.00000
 1 5 17 07 46 1232.05000 5.96000000 72.03000 14.76700 15.89985 87.00000
 1 5 17 07 47 1232.04500 5.96000000 72.08340 14.76500 15.89985 87.00000
 1 5 17 07 48 1229.00700 5.96000000 72.25000 14.76500 15.89985 87.00000
 1 5 17 07 48 1231.33000 5.96000000 72.25000 14.76500 15.80010 87.00000
 1 5 17 07 49 1228.89600 5.99000000 72.24999 14.76500 15.80010 87.00000
 1 5 17 07 49 1228.89600 5.98999000 72.14000 14.76500 15.80010 87.00000
 1 5 17 07 49 1231.50000 5.98999000 72.25000 14.79700 15.80010 87.00000
 1 5 17 07 50 1228.79100 5.98999000 72.25000 14.78600 15.80010 87.00000
 1 5 17 07 51 1228.79100 5.98000000 72.24999 14.78600 15.89985 87.00000
 1 5 17 07 51 1231.35000 5.98000000 72.24000 14.76800 15.80000 87.00000
 1 5 17 07 52 1231.48700 6.04901000 72.25000 14.79700 15.80000 87.00000
 1 5 17 07 52 1231.00000 6.04901000 72.25000 14.79700 15.80000 87.00000
 1 5 17 07 53 1230.99900 6.04889000 72.24925 14.76800 15.80000 87.00000
 1 5 17 07 53 1230.99800 6.04889000 72.14003 14.76800 15.80000 87.00000
 1 5 17 07 54 1230.99800 6.04889000 72.14003 14.76800 15.80000 87.00000
 1 5 17 07 54 1228.95000 5.99105000 72.14003 14.76800 15.80000 87.00000
 1 5 17 07 55 1230.99700 6.04888000 72.34851 14.76800 15.80000 86.63307
 1 5 17 07 55 1230.99700 6.04888000 72.34851 14.76800 15.80000 86.63307
 1 5 17 07 56 1230.99800 6.04917000 72.34851 14.76800 15.80000 86.63307
 1 5 17 07 56 1229.33300 5.98002000 72.47850 14.76800 15.80000 86.63307
 1 5 17 07 57 1230.99600 6.04918000 72.34924 14.76800 15.80000 86.63307
 1 5 17 07 57 1230.98200 6.05000000 72.34924 14.78000 15.80000 87.13370
 1 5 17 07 58 1231.26100 6.05000000 72.54812 14.78000 15.80000 87.13370
 1 5 17 07 58 1232.10700 6.02001000 72.34927 14.78000 15.80000 87.13370
 1 5 17 07 59 1231.09900 6.02001000 72.54786 14.80000 15.80000 87.13370
 1 5 17 07 59 1231.99500 6.05600000 72.54777 14.80000 15.89948 87.13370
 1 5 17 08 00 1228.76200 6.05600000 72.45918 14.80000 15.89948 87.11924
 1 5 17 08 00 1234.08400 6.10429000 72.00000 14.82000 15.89948 87.11924
 1 5 17 08 01 1233.95900 6.04516000 72.45894 14.82000 15.89948 87.11924
 1 5 17 08 01 1231.19000 6.04516000 72.45894 14.82000 15.89948 87.11924
 1 5 17 08 02 1231.18900 6.14249000 72.45819 14.82028 15.89948 87.11924
 1 5 17 08 02 1231.00000 6.05009000 72.39925 14.82000 15.89948 87.11924
 1 5 17 08 03 1232.89400 6.14240000 72.39923 14.82028 15.89948 87.11924
 1 5 17 08 03 1228.05000 6.14240000 72.39923 14.84202 15.89948 87.11924
 1 5 17 08 04 1233.81000 6.14107000 72.39918 14.84202 15.89948 87.11924
 1 5 17 08 04 1233.41400 6.14099000 72.39836 14.84202 15.89948 87.11924
 1 5 17 08 05 1233.19100 6.14099000 72.49919 14.82300 15.89948 87.11924
 1 5 17 08 05 1231.16900 6.14098000 72.39836 14.73700 15.70002 87.11924
 1 5 17 08 06 1231.00100 6.14100000 72.39836 14.73000 15.70002 87.11924
 1 5 17 08 06 1234.10000 6.14100000 72.39836 14.73000 15.70002 87.11924
 1 5 17 08 07 1231.09600 6.19000000 72.39836 14.73000 15.89863 87.11924
 1 5 17 08 07 1234.10000 6.18989000 72.42000 14.70000 15.89863 87.11924
 1 5 17 08 08 1232.79000 6.18985000 72.41916 14.77000 15.89863 86.63989
 1 5 17 08 09 1231.10800 6.18985000 72.41916 14.70000 15.89863 86.63989
 1 5 17 08 09 1232.67900 6.19000000 72.41906 14.70703 15.89863 86.63989
 1 5 17 08 10 1231.00100 6.18999000 72.41906 14.70703 15.89863 86.63989
 1 5 17 08 10 1232.66600 6.18999000 72.41810 14.71701 15.89842 86.63989
 1 5 17 08 11 1230.11100 6.13467000 72.41810 14.71701 15.89842 86.63989
 1 5 17 08 11 1230.22300 6.20000000 72.30001 14.71701 15.89842 86.64130
 1 5 17 08 12 1230.22300 6.15014000 72.30000 14.71701 15.89842 86.64130
 1 5 17 08 12 1229.83600 6.22000000 72.00000 14.71701 15.70003 86.64198
 1 5 17 08 13 1232.44300 6.22000000 72.00000 14.71701 15.70003 86.64198
 1 5 17 08 13 1232.44300 6.22000000 72.19925 14.71701 15.70003 86.64198
 1 5 17 08 14 1232.44000 6.26309027 72.00000 14.71701 15.70003 86.64198
 1 5 17 08 14 1231.00600 6.21000000 72.00000 14.75000 15.70003 86.64198
 1 5 17 08 15 1231.00600 6.21000000 71.95000 14.75000 15.70003 86.64198
 1 5 17 08 15 1232.10300 6.20000000 71.99925 14.75000 15.70003 86.64346
 1 5 17 08 16 1231.99200 6.26085000 72.00000 14.75000 15.70003 86.64390
 1 5 17 08 16 1231.01500 6.26085000 71.99999 14.75000 15.70003 86.64426
 1 5 17 08 17 1231.00600 6.26083000 72.00000 14.75000 15.70003 86.70000
 1 5 17 08 17 1231.01500 6.18002000 72.00000 14.75000 15.70003 86.85000
 1 5 17 08 18 1231.01500 6.26075000 72.00001 14.74600 15.70003 86.90000
 1 5 17 08 18 1230.00100 6.26075000 71.99900 14.74600 15.70003 86.90000
 1 5 17 08 19 1232.38600 6.26061000 71.99900 14.74600 15.70003 86.90000
 1 5 17 08 19 1230.12300 6.20000000 71.99900 14.73700 15.70003 86.90000
 1 5 17 08 20 1230.34500 6.25992000 71.99898 14.73700 15.70003 86.64613
 1 5 17 08 20 1230.99900 6.25989000 71.92500 14.73700 15.70003 86.64613
 1 5 17 08 21 1230.01200 6.20016000 72.19925 14.73700 15.70003 87.99920
 1 5 17 08 21 1230.00100 6.31908000 71.77500 14.73700 15.70003 87.99920
 1 5 17 08 22 1232.40000 6.32999000 71.77500 14.73700 15.70003 87.99920
 1 5 17 08 22 1230.44500 6.27000000 72.19924 14.71000 15.70003 87.99920
 1 5 17 08 23 1232.38700 6.27000000 72.19924 14.70801 15.70003 86.64782
 1 5 17 08 23 1232.38700 6.31699000 72.19850 14.73000 15.70003 86.64782
 1 5 17 08 24 1230.13500 6.31696000 72.19850 14.73000 15.70003 87.99920
 1 5 17 08 24 1233.36900 6.31000000 72.09924 14.72500 15.70003 88.00000
 1 5 17 08 25 1231.07400 6.32000000 72.09925 14.73700 15.70003 88.00000
 1 5 17 08 25 1229.84700 6.32000000 72.19925 14.73700 15.70003 88.00000
 1 5 17 08 26 1233.38600 6.32999000 72.19925 14.70003 15.89980 88.00000
 1 5 17 08 26 1230.01000 6.32000000 72.19924 14.70002 15.89980 88.00000
 1 5 17 08 27 1231.01500 6.32000000 72.19923 14.70002 15.89980 88.00000
 1 5 17 08 27 1230.00000 6.32999000 72.19924 14.70002 15.89980 88.18459
 1 5 17 08 28 1230.31500 6.39000000 72.09925 14.73600 15.89980 88.18459
 1 5 17 08 28 1230.31600 6.37100000 72.00002 14.71300 15.89979 88.18459
 1 5 17 08 29 1231.01400 6.32000000 72.19500 14.71300 15.89979 88.18459
 1 5 17 08 29 1231.01400 6.32000000 72.09925 14.72101 15.89979 88.18459
 1 5 17 08 30 1230.33300 6.33254000 72.09925 14.70602 15.89979 88.18459
 1 5 17 08 31 1231.65300 6.35000000 72.04925 14.70602 15.89979 86.65139
 1 5 17 08 31 1233.49700 6.35000000 72.04925 14.70602 15.89979 86.65139
 1 5 17 08 32 1233.00000 6.35000000 72.09851 14.71400 15.89979 86.65139
 1 5 17 08 32 1233.40100 6.25000000 72.09925 14.71400 15.89979 86.65139
 1 5 17 08 33 1233.29000 6.35000000 72.09998 14.71300 15.89979 86.65139
 1 5 17 08 33 1233.51100 6.35000000 71.99925 14.71300 15.70150 86.65139
 1 5 17 08 34 1231.77300 6.35000000 71.99926 14.71300 15.70150 86.65139
 1 5 17 08 34 1234.06800 6.35000000 71.98000 14.71300 15.70150 86.65139
 1 5 17 08 35 1233.28500 6.35000000 71.98000 14.68100 15.70150 86.65139
 1 5 17 08 35 1229.15300 6.35000000 71.98000 14.68100 15.70150 86.65139
 1 5 17 08 36 1233.37000 6.35000000 71.97926 14.70200 15.65140 86.65139
 1 5 17 08 36 1228.82800 6.30000000 71.51501 14.67044 15.65140 88.18450
 1 5 17 08 37 1232.60400 6.31000000 71.94925 14.60400 15.65140 87.00011
 1 5 17 08 37 1228.05000 6.31000000 71.94852 14.60400 15.65021 87.00014
 1 5 17 08 38 1228.32000 6.33000000 71.94924 14.60202 15.65021 87.00014
 1 5 17 08 38 1228.31900 6.34975000 71.90000 14.62400 15.65021 87.00014
 1 5 17 08 39 1228.31800 6.34000000 71.89927 14.62400 15.60000 87.00014
 1 5 17 08 39 1228.31500 6.34971000 71.90000 14.66794 15.60000 87.00014
 1 5 17 08 40 1228.32000 6.30005000 71.90000 14.69296 15.60017 88.44884
 1 5 17 08 40 1228.05300 6.27229000 71.90000 14.72498 15.79932 88.44884
 1 5 17 08 41 1228.06300 6.27229000 71.97967 14.72498 15.79932 88.44884
 1 5 17 08 41 1233.06300 6.27229000 71.90488 14.72498 15.79932 88.44884
 1 5 17 08 42 1228.84000 6.27229000 71.90000 14.66794 15.79932 88.44884
 1 5 17 08 42 1228.73100 6.34990000 71.90000 14.66794 15.79932 88.44884
 1 5 17 08 43 1228.39600 6.34990000 71.90000 14.66794 15.79907 88.44884
 1 5 17 08 43 1228.39500 6.34990000 71.90000 14.65100 15.79907 88.44884
 1 5 17 08 44 1228.40000 6.34990000 71.89519 14.65100 15.79907 88.44884
 1 5 17 08 44 1228.06200 6.34990000 71.89447 14.59369 15.79907 88.44884
 1 5 17 08 45 1228.61000 6.34990000 71.89519 14.61400 15.79907 87.10287
 1 5 17 08 45 1228.60700 6.34882000 71.90488 14.61400 15.79907 87.10287
 1 5 17 08 46 1228.06600 6.34882000 71.90416 14.61400 15.79907 87.10287
 1 5 17 08 46 1228.05000 6.34882000 71.89532 14.63499 15.79907 87.10287
 1 5 17 08 47 1228.00000 6.31001000 71.89459 14.63499 15.79907 87.10287
 1 5 17 08 47 1227.00100 6.31001000 71.87535 14.63499 15.79907 87.10287
 1 5 17 08 48 1231.12000 6.34866000 71.89530 14.62600 15.79907 87.10287
 1 5 17 08 48 1227.22300 6.34866000 71.89460 14.62600 15.79907 87.10287
 1 5 17 08 49 1227.01300 6.34000000 71.89532 14.60200 15.79000 87.10287
 1 5 17 08 49 1229.00000 6.35661000 71.87533 14.60000 15.79000 87.10287
 1 5 17 08 50 1228.60000 6.35661000 71.87533 14.55604 15.79000 87.10287
 1 5 17 08 51 1231.11900 6.35000000 71.87533 14.55604 15.79000 87.10287
 1 5 17 08 51 1227.12400 6.35000000 71.87461 14.56400 15.79000 87.10287
 1 5 17 08 52 1227.01300 6.35000000 71.89531 14.56400 15.79000 87.10287
 1 5 17 08 52 1226.94000 6.33000000 71.89531 14.56403 15.79000 87.10642
 1 5 17 08 53 1227.11100 6.33000000 71.89531 14.61000 15.79000 87.10642
 1 5 17 08 53 1227.22200 6.34799000 71.87534 14.61000 15.78991 87.10642
 1 5 17 08 54 1227.33300 6.30200000 71.89532 14.61000 15.78991 87.10642
 1 5 17 08 54 1227.45000 6.30000000 71.89460 14.61000 15.78991 87.10642
 1 5 17 08 55 1227.45100 6.30000000 71.89532 14.61000 15.78991 87.10642
 1 5 17 08 55 1227.56200 6.30000000 71.90488 14.61000 15.78970 87.10642
 1 5 17 08 56 1227.45000 6.30000000 71.90488 14.61000 15.78970 87.10642
 1 5 17 08 56 1230.50000 6.34500000 71.95000 14.61000 15.78970 87.10642
 1 5 17 08 57 1230.38800 6.34999000 71.90000 14.61000 15.78970 87.10642
 1 5 17 08 57 1230.48400 6.34999000 71.95000 14.61000 15.78970 87.10891
 1 5 17 08 58 1230.48200 6.27000000 71.95000 14.65234 15.60143 87.10891
 1 5 17 08 58 1228.05000 6.27000000 72.08933 14.59700 15.60143 87.10891
 1 5 17 08 59 1232.02900 6.34492000 71.95002 14.65000 15.60143 87.10891
 1 5 17 08 59 1232.40000 6.34492000 71.96000 14.65000 15.78928 87.10891
 1 5 17 09 00 1228.69100 6.34492000 71.96000 14.65000 15.78928 88.47999
 1 5 17 09 00 1228.69100 6.25000000 72.08917 14.65000 15.78928 88.47999
 1 5 17 09 01 1228.69100 6.33862000 72.16925 14.65000 15.78928 88.47999
 1 5 17 09 01 1232.99800 6.33795000 72.16900 14.65234 15.78928 88.47999
 1 5 17 09 02 1228.80300 6.33795000 72.16900 14.65234 15.78928 88.47999
 1 5 17 09 02 1233.00000 6.33795000 72.19925 14.65234 15.78928 88.47999
 1 5 17 09 03 1233.00000 6.25001000 72.12000 14.65234 15.78928 88.47999
 1 5 17 09 03 1233.34800 6.25001000 72.24925 14.65603 15.78928 88.47999
 1 5 17 09 04 1229.33300 6.25001000 72.27500 14.65603 15.78928 88.47999
 1 5 17 09 04 1229.20100 6.25000000 72.27500 14.65603 15.78928 88.47983
 1 5 17 09 05 1229.53600 6.25000000 72.27500 14.66554 15.78928 88.47983
 1 5 17 09 05 1232.85000 6.25000000 72.29925 14.66400 15.78928 88.47983
 1 5 17 09 06 1229.76100 6.29798000 72.29925 14.66100 15.78928 88.47983
 1 5 17 09 06 1229.65100 6.29794000 72.29925 14.66554 15.78928 88.47983
 1 5 17 09 07 1230.00000 6.25000000 72.29900 14.66554 15.78928 88.47983
 1 5 17 09 07 1229.99900 6.25000000 72.29900 14.66554 15.78928 88.47972
 1 5 17 09 08 1230.00000 6.25000000 72.29900 14.66554 15.60016 88.47972
 1 5 17 09 08 1229.99900 6.25003000 72.29900 14.66554 15.60016 88.47972
 1 5 17 09 09 1230.00000 6.21513000 72.20000 14.66554 15.60016 88.47972
 1 5 17 09 09 1229.99800 6.28698000 72.29898 14.66554 15.60016 88.47972
 1 5 17 09 10 1230.00000 6.28698000 72.20001 14.67200 15.78801 88.47972
 1 5 17 09 11 1230.00000 6.28699000 72.20001 14.70000 15.78801 88.47972
 1 5 17 09 11 1230.00000 6.28699000 72.29827 14.70000 15.78801 88.47972
 1 5 17 09 11 1230.00000 6.23000000 72.29827 14.70000 15.78801 88.08435
 1 5 17 09 12 1230.00000 6.23000000 72.29900 14.70000 15.78801 88.08435
 1 5 17 09 13 1229.00100 6.17744000 72.29900 14.70000 15.78801 87.11665
 1 5 17 09 13 1229.00000 6.23000000 72.29900 14.70000 15.78801 87.74694
 1 5 17 09 14 1229.98700 6.23000000 72.29900 14.70000 15.78801 87.74694
 1 5 17 09 14 1230.00000 6.20021000 72.29900 14.68900 15.78801 87.66258
 1 5 17 09 15 1229.98600 6.20021000 72.34927 14.70000 15.78801 87.66275
 1 5 17 09 15 1229.89000 6.20021000 72.34927 14.67400 15.78801 87.66296
 1 5 17 09 16 1229.01200 6.20027000 72.29823 14.67400 15.78801 87.66296
 1 5 17 09 16 1229.99900 6.20027000 72.34927 14.67400 15.78801 87.66345
 1 5 17 09 17 1229.99900 6.20027000 72.34927 14.67400 15.78801 87.66345
 1 5 17 09 17 1229.99900 6.20027000 72.34000 14.67400 15.78801 87.66345
 1 5 17 09 18 1230.00000 6.20027000 72.34000 14.67400 15.78801 87.66345
 1 5 17 09 18 1230.00000 6.20037000 72.22224 14.67300 15.78801 88.00000
 1 5 17 09 19 1230.00000 6.20036000 72.33100 14.66400 15.78801 88.00000
 1 5 17 09 19 1230.00000 6.26385000 72.33100 14.66400 15.78801 88.00000
 1 5 17 09 20 1229.99900 6.26385000 72.33100 14.65505 15.78801 87.66478
 1 5 17 09 20 1230.00000 6.26372000 72.34927 14.65505 15.78801 87.66478
 1 5 17 09 21 1230.00000 6.26372000 72.35000 14.65505 15.78801 87.66478
 1 5 17 09 21 1231.17900 6.26372000 72.28100 14.62300 15.78801 87.66478
 1 5 17 09 22 1231.73000 6.20000000 72.22225 14.64100 15.78801 87.66478
 1 5 17 09 22 1231.00000 6.24986000 72.22227 14.62300 15.78801 87.66478
 1 5 17 09 23 1231.00000 6.24986000 72.22227 14.60000 15.78801 87.66478
 1 5 17 09 23 1230.10000 6.24986000 72.22226 14.60000 15.78801 87.66478
 1 5 17 09 24 1231.00000 6.24986000 72.22226 14.60000 15.78801 87.66478
 1 5 17 09 24 1231.10200 6.24986000 72.37499 14.60901 15.78801 87.66478
 1 5 17 09 25 1231.00000 6.24986000 72.37425 14.63100 15.78625 87.66478
 1 5 17 09 25 1230.99900 6.17802000 72.32000 14.63100 15.78625 87.66478
 1 5 17 09 26 1230.10000 6.17802000 72.32000 14.63100 15.78625 87.66478
 1 5 17 09 26 1230.00100 6.17800000 72.31998 14.63100 15.78625 87.66478
 1 5 17 09 27 1230.00100 6.20979000 72.31997 14.63100 15.78625 87.66796
 1 5 17 09 27 1230.50000 6.17690000 72.31997 14.60000 15.78625 88.48000
 1 5 17 09 28 1230.30500 6.20000000 72.31927 14.57300 15.78625 88.48000
 1 5 17 09 28 1230.00100 6.18000000 72.31927 14.57300 15.78625 88.48000
 1 5 17 09 29 1230.00100 6.18000000 72.27000 14.52969 15.78625 88.48000
 1 5 17 09 29 1230.47700 6.24852000 72.40000 14.56400 15.78625 88.48000
 1 5 17 09 30 1230.47700 6.24852000 72.40000 14.56400 15.78625 88.48000
 1 5 17 09 30 1230.47800 6.24852000 72.40000 14.58500 15.78625 88.48000
 1 5 17 09 31 1230.00100 6.16108000 72.29927 14.58500 15.78625 88.48000
 1 5 17 09 31 1230.50000 6.15000000 72.29928 14.58500 15.78625 88.48000
 1 5 17 09 32 1230.38700 6.15000000 72.29927 14.58500 15.78625 88.48000
 1 5 17 09 32 1230.00000 6.15000000 72.29927 14.58500 15.78625 88.48000
 1 5 17 09 33 1230.00000 6.15000000 72.28100 14.58500 15.78625 88.48000
 1 5 17 09 33 1228.06000 6.15000000 72.27000 14.58500 15.60000 88.48000
 1 5 17 09 34 1228.05000 6.15000000 72.37000 14.58500 15.60000 88.48000
 1 5 17 09 34 1228.06500 6.15000000 72.27002 14.58500 15.60000 88.48000
 1 5 17 09 35 1229.79700 6.15000000 72.37000 14.58500 15.60000 88.48000
 1 5 17 09 36 1229.79600 6.15000000 72.27002 14.58500 15.60000 88.48000
 1 5 17 09 36 1229.78500 6.15000000 72.28101 14.58500 15.60000 88.48000
 1 5 17 09 37 1230.48500 6.15000000 72.35000 14.58500 15.60000 88.48000
 1 5 17 09 37 1229.78400 6.15000000 72.35000 14.60000 15.60000 88.48000
 1 5 17 09 38 1229.78400 6.15000000 72.28100 14.60000 15.60000 88.48000
 1 5 17 09 38 1228.11700 6.15000000 72.24928 14.60000 15.60000 88.00335
 1 5 17 09 39 1228.05100 6.15000000 72.30000 14.60000 15.60000 88.70000
 1 5 17 09 39 1228.05000 6.15000000 72.30000 14.60000 15.60000 88.70000
 1 5 17 09 40 1230.38700 6.15000000 72.24000 14.60000 15.55001 88.70000
 1 5 17 09 40 1228.05000 6.14000000 72.29997 14.63265 15.52000 88.70000
 1 5 17 09 41 1227.81200 6.15000000 72.25002 14.63265 15.55013 88.70000
 1 5 17 09 41 1227.81100 6.14010000 72.30000 14.63265 15.55013 88.00422
 1 5 17 09 42 1228.51300 6.15000000 72.30000 14.66900 15.52000 88.00422
 1 5 17 09 42 1224.98000 6.14000000 72.35000 14.67300 15.52000 88.00422
 1 5 17 09 43 1224.98000 6.15000000 72.34998 14.66800 15.52000 88.00422
 1 5 17 09 43 1225.09100 6.15000000 72.41999 14.69000 15.52000 88.00422
 1 5 17 09 44 1227.99500 6.15000000 72.42000 14.70000 15.52000 88.00422
 1 5 17 09 44 1227.98500 6.15000000 72.42000 14.70000 15.52000 88.00422
 1 5 17 09 45 1227.77500 6.15000000 72.42000 14.70003 15.55000 88.00422
 1 5 17 09 45 1224.50100 6.15000000 72.42000 14.70000 15.55000 88.75033
 1 5 17 09 46 1224.05400 6.15000000 72.41000 14.70300 15.55001 89.01120
 1 5 17 09 46 1224.75100 6.15000000 72.45000 14.71400 15.55001 89.54889
 1 5 17 09 47 1224.00000 6.15000000 72.49240 14.71400 15.55001 89.54890
 1 5 17 09 48 1224.00100 6.15000000 72.45001 14.71400 15.55001 90.00000
 1 5 17 09 48 1224.16200 6.15000000 72.45001 14.70600 15.55001 90.00000
 1 5 17 09 49 1224.05100 6.15000000 72.45000 14.70600 15.55001 89.99989
 1 5 17 16 15 1252.96000 5.86000000 68.50000 14.20002 15.82893 85.62237
 1 5 17 16 16 1252.97200 5.85500000 68.50008 14.29170 15.82003 85.62237
 1 5 17 16 16 1254.00900 5.85500000 68.50001 14.29170 15.82003 83.58778
 1 5 17 16 17 1254.00900 5.94842000 67.39934 14.29170 15.82003 83.58778
 1 5 17 16 17 1253.01000 5.85000000 68.49988 14.29170 15.82003 83.58778
 1 5 17 16 18 1255.00000 5.85003000 68.49987 14.29170 15.82003 84.99999
 1 5 17 16 18 1255.00000 5.85003000 68.47999 14.29170 15.82003 84.99999
 1 5 17 16 19 1255.00000 5.85003000 68.37000 14.29170 15.82003 84.99999
 1 5 17 16 20 1255.81500 5.86100000 68.29997 14.34990 15.82003 83.58789
 1 5 17 16 20 1255.95000 5.86101000 67.60028 14.30000 15.79699 83.58802
 1 5 17 16 21 1255.09000 5.91273000 68.19990 14.30000 15.75001 83.58802
 1 5 17 16 21 1255.44000 5.91273000 68.09995 14.30000 15.75001 83.58802
 1 5 17 16 22 1255.95000 5.99995000 68.09997 14.30000 15.75001 83.25052
 1 5 17 16 22 1255.95000 5.99995000 68.48425 14.30000 15.75001 83.25052
 1 5 17 16 23 1255.94900 5.99988000 68.45000 14.31300 15.75001 83.25052
 1 5 17 16 24 1255.94900 5.99988000 68.70000 14.31300 15.82893 83.25052
 1 5 17 16 24 1255.95000 5.99988000 69.00000 14.34198 15.82893 83.55035
 1 5 17 16 25 1255.94900 5.99999000 68.50009 14.32000 15.82893 83.55035
 1 5 17 16 25 1255.94900 5.99999000 68.50009 14.32000 15.94201 83.55035
 1 5 17 16 26 1255.95000 6.00000000 69.17930 14.32000 15.94201 83.55035
 1 5 17 16 26 1255.95000 6.09881000 69.11366 14.32000 15.94201 83.55035
 1 5 17 16 27 1255.93700 6.00000000 68.52311 14.30000 15.94201 83.55035
 1 5 17 16 27 1255.93700 6.00000000 69.20000 14.30000 15.94201 83.55035
 1 5 17 16 28 1255.01400 6.09993000 69.25000 14.30000 15.94201 83.55035
 1 5 17 16 28 1255.01300 6.09993000 69.37119 14.30000 15.94201 83.55035
 1 5 17 16 29 1255.94900 6.09000000 69.37120 14.25000 15.94201 83.55035
 1 5 17 16 29 1255.95000 6.08997000 69.39999 14.13999 15.94201 84.50000
 1 5 17 16 30 1255.95000 6.10808000 69.39999 14.11838 15.94201 84.50000
 1 5 17 16 31 1256.88000 6.12465000 68.98733 14.11838 15.94201 84.50000
 1 5 17 16 31 1257.49900 6.06955000 69.35000 14.16989 15.94201 84.50000
 1 5 17 16 32 1258.79900 6.10000000 69.11362 14.18998 15.94201 84.50000
 1 5 17 16 32 1257.76400 6.14054000 69.11363 14.11838 15.94201 84.50000
 1 5 17 16 33 1259.00000 6.10002000 69.49994 14.18994 15.78004 84.50000
 1 5 17 16 33 1259.09000 6.10000000 69.44989 14.18990 15.94220 84.50000
 1 5 17 16 34 1258.95700 6.11001000 69.67348 14.18990 15.94220 84.50000
 1 5 17 16 34 1257.77500 6.11001000 69.76936 14.18990 15.94220 84.50000
 1 5 17 16 35 1259.08800 6.11001000 69.75000 14.18990 15.94220 84.50000
 1 5 17 16 35 1259.09000 6.13004000 69.50000 14.18990 15.94220 84.50000
 1 5 17 16 36 1259.00200 6.13005000 69.65984 14.10000 15.94220 84.50000
 1 5 17 16 36 1259.09000 6.13005000 69.20000 14.10000 15.90001 84.50000
 1 5 17 16 37 1259.09000 6.13005000 69.20000 14.18990 15.90001 84.00011
 1 5 17 16 37 1259.10000 6.13005000 69.34447 14.18990 15.99593 84.00011
 1 5 17 16 38 1259.23900 6.13005000 69.34446 14.18990 15.99593 84.00021
 1 5 17 16 39 1259.46600 6.13000000 69.21000 14.18990 15.90000 85.00894
 1 5 17 16 39 1259.60000 6.13000000 69.20000 14.18990 15.90000 85.00894
 1 5 17 16 40 1259.46600 6.10010000 69.34435 14.18990 15.90000 84.00000
 1 5 17 16 40 1259.10500 6.15000000 69.20000 14.20065 15.90000 84.00000
 1 5 17 16 40 1259.10500 6.14999000 69.20001 14.20065 15.99699 83.25010
 1 5 17 16 41 1259.99900 6.14993000 69.20002 14.10003 15.99699 82.26713
 1 5 17 16 42 1259.99900 6.14992000 69.20000 14.10003 15.99699 82.26713
 1 5 17 16 42 1259.99800 6.10000000 69.20000 14.23007 15.99699 82.26690
 1 5 17 16 43 1262.18500 6.10000000 69.20000 14.23007 15.99699 82.60354
 1 5 17 16 43 1262.18500 6.11996000 69.20000 14.11015 15.99699 83.00000
 1 5 17 16 44 1262.24000 6.10000000 69.20000 14.11015 15.99691 82.94850
 1 5 17 16 44 1264.89200 6.10000000 69.06362 14.23004 15.99691 80.01001
 1 5 17 16 45 1264.89000 6.10000000 68.60015 14.23002 15.99691 82.94839
 1 5 17 16 45 1260.02000 6.10000000 68.60015 14.23002 15.99691 80.01018
 1 5 17 16 46 1262.52400 6.10001000 68.99992 14.22999 15.99699 80.60667
 1 5 17 16 46 1264.89400 6.10001000 69.00000 14.22996 15.99699 80.60668
 1 5 17 16 47 1265.00000 6.10000000 68.61033 14.22996 15.99699 80.60668
 1 5 17 16 48 1265.00100 6.10000000 68.99995 14.22983 15.99699 80.60699
 1 5 17 16 48 1265.39900 6.10000000 68.99993 14.22983 15.99699 80.60699
 1 5 17 16 49 1265.40000 6.05000000 68.65003 14.22983 15.99699 80.60699
 1 5 17 16 49 1265.39000 6.00000000 68.99957 14.22983 15.99699 80.60702
 1 5 17 16 50 1265.40000 5.95439000 68.99946 14.21990 15.99699 80.60702
 1 5 17 16 50 1265.35000 5.99999000 68.99946 14.21990 15.99699 80.60702
 1 5 17 16 51 1265.40000 6.00000000 68.65003 14.21990 15.90004 80.60703
 1 5 17 16 51 1265.40000 5.95440000 68.99884 14.12000 15.90004 80.60703
 1 5 17 16 52 1265.38000 5.94000000 68.94000 14.12000 15.90001 80.60703
 1 5 17 16 53 1265.30600 5.95434000 68.60004 14.00000 15.90001 82.09176
 1 5 17 16 53 1265.40100 5.95434000 68.79999 13.98000 15.90001 82.09176
 1 5 17 16 54 1265.30300 5.90845000 68.61003 14.05000 15.90001 80.60716
 1 5 17 16 54 1265.95700 5.93995000 68.67993 13.90845 15.90001 81.78961
 1 5 17 16 55 1267.99900 5.90000000 68.60004 13.89000 15.90005 81.78961
 1 5 17 16 55 1268.39900 5.90000000 68.60004 13.83958 15.90000 80.10002
 1 5 17 16 56 1268.40000 5.90013000 68.50000 13.83917 15.90000 80.60710
 1 5 17 16 56 1268.56000 6.00000000 68.46363 13.80000 15.90000 80.10000
 1 5 17 16 57 1269.89900 5.99970000 68.31001 13.75308 15.90000 79.99999
 1 5 17 16 58 1269.98700 5.99970000 68.16362 13.70000 15.90000 79.99999
 1 5 17 16 58 1267.22800 5.91023000 68.01000 13.66744 15.90001 75.00000
 1 5 17 16 59 1268.28900 5.90028000 67.60000 13.62503 15.90001 79.80000
 1 5 17 16 59 1267.50000 5.98980000 66.89999 13.71997 15.90001 75.00023
 1 5 17 17 00 1269.99900 5.90010000 66.25983 13.75776 15.90001 75.00000
 1 5 17 17 01 1267.01300 5.89000000 66.21000 13.66839 15.90001 75.00000
 1 5 17 17 01 1269.98600 5.84000000 66.40992 13.78778 15.90000 75.00000
 1 5 17 17 02 1267.60100 5.80002000 66.40993 13.65000 15.90000 75.00000
 1 5 17 17 03 1267.82300 5.80000000 66.51003 13.76837 15.90000 73.08889
 1 5 17 17 03 1270.00000 5.80000000 67.56362 13.76838 15.90000 74.99990
 1 5 17 17 04 1269.99900 5.81000000 67.66359 13.78781 15.90003 74.99992
