17 9 17 23 09 3118.70000 9.50000000 217.36000 43.22000 14.70000 150.59000
17 9 17 23 10 3111.40000 9.50000000 218.50000 43.20000 14.70000 150.59000
17 9 17 23 10 3123.30000 9.50000000 217.39000 43.19000 14.70000 150.59000
17 9 17 23 11 3120.70000 9.50000000 217.39000 43.19000 14.70000 150.59000
17 9 17 23 11 3123.00000 9.50000000 217.39000 43.19000 14.70000 150.59000
17 9 17 23 12 3115.70000 9.50000000 217.36000 43.19000 14.70000 150.59000
17 9 17 23 12 3111.70000 9.50000000 217.36000 43.19000 14.70000 150.59000
17 9 17 23 12 3122.60000 9.50000000 217.05000 43.19000 14.70000 150.59000
17 9 17 23 13 3122.60000 9.50000000 217.08000 43.19000 14.70000 150.59000
17 9 17 23 13 3122.60000 9.50000000 217.08000 43.19000 14.70000 150.59000
17 9 17 23 14 3122.60000 9.50000000 217.08000 43.19000 14.70000 150.59000
17 9 17 23 14 3122.60000 9.50000000 217.08000 43.19000 14.70000 150.59000
17 9 17 23 15 3120.00000 9.50000000 217.40000 43.11000 14.70000 150.59000
17 9 17 23 15 3117.50000 9.50000000 217.50000 43.07000 14.70000 150.59000
17 9 17 23 15 3111.10000 9.50000000 217.50000 43.07000 14.70000 150.58100
17 9 17 23 16 3121.20000 9.50000000 217.60000 43.07000 14.70000 150.58100
17 9 17 23 16 3121.20000 9.50000000 217.60000 43.06000 14.70000 150.58100
17 9 17 23 17 3121.20000 9.50000000 217.60000 43.06000 14.70000 150.58100
17 9 17 23 17 3121.20000 9.50000000 217.60000 43.06000 14.70000 150.58100
17 9 17 23 17 3121.20000 9.50000000 217.60000 43.06000 14.70000 150.58100
17 9 17 23 18 3121.20000 9.50000000 217.03000 43.06000 14.70000 150.58100
17 9 17 23 18 3121.20000 9.50000000 217.03000 43.06000 14.70000 150.58100
17 9 17 23 19 3124.70000 9.50000000 217.03000 43.06000 14.70000 150.58100
17 9 17 23 19 3124.70000 9.50000000 217.03000 43.06000 14.70000 150.58100
17 9 17 23 20 3114.30000 9.50000000 217.07000 43.18000 14.70000 150.58100
17 9 17 23 20 3131.20000 9.50000000 217.04000 43.18000 14.70000 150.58100
17 9 17 23 20 3131.20000 9.50000000 217.04000 43.16000 14.74100 150.58100
17 9 17 23 21 3131.20000 9.50000000 217.59000 43.14000 14.74100 150.58100
17 9 17 23 21 3131.20000 9.50000000 217.59000 43.15000 14.74100 150.58100
17 9 17 23 22 3116.50000 9.50000000 217.00000 43.12000 14.74100 150.58100
17 9 17 23 22 3116.50000 9.50000000 216.66000 43.11000 14.74100 150.58100
17 9 17 23 23 3116.50000 9.50000000 216.66000 43.11000 14.74100 150.58100
17 9 17 23 23 3116.50000 9.50000000 216.66000 43.09000 14.74100 150.58100
17 9 17 23 23 3116.50000 9.50000000 216.66000 43.09000 14.74100 150.58100
17 9 17 23 24 3131.20000 9.50000000 216.66000 43.09000 14.74100 150.58100
17 9 17 23 24 3131.20000 9.50000000 216.66000 43.06000 14.74100 150.58100
17 9 17 23 25 3131.20000 9.50000000 217.08000 43.06000 14.74100 150.58100
17 9 17 23 25 3117.00000 9.50000000 217.58000 43.06000 14.74100 150.58100
17 9 17 23 26 3121.80000 9.50000000 216.67000 43.00000 14.74100 150.58100
17 9 17 23 26 3121.70000 9.50000000 216.67000 43.00000 14.74100 150.58100
17 9 17 23 26 3121.70000 9.50000000 216.67000 42.97000 14.74100 150.58100
17 9 17 23 27 3117.30000 9.50000000 216.67000 42.78000 14.74100 150.58100
17 9 17 23 27 3114.20000 9.50000000 216.66000 42.78000 14.74100 150.58100
17 9 17 23 28 3115.70000 9.50000000 216.67000 42.78000 14.74100 150.58100
17 9 17 23 28 3114.50000 9.50000000 216.67000 42.78000 14.74100 150.58100
17 9 17 23 29 3114.50000 9.50000000 216.67000 43.01000 14.74100 150.58100
17 9 17 23 29 3111.90000 9.50000000 216.67000 43.01000 14.74100 150.58100
17 9 17 23 29 3112.00000 9.40600000 216.91000 43.01000 14.74100 150.58100
17 9 17 23 30 3117.40000 9.42100000 216.91000 42.77000 14.74100 150.58100
17 9 17 23 30 3116.80000 9.42100000 216.91000 42.75000 14.74100 150.58100
17 9 17 23 31 3112.90000 9.42100000 216.91000 42.78000 14.74100 150.58100
17 9 17 23 31 3115.80000 9.42100000 216.91000 42.78000 14.74100 150.58100
17 9 17 23 32 3115.80000 9.42100000 216.91000 42.78000 14.74100 151.99600
17 9 17 23 32 3114.10000 9.42100000 216.91000 42.78000 14.74100 151.99600
17 9 17 23 32 3113.80000 9.42100000 216.91000 42.78000 14.74100 151.99600
17 9 17 23 33 3113.00000 9.42100000 216.91000 42.78000 14.74100 151.99600
17 9 17 23 33 3111.00000 9.42100000 217.49000 42.78000 14.74100 151.99600
17 9 17 23 34 3113.80000 9.42100000 217.49000 42.78000 14.74100 151.99600
17 9 17 23 34 3116.20000 9.42100000 217.49000 42.78000 14.74100 151.99600
17 9 17 23 35 3118.50000 9.42100000 217.49000 42.78000 14.74100 151.99600
17 9 17 23 35 3118.50000 9.42100000 217.49000 42.82000 14.74100 151.99600
17 9 17 23 35 3118.50000 9.42100000 217.49000 42.80000 14.74100 151.99600
17 9 17 23 36 3118.50000 9.40500000 217.21000 42.80000 14.74100 151.99600
17 9 17 23 36 3117.20000 9.40500000 217.21000 42.80000 14.74100 151.99600
17 9 17 23 37 3117.20000 9.40500000 217.00000 42.80000 14.74100 151.99600
17 9 17 23 37 3110.10000 9.40500000 216.91000 42.80000 14.74100 151.99600
17 9 17 23 38 3113.20000 9.40500000 216.90000 42.80000 14.74100 151.99600
17 9 17 23 38 3113.10000 9.40000000 216.90000 42.76000 14.74100 151.99600
17 9 17 23 38 3107.90000 9.40000000 216.54000 42.80000 14.74100 150.59400
17 9 17 23 39 3105.90000 9.40000000 216.36000 42.91000 14.74100 150.41300
17 9 17 23 39 3105.80000 9.40000000 216.00000 42.91000 14.74100 150.41300
17 9 17 23 40 3105.80000 9.40000000 216.00000 42.76000 14.74100 150.41300
17 9 17 23 40 3105.50000 9.40000000 216.15000 42.77000 14.74100 150.41300
17 9 17 23 41 3105.90000 9.40000000 216.84000 42.77000 14.74100 150.41300
17 9 17 23 41 3105.80000 9.40000000 216.84000 42.77000 14.74100 150.41300
17 9 17 23 41 3106.10000 9.40000000 216.02000 42.77000 14.74100 150.41300
17 9 17 23 42 3106.00000 9.40000000 216.02000 42.77000 14.74100 150.41300
17 9 17 23 42 3106.00000 9.40000000 216.02000 42.78000 14.74100 150.41300
17 9 17 23 43 3110.40000 9.40000000 216.20000 42.81000 14.74100 150.41300
17 9 17 23 43 3110.40000 9.47400000 216.20000 42.81000 14.66900 150.41300
17 9 17 23 44 3116.70000 9.47400000 215.16000 42.81000 14.66900 150.41300
17 9 17 23 44 3110.80000 9.40000000 215.16000 42.81000 14.66900 150.41300
17 9 17 23 44 3111.50000 9.40000000 215.18000 42.81000 14.66900 150.41300
17 9 17 23 45 3111.50000 9.40000000 216.17000 42.81000 14.66900 150.41300
17 9 17 23 45 3112.60000 9.40000000 216.15000 42.81000 14.66900 150.41300
17 9 17 23 46 3112.60000 9.40000000 216.18000 42.81000 14.66900 150.41300
17 9 17 23 46 3112.80000 9.40000000 217.11000 42.81000 14.66900 150.41300
17 9 17 23 47 3116.60000 9.40000000 216.30000 42.81000 14.66900 150.41300
17 9 17 23 47 3116.60000 9.40000000 216.30000 42.96000 14.66900 150.41300
17 9 17 23 47 3125.00000 9.40000000 216.50000 42.96000 14.66900 150.41300
17 9 17 23 48 3125.00000 9.40000000 216.50000 42.96000 14.66900 150.41300
17 9 17 23 48 3118.00000 9.40000000 217.80000 42.96000 14.66900 150.41300
17 9 17 23 48 3116.70000 9.40000000 217.59000 42.96000 14.66900 150.41300
17 9 17 23 49 3125.60000 9.40000000 217.57000 42.96000 14.66900 150.41300
17 9 17 23 50 3116.70000 9.40000000 216.52000 42.82000 14.66900 150.41300
17 9 17 23 50 3116.70000 9.40000000 216.53000 42.82000 14.66900 150.41300
17 9 17 23 50 3116.70000 9.40000000 216.54000 42.82000 14.66900 150.41300
17 9 17 23 51 3116.80000 9.40000000 217.47000 42.82000 14.66900 150.41300
17 9 17 23 51 3124.40000 9.40000000 217.47000 42.82000 14.66900 150.41300
17 9 17 23 52 3116.80000 9.40000000 217.44000 42.82000 14.66900 150.41300
17 9 17 23 52 3116.80000 9.40000000 217.44000 42.82000 14.66900 150.41300
17 9 17 23 53 3116.80000 9.40000000 217.44000 42.97000 14.66900 150.41300
17 9 17 23 53 3123.40000 9.40000000 217.44000 42.97000 14.66900 150.41300
17 9 17 23 53 3123.40000 9.40000000 217.44000 42.97000 14.66900 150.41300
17 9 17 23 54 3123.40000 9.40000000 217.39000 42.97000 14.66900 150.41300
17 9 17 23 54 3123.40000 9.40000000 217.39000 42.97000 14.66900 150.41300
17 9 17 23 55 3123.40000 9.40000000 216.67000 42.97000 14.66900 150.41300
17 9 17 23 55 3123.40000 9.40000000 216.67000 42.97000 14.66900 150.17200
17 9 17 23 55 3123.40000 9.40000000 217.39000 42.97000 14.66900 150.17200
17 9 17 23 56 3123.40000 9.40000000 216.72000 42.97000 14.66900 150.17100
17 9 17 23 56 3116.70000 9.40000000 216.72000 42.97000 14.66900 150.17100
17 9 17 23 57 3116.70000 9.40000000 216.69000 42.97000 14.66900 150.17100
17 9 17 23 57 3121.40000 9.40000000 216.69000 42.97000 14.66900 150.17100
17 9 17 23 58 3121.40000 9.40000000 217.35000 43.16000 14.66900 150.17100
17 9 17 23 58 3121.40000 9.40000000 217.35000 43.16000 14.66900 150.17100
17 9 17 23 58 3121.40000 9.40000000 217.35000 43.16000 14.66900 150.17100
17 9 17 23 59 3113.10000 9.40000000 217.32000 42.82000 14.66900 150.17100
17 9 17 23 59 3113.60000 9.40000000 217.31000 42.82000 14.66900 150.10000
