30 4 17 22 05 1221.90400 5.80000000 69.71200 14.30140 15.25000 84.60300
30 4 17 22 06 1219.30200 5.79000000 69.50000 14.31300 15.25000 84.60300
30 4 17 22 06 1219.42700 5.79000000 69.50000 14.31300 15.25000 84.60300
30 4 17 22 07 1219.65200 5.79000000 69.50001 14.31300 15.25000 84.60300
30 4 17 22 07 1219.85000 5.79000000 69.50001 14.31300 15.25000 84.60300
30 4 17 22 08 1219.85000 5.79000000 69.50000 14.31300 15.25000 84.60814
30 4 17 22 08 1219.42900 5.79000000 69.50000 14.31300 15.25000 84.60814
30 4 17 22 09 1219.42900 5.79000000 69.50000 14.35400 15.25000 84.60814
30 4 17 22 09 1217.30000 5.79000000 69.50000 14.35400 15.25000 84.60814
30 4 17 22 10 1216.46600 5.79000000 69.42897 14.35400 15.25000 84.60814
30 4 17 22 10 1217.29900 5.79000000 69.52896 14.32300 15.25001 84.60814
30 4 17 22 11 1215.90400 5.79000000 69.52895 14.32300 15.25000 84.60814
30 4 17 22 11 1217.29900 5.79000000 69.52895 14.32300 15.25000 84.60814
30 4 17 22 12 1217.29900 5.79000000 69.62884 14.32300 15.25000 84.60814
30 4 17 22 12 1217.29700 5.79000000 69.27897 14.32300 15.21200 84.60814
30 4 17 22 13 1215.84000 5.79000000 69.47895 14.32300 15.27329 84.60814
30 4 17 22 13 1215.83900 5.86578000 69.47895 14.32300 15.16335 84.60814
30 4 17 22 14 1213.27000 5.86578000 69.27818 14.29000 15.16337 85.00010
30 4 17 22 14 1215.84000 5.86578000 69.24930 14.29000 15.16337 85.00010
30 4 17 22 15 1212.85100 5.86578000 69.24930 14.29000 15.16337 85.00000
30 4 17 22 15 1214.77000 5.86578000 69.24930 14.29000 15.16337 85.00000
30 4 17 22 16 1212.85100 5.86535000 69.56869 14.26540 15.16337 85.00000
30 4 17 22 16 1212.85000 5.86535000 69.56869 14.26600 15.16354 85.00000
30 4 17 22 17 1213.08700 5.86535000 69.64971 14.26600 15.16354 85.00000
30 4 17 22 17 1212.85000 5.86535000 69.28000 14.26600 15.16354 85.00000
30 4 17 22 18 1212.87400 5.86535000 69.24930 14.26540 15.16354 85.00000
30 4 17 22 18 1212.85000 5.79020000 69.56861 14.26540 15.16354 85.00000
30 4 17 22 19 1214.75700 5.79020000 69.56859 14.26540 15.16354 85.00000
30 4 17 22 19 1215.84000 5.85724000 69.29999 14.26540 15.16503 85.00000
30 4 17 22 20 1215.84000 5.85724000 69.14930 14.25500 15.16503 85.00000
30 4 17 22 20 1215.84000 5.85724000 69.12895 14.25500 15.16504 85.00000
30 4 17 22 21 1215.04000 5.85724000 69.22897 14.25540 15.36198 85.00000
30 4 17 22 22 1217.28600 5.85724000 69.27897 14.25540 15.36188 85.00000
30 4 17 22 22 1215.15200 5.85742000 69.27896 14.25540 15.36188 85.00000
30 4 17 22 22 1217.25000 5.85742000 69.27897 14.25540 15.36188 85.00000
30 4 17 22 23 1217.28700 5.86497000 69.17897 14.26600 15.36177 85.00000
30 4 17 22 24 1218.87900 5.86495000 69.32891 14.26600 15.36177 86.45743
30 4 17 22 24 1218.88000 5.86497000 69.37897 14.26600 15.36177 86.45732
30 4 17 22 25 1217.56500 5.86497000 69.37895 14.26600 15.36333 86.45732
30 4 17 22 25 1217.55100 5.86497000 69.35000 14.25540 15.36333 86.45732
30 4 17 22 26 1217.56300 5.86497000 69.47897 14.25540 15.36333 86.45732
30 4 17 22 26 1218.88000 5.86497000 69.47886 14.32099 15.36333 86.45732
30 4 17 22 27 1218.87900 5.86497000 69.42894 14.32099 15.26337 86.45732
30 4 17 22 27 1218.88000 5.86497000 69.42890 14.32099 15.26337 86.45732
30 4 17 22 28 1218.88000 5.86497000 69.42888 14.32099 15.26337 86.45732
30 4 17 22 28 1220.67200 5.86500000 69.42890 14.29900 15.36302 86.45732
30 4 17 22 29 1218.87900 5.86500000 69.45000 14.29900 15.36302 86.45732
30 4 17 22 29 1218.89000 5.86500000 69.42890 14.29900 15.36302 86.45732
30 4 17 22 30 1218.89000 5.86500000 69.42890 14.29900 15.36302 86.45732
30 4 17 22 30 1218.89000 5.86500000 69.42890 14.29900 15.21371 86.45732
30 4 17 22 31 1220.45000 5.86500000 69.42890 14.29900 15.36292 86.45732
30 4 17 22 31 1220.45000 5.86500000 69.42890 14.29900 15.36292 86.45732
30 4 17 22 32 1219.38900 5.86500000 69.86936 14.29900 15.36292 85.00010
30 4 17 22 32 1221.23700 5.86500000 69.50000 14.29900 15.36292 85.00010
30 4 17 22 33 1221.90000 5.86500000 69.49999 14.29900 15.36292 85.00010
30 4 17 22 33 1221.90000 5.86500000 69.49999 14.29900 15.36292 85.00010
30 4 17 22 34 1221.90000 5.86488000 69.21410 14.29900 15.36292 85.00010
30 4 17 22 34 1221.74000 5.86488000 69.49969 14.34300 15.41050 85.00010
30 4 17 22 35 1218.90300 5.86500000 69.29988 14.34985 15.41050 85.00010
30 4 17 22 35 1221.89900 5.87999000 69.20010 14.34985 15.45768 85.00010
30 4 17 22 36 1219.61500 5.87999000 69.40000 14.34985 15.37016 85.00010
30 4 17 22 36 1221.60200 5.87999000 69.40000 14.34985 15.37016 85.00010
30 4 17 22 37 1221.59200 5.87999000 69.49947 14.34985 15.46330 85.00010
30 4 17 22 37 1221.85900 5.87968000 69.49947 14.34985 15.46330 85.00010
30 4 17 22 38 1221.87900 5.87968000 69.20010 14.34985 15.46330 85.00010
30 4 17 22 38 1219.52800 5.87968000 69.20010 14.30000 15.46330 85.00012
30 4 17 22 39 1221.86700 5.79158000 69.21000 14.30000 15.46335 85.00012
30 4 17 22 39 1221.87900 5.87946000 69.49916 14.30000 15.46335 85.00012
30 4 17 22 40 1219.52900 5.87946000 69.49908 14.30000 15.46335 85.00012
30 4 17 22 40 1221.81000 5.87946000 69.30000 14.30000 15.46335 85.00012
30 4 17 22 41 1221.88000 5.87946000 69.30000 14.30000 15.46335 85.00012
30 4 17 22 41 1219.53000 5.87946000 69.20010 14.30000 15.46335 85.00012
30 4 17 22 42 1219.54100 5.87946000 69.20010 14.30000 15.46335 85.50000
30 4 17 22 43 1221.59900 5.87926000 69.20010 14.30000 15.46335 85.50000
30 4 17 22 43 1219.34200 5.87926000 69.78685 14.30000 15.21498 85.50000
30 4 17 22 44 1218.91600 5.87926000 69.49907 14.30000 15.21498 85.50000
30 4 17 22 44 1221.63000 5.87926000 69.49907 14.30000 15.21498 85.50000
30 4 17 22 45 1221.86700 5.87926000 69.49907 14.30000 15.21498 85.50000
30 4 17 22 45 1221.86700 5.87926000 69.40000 14.30000 15.21498 85.50000
30 4 17 22 46 1216.12700 5.87926000 69.40000 14.34900 15.21498 85.50000
30 4 17 22 46 1218.92900 5.87926000 69.40000 14.34900 15.21498 85.50000
30 4 17 22 47 1218.92900 5.87926000 69.40000 14.34900 15.21498 85.50000
30 4 17 22 47 1217.31100 5.87926000 69.40000 14.34900 15.21498 85.50000
30 4 17 22 48 1218.93400 5.88000000 69.40000 14.34900 15.21498 85.50000
30 4 17 22 48 1218.93200 5.88000000 69.28876 14.34900 15.21498 85.50000
30 4 17 22 49 1217.16300 5.87989000 69.28000 14.34900 15.21498 85.50000
30 4 17 22 49 1218.93100 5.87986000 69.40000 14.35060 15.21498 85.50000
30 4 17 22 50 1218.93100 5.87986000 69.40000 14.35060 15.21498 85.50000
30 4 17 22 50 1218.93300 5.87986000 69.40000 14.35060 15.21498 85.50000
30 4 17 22 51 1219.85900 5.81106000 69.76333 14.35060 15.21498 85.50000
30 4 17 22 51 1221.36900 5.81106000 69.76333 14.35060 15.21492 85.50000
30 4 17 22 52 1221.63000 5.81106000 69.40001 14.35060 15.21492 85.50000
30 4 17 22 52 1221.63000 5.81106000 69.41201 14.35060 15.21492 85.50000
30 4 17 22 53 1221.13900 5.81106000 69.41202 14.35060 15.21492 85.50000
30 4 17 22 53 1221.13000 5.88000000 69.41202 14.35060 15.21492 85.50000
30 4 17 22 54 1221.00000 5.88000000 69.41202 14.35060 15.21492 85.50000
30 4 17 22 54 1221.63000 5.89908000 69.69998 14.35060 15.21492 85.50000
30 4 17 22 55 1221.00000 5.89908000 69.69998 14.35060 15.21492 85.50000
30 4 17 22 55 1221.00000 5.89896000 69.76309 14.35060 15.21492 85.55000
30 4 17 22 56 1221.00000 5.89896000 69.69998 14.40580 15.21492 85.55000
30 4 17 22 56 1221.93000 5.89896000 69.69998 14.40580 15.21492 85.55000
30 4 17 22 57 1221.93000 5.89896000 69.69998 14.40580 15.21492 85.55000
30 4 17 22 57 1217.33000 5.89896000 69.76308 14.40580 15.21492 85.55000
30 4 17 22 58 1221.93000 5.89870000 69.76308 14.41799 15.21492 85.55000
30 4 17 22 58 1221.92900 5.89870000 69.81999 14.41799 15.21492 85.55000
30 4 17 22 59 1221.92900 5.89870000 69.81997 14.41799 15.21492 85.55000
30 4 17 22 59 1221.93000 5.89870000 69.86999 14.41799 15.21492 85.55000
30 4 17 23 00 1221.90400 5.89870000 69.64999 14.41800 15.46086 86.26961
30 4 17 23 00 1221.90400 5.89870000 69.86987 14.41800 15.46086 85.55000
30 4 17 23 01 1221.93000 5.89870000 69.86986 14.41800 15.46086 85.55000
30 4 17 23 01 1221.92900 5.86500000 69.55010 14.40588 15.46054 85.55000
30 4 17 23 02 1221.57200 5.86500000 69.86982 14.39700 15.46054 85.55000
30 4 17 23 02 1221.57200 5.86500000 69.86986 14.39700 15.46054 85.55000
30 4 17 23 03 1221.57200 5.86500000 69.86986 14.39700 15.46054 85.55000
30 4 17 23 03 1221.55900 5.86500000 69.86987 14.39700 15.21550 85.55000
30 4 17 23 04 1220.01200 5.86500000 69.87000 14.39700 15.21520 85.55000
30 4 17 23 04 1220.01200 5.86500000 69.88000 14.39700 15.21520 85.55000
30 4 17 23 05 1218.10700 5.86500000 69.88000 14.40500 15.40000 85.55000
30 4 17 23 06 1218.12000 5.86500000 69.88000 14.37500 15.25000 85.55000
30 4 17 23 06 1220.99900 5.86500000 69.88000 14.33700 15.25000 85.55000
30 4 17 23 07 1217.64900 5.86500000 69.88000 14.33700 15.25000 85.55000
30 4 17 23 07 1217.64900 5.86500000 69.99876 14.33700 15.25000 85.55000
30 4 17 23 08 1217.77800 5.86500000 70.00000 14.33700 15.25000 85.55000
30 4 17 23 08 1220.98700 5.85000000 70.00000 14.33700 15.25000 85.55000
30 4 17 23 09 1220.98700 5.85000000 70.00000 14.33700 15.25000 85.55000
30 4 17 23 09 1219.50100 5.85000000 70.00050 14.33700 15.25000 85.55000
30 4 17 23 10 1221.43400 5.85000000 70.36600 14.33700 15.21840 85.55000
30 4 17 23 10 1221.43400 5.85000000 70.33300 14.33700 15.21840 85.55000
30 4 17 23 11 1221.43400 5.85000000 70.36591 14.34400 15.21840 85.55000
30 4 17 23 11 1219.59400 5.85000000 70.30488 14.33700 15.20000 85.55000
30 4 17 23 12 1219.51400 5.85000000 70.36599 14.33700 15.16507 85.50000
30 4 17 23 12 1219.51400 5.87000000 70.36600 14.33700 15.16507 86.44797
30 4 17 23 13 1219.59300 5.87000000 70.49868 14.33700 15.32222 85.50010
30 4 17 23 13 1219.59200 5.87000000 70.50000 14.37500 15.32222 85.50000
30 4 17 23 14 1219.59200 5.87000000 70.51000 14.37500 15.32222 85.50000
30 4 17 23 14 1219.59200 5.85000000 70.51000 14.37500 15.32222 85.50000
30 4 17 23 15 1218.48500 5.87000000 70.55712 14.37500 15.35105 85.50010
30 4 17 23 15 1218.48400 5.87000000 70.67000 14.37500 15.35105 85.50010
30 4 17 23 16 1219.55100 5.87000000 70.80000 14.37500 15.39990 85.50010
30 4 17 23 16 1219.31400 5.87000000 70.80000 14.37500 15.39990 85.50010
30 4 17 23 17 1219.31400 5.84569000 70.94888 14.37500 15.39990 85.50010
30 4 17 23 17 1219.31400 5.84569000 70.94888 14.37500 15.39990 85.50010
30 4 17 23 18 1219.31400 5.84569000 70.93232 14.37500 15.39990 85.50010
30 4 17 23 18 1219.31400 5.84569000 70.94888 14.37500 15.39990 85.50010
30 4 17 23 19 1219.39000 5.84569000 70.94888 14.37500 15.39990 85.50010
30 4 17 23 19 1220.98500 5.87000000 70.50001 14.37500 15.39990 85.50010
30 4 17 23 20 1219.39000 5.87000000 70.50843 14.37500 15.39990 85.50010
30 4 17 23 20 1219.39000 5.87000000 70.50843 14.37500 15.39990 85.50010
30 4 17 23 21 1219.94000 5.87000000 70.60298 14.37500 15.36812 85.50010
30 4 17 23 21 1219.40200 5.87000000 70.60316 14.37500 15.36812 85.50010
30 4 17 23 22 1219.93600 5.87000000 70.60316 14.37500 15.36812 85.50010
30 4 17 23 22 1219.93600 5.87000000 70.89993 14.37500 15.36812 85.50010
30 4 17 23 23 1219.93600 5.87000000 70.80297 14.37500 15.36812 85.50010
30 4 17 23 23 1219.93600 5.87000000 70.80000 14.33700 15.36812 85.50010
30 4 17 23 24 1219.92700 5.87000000 70.80000 14.33700 15.36812 85.50010
30 4 17 23 25 1219.40200 5.87000000 70.80000 14.33700 15.36812 85.50010
30 4 17 23 25 1219.40200 5.87000000 70.80000 14.33700 15.36812 85.50010
30 4 17 23 26 1219.92300 5.87000000 70.79999 14.33700 15.36812 85.50010
30 4 17 23 26 1219.92500 5.87000000 70.79999 14.33700 15.36812 85.70000
30 4 17 23 27 1219.92500 5.88843000 70.60185 14.33700 15.36812 85.49999
30 4 17 23 27 1219.94000 5.88843000 70.60185 14.33700 15.36038 85.49999
30 4 17 23 28 1220.90000 5.88843000 70.50186 14.33700 15.36038 85.49999
30 4 17 23 28 1220.99800 5.88843000 70.40196 14.33700 15.36038 85.49999
30 4 17 23 29 1220.80000 5.88843000 70.40186 14.33700 15.36038 85.49999
30 4 17 23 29 1220.80000 5.88843000 70.30186 14.33700 15.36038 85.49999
30 4 17 23 30 1219.50100 5.88843000 70.35186 14.33700 15.36038 85.49999
30 4 17 23 30 1220.80000 5.88843000 70.25187 14.33700 15.36038 85.49999
30 4 17 23 31 1220.70000 5.88843000 70.00001 14.33700 15.36038 85.49999
30 4 17 23 31 1220.70000 5.88843000 70.00001 14.33700 15.36038 85.49999
30 4 17 23 32 1219.51300 5.88843000 70.10000 14.33700 15.36038 85.49999
30 4 17 23 32 1221.30000 5.88843000 70.25182 14.33700 15.36038 85.00000
30 4 17 23 33 1219.80000 5.88843000 70.25186 14.33700 15.36038 85.21250
30 4 17 23 33 1219.80000 5.88843000 70.30186 14.33700 15.36038 85.21250
30 4 17 23 34 1221.30000 5.88843000 70.33000 14.33700 15.36038 85.21250
30 4 17 23 34 1221.55600 5.90000000 70.73232 14.33700 15.36038 85.21250
30 4 17 23 35 1221.91900 5.90000000 70.50193 14.33700 15.18553 85.21250
30 4 17 23 35 1220.35000 5.90000000 70.88224 14.33700 15.18553 85.21250
30 4 17 23 36 1220.35000 5.90000000 70.88221 14.33700 15.18553 85.21250
30 4 17 23 36 1221.91900 5.90000000 70.88221 14.33700 15.18553 85.21250
30 4 17 23 37 1220.38100 5.90000000 70.88219 14.33700 15.18553 85.69900
30 4 17 23 37 1221.93000 5.91000000 70.88219 14.33700 15.18553 85.69900
30 4 17 23 38 1221.92900 5.91000000 70.88219 14.33700 15.18553 85.69900
30 4 17 23 38 1221.93000 5.91000000 70.88219 14.36298 15.18553 85.69900
30 4 17 23 39 1219.84000 5.92000000 70.99994 14.36298 15.18553 85.21260
30 4 17 23 39 1219.84000 5.92500000 70.67007 14.36298 15.18553 85.21260
30 4 17 23 40 1219.84000 5.92500000 70.99994 14.36298 15.18553 85.21260
30 4 17 23 40 1219.85200 5.92500000 70.50000 14.36298 15.18553 85.21260
30 4 17 23 41 1219.85200 5.94745000 70.90000 14.36298 15.18553 85.21260
30 4 17 23 41 1219.98700 5.92500000 70.90000 14.33900 15.18553 85.21260
30 4 17 23 42 1220.00000 5.94734000 70.90000 14.31800 15.18553 85.00000
30 4 17 23 42 1219.76800 5.92500000 70.90000 14.31800 15.18553 85.00000
30 4 17 23 43 1221.89900 5.94728000 70.86000 14.31732 15.18553 85.21250
30 4 17 23 43 1221.89900 5.91005000 70.86000 14.31732 15.18553 85.21250
30 4 17 23 44 1219.85200 5.97502000 70.61038 14.31732 15.18553 85.21250
30 4 17 23 44 1221.88400 5.95997000 70.61045 14.31732 15.18553 85.21250
30 4 17 23 45 1221.88600 5.95997000 70.61054 14.29900 15.49799 85.00000
30 4 17 23 45 1221.11100 5.95997000 70.85002 14.27300 15.49799 85.00000
30 4 17 23 46 1221.89900 5.97482000 70.85002 14.27300 15.49799 85.00000
30 4 17 23 47 1221.11200 5.97482000 70.61135 14.27300 15.49799 85.00000
30 4 17 23 47 1223.98900 5.97470000 70.85002 14.27300 15.49799 84.95000
30 4 17 23 48 1223.87400 5.97470000 70.85002 14.28700 15.49799 84.95000
30 4 17 23 48 1223.86500 5.97000000 70.92320 14.29000 15.11585 84.95000
30 4 17 23 49 1221.12400 5.95000000 71.00000 14.25600 15.11585 84.95000
30 4 17 23 49 1223.41700 5.95000000 71.00000 14.25601 15.11585 84.95000
30 4 17 23 50 1223.30500 5.95000000 71.00000 14.25601 15.11585 84.95000
30 4 17 23 50 1221.23600 5.95230000 71.00000 14.27900 15.11585 84.95000
30 4 17 23 51 1221.57400 5.97443000 71.00000 14.27900 15.11585 84.95000
30 4 17 23 51 1221.57400 5.97443000 71.00000 14.27900 15.11585 84.95000
30 4 17 23 52 1221.57400 5.97443000 71.00000 14.27900 15.11585 84.95000
30 4 17 23 52 1221.57400 5.97430000 70.99999 14.27900 15.11585 84.95000
30 4 17 23 53 1223.39400 5.97430000 70.99999 14.27900 15.49857 84.95000
30 4 17 23 53 1223.38100 5.97424000 70.99900 14.27900 15.49857 85.69255
30 4 17 23 54 1223.40800 5.97420000 71.00000 14.27900 15.49857 84.65000
30 4 17 23 54 1223.41100 5.97420000 71.00000 14.27900 15.49857 84.65000
30 4 17 23 55 1223.71600 5.97420000 71.00000 14.28900 15.49857 84.65000
30 4 17 23 55 1223.41300 5.97420000 71.00000 14.25600 15.49857 84.65000
30 4 17 23 56 1223.00000 5.97407000 71.00000 14.25600 15.49857 84.65000
30 4 17 23 56 1221.86000 5.97407000 71.00000 14.25600 15.49857 84.65000
30 4 17 23 57 1223.60300 5.94001000 71.00000 14.25600 15.49857 84.65000
30 4 17 23 57 1223.71400 5.90100000 71.00000 14.25600 15.49857 84.65000
30 4 17 23 58 1221.86000 5.85681000 71.00000 14.25600 15.49857 84.65000
30 4 17 23 58 1221.86000 5.80703000 70.78239 14.25600 15.49857 84.65000
30 4 17 23 59 1221.87200 5.84996000 70.78239 14.25600 15.49857 84.65000
30 4 17 23 59 1223.99000 5.80230000 71.00000 14.25600 15.49857 84.65000
