18 5 17 06 47 1662.20100 5.81000000 83.89999 23.72961 13.90078 83.53219
18 5 17 06 48 1663.58000 5.81001000 83.89998 23.61317 13.90078 83.53318
18 5 17 06 49 1668.00000 5.78904000 83.89996 23.61319 13.90078 84.77884
18 5 17 06 49 1668.00100 5.78904000 83.98000 23.61317 13.90097 83.53362
18 5 17 06 50 1669.99800 5.78904000 84.00999 23.61316 13.90097 83.53362
18 5 17 06 50 1669.99900 5.81961000 84.00999 23.60002 13.90101 83.53363
18 5 17 06 51 1670.00000 5.78907000 84.09997 23.84728 13.90101 84.76977
18 5 17 06 51 1670.00000 5.81961000 84.36702 23.60000 13.90000 84.76965
18 5 17 06 52 1671.50000 5.81961000 84.01002 23.49161 13.90000 84.76965
18 5 17 06 52 1671.49000 5.81961000 84.01005 23.49161 13.90000 84.76975
18 5 17 06 53 1671.50000 5.81961000 84.01007 23.49161 13.90000 84.76975
18 5 17 06 53 1670.90000 5.81961000 84.11007 23.77079 13.90000 84.76975
18 5 17 06 54 1670.50000 5.81961000 84.46520 23.77088 13.90000 83.53478
18 5 17 06 54 1671.48300 5.81949000 84.11015 23.85000 13.90104 83.53478
18 5 17 06 55 1671.50000 5.81949000 84.15000 23.85000 14.08216 83.53478
18 5 17 06 55 1670.50000 5.81900000 84.15000 23.85000 14.08216 83.53478
18 5 17 06 56 1671.00000 5.82000000 84.14999 23.85000 14.08216 83.53478
18 5 17 06 56 1670.00000 5.81999000 84.00001 23.84998 14.08216 83.53478
18 5 17 06 57 1670.00000 5.81999000 84.15000 23.89997 14.08216 83.53478
18 5 17 06 57 1670.98300 5.81999000 84.10000 23.89997 14.08216 83.53478
18 5 17 06 58 1670.98300 5.81998000 83.65865 23.85000 14.08216 83.53478
18 5 17 06 59 1670.00000 5.82000000 84.10000 23.85000 14.08216 83.53478
18 5 17 06 59 1671.50000 5.82000000 84.09997 23.85000 14.08216 83.53478
18 5 17 07 00 1670.00000 5.82000000 84.09997 23.85000 14.08216 83.53478
18 5 17 07 00 1671.48000 5.82000000 83.95000 23.84997 14.08216 83.53478
18 5 17 07 01 1670.45000 5.82000000 83.70017 23.85000 14.08216 83.53478
18 5 17 07 01 1670.33900 5.80000000 83.70020 23.87999 14.08216 83.53478
18 5 17 07 01 1670.45000 5.80000000 83.70036 23.88000 14.08216 83.53478
18 5 17 07 02 1671.46100 5.80000000 83.70027 23.89500 14.08216 83.53478
18 5 17 07 03 1669.85400 5.76392000 84.00000 23.89503 14.08216 83.53478
18 5 17 07 03 1667.00000 5.76392000 83.81001 23.95038 14.08216 83.53478
18 5 17 07 04 1663.32600 5.76392000 84.00000 23.89503 14.08216 83.53478
18 5 17 07 04 1660.97400 5.76000000 84.00000 23.95038 14.08216 83.53478
18 5 17 07 05 1667.78900 5.76000000 84.00000 23.95040 14.08216 83.53478
18 5 17 07 05 1667.67500 5.76000000 84.00000 23.95040 14.08216 83.53478
18 5 17 07 06 1661.18100 5.76000000 84.40000 23.84995 14.08216 83.53478
18 5 17 07 06 1665.10300 5.76000000 84.39999 23.95040 14.08216 83.53478
18 5 17 07 07 1665.10000 5.76000000 84.39999 23.95040 14.08216 83.53478
18 5 17 07 07 1667.25400 5.76000000 84.37999 23.95040 14.08216 83.53478
18 5 17 07 08 1665.21600 5.76000000 84.39000 23.95040 14.08216 83.53478
18 5 17 07 08 1665.21600 5.77000000 84.30000 23.95040 14.08216 83.53478
18 5 17 07 09 1667.14100 5.77000000 84.30000 24.00000 14.08216 83.53478
18 5 17 07 09 1667.14000 5.77000000 84.38999 23.84995 14.08216 83.53478
18 5 17 07 10 1667.14100 5.77000000 84.38999 23.84995 14.08216 83.53478
18 5 17 07 10 1667.77500 5.77000000 84.38980 23.99995 14.08216 83.53478
18 5 17 07 11 1667.94800 5.77000000 84.30000 23.99993 14.08216 83.53478
18 5 17 07 11 1665.22000 5.77000000 84.03023 23.99993 14.08216 83.53478
18 5 17 07 12 1668.29900 5.77000000 84.03009 23.99993 14.08216 83.53478
18 5 17 07 12 1668.30000 5.77000000 84.40000 23.99993 14.08216 83.53478
18 5 17 07 13 1668.29900 5.77000000 84.04005 23.99988 14.08216 83.53949
18 5 17 07 13 1668.29000 5.79497000 84.52000 23.99000 14.08216 84.74953
18 5 17 07 14 1668.00000 5.79497000 84.52000 23.98999 14.08216 84.74953
18 5 17 07 14 1669.27400 5.79497000 84.49031 24.00000 14.08216 84.74953
18 5 17 07 15 1668.00000 5.79499000 84.52001 23.99999 14.08216 83.53993
18 5 17 07 15 1669.41200 5.81000000 84.52003 23.98586 14.08216 83.53993
18 5 17 07 16 1671.00000 5.81998000 84.52000 24.00000 14.08216 83.53993
18 5 17 07 16 1668.01000 5.81998000 84.70000 24.00000 14.08216 83.53993
18 5 17 07 17 1670.00000 5.82000000 84.73481 24.00000 14.08216 83.53993
18 5 17 07 18 1671.90000 5.82000000 84.54300 24.00000 14.08216 83.53993
18 5 17 07 18 1671.74800 5.82000000 84.60006 24.15040 14.08216 83.53993
18 5 17 07 19 1670.00100 5.81999000 84.69000 24.00858 14.08216 83.53993
18 5 17 07 19 1671.88400 5.82000000 84.69000 24.00000 14.08216 83.53993
18 5 17 07 20 1670.01600 5.83000000 84.68000 24.00000 14.08216 83.53993
18 5 17 07 20 1669.50800 5.81999000 84.60000 24.28309 14.08216 83.53993
18 5 17 07 21 1669.40000 5.77001000 84.52001 24.28309 14.08216 83.53993
18 5 17 07 21 1669.40000 5.77001000 84.60000 24.00863 14.07500 83.53993
18 5 17 07 22 1669.41600 5.77001000 84.60000 24.15040 14.07497 83.53993
18 5 17 07 22 1669.41600 5.77013000 84.60000 24.15040 14.07497 83.53993
18 5 17 07 23 1669.41600 5.76358000 84.60000 24.15040 14.07498 84.49964
18 5 17 07 23 1669.50800 5.76007000 84.60000 24.15040 14.07500 84.60000
18 5 17 07 24 1670.27800 5.76007000 84.59999 24.15040 14.07500 84.00000
18 5 17 07 24 1669.40000 5.76009000 84.72000 24.14220 14.07500 84.60000
18 5 17 07 25 1669.56900 5.82122000 84.71997 24.28277 14.07500 84.60000
18 5 17 07 25 1669.56900 5.82971000 84.71999 24.14226 14.07500 84.60000
18 5 17 07 26 1668.04200 5.82971000 84.71999 24.14227 14.07500 84.60000
18 5 17 07 26 1668.04200 5.80000000 84.71999 24.14228 14.07500 84.60000
18 5 17 07 27 1667.22300 5.80000000 84.72000 24.45155 14.07500 84.60000
18 5 17 07 27 1663.00000 5.80000000 84.79900 24.36335 14.07500 84.60000
18 5 17 07 28 1669.49200 5.76002000 84.80000 24.36000 14.07500 84.60000
18 5 17 07 28 1666.51300 5.74011000 84.80000 24.36000 14.07500 84.60000
18 5 17 07 29 1661.43000 5.74011000 84.80000 24.17966 14.07483 84.60000
18 5 17 07 29 1661.43000 5.77001000 84.72000 24.17964 14.07483 84.60000
18 5 17 07 30 1660.90100 5.79990000 84.79999 24.17961 14.07483 84.60000
18 5 17 07 30 1660.90000 5.74026000 84.80000 24.01002 14.07483 84.60000
18 5 17 07 31 1660.85400 5.76976000 84.79000 24.17959 14.07483 84.60000
18 5 17 07 31 1660.80300 5.76975000 84.79999 24.01926 14.07483 84.60000
18 5 17 07 32 1660.80300 5.74018000 84.80000 24.01928 14.07483 84.60000
18 5 17 07 32 1660.80300 5.74018000 84.80000 24.01928 14.07483 84.60000
18 5 17 07 33 1660.17200 5.74000000 84.83893 24.36325 14.07483 84.60000
18 5 17 07 33 1660.90000 5.74000000 84.83893 24.36325 13.90372 84.60000
18 5 17 07 34 1660.88300 5.76973000 84.83892 24.36325 13.90372 84.60000
18 5 17 07 34 1660.00000 5.76973000 84.82000 24.36325 13.90372 84.60000
18 5 17 07 35 1660.91100 5.72466000 84.83893 24.29998 13.90372 84.60000
18 5 17 07 35 1660.89400 5.72466000 84.84000 24.30000 13.90372 84.60000
18 5 17 07 36 1660.89500 5.72466000 84.83993 24.30000 13.90372 84.60000
18 5 17 07 36 1660.91500 5.72466000 84.84000 24.01000 13.90372 84.60000
18 5 17 07 37 1661.02600 5.75000000 84.89000 24.19707 13.90372 84.60000
18 5 17 07 37 1661.00000 5.75000000 84.89000 24.01000 13.90372 84.60000
18 5 17 07 38 1661.02600 5.75000000 84.89000 24.00860 13.90372 84.60000
18 5 17 07 38 1666.56700 5.75000000 84.90000 24.00860 13.90372 84.60000
18 5 17 07 39 1666.56700 5.75000000 84.94990 24.01007 13.90372 84.60000
18 5 17 07 39 1666.56700 5.71001000 84.99898 24.00859 13.90372 84.60000
18 5 17 07 40 1664.38700 5.71001000 84.99900 24.01001 13.90372 84.60000
18 5 17 07 41 1666.56700 5.71001000 84.99900 24.00860 13.90372 84.60000
18 5 17 07 41 1665.00000 5.71002000 84.99900 24.01003 13.90372 84.60000
18 5 17 07 42 1668.65200 5.71002000 84.99990 23.99999 13.90372 84.60000
18 5 17 07 42 1669.42900 5.73969000 85.00000 24.00000 13.90372 84.60000
18 5 17 07 42 1668.65200 5.73969000 85.07022 24.01009 13.90372 84.60000
18 5 17 07 43 1670.00000 5.73970000 85.25000 24.01009 13.90372 83.53416
18 5 17 07 44 1669.99900 5.73970000 85.49995 24.01013 13.90372 83.53416
18 5 17 07 44 1668.65200 5.71007000 85.49000 23.90003 13.90372 83.53416
18 5 17 07 44 1668.70000 5.71007000 85.48998 24.21673 13.90372 83.53416
18 5 17 07 45 1668.66800 5.71007000 85.49000 24.21673 13.90372 83.53416
18 5 17 07 46 1669.72900 5.71007000 85.39009 24.21673 13.90372 83.53416
18 5 17 07 46 1669.74700 5.71007000 85.49000 23.91021 13.90372 84.79000
18 5 17 07 47 1668.00000 5.71007000 85.49980 24.01006 13.90372 84.79000
18 5 17 07 47 1668.00000 5.71007000 85.39012 23.91023 13.90372 84.79000
18 5 17 07 48 1667.99900 5.71007000 85.49995 24.01149 13.90372 84.79000
18 5 17 07 48 1669.78700 5.71007000 85.49995 24.10000 13.90372 84.80000
18 5 17 07 49 1672.42900 5.71007000 85.00011 23.91023 13.90372 84.80164
18 5 17 07 49 1666.00000 5.71007000 85.00000 24.50000 13.90372 84.99999
18 5 17 07 50 1675.00000 5.79754000 85.48085 24.50000 13.90372 84.74755
18 5 17 07 50 1666.01800 5.79754000 85.48086 24.21013 13.90372 85.06000
18 5 17 07 51 1665.00100 5.82121000 85.48085 23.91024 14.07394 85.19999
18 5 17 07 51 1670.00000 5.82122000 85.00028 24.06401 14.07391 84.74767
18 5 17 07 52 1667.08800 5.83500000 85.47999 23.91022 14.07391 84.74767
18 5 17 07 52 1670.00000 5.83500000 85.00047 24.00000 14.07391 84.74767
18 5 17 07 53 1666.42900 5.83500000 85.49000 24.00000 14.07391 84.74767
18 5 17 07 53 1669.99500 5.84999000 85.48998 24.00002 14.07391 84.74767
18 5 17 07 54 1668.00000 5.84999000 85.00087 24.00002 14.07391 84.74799
18 5 17 07 54 1673.00400 5.84999000 85.48800 24.21924 14.07391 84.74799
18 5 17 07 55 1669.98100 5.84999000 85.49995 24.49998 14.07391 84.74799
18 5 17 07 55 1668.00000 5.84998000 85.50000 24.49998 14.07391 84.74799
18 5 17 07 56 1669.00000 5.84998000 85.48892 24.49999 14.07391 84.74799
18 5 17 07 56 1667.28100 5.85000000 85.48893 24.29945 14.07391 84.74799
18 5 17 07 57 1667.10600 5.85600000 85.48892 24.49997 14.07391 84.74799
18 5 17 07 57 1669.35700 5.85600000 85.72023 24.49996 14.07391 84.74799
18 5 17 07 58 1667.13400 5.83500000 85.72023 24.49996 14.07391 84.74799
18 5 17 07 58 1671.70000 5.88000000 85.74999 24.49996 14.07391 84.74799
18 5 17 07 59 1671.69800 5.88880000 85.03017 24.10225 14.07391 84.74799
18 5 17 08 00 1667.15000 5.89000000 85.74999 24.10225 14.07391 84.74799
18 5 17 08 00 1671.58300 5.89000000 85.79000 24.10227 14.07391 84.74799
18 5 17 08 01 1668.00000 5.89000000 85.79999 24.10227 14.07391 84.74763
18 5 17 08 01 1671.56300 5.89700000 85.74999 24.10227 14.07391 84.74763
18 5 17 08 02 1671.56400 5.89800000 85.74998 24.10316 14.07391 84.74753
18 5 17 08 02 1671.98300 5.89800000 85.19666 24.10233 14.07391 84.74753
18 5 17 08 02 1670.00000 5.89800000 85.40023 24.34283 14.07391 84.74753
18 5 17 08 03 1668.58300 5.89800000 85.80000 24.00003 14.07391 84.74753
18 5 17 08 04 1668.58300 5.89999000 85.79999 24.34281 14.07365 85.19998
18 5 17 08 04 1670.97900 5.89999000 85.80000 24.34266 14.07365 84.74765
18 5 17 08 05 1666.55700 5.89999000 85.50002 24.34266 14.07365 84.74765
18 5 17 08 05 1669.99900 5.89999000 85.51001 24.00871 14.07365 84.74765
18 5 17 08 06 1667.31300 5.92000000 85.79888 24.00871 13.90492 85.19998
18 5 17 08 06 1666.42900 5.92000000 85.79000 24.00871 14.07360 85.19998
18 5 17 08 07 1669.98300 5.92000000 85.79888 24.00871 14.07360 85.19998
18 5 17 08 07 1669.90000 5.92000000 85.79888 24.01893 14.07360 84.74783
18 5 17 08 08 1670.00000 5.92000000 85.79888 24.01893 14.07360 84.74783
18 5 17 08 08 1669.96500 5.92000000 85.60003 24.01893 14.07360 84.74743
18 5 17 08 09 1667.31800 5.92000000 85.79880 24.34280 14.08801 84.74783
18 5 17 08 09 1666.50000 5.92000000 85.79000 24.03390 14.10000 84.74783
18 5 17 08 10 1669.98100 5.92000000 85.78000 24.34294 14.10000 84.74783
18 5 17 08 10 1669.98100 5.92000000 85.78000 24.34299 14.10000 84.74783
18 5 17 08 11 1669.98100 5.92916000 85.78000 24.04016 14.10000 84.74783
18 5 17 08 11 1666.51600 5.92000000 85.70001 24.04016 14.10000 85.49394
18 5 17 08 12 1666.51600 5.92000000 85.78000 24.34288 14.10000 85.49394
18 5 17 08 12 1665.00000 5.92000000 85.70010 24.34284 14.10000 85.49394
18 5 17 08 13 1668.80000 5.92000000 85.75000 24.34284 14.15906 85.49394
18 5 17 08 13 1665.12700 5.83655000 85.74000 24.34284 14.15906 85.49394
18 5 17 08 14 1666.82200 5.83655000 85.70000 24.34281 14.10000 85.49394
18 5 17 08 14 1669.75700 5.83655000 85.70000 24.34278 13.94888 84.74755
18 5 17 08 15 1663.61800 5.83670000 85.73999 24.34278 13.94888 84.74744
18 5 17 08 15 1669.40500 5.83670000 85.75000 24.10041 13.94888 84.74755
18 5 17 08 16 1669.40300 5.93754000 85.74005 24.48999 13.94888 84.74755
18 5 17 08 16 1669.17900 5.93754000 85.74007 24.48999 13.94888 84.74755
18 5 17 08 17 1663.63600 5.93754000 85.80000 24.10000 13.94888 84.74755
18 5 17 08 17 1663.58000 5.93754000 85.80000 24.03354 13.94888 84.74755
18 5 17 08 18 1663.63500 5.93754000 85.77900 24.01437 13.94888 84.74755
18 5 17 08 18 1663.58000 5.93754000 85.85100 24.01437 13.94888 84.74755
18 5 17 08 19 1666.31100 5.93754000 85.80000 24.01437 13.94888 85.49393
18 5 17 08 19 1666.31000 5.93754000 85.85999 24.01437 13.94888 85.49392
18 5 17 08 20 1667.67800 5.93754000 85.77890 24.48999 13.94888 85.49392
18 5 17 08 20 1663.97000 5.93754000 85.77903 24.01442 13.94888 85.49392
18 5 17 08 21 1668.75800 5.93754000 85.77903 24.01000 13.94888 85.49392
18 5 17 08 21 1664.19200 5.90000000 85.77903 24.00873 13.94888 85.49392
18 5 17 08 22 1666.56900 5.90000000 85.73999 24.00873 13.94888 85.49392
18 5 17 08 22 1668.87000 5.90000000 85.86000 23.86815 13.94888 85.49392
18 5 17 08 23 1664.43000 5.90000000 85.85000 23.84995 13.94888 85.49392
18 5 17 08 24 1664.44600 5.90000000 85.85005 24.24864 13.94888 85.49392
18 5 17 08 24 1666.55000 5.90000000 85.85000 24.24864 13.94888 85.49392
18 5 17 08 24 1663.92500 5.90100000 85.86000 23.90002 13.94888 85.49392
18 5 17 08 25 1663.68000 5.90100000 85.78007 23.90002 13.94888 85.49392
18 5 17 08 26 1663.93000 5.90100000 85.60083 23.90005 13.94888 85.49392
18 5 17 08 26 1665.36800 5.91991000 85.89000 23.99991 13.94888 85.49349
18 5 17 08 27 1664.98000 5.83814000 85.88000 23.99991 13.94888 85.49349
18 5 17 08 27 1665.47800 5.83814000 85.88000 23.99991 13.94888 85.49349
18 5 17 08 28 1664.12400 5.82143000 85.60012 23.90003 13.94888 85.49349
18 5 17 08 28 1665.46000 5.82143000 85.89000 23.90003 13.94888 85.49349
18 5 17 08 29 1665.47000 5.82156000 85.89000 23.90002 13.94888 85.49349
18 5 17 08 29 1666.50000 5.82162000 85.89800 23.90002 13.94888 85.49349
18 5 17 08 30 1666.50000 5.82162000 85.89999 23.90002 13.94888 85.49349
18 5 17 08 30 1665.49600 5.82162000 85.91786 23.90002 13.94888 85.49349
18 5 17 08 31 1665.99700 5.82162000 85.91786 24.00000 13.94888 85.49349
18 5 17 08 31 1665.47900 5.82194000 85.92010 23.90003 13.94888 85.49349
18 5 17 08 32 1663.80700 5.82196000 85.92010 23.90002 13.94888 85.49349
18 5 17 08 32 1666.49000 5.82196000 85.92010 23.99999 13.94888 85.49349
18 5 17 08 33 1663.58000 5.82196000 85.92010 23.90000 13.94888 85.49349
18 5 17 08 33 1663.59600 5.82196000 85.90000 23.99994 13.94888 85.49349
18 5 17 08 34 1665.40200 5.82196000 85.90000 23.99994 13.94888 85.49349
18 5 17 08 34 1663.56100 5.84996000 85.90000 23.99994 13.94888 85.49349
18 5 17 08 35 1663.43900 5.84996000 85.89949 23.99988 13.94888 85.49349
18 5 17 08 35 1663.40900 5.84996000 85.89950 23.99985 13.94968 85.49349
18 5 17 08 36 1661.21000 5.84996000 85.90000 23.99986 13.94968 85.49349
18 5 17 08 36 1663.27000 5.77306000 85.93230 23.85487 13.94968 85.49349
18 5 17 08 37 1663.27900 5.77306000 85.91900 23.85487 14.09988 85.49349
18 5 17 08 37 1661.11100 5.85000000 85.85001 23.85487 14.09988 84.75160
18 5 17 08 38 1660.04800 5.85000000 85.91800 23.84996 14.09988 84.75160
18 5 17 08 38 1660.04800 5.85000000 85.85000 23.84995 14.09988 84.75160
18 5 17 08 39 1660.03900 5.88000000 85.89950 23.84995 14.09988 84.75160
18 5 17 08 39 1659.01000 5.87998000 85.89750 23.84995 14.09988 84.75160
18 5 17 08 40 1660.01000 5.87999000 85.90000 23.84996 14.09988 84.75160
18 5 17 08 40 1660.00800 5.87999000 85.85001 23.84996 14.09988 84.75160
18 5 17 08 41 1659.02600 5.87999000 85.88850 23.84995 14.09988 84.75160
18 5 17 08 41 1657.60000 5.87999000 85.85003 23.84996 14.09988 84.75160
18 5 17 08 42 1659.99000 5.87999000 85.88000 23.84996 14.09988 84.75160
18 5 17 08 42 1659.98900 5.87999000 85.87000 23.84996 14.09963 84.75160
18 5 17 08 43 1659.99500 5.87997000 85.86950 23.84996 14.09963 84.75160
18 5 17 08 43 1659.96000 5.87995000 85.87000 23.97998 14.09963 84.75160
18 5 17 08 44 1659.96900 5.87995000 85.88900 23.84996 14.09963 84.75160
18 5 17 08 44 1657.60000 5.87995000 85.87000 23.84995 14.09963 84.75160
18 5 17 08 45 1659.94900 5.87995000 85.80001 23.84995 14.09963 84.75160
18 5 17 08 45 1656.94700 5.87995000 85.70000 23.84996 14.09963 84.75160
18 5 17 08 46 1655.41500 5.87995000 85.63033 23.84995 14.09963 84.75160
18 5 17 08 46 1657.00000 5.77639000 85.63082 23.80001 14.09963 85.49300
18 5 17 08 47 1657.00000 5.77639000 85.71769 23.80001 13.94855 85.49300
18 5 17 08 48 1655.30000 5.77639000 85.71771 23.82300 13.94855 85.49300
18 5 17 08 48 1659.06200 5.77639000 85.35015 23.80000 13.94855 85.49300
18 5 17 08 49 1655.30000 5.77639000 85.81950 23.80000 13.98000 85.49300
18 5 17 08 49 1656.56000 5.77639000 85.53865 23.80000 13.98000 85.49300
18 5 17 08 50 1656.97000 5.77639000 85.70000 23.61730 13.98000 85.49251
18 5 17 08 50 1655.31600 5.77639000 85.80000 23.63041 13.98000 85.49251
18 5 17 08 51 1655.33000 5.77639000 85.75003 23.77814 13.98000 85.49251
18 5 17 08 51 1659.73300 5.77639000 85.79000 23.79997 13.98000 85.49251
18 5 17 08 52 1655.30000 5.77639000 85.80156 23.80000 13.98000 85.49395
18 5 17 08 52 1655.30000 5.77639000 85.83000 23.60000 13.98000 85.94451
18 5 17 08 53 1654.90600 5.77639000 85.85000 23.60000 14.09856 85.94451
18 5 17 08 53 1655.30000 5.77639000 85.85000 24.02660 14.09856 85.94451
18 5 17 08 54 1657.54500 5.77639000 85.84998 23.60001 14.09852 85.72899
18 5 17 08 54 1659.74100 5.77639000 85.84999 23.59996 14.09852 85.72899
18 5 17 08 55 1656.11100 5.77755000 85.84999 23.51231 14.09852 85.72899
18 5 17 08 55 1657.59600 5.77755000 85.84999 23.51231 14.09852 85.72899
18 5 17 08 56 1657.59600 5.77761000 85.84999 23.50000 14.09852 85.72899
18 5 17 08 56 1657.59600 5.77761000 85.84201 23.50000 14.09852 85.72899
18 5 17 08 57 1657.59600 5.77761000 85.84995 23.50000 14.09852 85.51455
18 5 17 08 57 1657.59500 5.77761000 85.84997 23.50000 14.09852 85.51465
18 5 17 08 58 1654.68600 5.77761000 85.84998 23.50000 14.09852 85.51465
18 5 17 08 58 1652.61000 5.87471000 85.75156 23.35989 14.09852 85.51465
18 5 17 08 59 1654.30800 5.78605000 85.84999 23.35989 14.09852 85.51465
18 5 17 08 59 1654.30800 5.78605000 85.88580 23.50000 14.09852 85.51465
18 5 17 09 00 1654.30800 5.78605000 85.89990 23.50000 14.09852 84.37022
18 5 17 09 00 1654.30800 5.78605000 85.90000 23.50000 14.09852 84.37022
18 5 17 09 01 1654.30800 5.78605000 85.90000 23.50000 14.09852 84.37022
18 5 17 09 01 1654.30800 5.78626000 85.89999 23.59994 14.09852 84.37022
18 5 17 09 02 1654.30800 5.78626000 85.91000 23.59994 14.09852 84.37022
18 5 17 09 02 1654.30800 5.78626000 85.98151 23.60000 14.09852 84.37022
18 5 17 09 03 1652.74000 5.78626000 85.99900 23.35276 14.09852 84.37022
18 5 17 09 03 1651.38000 5.78640000 85.99999 23.60001 14.09852 85.94948
18 5 17 09 04 1650.00100 5.78644000 85.88580 23.38383 14.09852 85.94948
18 5 17 09 04 1650.00200 5.78638000 85.91012 23.50000 14.09852 85.94948
18 5 17 09 05 1650.01100 5.78638000 86.00000 23.40000 13.94854 85.94948
18 5 17 09 05 1650.01100 5.78638000 85.35032 23.40000 13.94854 85.94948
18 5 17 09 06 1649.42900 5.78638000 85.98800 23.40000 13.90656 85.94948
18 5 17 09 06 1649.42900 5.78640000 85.62001 23.40000 13.90667 85.94948
18 5 17 09 07 1648.02000 5.77228000 85.89900 23.40000 13.90667 85.94948
18 5 17 09 07 1648.00000 5.77025000 85.98449 23.50000 13.90667 85.94948
18 5 17 09 08 1647.20000 5.75019000 85.37804 23.50000 13.90667 85.94948
18 5 17 09 08 1647.20000 5.75000000 85.88000 23.23000 13.90667 85.94948
18 5 17 09 09 1647.19900 5.75000000 85.41968 23.49997 13.90667 85.94948
18 5 17 09 10 1647.19900 5.75000000 85.35494 23.49996 13.90667 84.40044
18 5 17 09 10 1647.20000 5.74364000 85.69900 23.30160 13.90667 84.40044
18 5 17 09 11 1648.90000 5.74367000 85.69000 23.26054 13.90667 84.40044
18 5 17 09 11 1648.34100 5.74367000 85.42946 23.30158 13.90667 84.40044
18 5 17 09 11 1647.20200 5.74385000 85.80000 23.30158 13.90667 84.40044
18 5 17 09 12 1650.35800 5.74385000 85.87947 23.30155 13.90667 84.40044
18 5 17 09 13 1650.61700 5.74363000 85.69000 23.30157 13.90688 84.40044
18 5 17 09 13 1649.88400 5.73550000 85.70020 23.30157 13.90688 84.40044
18 5 17 09 14 1650.61700 5.73550000 85.69000 23.30157 13.90688 84.40044
18 5 17 09 14 1650.50000 5.73550000 85.69050 23.30157 13.90688 84.40256
18 5 17 09 15 1650.05000 5.73550000 85.68949 23.49980 13.90000 84.40256
18 5 17 09 15 1649.90000 5.73550000 85.31002 23.49978 13.90000 84.40291
18 5 17 09 16 1649.88400 5.73550000 85.32000 23.49978 13.90001 84.40291
18 5 17 09 16 1650.60000 5.73550000 84.79879 23.49978 13.90001 84.40291
18 5 17 09 17 1648.61700 5.73550000 85.00000 23.49978 13.90001 84.40345
18 5 17 09 17 1651.19700 5.73550000 84.90000 23.49978 13.90001 84.40345
18 5 17 09 18 1647.25100 5.73550000 84.90000 23.04703 13.90001 84.40345
18 5 17 09 18 1653.67500 5.73550000 84.99800 23.30249 13.90001 84.40345
18 5 17 09 19 1650.04800 5.74097000 85.00000 23.26900 13.90003 84.40345
18 5 17 09 19 1654.30900 5.74097000 83.79365 23.04700 13.90000 84.40345
18 5 17 09 20 1650.04800 5.74097000 84.99890 23.22000 13.90000 84.40345
18 5 17 09 20 1648.50100 5.74097000 84.90001 23.22299 13.90001 84.40345
18 5 17 09 21 1648.50100 5.74097000 84.83949 23.26899 13.90000 84.40345
18 5 17 09 21 1648.50000 5.74097000 84.83949 23.23000 13.90001 84.40345
18 5 17 09 22 1648.08700 5.81950000 84.65045 23.19400 13.90000 84.40345
18 5 17 09 22 1653.15900 5.81950000 84.50005 23.19401 13.90000 84.40345
18 5 17 09 23 1648.51600 5.74301000 84.01000 23.15100 13.90002 84.40345
18 5 17 09 23 1648.08700 5.74301000 84.50000 23.15100 13.90002 84.40345
18 5 17 09 24 1648.08700 5.74552000 84.30575 23.14999 13.90002 84.40345
18 5 17 09 24 1648.07100 5.74552000 84.00000 23.14999 13.90000 84.40345
18 5 17 09 25 1647.20000 5.75000000 84.00000 23.14999 13.90000 84.40345
18 5 17 09 26 1647.07000 5.75006000 84.00000 23.14999 13.90000 84.40345
18 5 17 09 26 1647.24800 5.75006000 84.00000 23.14999 13.87643 84.50036
18 5 17 09 27 1647.24700 5.74762000 84.42300 23.14997 13.87643 84.50036
18 5 17 09 27 1650.61900 5.74910000 84.42300 23.14997 13.87643 84.50036
18 5 17 09 28 1648.24100 5.74911000 84.50000 23.14997 13.87643 84.50036
18 5 17 09 28 1653.36600 5.74911000 84.74000 23.15000 13.89999 84.50051
18 5 17 09 29 1648.25700 5.75011000 84.99950 23.15000 13.89999 84.50051
18 5 17 09 29 1653.34800 5.75011000 85.10969 23.30248 13.89999 84.50051
18 5 17 09 30 1653.33100 5.75011000 85.19910 23.30247 13.89999 84.50051
18 5 17 09 30 1654.34000 5.75011000 85.01065 23.15002 13.89999 84.50051
18 5 17 09 31 1655.00000 5.75011000 85.19992 23.15002 13.89999 84.50051
18 5 17 09 31 1655.00000 5.78011000 85.19890 23.27698 13.89999 84.50051
18 5 17 09 32 1653.36300 5.87999000 85.19890 23.45347 13.89999 84.50051
18 5 17 09 32 1653.57800 5.87487000 85.12000 23.45344 13.89999 84.50051
18 5 17 09 33 1653.57800 5.78120000 85.09575 23.45341 13.89999 84.50051
18 5 17 09 33 1654.75700 5.78120000 84.75000 23.15001 13.89999 84.50051
18 5 17 09 34 1654.98300 5.78120000 85.00000 23.15001 13.89999 84.50051
18 5 17 09 34 1650.00000 5.78120000 84.81000 23.15004 13.89999 84.50051
18 5 17 09 35 1648.57700 5.78120000 84.83593 23.14996 13.70679 84.50051
18 5 17 09 35 1653.35200 5.78120000 84.69670 23.05100 13.70679 84.50051
18 5 17 09 36 1653.99900 5.78120000 84.83592 23.05100 13.70679 84.50051
18 5 17 09 36 1648.57600 5.78120000 84.83592 23.05000 13.70679 84.50051
18 5 17 09 37 1648.28200 5.78122000 84.50000 23.01300 13.70679 84.50051
18 5 17 09 37 1648.39300 5.78122000 84.50000 23.01300 13.70679 84.50051
18 5 17 09 38 1647.97800 5.78122000 84.49995 23.03400 13.70679 84.50051
18 5 17 09 38 1648.30600 5.78122000 84.50000 23.01300 13.70679 84.50364
18 5 17 09 39 1648.11100 5.78122000 84.49999 23.03400 13.70679 84.50364
18 5 17 09 39 1645.39100 5.78122000 84.49999 23.14899 13.70679 85.93461
18 5 17 09 40 1648.11100 5.74024000 84.48000 23.14899 13.70679 84.50377
18 5 17 09 40 1652.56000 5.74024000 84.49999 23.14899 13.70679 85.71976
18 5 17 09 41 1644.82700 5.74024000 84.50000 23.12680 13.70679 85.71976
18 5 17 09 41 1650.17800 5.74024000 84.59999 23.00000 13.70679 85.71976
18 5 17 09 42 1650.17500 5.74024000 84.83593 23.04982 13.70679 85.71976
18 5 17 09 42 1643.85600 5.74024000 84.83546 23.05000 13.70679 85.71976
18 5 17 09 43 1643.96700 5.74024000 84.83593 23.04984 13.70679 85.71976
18 5 17 09 43 1650.08000 5.74024000 84.83593 23.00001 13.70679 85.71976
18 5 17 09 44 1649.61600 5.75001000 84.80000 23.00000 13.89996 85.71976
18 5 17 09 45 1643.56300 5.75001000 84.80000 23.00000 13.89996 85.71976
18 5 17 09 45 1645.10400 5.75001000 84.79800 23.00000 13.89996 85.71976
18 5 17 09 45 1645.32600 5.75001000 84.79999 23.00000 13.76799 85.71976
18 5 17 09 46 1648.16600 5.75001000 84.80000 23.00000 13.76799 85.71976
18 5 17 09 46 1645.43700 5.75001000 84.83592 23.00000 13.76799 84.50536
18 5 17 09 47 1643.31700 5.75001000 85.00000 23.00000 13.76799 84.50536
18 5 17 09 48 1648.16400 5.75001000 85.00000 23.00002 13.76799 84.50536
18 5 17 09 48 1648.16200 5.75001000 84.99999 23.00000 13.76799 84.50572
18 5 17 09 49 1649.36900 5.79971000 84.99999 23.00000 13.89996 84.50573
18 5 17 09 49 1640.85600 5.79971000 84.41322 23.00000 13.89996 84.50573
18 5 17 09 50 1647.21300 5.75001000 84.98646 23.00000 13.89996 84.50604
18 5 17 09 50 1647.21300 5.75001000 85.09999 23.00000 13.89996 84.50604
18 5 17 09 51 1640.11000 5.75001000 85.00000 22.87302 13.89996 84.50604
18 5 17 09 51 1645.89800 5.75001000 85.00000 22.98120 13.89996 84.50604
18 5 17 09 52 1646.20000 5.75001000 85.09993 22.90067 14.05884 84.50604
18 5 17 09 52 1645.89800 5.75001000 85.10000 22.89200 14.05884 84.50604
18 5 17 09 52 1645.89800 5.75001000 85.10000 22.89200 14.05884 84.50604
18 5 17 09 53 1646.07000 5.75001000 85.18985 22.83200 14.05884 84.50604
18 5 17 09 54 1647.10000 5.75001000 85.18985 22.87301 13.90744 84.50604
18 5 17 09 54 1646.30000 5.75001000 85.18000 22.87301 13.90744 84.50604
18 5 17 09 55 1641.23400 5.75001000 85.00009 22.87000 13.90744 84.50604
18 5 17 09 55 1646.88900 5.75001000 85.10000 22.87000 13.90744 85.50326
18 5 17 09 56 1645.19600 5.75001000 85.09994 22.92200 13.90744 85.50326
18 5 17 09 56 1646.55300 5.75001000 85.10000 22.87000 13.90744 85.50326
18 5 17 09 57 1647.10000 5.75001000 85.17890 22.92197 13.90744 85.50326
18 5 17 09 57 1647.09000 5.75001000 85.17890 22.92197 13.90744 85.50326
18 5 17 09 58 1647.09000 5.75001000 85.17890 22.92197 13.90744 85.50550
18 5 17 09 58 1647.00000 5.75001000 85.16992 22.87000 13.90744 85.50550
18 5 17 09 59 1647.00000 5.75001000 85.10001 22.87000 13.90744 85.50550
18 5 17 09 59 1647.00000 5.75001000 85.17000 22.83100 14.00000 85.50550
18 5 17 10 00 1647.09000 5.75001000 84.80139 22.83100 14.00000 85.50550
18 5 17 10 00 1647.10000 5.75001000 85.10001 22.83100 13.99999 84.50563
18 5 17 10 01 1646.90000 5.75001000 85.00000 22.83100 14.00000 84.50563
18 5 17 10 01 1646.90000 5.74000000 85.10007 22.90300 14.00000 84.50563
18 5 17 10 02 1650.00000 5.74000000 85.00001 22.90300 14.00004 84.50563
18 5 17 10 02 1647.01600 5.74000000 85.12000 22.90300 14.00004 84.50563
18 5 17 10 03 1650.39200 5.74000000 85.12000 22.90300 14.00004 84.50563
18 5 17 10 03 1650.55700 5.74000000 85.12000 22.88700 14.00004 84.50563
18 5 17 10 04 1647.01600 5.74001000 85.12000 22.84800 14.00004 84.50563
18 5 17 10 04 1647.01600 5.74001000 85.18941 22.86700 14.00004 84.50563
18 5 17 10 05 1651.90900 5.74001000 85.18941 22.80009 14.00004 84.50563
18 5 17 10 05 1647.84600 5.74001000 85.18942 22.90298 14.00004 84.50563
18 5 17 10 06 1649.99900 5.74001000 85.18990 22.84794 14.00004 84.50563
18 5 17 10 06 1651.68700 5.74001000 85.39519 22.90299 14.00004 84.50563
18 5 17 10 07 1653.32800 5.74001000 85.18942 22.90299 14.00004 84.50712
18 5 17 10 07 1650.01600 5.74001000 85.18991 22.90299 14.00004 84.50712
18 5 17 10 08 1653.51400 5.74001000 85.39270 22.88500 14.00004 84.50712
18 5 17 10 08 1653.73800 5.74001000 85.39170 22.81008 14.00004 84.50712
18 5 17 10 09 1653.73900 5.74001000 85.39120 22.90299 14.06281 84.50712
18 5 17 10 09 1653.32800 5.74001000 85.39120 22.88500 14.06281 84.50712
18 5 17 10 10 1653.70000 5.74001000 85.19000 22.90299 14.08050 84.50712
18 5 17 10 10 1653.79800 5.74001000 85.18941 22.90500 14.08050 84.50712
18 5 17 10 11 1653.79800 5.74001000 85.18941 22.90500 14.08050 84.50712
18 5 17 10 12 1655.00000 5.79998000 85.37948 22.90500 14.07385 84.50712
18 5 17 10 12 1653.32700 5.79998000 85.18942 22.90500 14.08050 84.50712
18 5 17 10 13 1653.32700 5.79998000 85.34899 22.90500 14.08050 84.50712
18 5 17 10 13 1655.00000 5.79998000 85.34800 22.92500 14.08050 84.50712
18 5 17 10 14 1653.34300 5.79998000 85.34799 22.92500 14.14776 84.50712
18 5 17 10 14 1653.34300 5.79998000 85.34799 22.92500 14.14776 84.50764
18 5 17 10 15 1655.30000 5.79991000 85.00000 22.92500 14.14776 84.50764
18 5 17 10 15 1653.50000 5.79991000 85.32897 22.90500 14.22769 84.50764
18 5 17 10 16 1653.50500 5.79991000 84.80156 22.90500 14.26704 84.50764
18 5 17 10 16 1651.71700 5.79991000 84.90500 22.90500 14.26704 84.50764
18 5 17 10 17 1653.50500 5.79991000 84.80171 22.92700 14.26704 84.50764
18 5 17 10 17 1653.48800 5.79991000 84.80171 22.90500 14.26704 84.50764
18 5 17 10 18 1651.71700 5.79991000 84.70001 22.90500 14.26704 84.50764
18 5 17 10 18 1652.00000 5.79991000 84.85110 22.88000 14.26704 84.50764
18 5 17 10 18 1652.00000 5.79991000 84.85060 22.88003 14.26704 84.50764
18 5 17 10 19 1653.50400 5.79991000 84.85110 22.92897 14.26684 84.50764
18 5 17 10 20 1653.47000 5.79991000 84.73250 22.96100 14.26684 84.50764
18 5 17 10 20 1653.47000 5.79991000 84.85155 22.88000 14.26704 84.50764
18 5 17 10 21 1653.47000 5.79991000 84.85060 22.88000 14.26704 84.50764
18 5 17 10 21 1653.47000 5.79991000 84.85156 22.88000 14.26704 84.50764
18 5 17 10 22 1653.50500 5.79991000 84.85112 22.87000 14.26704 85.55998
18 5 17 10 22 1653.50400 5.79991000 84.85060 22.87000 14.26704 85.55998
18 5 17 10 23 1653.50400 5.79991000 84.85060 22.92898 14.28122 85.55998
18 5 17 10 23 1653.48800 5.79991000 84.85010 22.92900 14.30412 85.55998
18 5 17 10 24 1653.50500 5.74005000 84.80017 22.92900 14.30412 85.55998
18 5 17 10 24 1652.20100 5.74005000 84.80000 22.92900 14.30412 85.55998
18 5 17 10 25 1653.50400 5.74005000 84.80000 22.92900 14.30412 85.55998
18 5 17 10 25 1652.03200 5.74005000 84.52110 22.92900 14.34461 85.55998
18 5 17 10 26 1652.00000 5.74005000 84.52110 22.92900 14.34461 85.55998
18 5 17 10 26 1652.03200 5.80000000 84.32996 22.82510 14.34481 85.55998
18 5 17 10 27 1653.47100 5.80000000 84.32996 22.82510 14.34481 85.55998
18 5 17 10 27 1653.39300 5.80000000 84.32996 22.82510 14.34543 84.51173
18 5 17 10 28 1653.50000 5.80000000 84.32996 22.90499 14.34543 84.51173
18 5 17 10 28 1650.14200 5.80000000 84.69060 22.86700 14.34543 84.51173
18 5 17 10 29 1650.03000 5.80000000 84.33030 22.86700 14.34543 84.51173
18 5 17 10 29 1650.00000 5.80000000 84.33030 22.85682 14.34542 84.51173
18 5 17 10 30 1650.00000 5.80000000 84.33028 22.82528 14.34542 84.51173
18 5 17 10 30 1650.00000 5.80000000 84.33017 22.82528 14.34542 84.51173
18 5 17 10 31 1650.00000 5.80000000 84.33030 22.82528 14.34542 84.51173
18 5 17 10 31 1650.40000 5.80000000 84.33030 22.84800 14.34543 84.51173
18 5 17 10 32 1653.48700 5.80000000 84.33030 22.82527 14.34543 84.51173
18 5 17 10 32 1650.38300 5.80000000 84.33030 22.82525 14.34543 84.51173
18 5 17 10 33 1650.62800 5.80000000 84.33031 22.82525 14.34543 84.51173
18 5 17 10 33 1650.62800 5.80000000 84.33031 22.81500 14.34543 84.51173
18 5 17 10 34 1647.65100 5.80000000 84.33031 22.81501 14.34543 85.55990
18 5 17 10 34 1647.00000 5.79299000 84.33031 22.82900 14.34542 85.55990
18 5 17 10 35 1646.42900 5.78499000 84.33032 22.82900 14.30412 85.55990
18 5 17 10 35 1646.41700 5.78499000 84.33030 22.80001 14.30412 85.55990
18 5 17 10 36 1646.41700 5.78499000 84.33030 22.80001 14.34543 85.55990
18 5 17 10 36 1646.42900 5.78499000 84.33030 22.84000 14.35335 85.55990
18 5 17 10 37 1646.42900 5.78499000 84.33032 22.84000 14.35335 85.55990
18 5 17 10 38 1646.42900 5.78499000 84.33030 22.80000 14.35593 85.55990
18 5 17 10 38 1653.42800 5.78499000 84.33003 22.83000 14.38600 85.55990
18 5 17 10 39 1648.27200 5.78499000 84.33000 22.83000 14.38600 85.55990
18 5 17 10 39 1653.41100 5.78499000 84.33000 22.84000 14.38696 85.55990
18 5 17 10 40 1653.41100 5.74000000 84.20064 22.84000 14.38698 85.55990
18 5 17 10 40 1653.50000 5.74000000 84.20063 22.84000 14.38698 85.55990
18 5 17 10 41 1648.28700 5.74000000 84.10004 22.84000 14.40000 85.55990
18 5 17 10 41 1648.62000 5.74000000 84.10006 22.84000 14.40000 85.55990
18 5 17 10 42 1648.84200 5.74000000 84.20000 22.84000 14.40000 85.55990
18 5 17 10 42 1648.15900 5.74000000 84.33033 22.80000 14.40143 85.55990
18 5 17 10 43 1651.41700 5.78368000 84.33001 22.80000 14.40143 85.55990
18 5 17 10 43 1651.41000 5.78368000 84.33001 22.88095 14.40143 85.55990
18 5 17 10 44 1648.50000 5.78368000 84.74950 22.81900 14.40143 85.55990
18 5 17 10 44 1651.37000 5.78368000 84.74950 22.81900 14.40143 85.55990
18 5 17 10 45 1651.39900 5.78368000 84.69850 22.81900 14.40143 85.55990
18 5 17 10 45 1651.40000 5.78368000 84.69850 22.81900 14.40000 85.55990
18 5 17 10 46 1653.46500 5.78368000 84.49949 22.90000 14.40000 85.55990
18 5 17 10 46 1653.46500 5.77558000 84.79370 22.90000 14.40000 85.55990
18 5 17 10 47 1653.46500 5.77558000 84.74978 22.90000 14.40000 85.55990
18 5 17 10 47 1650.56400 5.77558000 84.49953 22.92198 14.44786 85.55990
18 5 17 10 48 1650.09000 5.77558000 84.78998 22.87800 14.44786 85.55990
18 5 17 10 48 1651.36000 5.77558000 84.74930 22.80001 14.44786 85.55990
18 5 17 10 49 1651.33000 5.77558000 84.46206 22.80001 14.44786 85.55990
18 5 17 10 49 1651.31900 5.77558000 84.46160 22.80001 14.44786 85.55990
18 5 17 10 50 1650.12200 5.77558000 84.46000 22.89995 14.37980 85.55990
18 5 17 10 50 1650.00000 5.77558000 84.10000 22.80000 14.37980 85.55990
18 5 17 10 51 1650.01600 5.77558000 84.46000 22.89987 14.44803 84.52500
18 5 17 10 51 1650.01000 5.77558000 84.45998 22.89987 14.57000 84.52043
18 5 17 10 52 1650.00000 5.77751000 84.45950 22.89980 14.57000 84.52043
18 5 17 10 52 1650.12200 5.77751000 84.45942 22.89980 14.57000 84.52043
18 5 17 10 53 1651.30200 5.77751000 84.45890 22.89988 14.57000 84.52067
18 5 17 10 53 1651.30200 5.77751000 84.45823 22.89988 14.56157 84.52067
18 5 17 10 54 1650.01600 5.77751000 84.45822 22.89000 14.56157 84.52067
18 5 17 10 54 1650.99000 5.77751000 84.45822 22.80900 14.56157 84.52067
18 5 17 10 55 1651.30200 5.77751000 84.39899 22.80900 14.56157 84.52067
18 5 17 10 55 1650.00000 5.77751000 84.11000 22.81000 14.56157 84.52067
18 5 17 10 56 1650.90000 5.77751000 84.11000 22.81000 14.56157 84.52067
18 5 17 10 56 1650.90000 5.77751000 84.11000 22.81000 14.56157 84.52067
18 5 17 10 57 1650.90000 5.77751000 84.11001 22.88000 14.37141 84.52067
18 5 17 10 57 1650.90000 5.77751000 84.10000 22.87998 14.37515 84.52067
18 5 17 10 58 1650.90000 5.77751000 84.00000 22.87499 14.37515 84.52067
18 5 17 10 58 1650.88000 5.77751000 84.00000 22.87496 14.37515 84.52067
18 5 17 10 59 1650.87000 5.77608000 83.99950 22.85997 14.37515 84.52067
18 5 17 10 59 1650.55300 5.77608000 83.64040 22.85995 14.37515 84.52067
18 5 17 11 00 1650.55300 5.77608000 83.64000 22.82300 14.37515 84.52067
18 5 17 11 00 1649.21000 5.77608000 83.64000 22.82300 14.37515 84.52067
18 5 17 11 01 1649.99900 5.77608000 83.64000 22.82300 14.37515 84.52067
18 5 17 11 01 1650.00000 5.71003000 83.64002 22.82300 14.37533 84.52067
18 5 17 11 02 1650.54000 5.71003000 83.64002 22.82300 14.37533 84.52067
18 5 17 11 02 1650.54000 5.71003000 83.64000 22.78101 14.37533 84.52067
18 5 17 11 03 1650.55300 5.71003000 83.64000 22.78101 14.37533 84.52067
18 5 17 11 03 1650.55300 5.71003000 83.91950 22.78101 14.37533 84.52067
18 5 17 11 04 1650.53100 5.71003000 83.79999 22.78101 14.37533 84.52067
18 5 17 11 05 1650.53100 5.71003000 83.79999 22.81101 14.37533 84.52067
18 5 17 11 05 1650.90000 5.71003000 83.79840 22.81101 14.37533 84.52067
18 5 17 11 05 1650.89000 5.71003000 83.64000 22.81101 14.37533 84.52067
18 5 17 11 06 1650.80600 5.71003000 83.79823 22.81101 14.37533 84.52067
18 5 17 11 06 1651.28500 5.71003000 83.79823 22.81101 14.37533 84.52067
18 5 17 11 07 1651.28500 5.71003000 83.70000 22.81101 14.37569 84.52067
18 5 17 11 08 1652.00000 5.71003000 83.50000 22.90000 14.37569 84.52067
18 5 17 11 08 1652.00000 5.71003000 83.50000 22.90000 14.37569 84.52067
18 5 17 11 09 1651.99900 5.70000000 83.50000 22.90000 14.37569 84.52067
18 5 17 11 09 1652.00000 5.76496000 83.70000 22.90000 14.37569 84.52067
18 5 17 11 10 1651.02600 5.76496000 83.69701 22.90000 14.37569 84.52067
18 5 17 11 10 1651.11100 5.76500000 83.59998 22.90000 14.37569 84.52067
18 5 17 11 11 1652.33700 5.76500000 83.55000 22.90000 14.37569 84.52067
18 5 17 11 11 1653.40000 5.76500000 83.60000 22.90000 14.37569 84.52067
18 5 17 11 12 1652.32000 5.76500000 83.50055 22.87800 14.37569 84.52067
18 5 17 11 12 1650.93300 5.76500000 83.60000 22.87800 14.37569 84.52067
18 5 17 11 13 1653.37600 5.76500000 83.50056 22.87800 14.37569 84.52067
18 5 17 11 13 1650.46600 5.76500000 83.26000 22.87800 14.37569 84.52067
18 5 17 11 14 1649.22600 5.76500000 83.50050 22.90000 14.37569 84.52067
18 5 17 11 14 1653.35400 5.76500000 83.30001 22.90000 14.37569 84.50035
18 5 17 11 15 1650.93300 5.71005000 83.49950 22.86000 14.37569 84.50035
18 5 17 11 15 1650.93300 5.71005000 83.49950 22.86000 14.37569 84.50038
18 5 17 11 16 1653.33100 5.71005000 83.49950 22.86000 14.37569 84.50038
18 5 17 11 16 1650.93300 5.71005000 83.25999 22.97085 14.37569 84.50035
18 5 17 11 17 1653.31800 5.71005000 83.25999 22.97085 14.37569 84.50035
18 5 17 11 17 1650.93300 5.71005000 83.05000 22.97085 14.37569 84.50035
18 5 17 11 18 1653.35300 5.71005000 83.02002 22.97082 14.37569 84.50035
18 5 17 11 18 1650.94900 5.79746000 83.02004 22.90000 14.37569 85.35238
18 5 17 11 19 1650.50000 5.79746000 83.25849 22.97078 14.55000 85.35238
18 5 17 11 19 1648.50000 5.79746000 83.05002 22.97078 14.55000 85.35238
18 5 17 11 20 1648.49000 5.72003000 83.25798 22.97072 14.55000 85.35238
18 5 17 11 20 1648.30000 5.72003000 83.25750 22.95599 14.55000 85.35238
18 5 17 11 21 1648.32300 5.72003000 83.00101 22.97072 14.55000 85.35238
18 5 17 11 21 1647.99600 5.72003000 83.00101 22.97072 14.40000 84.50057
18 5 17 11 22 1653.17100 5.72003000 83.25548 22.97072 14.40000 84.50057
18 5 17 11 22 1652.50000 5.78969000 83.25000 22.97072 14.40000 84.50057
18 5 17 11 23 1652.48000 5.78969000 83.24898 22.97072 14.40000 84.50057
18 5 17 11 23 1652.47000 5.78969000 83.00000 22.97072 14.40000 84.50057
18 5 17 11 24 1652.46000 5.78968000 83.00103 22.97072 14.40000 84.50057
18 5 17 11 24 1652.49500 5.78968000 83.24850 22.93801 14.40000 84.50057
18 5 17 11 25 1652.42900 5.78968000 82.99085 22.93801 14.40000 84.50057
18 5 17 11 25 1648.48900 5.72006000 82.60314 22.93801 14.40000 84.50057
18 5 17 11 26 1648.34600 5.72006000 82.64898 22.93701 14.40000 84.50057
18 5 17 11 26 1648.32400 5.72006000 83.23950 22.93701 14.40000 84.50057
18 5 17 11 27 1648.32300 5.72006000 83.23950 22.93701 14.37582 84.50057
18 5 17 11 27 1648.32300 5.72006000 82.80000 22.93701 14.37582 84.50057
18 5 17 11 28 1648.32300 5.72006000 82.80000 22.93701 14.37582 84.50057
18 5 17 11 28 1648.33000 5.72006000 82.60319 22.93701 14.51738 84.50057
18 5 17 11 29 1648.32300 5.72006000 82.60315 22.93701 14.51738 84.50000
18 5 17 11 29 1649.18100 5.72006000 82.60314 22.93701 14.51738 84.50000
18 5 17 11 30 1648.33900 5.72006000 82.51484 22.93701 14.51738 85.39661
18 5 17 11 31 1648.32300 5.72006000 82.61000 22.93701 14.51738 84.50012
18 5 17 11 31 1648.32300 5.72006000 82.61000 22.93701 14.51738 84.50013
18 5 17 11 31 1648.32400 5.72006000 82.60314 22.93701 14.51738 84.50013
18 5 17 11 32 1648.32300 5.72006000 82.60314 22.93701 14.51738 84.50030
18 5 17 11 33 1648.33900 5.72006000 82.60400 22.93701 14.51738 84.50000
18 5 17 11 33 1650.38000 5.72006000 82.60951 22.93701 14.51738 84.50000
18 5 17 11 34 1650.38500 5.72006000 82.60999 22.93701 14.51736 84.50000
18 5 17 11 34 1648.93700 5.77392000 82.60999 22.93701 14.51736 84.50000
18 5 17 11 35 1648.93700 5.77392000 82.60996 22.93701 14.51736 84.50000
18 5 17 11 35 1650.38100 5.77392000 82.60997 22.93701 14.51736 84.50000
18 5 17 11 36 1648.52100 5.72006000 82.60997 22.93701 14.51736 84.50000
18 5 17 11 36 1650.38000 5.72006000 83.12882 22.93701 14.51738 84.50000
18 5 17 11 37 1648.41000 5.72006000 82.61051 22.93701 14.51738 84.50000
18 5 17 11 37 1652.99000 5.72006000 82.99943 22.93701 14.51738 84.50000
18 5 17 11 38 1652.86500 5.72006000 82.50000 22.93701 14.51738 84.50000
18 5 17 11 38 1649.04900 5.72006000 82.99721 22.93701 14.51738 84.50000
18 5 17 11 39 1649.16000 5.72006000 82.51003 22.93700 14.51740 84.50000
18 5 17 11 39 1652.82000 5.72006000 82.95000 22.93700 14.51740 84.50000
18 5 17 11 40 1652.80800 5.72006000 82.50000 22.93700 14.51745 84.50000
18 5 17 11 40 1652.80600 5.72006000 82.94780 22.93700 14.51745 84.50000
18 5 17 11 41 1653.36100 5.72006000 82.94780 22.93701 14.51747 84.50000
18 5 17 11 41 1653.54300 5.72006000 82.94780 22.93701 14.37649 84.50000
18 5 17 11 42 1654.42800 5.72006000 82.94375 22.93701 14.37649 84.50000
18 5 17 11 42 1654.00000 5.72006000 82.92950 22.93701 14.37649 84.40011
18 5 17 11 43 1654.40000 5.76868000 82.92783 23.00000 14.37649 84.40011
18 5 17 11 43 1655.29000 5.76868000 82.60019 23.00000 14.37649 84.40011
18 5 17 11 44 1654.19800 5.72006000 82.60034 23.00000 14.37649 84.40011
18 5 17 11 44 1655.30000 5.72006000 82.60034 23.00000 14.37649 84.40011
18 5 17 11 45 1655.30000 5.72006000 82.70000 23.10899 14.37649 84.40011
18 5 17 11 45 1655.30000 5.72006000 82.92470 23.10899 14.37649 84.40011
18 5 17 11 46 1655.30000 5.72006000 82.92468 23.10899 14.37649 84.40011
18 5 17 11 46 1655.30000 5.72006000 82.92568 23.10899 14.51750 84.40011
18 5 17 11 47 1655.30000 5.72006000 82.94950 23.10899 14.51750 84.40011
18 5 17 11 47 1655.30000 5.72006000 82.92568 23.10899 14.51750 84.40011
18 5 17 11 48 1655.03300 5.72006000 83.19000 23.10899 14.51750 84.40032
18 5 17 11 48 1654.03300 5.72006000 83.19000 23.10899 14.51750 84.40032
18 5 17 11 49 1655.07000 5.70002000 82.93950 23.10899 14.51750 84.40032
18 5 17 11 49 1654.95800 5.70002000 82.94000 23.00300 14.51750 84.40032
18 5 17 11 50 1654.71700 5.70002000 82.99999 23.00300 14.51750 84.40032
18 5 17 11 50 1653.36000 5.70002000 82.93950 23.02299 14.51750 84.40032
18 5 17 11 51 1653.52000 5.70002000 82.93950 23.03900 14.51750 84.40032
18 5 17 11 51 1653.40000 5.70002000 82.94000 23.03900 14.51750 84.40032
18 5 17 11 52 1653.33900 5.68009000 82.94000 23.03000 14.51750 84.40032
18 5 17 11 53 1654.55900 5.71985000 82.92568 23.03000 14.51750 84.40032
18 5 17 11 53 1652.89000 5.71985000 82.93949 23.03000 14.51750 84.40032
18 5 17 11 54 1654.52900 5.71985000 82.60059 23.03896 14.51750 84.40032
18 5 17 11 54 1654.00000 5.65410000 82.60059 23.00000 14.51750 84.40032
18 5 17 11 55 1652.01800 5.63470000 82.60059 23.00000 14.51750 84.40032
18 5 17 11 55 1654.00000 5.63470000 82.92318 23.00000 14.51750 84.40032
18 5 17 11 56 1653.99900 5.70000000 82.94000 23.20500 14.51750 84.40032
18 5 17 11 56 1652.03400 5.70000000 82.94000 23.20500 14.51750 84.40032
18 5 17 11 57 1652.20600 5.70000000 82.88873 23.09700 14.57000 84.40032
18 5 17 11 57 1654.00000 5.63522000 82.60095 23.07700 14.56998 84.40032
18 5 17 11 58 1654.00000 5.63523000 82.88603 23.07700 14.56998 84.40032
18 5 17 11 58 1654.00900 5.65103000 82.60001 23.09694 14.56998 84.40032
18 5 17 11 59 1654.00000 5.70000000 82.88489 23.09692 14.56998 84.40032
18 5 17 11 59 1654.53000 5.70000000 82.88489 23.09692 14.56997 84.40032
18 5 17 12 00 1654.53000 5.70000000 82.88400 23.09692 14.56997 84.40032
18 5 17 12 00 1654.51800 5.70000000 82.88560 23.09692 14.56997 84.40032
18 5 17 12 01 1654.54300 5.70000000 82.88460 23.09692 14.56997 84.40032
18 5 17 12 01 1654.58000 5.70000000 82.54890 23.09692 14.56997 84.40032
18 5 17 12 02 1654.52900 5.70000000 82.85000 23.01700 14.56997 84.40032
18 5 17 12 02 1654.88000 5.70000000 82.84950 23.00107 14.56997 84.40032
18 5 17 12 03 1654.54300 5.70000000 82.84900 23.00107 14.56997 84.40032
18 5 17 12 03 1654.55000 5.70000000 82.84900 23.08101 14.57000 84.40032
18 5 17 12 04 1654.54000 5.70000000 82.83028 23.08101 14.57000 84.40032
18 5 17 12 04 1654.89000 5.70000000 82.81110 23.03200 14.57000 84.40032
18 5 17 12 05 1653.47200 5.70000000 82.81110 23.03200 14.57000 84.40032
18 5 17 12 05 1654.87000 5.70000000 82.81110 23.03200 14.57000 84.40032
18 5 17 12 06 1654.75000 5.75932000 82.81110 23.03200 14.57000 84.40032
18 5 17 12 06 1654.75000 5.74814000 82.59090 23.07700 14.57000 84.40032
18 5 17 12 07 1654.87000 5.74814000 82.79737 23.13860 14.57000 84.40032
18 5 17 12 07 1654.88300 5.74814000 82.79737 23.09700 14.57000 84.40032
18 5 17 12 08 1654.88300 5.74814000 82.79737 23.11100 14.57000 84.40032
18 5 17 12 08 1654.90000 5.74814000 82.84948 23.11100 14.57000 84.70010
18 5 17 12 09 1655.00000 5.74814000 82.85000 23.09700 14.57000 84.70010
18 5 17 12 09 1655.00000 5.74814000 82.99833 23.07700 14.57000 84.70010
18 5 17 12 10 1655.26600 5.74389000 82.99833 23.07700 14.57000 84.70115
18 5 17 12 10 1655.26600 5.74389000 83.12793 23.07700 14.57000 84.70000
18 5 17 12 11 1656.70200 5.74389000 83.08159 23.09600 14.57000 84.70000
18 5 17 12 11 1656.80600 5.74400000 83.08060 23.09600 14.57000 84.70000
18 5 17 12 12 1657.57900 5.74400000 83.08060 23.07701 14.57000 84.99996
18 5 17 12 12 1657.59600 5.74400000 83.08060 23.06300 14.57000 84.99996
18 5 17 12 13 1657.59600 5.74400000 83.00000 23.09998 14.57000 84.70000
18 5 17 12 13 1657.59600 5.74400000 83.07998 23.10000 14.57000 85.55854
18 5 17 12 14 1657.61700 5.74400000 82.86000 23.18079 14.50000 84.70010
18 5 17 12 15 1657.77100 5.67330000 83.07982 23.18078 14.50000 84.70000
18 5 17 12 15 1659.85200 5.67330000 83.07982 23.18089 14.50000 84.70011
18 5 17 12 16 1659.85100 5.67330000 83.07982 23.18100 14.57000 84.70011
18 5 17 12 16 1659.85100 5.67330000 83.07971 23.18100 14.57000 84.70000
18 5 17 12 17 1659.16000 5.67739000 83.07971 23.24000 14.57000 84.70000
18 5 17 12 17 1659.85000 5.67739000 83.07000 23.24000 14.56998 84.45031
18 5 17 12 18 1659.90000 5.74350000 83.07950 23.24000 14.56998 84.45000
18 5 17 12 18 1659.98000 5.74350000 83.07952 23.30000 14.56995 84.45000
18 5 17 12 19 1659.90000 5.74350000 83.07960 23.30000 14.57000 84.40010
18 5 17 12 19 1659.97900 5.74339000 83.07950 23.30000 14.57000 84.40000
18 5 17 12 20 1659.97900 5.74339000 83.07959 23.30000 14.57000 84.40000
18 5 17 12 20 1659.97900 5.74339000 83.07001 23.30000 14.57000 84.40000
18 5 17 12 21 1659.97800 5.74339000 83.07999 23.30000 14.57737 84.40000
18 5 17 12 21 1659.97700 5.74339000 83.07999 23.30000 14.57736 84.40000
18 5 17 12 22 1659.90000 5.74339000 83.07999 23.30000 14.68040 84.40000
18 5 17 12 22 1659.96000 5.67741000 83.07699 23.30000 14.78593 84.40000
18 5 17 12 23 1659.95000 5.67741000 83.07998 23.30000 14.78593 84.40000
18 5 17 12 23 1659.94800 5.67741000 83.07998 23.30000 14.78593 84.40000
18 5 17 12 24 1659.94800 5.67741000 83.07000 23.30000 14.68038 84.40000
18 5 17 12 24 1659.93300 5.67741000 83.07003 23.36400 14.68038 84.40000
18 5 17 12 25 1659.89900 5.67741000 83.18667 23.30185 14.68038 84.40000
18 5 17 12 25 1659.89900 5.67740000 83.18667 23.30600 14.68038 84.40000
18 5 17 12 26 1659.89500 5.74000000 83.07997 23.30190 14.53516 84.40000
18 5 17 12 26 1659.89600 5.74000000 83.18000 23.30190 14.53516 84.40000
18 5 17 12 27 1659.89700 5.74000000 83.18000 23.30190 14.53516 84.40000
18 5 17 12 27 1659.89700 5.74000000 83.18614 23.30190 14.53516 85.38210
18 5 17 12 28 1659.89700 5.74000000 83.18605 23.30190 14.53516 85.38210
18 5 17 12 28 1659.90000 5.67739000 83.18603 23.30200 14.53516 85.38210
18 5 17 12 29 1659.99000 5.67739000 83.18610 23.30200 14.53516 85.38210
18 5 17 12 29 1660.00000 5.67739000 83.18605 23.30201 14.53516 85.38210
18 5 17 12 30 1660.00000 5.67739000 83.18605 23.30201 14.53516 85.38210
18 5 17 23 00 1700.08100 5.86999000 85.26945 25.76501 14.39731 85.23668
18 5 17 23 01 1700.98300 5.86999000 85.26945 25.80000 14.39731 85.23668
18 5 17 23 02 1701.50000 5.86999000 85.26929 25.83600 14.39731 85.23668
18 5 17 23 02 1701.50000 5.86000000 85.26927 25.98997 14.39731 85.23668
18 5 17 23 03 1701.50000 5.86000000 84.90001 25.99215 14.39731 85.23668
18 5 17 23 03 1701.50000 5.86000000 84.90001 25.99215 14.39731 85.23668
18 5 17 23 04 1701.50000 5.86000000 85.45000 26.06300 14.18048 85.23668
18 5 17 23 04 1701.30000 5.86000000 85.37918 25.96800 14.18048 85.23668
18 5 17 23 05 1701.49600 5.86000000 85.37918 25.79803 14.18048 85.23668
18 5 17 23 05 1701.49900 5.86499000 85.37918 25.70678 14.18048 85.23668
18 5 17 23 06 1701.50000 5.85999000 85.37918 25.65799 14.18048 85.23668
18 5 17 23 06 1701.50000 5.85999000 85.37918 25.65795 14.18048 85.23668
18 5 17 23 07 1701.30000 5.86499000 85.37918 25.65795 14.18048 85.23668
18 5 17 23 07 1701.49900 5.86499000 85.10762 25.65818 14.18048 85.23668
18 5 17 23 08 1701.49700 5.86499000 85.10761 25.55486 14.18048 85.23668
18 5 17 23 08 1701.49900 5.86499000 85.10761 25.40000 14.18048 85.23668
18 5 17 23 09 1701.50000 5.86499000 85.10761 25.58900 14.18048 85.23668
18 5 17 23 09 1701.48100 5.86499000 85.10761 25.58900 14.18048 85.23668
18 5 17 23 10 1701.48100 5.86499000 85.45000 25.58900 14.18048 85.23668
18 5 17 23 10 1701.48200 5.86499000 85.59194 25.58900 14.18048 85.23668
18 5 17 23 11 1701.51000 5.86499000 85.59195 25.58900 14.18048 85.23668
18 5 17 23 11 1702.00000 5.86499000 85.59195 25.58900 14.18048 85.23668
18 5 17 23 12 1701.60000 5.86499000 85.67889 25.58900 14.18048 85.23668
18 5 17 23 12 1702.59900 5.86499000 85.67889 25.58900 14.18048 85.23668
18 5 17 23 13 1702.59900 5.86499000 85.59205 25.58786 14.18048 85.23668
18 5 17 23 13 1702.00000 5.86400000 85.59205 25.58786 14.18048 85.23668
18 5 17 23 14 1702.00000 5.86400000 85.67051 25.40013 14.18048 85.23668
18 5 17 23 14 1701.99800 5.86400000 85.70681 25.41000 14.18048 85.23668
18 5 17 23 15 1704.89010 5.86400000 85.70681 25.37000 14.18048 84.24477
18 5 17 23 15 1702.72000 5.86400000 85.79370 25.40998 14.18048 84.24477
18 5 17 23 16 1701.50100 5.86400000 85.79369 25.37001 14.18048 84.24477
18 5 17 23 16 1696.82100 5.86400000 85.79370 25.35557 14.18048 84.24477
18 5 17 23 17 1695.10100 5.86400000 85.60092 25.22990 14.18048 84.24477
18 5 17 23 18 1695.10100 5.86400000 85.60093 25.22928 14.18048 84.24477
18 5 17 23 18 1700.21300 5.86400000 85.79370 25.21000 14.45870 84.24477
18 5 17 23 19 1700.21300 5.86400000 85.81200 25.22920 14.45870 84.24477
18 5 17 23 19 1697.17000 5.86400000 85.81200 25.19773 14.45870 84.24477
18 5 17 23 20 1697.18000 5.86400000 85.81200 25.11000 14.45870 85.21616
18 5 17 23 20 1697.18200 5.86400000 85.81199 25.11002 14.45870 85.21616
18 5 17 23 21 1697.42900 5.86400000 85.81199 25.11002 14.45870 85.21616
18 5 17 23 21 1697.18100 5.86400000 85.81200 25.18300 14.35730 85.21616
18 5 17 23 22 1697.31200 5.86400000 85.81200 25.22990 14.35730 85.21616
18 5 17 23 22 1697.31200 5.86400000 85.60000 25.29295 14.35730 85.21616
18 5 17 23 23 1697.00400 5.86400000 85.60000 25.39499 14.35730 85.21616
18 5 17 23 23 1695.32100 5.86400000 85.60000 25.29302 14.35730 85.21616
18 5 17 23 24 1695.18500 5.86400000 85.60000 25.40000 14.35730 85.21616
18 5 17 23 24 1696.98400 5.86400000 85.60000 25.40000 14.35730 85.21616
18 5 17 23 25 1696.98500 5.86400000 85.60000 25.40000 14.35730 85.21616
18 5 17 23 25 1696.98500 5.86400000 85.60000 25.44802 14.45489 85.21616
18 5 17 23 26 1699.01100 5.86400000 85.60000 25.44802 14.45487 85.21616
18 5 17 23 26 1699.01700 5.86400000 85.82000 25.44802 14.45487 85.21616
18 5 17 23 27 1699.01800 5.86400000 85.82000 25.44802 14.45487 85.00000
18 5 17 23 27 1699.01800 5.86400000 85.82000 25.44001 14.45487 85.00000
18 5 17 23 28 1699.01800 5.86400000 85.82000 25.44000 14.45487 85.00000
18 5 17 23 28 1699.14700 5.86400000 85.82000 25.44000 14.45487 85.00000
18 5 17 23 29 1699.70600 5.86400000 85.82000 25.44100 14.45467 85.00000
18 5 17 23 29 1700.89000 5.86400000 85.50168 25.38800 14.45467 85.00000
18 5 17 23 30 1702.99900 5.86400000 85.82000 25.44300 14.45467 85.49998
18 5 17 23 30 1702.99500 5.86400000 85.85000 25.44300 14.45467 85.49998
18 5 17 23 31 1700.89000 5.86400000 85.85000 25.44300 14.45467 85.49998
18 5 17 23 31 1700.90700 5.86400000 85.84999 25.44300 14.45467 85.49998
18 5 17 23 32 1699.72200 5.78211000 85.85000 25.35000 14.45467 85.49998
18 5 17 23 32 1697.00900 5.78000000 85.57148 25.32716 14.45467 85.49998
18 5 17 23 33 1701.07600 5.86398000 85.86831 25.34200 14.45467 85.49998
18 5 17 23 33 1698.52200 5.86400000 85.86831 25.34199 14.45467 85.49998
18 5 17 23 34 1698.54000 5.78719000 85.94889 25.27103 14.45467 85.49998
18 5 17 23 34 1698.54000 5.78719000 85.94889 25.27103 14.45467 85.49998
18 5 17 23 35 1698.54000 5.78719000 85.94889 25.27103 14.45467 85.49998
18 5 17 23 35 1700.89500 5.78719000 85.94888 25.27103 14.45467 85.49998
18 5 17 23 36 1700.00000 5.78719000 85.94888 25.27103 14.45467 85.49998
18 5 17 23 37 1700.00000 5.78719000 85.94888 25.27103 14.45467 85.49998
18 5 17 23 37 1701.05700 5.78719000 85.94888 25.22400 14.45467 85.49998
18 5 17 23 37 1701.07600 5.78719000 85.99890 25.30001 14.45467 85.49998
18 5 17 23 38 1701.07400 5.78719000 85.99890 25.30001 14.45467 85.49998
18 5 17 23 39 1701.07400 5.78719000 85.99890 25.21001 14.45467 85.49998
18 5 17 23 39 1701.07600 5.78719000 85.99992 25.21001 14.45467 85.49998
18 5 17 23 40 1701.07700 5.86400000 85.99891 25.21001 14.45467 84.24609
18 5 17 23 40 1700.56400 5.86400000 85.99890 25.33700 14.45467 84.24609
18 5 17 23 41 1701.07700 5.85000000 85.99868 25.33700 14.45467 84.24609
18 5 17 23 41 1700.73000 5.85000000 85.99868 25.33700 14.45467 84.24609
18 5 17 23 42 1700.73000 5.85000000 85.99869 25.33700 14.45467 84.24609
18 5 17 23 42 1700.99900 5.85000000 85.99869 25.42400 14.45467 84.24609
18 5 17 23 43 1700.99900 5.85000000 85.97998 25.32200 14.45467 84.24609
18 5 17 23 43 1700.99900 5.85000000 85.97997 25.42398 14.45467 84.24609
18 5 17 23 44 1700.99900 5.85000000 85.97997 25.58868 14.45467 84.24609
18 5 17 23 44 1700.99900 5.85000000 85.98000 25.58868 14.45467 84.24609
18 5 17 23 45 1701.00000 5.85000000 85.98000 25.58699 14.45467 84.24609
18 5 17 23 45 1701.00000 5.85000000 86.00000 25.58699 14.45467 84.24609
18 5 17 23 46 1700.99000 5.85000000 85.90002 25.48902 14.45467 84.24609
18 5 17 23 46 1700.99100 5.85000000 85.90002 25.48902 14.45467 84.24609
18 5 17 23 47 1701.47700 5.85000000 85.90002 25.62490 14.40000 84.24609
18 5 17 23 47 1701.00900 5.85000000 86.00000 25.60500 14.40000 84.24609
18 5 17 23 48 1700.99000 5.85000000 86.00000 25.62491 14.40000 84.24609
18 5 17 23 48 1701.00800 5.85000000 86.00000 25.80700 14.40000 84.24609
18 5 17 23 49 1702.45800 5.85000000 86.14996 25.80700 14.40000 84.24609
18 5 17 23 49 1702.52800 5.85000000 86.14996 25.78000 14.40000 84.24609
18 5 17 23 50 1702.52800 5.85000000 86.15000 25.78000 14.40000 84.24609
18 5 17 23 50 1704.76200 5.85000000 86.00006 25.78000 14.40000 84.24609
18 5 17 23 51 1704.06700 5.85000000 86.00006 25.80700 14.40000 84.24609
18 5 17 23 51 1704.06800 5.85000000 86.14994 25.80700 14.40000 84.24609
18 5 17 23 52 1704.75900 5.85000000 86.14994 25.80700 14.40000 84.24609
18 5 17 23 53 1704.06800 5.85000000 86.14994 25.80700 14.45856 84.24609
18 5 17 23 53 1704.06800 5.85000000 86.14994 25.78600 14.45856 84.24609
18 5 17 23 54 1704.24700 5.85000000 86.14999 25.78600 14.45856 84.24609
18 5 17 23 54 1704.24600 5.87000000 86.00051 25.90000 14.45856 84.24609
18 5 17 23 55 1702.54500 5.87000000 86.02007 25.90000 14.45856 84.24609
18 5 17 23 55 1701.93200 5.87000000 85.51370 25.88695 14.45856 84.24609
18 5 17 23 56 1701.93200 5.87000000 86.14979 25.78619 14.45856 84.24609
18 5 17 23 56 1703.99800 5.87000000 85.92924 25.72001 14.45856 84.24609
18 5 17 23 57 1701.94900 5.87000000 85.92924 25.63102 14.45856 84.24609
18 5 17 23 57 1703.99800 5.87000000 86.14983 25.63103 14.45856 84.24609
18 5 17 23 58 1703.88400 5.86990000 86.14983 25.63103 14.45856 84.24609
18 5 17 23 58 1703.88400 5.86990000 86.14983 25.63103 14.45856 84.24609
18 5 17 23 59 1703.00000 5.86990000 86.14970 25.63103 14.20000 84.24609
18 5 17 23 59 1702.99800 5.86990000 86.14970 25.63103 14.20000 84.24609
