 5 5 17 06 37 1427.96000 6.64999000 85.64992 23.28900 16.02468 93.48487
 5 5 17 06 37 1423.36700 6.60000000 85.59999 23.11400 16.02468 93.48487
 5 5 17 06 38 1423.21400 6.65000000 85.37185 23.06728 16.02468 93.48487
 5 5 17 06 39 1423.50000 6.65000000 85.49138 23.06728 16.02468 93.48487
 5 5 17 06 39 1426.00000 6.56347000 85.30000 23.06728 16.02468 93.48487
 5 5 17 06 40 1426.00000 6.56347000 85.10146 23.06728 16.02468 93.48487
 5 5 17 06 40 1427.94200 6.56347000 85.30000 23.15982 16.02468 93.48930
 5 5 17 06 41 1427.93900 6.65000000 85.29999 23.15982 16.02472 93.48930
 5 5 17 06 41 1427.90800 6.65000000 85.42000 23.15000 16.02472 93.48930
 5 5 17 06 42 1427.90800 6.65000000 85.74987 23.15000 16.02472 93.48930
 5 5 17 06 42 1429.00000 6.64855000 85.74979 23.15000 16.02472 93.48930
 5 5 17 06 43 1429.00000 6.65000000 85.30001 23.15000 16.02472 93.48930
 5 5 17 06 43 1429.92000 6.64999000 85.74972 23.15000 16.02472 93.48930
 5 5 17 06 44 1429.98400 6.64999000 85.74968 23.20000 16.02472 93.48930
 5 5 17 06 44 1429.00100 6.64998000 85.74963 23.20000 16.02472 93.48930
 5 5 17 06 45 1432.39000 6.65000000 85.74958 23.20000 16.02473 93.48930
 5 5 17 06 45 1432.38800 6.65000000 85.50000 23.08123 16.09998 93.48930
 5 5 17 06 46 1430.00100 6.65000000 85.74095 23.20000 16.09998 93.48930
 5 5 17 06 46 1432.39000 6.65000000 85.60000 23.20000 16.09998 93.48930
 5 5 17 06 47 1430.00000 6.65000000 85.60000 23.25000 16.09998 93.00000
 5 5 17 06 47 1432.37200 6.65000000 85.60000 23.25000 16.09998 93.00000
 5 5 17 06 48 1430.39000 6.65000000 85.60000 23.25000 16.09998 93.00000
 5 5 17 06 48 1432.37500 6.65000000 85.60001 23.15000 16.09998 93.00000
 5 5 17 06 49 1432.39000 6.65000000 85.60000 23.15000 16.09998 93.00000
 5 5 17 06 49 1434.99900 6.65000000 85.60000 23.24996 16.09998 93.00000
 5 5 17 06 50 1430.51200 6.65000000 85.60000 23.24996 16.09998 92.99950
 5 5 17 06 50 1434.22900 6.65000000 85.60001 23.25000 16.09998 92.99950
 5 5 17 06 51 1434.99900 6.64933000 85.60009 23.25000 15.91531 92.99950
 5 5 17 06 51 1434.88600 6.65000000 85.73999 23.25000 15.91531 92.99950
 5 5 17 06 52 1431.15900 6.65000000 85.73999 23.24997 16.00000 92.99950
 5 5 17 06 52 1432.85500 6.67800000 85.61009 23.24997 16.00000 93.56800
 5 5 17 06 53 1432.85500 6.62910000 85.61000 23.22500 16.05850 93.56800
 5 5 17 06 54 1432.85300 6.62910000 85.61000 23.22500 16.05850 93.56800
 5 5 17 06 54 1432.85400 6.62910000 85.61000 23.19400 16.05850 93.56800
 5 5 17 06 55 1432.85400 6.62910000 85.64998 23.22499 16.05850 93.56800
 5 5 17 06 55 1432.87400 6.62910000 85.64998 23.22499 16.05855 93.56800
 5 5 17 06 56 1432.42000 6.62912000 85.30007 23.17000 16.05855 93.56800
 5 5 17 06 56 1432.24900 6.62912000 85.30010 23.17000 16.10000 93.56800
 5 5 17 06 57 1432.00100 6.62912000 85.64139 23.17000 16.10000 93.56800
 5 5 17 06 57 1431.73800 6.62912000 85.65000 23.17000 16.10000 93.56800
 5 5 17 06 58 1432.87300 6.65001000 85.30010 23.22500 16.00001 93.56800
 5 5 17 06 58 1431.75200 6.65001000 85.56000 23.22500 16.09999 93.56800
 5 5 17 06 59 1432.85900 6.66000000 85.65000 23.22500 16.09999 93.56800
 5 5 17 06 59 1431.17300 6.62910000 85.65000 23.22500 16.09999 93.56800
 5 5 17 07 00 1431.17300 6.62910000 85.65000 23.22500 16.09999 93.56800
 5 5 17 07 00 1432.87200 6.62910000 85.69998 23.40000 16.09999 93.56800
 5 5 17 07 01 1432.00000 6.70000000 85.69141 23.40000 16.09999 93.56800
 5 5 17 07 01 1432.85600 6.70000000 85.68000 23.25001 16.09999 92.80965
 5 5 17 07 02 1430.48000 6.68922000 85.69704 23.25000 16.09999 92.80965
 5 5 17 07 02 1432.87200 6.68922000 85.68000 23.17001 16.09999 92.80965
 5 5 17 07 03 1432.00100 6.68922000 85.64142 23.26199 16.09999 92.80965
 5 5 17 07 03 1432.87100 6.68922000 85.64142 23.23400 16.09999 93.00010
 5 5 17 07 04 1432.01000 6.68922000 85.56000 23.23400 16.17891 93.00010
 5 5 17 07 04 1432.85900 6.69998000 85.56000 23.29697 16.17891 93.00014
 5 5 17 07 05 1432.85900 6.69998000 85.56000 23.29697 16.17896 93.00014
 5 5 17 07 05 1432.31000 6.69998000 85.56000 23.23401 16.05800 93.00001
 5 5 17 07 06 1430.80000 6.69998000 84.85001 23.29698 16.19990 93.56800
 5 5 17 07 06 1432.84400 6.69998000 85.70000 23.29698 16.19990 93.56800
 5 5 17 07 07 1432.84100 6.69998000 85.56001 23.25000 16.19986 93.56800
 5 5 17 07 07 1425.78700 6.69998000 85.56001 23.25000 16.20000 93.56800
 5 5 17 07 08 1428.39100 6.66000000 85.49998 23.23400 16.20000 93.56800
 5 5 17 07 08 1428.09200 6.64009000 85.40002 23.23400 16.20000 93.56800
 5 5 17 07 09 1428.39200 6.64000000 85.74000 23.26400 16.20000 94.00000
 5 5 17 07 09 1425.85300 6.64000000 85.74000 23.23400 16.20000 94.00000
 5 5 17 07 10 1432.00000 6.64000000 85.73142 23.29700 16.20000 94.13370
 5 5 17 07 10 1431.88700 6.62910000 85.56002 23.29700 16.20000 94.13370
 5 5 17 07 11 1430.00000 6.62910000 85.73142 23.29699 16.20000 94.13370
 5 5 17 07 11 1429.81200 6.65000000 85.51000 23.29699 16.20000 94.13370
 5 5 17 07 12 1429.99900 6.68776000 85.74000 23.23400 16.20000 94.13370
 5 5 17 07 12 1428.25000 6.68776000 85.70000 23.23400 16.20000 94.13370
 5 5 17 07 13 1429.98500 6.68776000 85.70000 23.26600 16.20000 94.13370
 5 5 17 07 13 1425.26000 6.68650000 85.70000 23.23200 16.20000 94.13370
 5 5 17 07 14 1429.98300 6.68993000 85.56002 23.18001 16.20000 94.75000
 5 5 17 07 14 1425.73500 6.69000000 85.56002 23.11000 16.20000 94.49999
 5 5 17 07 15 1425.73400 6.62911000 85.56002 23.18001 16.20000 93.57067
 5 5 17 07 15 1425.73400 6.62911000 85.59000 23.11001 16.20000 94.80000
 5 5 17 07 16 1428.50100 6.62911000 85.59003 23.18001 16.20000 94.80000
 5 5 17 07 17 1425.75000 6.62911000 85.69132 23.18001 16.20000 95.00000
 5 5 17 07 17 1425.75100 6.62911000 85.60000 23.18001 16.20000 93.57180
 5 5 17 07 18 1425.75200 6.62929000 85.60002 23.18001 16.20000 95.00000
 5 5 17 07 18 1427.99800 6.62929000 85.74999 23.18000 16.20000 93.57226
 5 5 17 07 19 1427.99900 6.62929000 85.74998 23.18000 16.20000 93.57226
 5 5 17 07 19 1425.60000 6.62929000 85.74999 23.11000 16.20000 93.57226
 5 5 17 07 20 1427.99600 6.62929000 85.74140 23.11001 16.20000 93.57291
 5 5 17 07 20 1427.99800 6.63002000 85.74998 23.16799 16.20000 93.57291
 5 5 17 07 21 1427.99800 6.68785000 85.74147 23.10000 16.20000 93.57291
 5 5 17 07 21 1426.88800 6.68785000 85.80000 23.10000 16.20000 94.99977
 5 5 17 07 22 1425.26000 6.68785000 85.74900 23.08102 16.20000 95.15989
 5 5 17 07 22 1424.10000 6.68000000 85.74147 23.00000 16.27568 95.59000
 5 5 17 07 23 1420.94800 6.68000000 85.75000 23.04000 16.27568 94.99980
 5 5 17 07 23 1423.29400 6.68000000 85.68273 23.10300 16.27568 94.99980
 5 5 17 07 24 1425.99900 6.67000000 85.74991 23.00000 16.27552 95.89100
 5 5 17 07 24 1421.00000 6.67000000 85.74141 23.00001 16.27552 95.89100
 5 5 17 07 25 1421.00000 6.62910000 85.74999 23.00000 16.27552 96.13000
 5 5 17 07 25 1420.54400 6.62910000 85.75000 22.99235 16.27550 96.25000
 5 5 17 07 26 1419.88900 6.62910000 85.74900 22.99998 16.27550 96.50001
 5 5 17 07 26 1418.17000 6.66932000 85.80000 22.99998 16.27550 96.50001
 5 5 17 07 27 1424.91000 6.66932000 85.85000 22.93900 16.27550 96.50001
 5 5 17 07 27 1420.00100 6.60500000 85.75002 22.93900 16.00291 96.79999
 5 5 17 07 28 1420.82700 6.60500000 85.85000 22.93900 16.00291 95.80113
 5 5 17 07 28 1420.10000 6.60500000 85.85000 22.90000 16.00291 95.80127
 5 5 17 07 29 1418.50900 6.60500000 85.85000 22.99990 16.00291 96.83600
 5 5 17 07 29 1411.12000 6.66905000 85.85000 22.90000 16.00291 96.83600
 5 5 17 07 30 1412.70400 6.66905000 85.85000 22.81202 16.00291 96.19904
 5 5 17 07 30 1411.12000 6.66839000 85.90000 22.81202 16.00291 96.19904
 5 5 17 07 31 1412.70000 6.66839000 85.90000 22.80000 16.00291 96.80000
 5 5 17 07 31 1412.69800 6.60000000 85.89999 22.80000 16.00291 96.80000
 5 5 17 07 32 1412.00000 6.60000000 85.90000 22.80000 16.13002 96.80000
 5 5 17 07 33 1411.12200 6.60000000 85.85308 22.91297 16.13002 96.78000
 5 5 17 07 33 1411.12000 6.60000000 85.85000 22.92799 16.13000 96.78000
 5 5 17 07 34 1412.70000 6.60000000 85.85000 22.96000 16.12998 96.78000
 5 5 17 07 34 1415.65500 6.60000000 85.85000 22.95997 16.12998 96.78000
 5 5 17 07 35 1415.64100 6.60000000 85.89121 22.98000 16.12998 96.78000
 5 5 17 07 35 1415.64000 6.60000000 85.89120 22.95600 16.12998 96.78000
 5 5 17 07 36 1415.00000 6.64839000 85.89121 22.95500 16.21827 96.80000
 5 5 17 07 36 1415.65300 6.64766000 85.89121 22.99000 16.21827 96.80000
 5 5 17 07 37 1415.65200 6.64766000 85.89119 22.85500 16.21827 96.83600
 5 5 17 07 37 1415.65100 6.61100000 85.86997 22.85500 16.21827 96.83600
 5 5 17 07 38 1415.65000 6.61100000 85.50001 23.01526 16.48000 96.72256
 5 5 17 07 38 1415.64900 6.61100000 85.80000 23.01526 16.48000 96.93034
 5 5 17 07 39 1415.64900 6.61100000 85.26002 22.88602 16.48000 96.93034
 5 5 17 07 39 1415.64900 6.61100000 85.26003 23.03000 16.20293 96.93034
 5 5 17 07 40 1415.65000 6.61100000 85.84994 23.00000 16.20293 96.93034
 5 5 17 07 40 1415.95100 6.61100000 85.69900 22.99999 16.24340 96.93034
 5 5 17 07 41 1414.07900 6.61100000 85.69900 22.82000 16.24340 96.93034
 5 5 17 07 41 1415.95000 6.61100000 85.69900 22.99993 16.20289 96.93034
 5 5 17 07 42 1415.95200 6.61100000 85.69900 22.99993 16.24341 96.93034
 5 5 17 07 42 1415.95200 6.60000000 85.31028 22.99000 16.24341 96.93034
 5 5 17 07 43 1413.65500 6.60000000 85.31028 23.00900 16.24341 96.93034
 5 5 17 07 43 1413.65500 6.64531000 85.84136 23.02999 16.24342 96.93034
 5 5 17 07 44 1425.26000 6.60001000 85.69899 23.00000 16.24342 96.93034
 5 5 17 07 44 1415.61900 6.64458000 85.83000 23.01000 16.20287 96.93034
 5 5 17 07 45 1415.62000 6.60000000 85.83000 23.08000 16.20287 96.93034
 5 5 17 07 45 1416.23700 6.64996000 85.83000 23.08000 16.20287 96.93034
 5 5 17 07 46 1425.57000 6.60003000 85.83000 23.10000 16.20287 96.93034
 5 5 17 07 46 1418.17000 6.60003000 85.82140 23.14343 16.24344 96.93034
 5 5 17 07 47 1418.17000 6.64383000 85.82141 23.14343 16.24344 96.95800
 5 5 17 07 47 1420.93800 6.60013000 85.83000 23.18000 16.24344 96.95800
 5 5 17 07 48 1420.88500 6.64932000 85.83000 23.18000 16.24344 96.95800
 5 5 17 07 48 1420.88500 6.64930000 85.83000 23.19000 16.24344 96.50142
 5 5 17 07 49 1423.00000 6.64930000 85.82800 23.22000 16.38137 96.50142
 5 5 17 07 50 1423.18700 6.64930000 85.83000 23.28000 16.38137 96.95800
 5 5 17 07 50 1423.18700 6.64929000 85.82999 23.35500 16.25004 96.50171
 5 5 17 07 51 1423.00000 6.64929000 85.83000 23.38000 16.25004 96.50171
 5 5 17 07 51 1425.90000 6.65000000 85.83000 23.20000 16.25000 96.50085
 5 5 17 07 52 1425.00000 6.65000000 85.83000 23.39999 16.25000 96.50085
 5 5 17 07 52 1425.98300 6.65000000 85.84139 23.38000 16.25000 96.19974
 5 5 17 07 53 1427.36400 6.64925000 85.85898 23.38000 16.25000 96.19974
 5 5 17 07 53 1428.06800 6.64925000 85.85900 23.40000 16.25000 96.71000
 5 5 17 07 54 1428.06800 6.64925000 85.85900 23.41322 16.25000 96.95800
 5 5 17 07 54 1423.18500 6.64858000 85.85900 23.41322 16.25010 97.00000
 5 5 17 07 55 1421.18600 6.65000000 85.85900 23.41000 16.29062 97.00000
 5 5 17 07 55 1421.19900 6.60008000 85.85900 23.41322 16.20288 97.00000
 5 5 17 07 56 1425.45900 6.60008000 85.80000 23.41322 16.24340 97.10000
 5 5 17 07 56 1422.00000 6.63000000 85.80000 23.41000 16.24340 97.10003
 5 5 17 07 57 1422.00100 6.60018000 85.67688 23.41322 16.24340 97.49992
 5 5 17 07 57 1423.30100 6.60018000 85.85041 23.41322 16.24340 97.50000
 5 5 17 07 58 1423.50000 6.64929000 85.85900 23.41322 16.38115 97.49991
 5 5 17 07 58 1423.30000 6.65000000 85.85900 23.39500 16.24344 97.49991
 5 5 17 07 59 1423.30100 6.65000000 85.85898 23.39500 16.28400 97.10037
 5 5 17 07 59 1422.00100 6.64999000 85.85900 23.37000 16.24345 97.10037
 5 5 17 08 00 1422.00000 6.60008000 85.85898 23.41322 16.24345 97.99987
 5 5 17 08 00 1423.59100 6.60008000 85.85900 23.41322 16.24345 97.99987
 5 5 17 08 01 1422.00100 6.60008000 85.85898 23.41322 16.24345 97.99955
 5 5 17 08 01 1423.44900 6.60008000 85.50000 23.43200 16.24345 97.99933
 5 5 17 08 02 1423.44900 6.64931000 85.90000 23.46293 16.24345 97.99933
 5 5 17 08 02 1427.98300 6.64931000 85.90000 23.46293 16.24345 97.99933
 5 5 17 08 03 1423.45000 6.64930000 85.98000 23.46293 16.24345 98.74071
 5 5 17 08 03 1421.08100 6.64930000 86.00000 23.49000 16.24345 98.74071
 5 5 17 08 04 1427.96800 6.64863000 85.90000 23.49000 16.24345 98.74071
 5 5 17 08 04 1427.44900 6.64862000 86.02801 23.49990 16.24345 98.74071
 5 5 17 08 05 1423.72100 6.60205000 86.17872 23.46700 16.24345 98.73983
 5 5 17 08 06 1423.73000 6.65000000 86.29000 23.49000 16.24345 98.73983
 5 5 17 08 06 1425.72900 6.65000000 86.32948 23.49000 16.24345 97.10085
 5 5 17 08 06 1423.73100 6.66999000 86.32947 23.49000 16.24345 97.10106
 5 5 17 08 07 1425.74000 6.66999000 86.39995 23.49000 16.24345 97.10128
 5 5 17 08 07 1425.48300 6.66999000 86.44000 23.47300 16.24345 97.10128
 5 5 17 08 08 1426.83800 6.66999000 86.44000 23.49990 16.24345 97.10157
 5 5 17 08 09 1425.51800 6.66931000 86.44000 23.48000 16.24345 97.10157
 5 5 17 08 09 1424.13100 6.66931000 86.44000 23.48000 16.24345 97.10181
 5 5 17 08 10 1429.00000 6.66931000 86.44000 23.48000 16.24345 97.10181
 5 5 17 08 10 1428.08100 6.67000000 86.44000 23.48000 16.24345 97.10097
 5 5 17 08 11 1424.13500 6.66999000 86.43960 23.50000 16.38136 98.73750
 5 5 17 08 11 1425.00000 6.66997000 86.26722 23.63937 16.47926 98.73750
 5 5 17 08 12 1429.00000 6.66997000 86.43960 23.68000 16.47925 97.12020
 5 5 17 08 12 1429.00000 6.66997000 86.43093 23.69000 16.47925 97.12019
 5 5 17 08 13 1428.99900 6.66932000 86.43960 23.78000 16.47925 97.12000
 5 5 17 08 13 1430.00000 6.66932000 86.45815 24.00000 16.47925 97.10096
 5 5 17 08 14 1427.96400 6.67000000 86.48000 23.82001 16.25004 97.00000
 5 5 17 08 14 1427.96300 6.67000000 86.48000 23.94001 16.47926 96.34948
 5 5 17 08 15 1425.01200 6.67000000 86.47135 24.33300 16.47926 98.69964
 5 5 17 08 15 1425.00000 6.67000000 86.48000 24.33297 16.47926 98.69964
 5 5 17 08 16 1425.25200 6.67000000 86.47135 24.23001 16.47914 98.69964
 5 5 17 08 16 1425.25400 6.67000000 86.48000 24.32000 16.47917 98.69879
 5 5 17 08 17 1425.62200 6.67000000 86.44951 24.32000 16.47917 98.69879
 5 5 17 08 17 1423.42100 6.62000000 86.44086 24.39997 16.47917 98.69879
 5 5 17 08 18 1425.58900 6.62000000 86.19064 24.40000 16.47917 98.69879
 5 5 17 08 18 1425.61800 6.62001000 86.48000 24.28002 16.30011 96.35100
 5 5 17 08 19 1425.54500 6.62001000 86.48000 24.37000 16.47929 96.35100
 5 5 17 08 19 1424.00000 6.62001000 86.48000 24.44997 16.35975 96.35100
 5 5 17 08 20 1427.87200 6.62001000 86.48000 24.39996 16.45000 96.35100
 5 5 17 08 20 1425.67000 6.66929000 86.50000 24.39995 16.45000 96.35100
 5 5 17 08 21 1427.88400 6.60359000 86.51034 24.37000 16.45000 98.69693
 5 5 17 08 21 1427.90000 6.60363000 86.50000 24.27650 16.45000 98.69693
 5 5 17 08 22 1425.92900 6.60363000 86.50001 24.18136 16.45000 96.35219
 5 5 17 08 22 1425.93000 6.66859000 86.55000 24.18135 16.45001 98.69636
 5 5 17 08 23 1427.87600 6.66859000 86.71000 24.19350 16.45001 98.69636
 5 5 17 08 24 1427.89900 6.66861000 86.71000 24.33804 16.45000 98.69636
 5 5 17 08 24 1427.89900 6.66791000 86.65000 24.26002 16.47900 98.69636
 5 5 17 08 25 1427.89700 6.66792000 86.65000 24.25996 16.47929 98.69526
 5 5 17 08 25 1429.98500 6.66999000 86.71000 24.28999 16.47929 98.69508
 5 5 17 08 26 1431.49100 6.68252000 86.79987 24.33799 16.48000 98.69508
 5 5 17 08 26 1431.90000 6.68500000 86.70999 24.33799 16.48800 98.69508
 5 5 17 08 27 1432.39000 6.68998000 86.70000 24.33796 16.48800 98.69508
 5 5 17 08 27 1432.39000 6.69000000 86.79974 24.33697 16.48800 98.69508
 5 5 17 08 28 1432.39000 6.69979000 86.79104 24.18135 16.48800 98.69508
 5 5 17 08 28 1432.33800 6.69979000 86.89044 24.18136 16.48800 98.50000
 5 5 17 08 29 1435.00000 6.69000000 86.79199 24.18138 16.49000 98.69473
 5 5 17 08 29 1437.00000 6.69000000 86.79198 23.94107 16.50000 98.50000
 5 5 17 08 30 1435.98700 6.69998000 86.55131 24.31984 16.60000 98.50000
 5 5 17 08 30 1439.24400 6.69998000 86.65000 24.30998 16.70000 98.50000
 5 5 17 08 31 1439.55000 6.80000000 86.61420 24.03047 16.77999 98.50000
 5 5 17 08 31 1439.55000 6.67938000 86.70000 24.21000 16.78000 98.74102
 5 5 17 08 32 1439.54900 6.67938000 86.61419 24.28000 16.76656 99.00000
 5 5 17 08 32 1435.98800 6.67938000 86.70000 24.29979 16.76654 99.00000
 5 5 17 08 33 1439.53500 6.74293000 86.55150 24.22000 16.78000 99.00000
 5 5 17 08 33 1442.00000 6.67944000 86.10170 24.32644 16.78000 99.00000
 5 5 17 08 34 1443.08100 6.79999000 86.65000 24.41920 16.78000 99.00000
 5 5 17 08 34 1443.22100 6.79999000 86.69109 24.45000 16.78000 99.00000
 5 5 17 08 35 1443.94000 6.74218000 86.15001 24.45000 16.78000 99.00000
 5 5 17 08 35 1442.79000 6.80000000 86.64996 24.49998 16.78000 99.00000
 5 5 17 08 36 1439.98500 6.73000000 86.64000 24.49996 16.78000 98.89000
 5 5 17 08 36 1441.74600 6.70000000 86.64000 24.49899 16.78000 98.89000
 5 5 17 08 37 1438.67700 6.70000000 86.70000 24.54153 16.78000 98.89000
 5 5 17 08 37 1439.99800 6.70001000 86.64131 24.52001 16.78000 98.89000
 5 5 17 08 38 1433.75900 6.70001000 86.69999 24.56000 16.78000 98.89000
 5 5 17 08 38 1437.94700 6.72923000 86.69999 24.53700 16.78000 99.09987
 5 5 17 08 39 1436.00000 6.70000000 86.64995 24.53700 16.78000 99.09987
 5 5 17 08 40 1436.00000 6.70000000 86.50000 24.52000 16.78000 98.89000
 5 5 17 08 40 1435.99900 6.70000000 86.50000 24.56000 16.78000 98.89000
 5 5 17 08 41 1443.89900 6.70000000 86.64996 24.56000 16.78000 98.99997
 5 5 17 08 41 1439.43900 6.70856000 86.64992 24.66864 16.78000 98.99997
 5 5 17 08 42 1437.55000 6.70856000 86.69895 24.64000 16.78000 98.99997
 5 5 17 08 42 1436.48400 6.70000000 86.69895 24.64000 16.78000 98.50074
 5 5 17 08 43 1436.14900 6.70000000 86.69027 24.70000 16.78000 98.50074
 5 5 17 08 43 1439.07200 6.70000000 86.69895 24.97998 16.78000 98.50074
 5 5 17 08 44 1439.40800 6.70000000 86.69028 24.98000 16.78000 98.50074
 5 5 17 08 44 1437.00100 6.70000000 86.90000 24.96500 16.78000 99.09984
 5 5 17 08 45 1438.07100 6.70925000 87.00000 24.97900 16.77999 99.09984
 5 5 17 08 45 1442.00000 6.70925000 86.80000 24.96501 16.78000 99.09984
 5 5 17 08 46 1442.00000 6.70854000 86.80000 24.85411 16.78000 99.09984
 5 5 17 08 46 1443.07200 6.70854000 86.69031 24.85416 16.78000 99.40000
 5 5 17 08 47 1438.20100 6.70854000 87.00000 24.90000 16.78000 99.40000
 5 5 17 08 47 1440.00000 6.70854000 86.99999 24.90003 16.78000 99.40000
 5 5 17 08 48 1440.00000 6.70854000 86.99991 24.89996 16.78000 99.40000
 5 5 17 08 48 1440.51000 6.70779000 86.99992 24.89996 16.78000 99.40000
 5 5 17 08 49 1441.85000 6.70779000 86.99991 24.85411 16.78000 99.40000
 5 5 17 08 49 1443.91500 6.70710000 86.90000 24.85412 16.78000 99.40000
 5 5 17 08 50 1443.91300 6.70709000 86.89999 24.85000 16.78000 99.40000
 5 5 17 08 50 1440.62300 6.63564000 86.99999 24.81000 16.78000 98.99999
 5 5 17 08 51 1444.22900 6.63564000 86.89129 24.81000 16.78000 99.49968
 5 5 17 08 51 1438.11100 6.70641000 86.89126 24.80997 16.78000 99.99797
 5 5 17 08 52 1438.00000 6.70641000 86.88324 24.66000 16.77999 99.49968
 5 5 17 08 53 1438.00000 6.70000000 86.88323 24.60000 16.77999 99.49968
 5 5 17 08 53 1438.22400 6.69999000 86.88313 24.91957 16.78000 98.50399
 5 5 17 08 53 1437.31900 6.69999000 86.50000 24.66927 16.78000 98.52000
 5 5 17 08 54 1438.00000 6.63587000 86.50000 24.66925 16.78000 99.54964
 5 5 17 08 54 1444.01400 6.68000000 86.50000 24.80000 16.78000 99.00000
 5 5 17 08 55 1440.18300 6.68000000 86.49999 24.66925 16.78000 99.54920
 5 5 17 08 56 1444.00000 6.67999000 86.50000 24.82141 16.78000 99.54920
 5 5 17 08 56 1442.77300 6.67000000 86.49135 24.82141 16.78000 99.54920
 5 5 17 08 57 1440.19000 6.67933000 86.49136 24.80000 16.78000 99.54920
 5 5 17 08 57 1442.04500 6.67933000 86.40000 24.89999 16.78000 99.54920
 5 5 17 08 58 1442.05000 6.63617000 86.49136 24.89999 16.78000 99.54920
 5 5 17 08 58 1440.32300 6.69999000 86.40001 24.89999 16.84900 98.60004
 5 5 17 08 59 1443.99900 6.70000000 86.40001 24.89999 16.83960 98.60004
 5 5 17 08 59 1443.99000 6.70000000 86.50000 24.82141 16.83960 99.54728
 5 5 17 09 00 1443.99900 6.70000000 86.50000 24.81698 16.97989 99.54728
 5 5 17 09 00 1443.90000 6.70000000 86.49999 24.90000 16.97989 98.60005
 5 5 17 09 01 1444.00000 6.70999000 86.50000 24.81699 16.97989 98.60005
 5 5 17 09 01 1443.99900 6.70000000 86.50000 24.81694 16.97989 99.50000
 5 5 17 09 02 1440.33600 6.69932000 86.50000 24.71101 16.97989 99.50000
 5 5 17 09 02 1443.98300 6.69932000 86.50000 24.66930 16.97989 99.50000
 5 5 17 09 03 1443.98400 6.70000000 86.50000 24.66930 16.97989 99.50000
 5 5 17 09 03 1443.85000 6.70000000 86.48271 24.81500 16.97989 99.50000
 5 5 17 09 04 1442.86400 6.70000000 86.40000 24.88799 16.67853 98.90022
 5 5 17 09 04 1438.00000 6.70000000 86.05829 24.88794 16.67853 99.55555
 5 5 17 09 05 1437.11000 6.70000000 86.40000 24.88789 16.70020 99.55555
 5 5 17 09 05 1442.86300 6.69933000 86.40000 24.80000 16.70020 99.55541
 5 5 17 09 06 1443.97000 6.70000000 86.89129 24.88791 16.70020 99.55541
 5 5 17 09 06 1442.77200 6.63727000 86.11001 24.88791 16.70020 99.55541
 5 5 17 09 07 1437.06100 6.70000000 86.11064 24.70000 16.70020 99.55537
 5 5 17 09 07 1435.00000 6.69933000 86.85000 24.70000 17.00000 99.55537
 5 5 17 09 08 1442.75700 6.69933000 86.29000 24.70000 16.99997 99.55534
 5 5 17 09 08 1443.98500 6.70000000 86.31000 24.78999 16.85000 99.55555
 5 5 17 09 09 1435.73300 6.70000000 86.93700 24.70000 16.85000 99.99774
 5 5 17 09 09 1435.61000 6.70000000 86.93686 24.70000 16.85000 99.99807
 5 5 17 09 10 1436.00000 6.70000000 86.93700 24.48516 16.85000 99.99807
 5 5 17 09 11 1440.52700 6.70000000 86.95000 24.69699 16.85000 99.99807
 5 5 17 09 11 1436.00000 6.70000000 86.95000 24.66600 16.99961 99.99807
 5 5 17 09 12 1439.77800 6.70999000 86.95000 24.70300 16.99961 99.99807
 5 5 17 09 12 1439.99600 6.71000000 86.95000 24.70297 16.99961 99.99807
 5 5 17 09 13 1437.95400 6.71999000 86.93700 24.70297 16.99961 99.99807
 5 5 17 09 13 1432.93000 6.71999000 86.99999 24.70290 16.99961 99.99794
 5 5 17 09 14 1438.13600 6.71999000 86.94000 24.66900 16.99961 99.55597
 5 5 17 09 14 1438.13600 6.71999000 86.94670 24.70000 16.99961 99.99797
 5 5 17 09 15 1438.13700 6.73350000 86.94104 24.69998 16.99961 99.99797
 5 5 17 09 15 1438.00000 6.81390000 86.94104 24.60500 16.70132 98.60072
 5 5 17 09 16 1437.13600 6.81388000 86.99998 24.58002 16.70132 99.99807
 5 5 17 09 16 1438.13600 6.71201000 86.97000 24.40601 16.70132 98.60145
 5 5 17 09 17 1439.99900 6.71200000 86.94669 24.70000 16.70132 100.00000
 5 5 17 09 17 1440.40200 6.71300000 86.99999 24.69999 16.70132 99.99990
 5 5 17 09 18 1440.28900 6.76716000 86.99999 24.44201 16.70132 100.00000
 5 5 17 09 18 1440.39900 6.76716000 86.98001 24.50880 16.70132 100.00000
 5 5 17 09 19 1438.99900 6.76714000 87.00000 24.50000 16.70132 100.00006
 5 5 17 09 19 1438.99800 6.75000000 87.00000 24.44010 16.70132 100.49999
 5 5 17 09 20 1438.99800 6.76716000 86.98000 24.44008 16.70132 100.50000
 5 5 17 09 21 1438.98900 6.76648000 86.99000 24.44500 16.70132 101.00954
 5 5 17 09 21 1440.40200 6.65579000 86.99000 24.49989 16.70132 101.00954
 5 5 17 09 21 1435.77800 6.76716000 86.93700 24.41927 16.70132 100.00000
 5 5 17 09 22 1438.99900 6.81386000 86.98999 24.57000 16.70132 101.00904
 5 5 17 09 22 1438.99900 6.72071000 86.70010 24.69987 16.70132 101.00904
 5 5 17 09 23 1438.90000 6.81384000 86.98997 24.73999 16.70132 101.00858
 5 5 17 09 24 1439.00000 6.81384000 86.50012 24.74000 16.75991 101.00858
 5 5 17 09 24 1438.99900 6.72391000 86.88129 24.67900 16.75991 101.00858
 5 5 17 09 24 1439.00000 6.72396000 86.89000 24.79992 16.75991 101.00858
 5 5 17 09 25 1439.60000 6.72396000 86.89000 24.72902 16.75991 101.00789
 5 5 17 09 26 1438.98100 6.72406000 86.88128 24.67898 16.75991 100.00069
 5 5 17 09 26 1439.60000 6.80999000 86.88130 24.67898 16.75991 101.00000
 5 5 17 09 27 1439.99800 6.81000000 86.88128 24.60000 16.75991 101.00000
 5 5 17 09 27 1439.99800 6.80999000 86.99966 24.69999 16.75991 101.00000
 5 5 17 09 28 1438.98000 6.82000000 86.99964 24.70000 16.75991 101.00000
 5 5 17 09 28 1440.00000 6.82000000 86.87259 24.75000 16.75991 101.00967
 5 5 17 09 29 1443.05500 6.82001000 86.99989 24.74000 16.75991 99.99990
 5 5 17 09 29 1443.05400 6.83000000 86.99120 24.77010 16.75991 99.99990
 5 5 17 09 30 1443.05300 6.80000000 86.99000 24.79800 16.75991 99.99990
 5 5 17 09 30 1443.98300 6.80000000 87.00000 24.77010 16.75991 98.60234
 5 5 17 09 31 1442.91700 6.83930000 87.00000 24.70000 16.75991 98.60234
 5 5 17 09 31 1442.91500 6.82212000 87.00000 24.79798 16.98101 98.60283
 5 5 17 09 32 1443.98400 6.82212000 86.99980 24.79798 16.98101 98.60283
 5 5 17 09 33 1443.20500 6.82212000 86.99990 24.79793 16.55105 99.60297
 5 5 17 09 33 1442.90300 6.75620000 86.99990 24.79793 16.55105 99.60297
 5 5 17 09 33 1443.01200 6.77091000 86.99990 24.79794 16.55105 99.60297
 5 5 17 09 34 1443.20600 6.77093000 87.00000 24.79794 16.55105 99.60297
 5 5 17 09 35 1438.56900 6.75641000 87.00000 24.79793 16.55105 99.60297
 5 5 17 09 35 1436.00000 6.75641000 87.00000 24.89796 16.55105 99.60383
 5 5 17 09 36 1438.87400 6.75641000 87.00000 24.79787 16.55105 101.00940
 5 5 17 09 36 1436.11100 6.80335000 86.99999 24.79783 16.55105 101.00915
 5 5 17 09 37 1438.87500 6.80334000 87.00000 24.84698 16.55105 101.00915
 5 5 17 09 37 1439.63200 6.80476000 87.00000 24.84698 16.80013 101.00915
 5 5 17 09 38 1440.73500 6.80476000 87.00000 24.84698 16.80013 100.00000
 5 5 17 09 38 1435.43800 6.80476000 87.00000 24.79777 16.80013 99.99999
 5 5 17 09 39 1435.43000 6.80476000 87.00000 24.79776 16.80013 99.99999
 5 5 17 09 39 1435.58200 6.76028000 86.99999 24.73500 16.80013 98.60625
 5 5 17 09 40 1435.43800 6.76028000 86.99999 24.70000 16.80013 98.60625
 5 5 17 09 40 1435.43800 6.76028000 86.99990 24.69999 16.80013 99.90000
 5 5 17 09 41 1433.61000 6.76000000 87.60000 24.69999 16.80013 99.90000
 5 5 17 09 41 1438.22100 6.76000000 86.99999 24.69999 16.80013 99.90000
 5 5 17 09 42 1438.21100 6.76000000 87.48210 24.67000 16.80013 99.90000
 5 5 17 09 42 1435.77700 6.76000000 87.00000 24.69999 16.80008 100.00000
 5 5 17 09 43 1435.82800 6.76000000 87.73310 24.77200 16.55107 100.00000
 5 5 17 09 43 1435.77500 6.76000000 87.70227 24.77200 16.70017 100.00000
 5 5 17 09 44 1432.96100 6.76000000 87.80000 24.77200 16.70017 100.00000
 5 5 17 09 44 1434.96600 6.75504000 87.84996 24.77199 16.70017 98.60871
 5 5 17 09 45 1438.00000 6.75504000 87.84995 24.79780 16.70017 98.60871
 5 5 17 09 45 1436.95200 6.75504000 87.98000 24.65003 16.70017 100.00001
 5 5 17 09 46 1435.90100 6.80178000 87.97997 24.65003 16.70017 100.50001
 5 5 17 09 46 1437.98500 6.80109000 87.98000 24.78999 16.70017 100.50001
 5 5 17 09 47 1440.67300 6.80476000 87.97000 24.78999 16.70017 100.50001
 5 5 17 09 48 1440.67300 6.80476000 87.97000 24.78998 16.70017 100.50001
 5 5 17 09 48 1440.67500 6.84000000 87.97200 24.78997 16.70017 100.50001
 5 5 17 09 49 1440.67600 6.80000000 87.97998 24.78997 16.70017 100.50001
 5 5 17 09 49 1435.38300 6.83888000 87.97105 24.73201 16.70017 100.49983
 5 5 17 09 50 1437.00000 6.84000000 87.97000 24.79000 16.70017 100.49983
 5 5 17 09 50 1436.75000 6.84000000 87.98000 24.79000 16.89947 100.49983
 5 5 17 09 51 1436.52000 6.80000000 87.97119 24.78900 16.89947 100.49983
 5 5 17 09 51 1436.99900 6.84000000 87.97000 24.79799 16.89947 100.49983
 5 5 17 09 52 1435.95700 6.84000000 87.95000 24.84000 16.89947 100.49983
 5 5 17 09 52 1437.85200 6.84000000 87.96119 24.80000 16.89947 100.25000
 5 5 17 09 53 1437.85200 6.84000000 87.90000 24.80000 16.89947 100.25000
 5 5 17 09 53 1436.99900 6.84000000 87.96119 24.84000 16.90000 100.25000
 5 5 17 09 54 1439.30000 6.83431000 87.96119 24.81000 16.90002 100.25000
 5 5 17 09 54 1438.07100 6.80000000 87.80001 24.82000 16.90002 100.25000
 5 5 17 09 55 1438.07300 6.80000000 87.95118 24.80001 16.90002 100.00001
 5 5 17 09 55 1440.65100 6.80000000 87.96000 24.80001 16.90002 100.00001
 5 5 17 09 56 1440.99800 6.80000000 87.95991 24.83898 16.90002 100.00001
 5 5 17 09 56 1439.99900 6.84000000 87.95104 24.80002 16.90002 100.25997
 5 5 17 09 57 1439.99900 6.84000000 87.71200 24.83999 16.90002 100.25997
 5 5 17 09 57 1438.65200 6.84000000 87.71000 24.83997 16.90002 100.25997
 5 5 17 09 58 1438.99900 6.84000000 87.70000 24.83997 16.98218 100.25997
 5 5 17 09 58 1438.26500 6.80003000 87.70000 24.83996 16.98218 98.62163
 5 5 17 09 59 1439.99800 6.80005000 87.70000 24.83996 16.98218 98.62163
 5 5 17 10 00 1444.42200 6.83361000 87.69999 24.84000 16.98218 98.62163
 5 5 17 10 00 1437.99400 6.83361000 87.69999 24.84000 16.98202 99.35000
 5 5 17 10 00 1440.00000 6.80003000 87.70000 24.89997 16.98202 99.34996
 5 5 17 10 01 1437.99200 6.80003000 87.79998 24.89997 16.75174 99.34996
 5 5 17 10 01 1440.73300 6.80003000 87.79998 24.89996 16.75177 99.34996
 5 5 17 10 02 1440.73200 6.80003000 87.79120 24.85000 16.75165 98.50000
 5 5 17 10 03 1438.00600 6.84000000 87.78000 24.84003 16.75165 98.00000
 5 5 17 10 03 1442.49800 6.84000000 87.80000 24.84003 16.75165 98.00000
 5 5 17 10 04 1442.00000 6.85000000 87.89999 24.87001 16.75165 98.00000
 5 5 17 10 04 1440.50000 6.84000000 87.90000 24.98993 16.75165 98.00000
 5 5 17 10 05 1437.99200 6.84000000 87.90000 24.98994 16.75176 98.00000
 5 5 17 10 05 1438.00000 6.85000000 87.89999 24.98994 16.75174 98.00000
 5 5 17 10 06 1439.45200 6.84998000 87.90000 24.98996 16.75174 97.99198
 5 5 17 10 06 1440.99900 6.83931000 87.90000 24.99000 16.75000 97.99198
 5 5 17 10 07 1438.00000 6.85000000 87.89997 24.98999 16.75000 97.99198
 5 5 17 10 07 1440.77600 6.85000000 87.89997 24.85866 16.75001 97.99052
 5 5 17 10 08 1434.00000 6.80253000 87.89997 24.85866 16.75001 97.99052
 5 5 17 10 08 1440.55200 6.80253000 87.90000 24.94991 16.75000 97.99052
 5 5 17 10 09 1440.00000 6.80253000 87.97999 24.94998 16.75000 97.99052
 5 5 17 10 09 1437.00200 6.80253000 87.97119 24.94991 16.70100 98.50667
 5 5 17 10 10 1439.88700 6.80253000 87.92000 24.94991 16.75003 98.50667
 5 5 17 10 10 1434.00000 6.80253000 87.97999 24.95000 16.64980 97.80005
 5 5 17 10 11 1437.99900 6.80990000 87.90000 24.87000 16.55000 97.80005
 5 5 17 10 11 1439.87200 6.80990000 87.97994 24.87000 16.55000 97.80000
 5 5 17 10 12 1437.99900 6.85000000 87.98000 24.94999 16.55000 97.80000
 5 5 17 10 12 1438.01400 6.84711000 87.90000 24.95000 16.55000 97.80000
 5 5 17 10 13 1434.00100 6.84710000 87.93896 24.95000 16.55000 97.80000
 5 5 17 10 13 1436.24500 6.80253000 87.90000 24.94998 16.55000 97.80000
 5 5 17 10 14 1435.63700 6.80000000 87.92983 24.95000 16.55000 97.00000
 5 5 17 10 14 1435.63700 6.80000000 87.60000 24.95000 16.55000 97.00000
 5 5 17 10 15 1434.63700 6.84625000 87.60000 24.94999 16.55000 97.00000
 5 5 17 10 15 1435.31100 6.75503000 87.88998 24.94999 16.55000 97.00000
 5 5 17 10 16 1434.30800 6.75000000 87.88103 24.95000 16.55000 98.50391
 5 5 17 10 17 1434.12500 6.75000000 87.88086 24.98995 16.55000 98.50388
 5 5 17 10 17 1435.31100 6.75000000 87.88078 24.98995 16.55000 97.50000
 5 5 17 10 18 1434.00100 6.75000000 87.65002 24.98989 16.55001 97.00058
 5 5 17 10 18 1435.16700 6.75000000 87.65003 24.94999 16.55001 96.59000
 5 5 17 10 19 1435.16700 6.75000000 87.65003 24.84504 16.55001 96.59000
 5 5 17 10 19 1434.04000 6.75000000 87.87077 24.98984 16.55001 96.59000
 5 5 17 10 20 1435.18000 6.75000000 87.89991 24.98984 16.55001 96.59000
 5 5 17 10 20 1435.16700 6.75000000 87.87077 24.98978 16.55001 96.59000
 5 5 17 10 21 1438.11200 6.75000000 87.89086 24.98978 16.55001 96.59000
 5 5 17 10 21 1438.09700 6.81394000 87.65001 24.98965 16.55001 96.59000
 5 5 17 10 22 1438.22000 6.75015000 87.79999 24.98973 16.55001 96.59165
 5 5 17 10 22 1438.21900 6.75016000 87.80000 24.98972 16.55001 96.59165
 5 5 17 10 23 1435.65100 6.75016000 87.80000 24.98973 16.55001 96.59165
 5 5 17 10 23 1435.54100 6.75016000 87.79995 25.00000 16.56326 96.59165
 5 5 17 10 24 1435.46800 6.75016000 87.75242 24.95497 16.56326 97.20000
 5 5 17 10 24 1435.46700 6.75016000 87.70000 24.95497 16.56326 97.20000
 5 5 17 10 25 1435.50000 6.75032000 87.70000 24.95497 16.56326 98.29938
 5 5 17 10 25 1438.20200 6.75032000 87.70000 25.00000 16.56326 98.29938
 5 5 17 10 26 1435.65100 6.79932000 87.70000 24.99999 16.56326 98.29938
 5 5 17 10 26 1438.20100 6.75051000 87.70000 24.99999 16.56326 98.29883
 5 5 17 10 27 1435.93900 6.75051000 87.70000 24.99999 16.56326 97.20072
 5 5 17 10 27 1435.93900 6.79930000 87.69999 25.00000 16.56326 97.20072
 5 5 17 10 28 1435.93800 6.79930000 87.65001 24.99999 16.56326 97.20072
 5 5 17 10 28 1435.93800 6.76000000 87.65000 24.99999 16.56326 98.29891
 5 5 17 10 29 1435.93900 6.75076000 87.65000 24.99999 16.56326 98.29891
 5 5 17 10 30 1435.66600 6.79852000 87.60000 24.99999 16.56326 98.30000
 5 5 17 10 30 1435.66700 6.79852000 87.65000 24.99999 16.56326 98.30000
 5 5 17 10 30 1438.17600 6.79858000 87.65000 25.00000 16.56326 98.30000
 5 5 17 10 31 1438.17600 6.79858000 87.50001 25.00000 16.55001 98.30000
 5 5 17 10 32 1438.03500 6.79858000 87.50001 24.81008 16.55001 98.30000
 5 5 17 10 32 1435.65300 6.79858000 87.60001 24.99989 16.74073 98.30000
 5 5 17 10 33 1434.01600 6.79858000 87.50000 24.95099 16.55000 98.30000
 5 5 17 10 33 1434.00000 6.76000000 87.50000 24.82000 16.55000 98.50654
 5 5 17 10 34 1433.99800 6.77000000 87.50001 24.71003 16.55000 98.50662
 5 5 17 10 34 1432.40000 6.77000000 87.50003 24.85098 16.55000 98.50662
 5 5 17 10 35 1433.99900 6.75000000 87.50000 24.80600 16.55002 97.20421
 5 5 17 10 35 1435.50900 6.75000000 87.50001 24.75500 16.55001 97.20421
 5 5 17 10 36 1434.00000 6.75000000 87.49990 24.70998 16.55001 97.20421
 5 5 17 10 36 1433.00000 6.75000000 87.50002 24.72001 16.55003 97.20421
 5 5 17 10 37 1435.49800 6.78928000 87.05123 24.71998 16.55003 97.20421
 5 5 17 10 37 1435.00000 6.75000000 87.38535 24.65000 16.55003 97.20421
 5 5 17 10 38 1433.10000 6.75000000 87.10500 24.71993 16.55003 97.20421
 5 5 17 10 38 1435.50000 6.74000000 87.49000 24.50000 16.55003 98.50667
 5 5 17 10 39 1435.50000 6.72500000 87.49000 24.53998 16.55000 98.50667
 5 5 17 10 39 1435.50000 6.71520000 87.00000 24.53996 16.55000 98.50667
 5 5 17 10 40 1435.41300 6.70010000 87.24128 24.53997 16.55000 98.50667
 5 5 17 10 40 1435.41300 6.70010000 87.19545 24.53997 16.55000 98.50667
 5 5 17 10 41 1435.41400 6.70010000 87.01001 24.50000 16.55001 98.50667
 5 5 17 10 41 1435.41200 6.76813000 87.01001 24.53899 16.55000 98.50667
 5 5 17 10 42 1435.51000 6.76813000 86.99980 24.52599 16.55000 97.20717
 5 5 17 10 42 1435.99800 6.71001000 87.09000 24.50001 16.55000 97.20717
 5 5 17 10 43 1435.50200 6.71001000 87.23996 24.50000 16.55000 97.20717
 5 5 17 10 43 1436.00000 6.71001000 87.23001 24.49000 16.55000 98.49946
 5 5 17 10 44 1435.99000 6.72998000 87.01035 24.48998 16.55000 98.49946
 5 5 17 10 44 1435.61000 6.72932000 87.00201 24.45999 16.55000 98.00000
 5 5 17 10 45 1435.50100 6.72932000 87.19999 24.40501 16.55000 98.00000
 5 5 17 10 46 1436.99200 6.72932000 87.19127 24.46000 16.55000 98.00000
 5 5 17 10 46 1436.98500 6.71000000 87.20000 24.46000 16.55000 98.00000
 5 5 17 10 46 1437.50000 6.72853000 87.10000 24.46000 16.55000 98.00000
 5 5 17 10 47 1438.00000 6.72848000 87.22999 24.48000 16.55000 97.30075
 5 5 17 10 48 1436.28700 6.72851000 87.19127 24.48000 16.55000 97.30075
 5 5 17 10 48 1436.28700 6.72800000 87.04500 24.48039 16.55000 97.30075
 5 5 17 10 49 1436.00100 6.72800000 87.00000 24.48041 16.55000 98.50667
 5 5 17 10 49 1437.99900 6.72775000 87.03629 24.59961 16.55000 99.40000
 5 5 17 10 50 1435.51500 6.73000000 87.00000 24.68843 16.55000 99.40000
 5 5 17 10 50 1438.00000 6.73000000 87.03629 24.49103 16.55000 99.40000
 5 5 17 10 50 1438.00000 6.73000000 87.00000 24.68836 16.55000 99.40000
 5 5 17 10 51 1437.76400 6.74895000 87.02758 24.59994 16.55000 99.40000
 5 5 17 10 52 1437.76500 6.74895000 87.00000 24.59994 16.55000 99.60001
 5 5 17 10 52 1439.04100 6.74895000 87.24000 24.59994 16.55000 99.60001
 5 5 17 10 53 1438.00000 6.74895000 87.00000 24.59994 16.55000 99.60001
 5 5 17 10 53 1437.99800 6.74895000 87.00000 24.59992 16.55000 100.00001
 5 5 17 10 54 1437.99900 6.76845000 87.00000 24.71000 16.55000 100.00001
 5 5 17 10 54 1439.58100 6.74100000 87.03627 24.62000 16.73802 100.00001
 5 5 17 10 55 1439.56700 6.74100000 87.03627 24.51000 16.73802 100.00001
 5 5 17 10 55 1439.88000 6.74100000 87.00000 24.70000 16.73802 100.00000
 5 5 17 10 56 1439.98500 6.74100000 87.02751 24.77000 16.73802 100.00000
 5 5 17 10 56 1439.58100 6.74100000 86.99980 24.70000 16.55016 100.00000
 5 5 17 10 57 1440.00000 6.74100000 87.02500 24.81007 16.55016 100.00000
 5 5 17 10 57 1440.00000 6.76691000 87.01000 24.51011 16.55016 100.00000
 5 5 17 10 58 1440.00000 6.72200000 87.01000 24.81007 16.55016 100.00000
 5 5 17 10 58 1440.00000 6.71536000 86.99980 24.81007 16.55016 100.00000
 5 5 17 10 59 1438.24900 6.71100000 87.07000 24.90000 16.55016 100.00000
 5 5 17 10 59 1439.99800 6.76600000 87.07000 24.69000 16.55016 100.00000
 5 5 17 11 00 1439.85500 6.71101000 87.07000 24.69000 16.73726 100.99835
 5 5 17 11 00 1439.99900 6.71100000 87.07000 24.69000 16.73726 100.99835
 5 5 17 11 01 1440.00600 6.71100000 87.06125 24.60001 16.73726 100.99835
 5 5 17 11 01 1438.27500 6.71100000 87.08000 24.87002 16.73726 100.99835
 5 5 17 11 02 1437.79200 6.72000000 87.05128 24.60002 16.73726 100.99835
 5 5 17 11 03 1439.84500 6.72000000 87.05000 24.85000 16.73726 98.51348
 5 5 17 11 03 1438.23500 6.72000000 86.35000 24.90000 16.73726 98.51348
 5 5 17 11 04 1437.30000 6.72000000 86.97999 24.87002 16.73726 98.51348
 5 5 17 11 04 1435.41200 6.72000000 86.52413 24.60000 16.73726 100.00000
 5 5 17 11 05 1435.00100 6.74927000 86.94998 24.87002 16.73667 98.51422
 5 5 17 11 05 1435.00100 6.72000000 87.07490 24.60000 16.73667 98.51422
 5 5 17 11 06 1435.00100 6.70010000 86.94998 24.87002 16.73667 99.00000
 5 5 17 11 06 1435.01400 6.72100000 87.06123 24.87002 16.73667 99.00000
 5 5 17 11 07 1435.99900 6.72100000 87.06120 24.87002 16.73667 99.00000
 5 5 17 11 07 1435.99800 6.70000000 87.05250 24.60002 16.73667 99.00000
 5 5 17 11 08 1437.78700 6.70000000 87.07490 24.50100 16.73667 100.00000
 5 5 17 11 08 1440.00000 6.70000000 87.08000 24.50200 16.73667 99.00000
 5 5 17 11 09 1432.39000 6.70000000 86.98888 24.48000 16.73630 99.00000
 5 5 17 11 09 1433.76500 6.74698000 86.94998 24.50201 16.55025 100.00000
 5 5 17 11 10 1435.86000 6.70000000 86.94998 24.50023 16.55025 100.00000
 5 5 17 11 10 1435.85500 6.70000000 86.94997 24.46000 16.55025 100.00000
 5 5 17 11 11 1432.99800 6.72999000 86.52003 24.44999 16.55025 99.99999
 5 5 17 11 11 1432.99400 6.70000000 86.98016 24.31502 16.73605 100.00000
 5 5 17 11 12 1431.13200 6.72984000 86.52077 24.15000 16.73605 100.00000
 5 5 17 11 12 1431.00000 6.72983000 86.91068 24.20000 16.73605 100.00000
 5 5 17 11 13 1433.00000 6.72983000 86.71984 24.21500 16.73605 100.00000
 5 5 17 11 13 1433.00000 6.69931000 86.99718 24.90000 16.73605 100.00000
 5 5 17 11 14 1433.00000 6.66000000 86.98847 24.90000 16.55053 100.00003
 5 5 17 11 14 1433.00000 6.63000000 86.98847 24.90000 16.55053 100.00003
 5 5 17 11 15 1433.19600 6.65004000 86.98847 24.23000 16.55053 100.10003
 5 5 17 11 15 1435.82800 6.63003000 86.98847 24.15000 16.55042 100.10003
 5 5 17 11 16 1438.07800 6.63003000 86.98846 24.15001 16.55000 100.10003
 5 5 17 11 16 1431.00000 6.63003000 87.00000 24.21701 16.55000 100.91354
 5 5 17 11 17 1431.00000 6.63003000 86.99130 24.18300 16.55000 100.91633
 5 5 17 11 17 1433.52000 6.63003000 87.00000 24.30400 16.55000 100.91633
 5 5 17 11 18 1431.00000 6.63003000 86.98846 24.30397 16.55000 100.10005
 5 5 17 11 18 1431.00000 6.63003000 86.97130 24.30392 16.55000 100.10026
 5 5 17 11 19 1433.34600 6.63003000 86.99998 24.23599 16.55000 100.10026
 5 5 17 11 19 1433.66200 6.63003000 87.05749 24.23596 16.55000 100.10070
 5 5 17 11 20 1431.00000 6.67000000 86.99999 24.10000 16.55006 100.10070
 5 5 17 11 20 1433.34600 6.67000000 87.05750 24.00000 16.55006 100.10070
 5 5 17 11 21 1433.34600 6.66931000 86.99999 24.01001 16.55006 100.10070
 5 5 17 11 22 1433.64600 6.66931000 86.99130 24.10000 16.55006 100.11060
 5 5 17 11 22 1433.50000 6.66931000 86.99000 24.10000 16.55006 100.11060
 5 5 17 11 23 1433.49600 6.66931000 86.98128 24.09998 16.71886 100.11056
 5 5 17 11 23 1432.30500 6.66931000 86.97999 24.01002 16.71886 100.91624
 5 5 17 11 24 1431.99900 6.66000000 86.98998 24.00000 16.71876 100.91624
 5 5 17 11 24 1431.99700 6.65932000 86.98899 24.00000 16.71876 100.91634
 5 5 17 11 25 1431.06700 6.62000000 86.90000 24.09997 16.71876 100.91624
 5 5 17 11 25 1431.06700 6.62000000 86.90000 23.90400 16.71876 100.91624
 5 5 17 11 26 1428.61000 6.66000000 86.90000 24.00000 16.71876 100.91624
 5 5 17 11 26 1430.00000 6.62015000 86.90000 24.00000 16.71876 101.10000
 5 5 17 11 27 1429.99900 6.62019000 86.91000 23.88000 16.71876 101.54018
 5 5 17 11 27 1430.00000 6.62019000 86.90000 23.90609 16.71876 101.54018
 5 5 17 11 28 1431.89700 6.62019000 86.82001 24.07500 16.71876 101.54018
 5 5 17 11 28 1430.00000 6.62019000 86.89999 24.11631 16.55004 101.54018
 5 5 17 11 29 1428.00000 6.63999000 86.89999 24.17660 16.55004 101.94987
 5 5 17 11 29 1430.72100 6.64000000 86.89998 24.14000 16.55004 101.94975
 5 5 17 11 30 1425.26000 6.64000000 86.90000 24.10000 16.55004 101.94975
 5 5 17 11 30 1425.99900 6.64000000 86.98900 24.19989 16.55004 101.54030
 5 5 17 11 31 1426.00000 6.63931000 86.82000 24.19985 16.55004 101.99966
 5 5 17 11 31 1428.00000 6.63861000 86.95993 23.98050 16.55004 101.99966
 5 5 17 11 32 1426.00200 6.61000000 86.95999 24.10004 16.55004 101.94966
 5 5 17 11 32 1426.41000 6.63927000 86.82003 24.11001 16.55004 101.94959
 5 5 17 11 33 1426.00100 6.61008000 86.95993 24.13695 16.55023 101.94956
 5 5 17 11 33 1425.99800 6.61008000 86.80245 24.19980 16.55023 101.94956
 5 5 17 11 34 1424.10000 6.61008000 86.80247 24.20000 16.55023 101.94956
 5 5 17 11 34 1422.07700 6.63931000 86.50000 24.20000 16.55000 101.54014
 5 5 17 11 35 1420.00000 6.63926000 86.49999 24.17999 16.55001 100.91956
 5 5 17 11 35 1415.10000 6.63925000 86.64859 23.98066 16.55000 100.91956
 5 5 17 11 36 1409.99800 6.63856000 86.39012 23.90000 16.55000 100.91624
 5 5 17 11 36 1417.09300 6.61000000 85.98000 23.96000 16.55000 100.91624
 5 5 17 11 37 1410.00200 6.61000000 86.49114 23.90000 16.55000 100.91624
 5 5 17 11 37 1417.09000 6.64000000 86.36707 23.90000 16.55000 100.91624
 5 5 17 11 38 1417.09000 6.63850000 86.36706 23.70000 16.50000 100.90000
 5 5 17 11 39 1417.09000 6.63857000 86.36705 23.70002 16.36165 100.90000
 5 5 17 11 39 1415.50200 6.65975000 86.35000 23.72600 16.36165 100.90000
 5 5 17 11 39 1415.42300 6.61007000 86.00002 23.72600 16.49999 100.20101
 5 5 17 11 40 1417.70900 6.61000000 86.22219 23.72600 16.36171 100.20101
 5 5 17 11 41 1417.70900 6.61000000 86.22220 23.80000 16.36171 100.20101
 5 5 17 11 41 1419.98500 6.61000000 86.23000 23.79996 16.54940 100.20101
 5 5 17 11 42 1419.77300 6.61000000 86.36706 23.80000 16.54950 101.50000
 5 5 17 11 42 1420.10000 6.60000000 86.32448 23.80000 16.54950 101.50000
 5 5 17 11 43 1424.00000 6.60000000 86.50000 23.80000 16.54950 100.20226
 5 5 17 11 43 1425.00000 6.60000000 86.50000 23.80000 16.64812 100.20226
 5 5 17 11 44 1425.00000 6.60003000 86.50000 23.79999 16.72997 100.20226
 5 5 17 11 44 1425.00000 6.60003000 86.56148 23.80000 16.72997 100.20226
 5 5 17 11 45 1424.99900 6.60866000 86.57014 23.89998 16.72997 102.49788
 5 5 17 11 45 1425.00000 6.60866000 86.56148 23.70002 16.72997 102.49788
 5 5 17 11 46 1425.00000 6.60866000 86.50007 23.82500 16.64861 102.49753
 5 5 17 11 46 1425.00000 6.62000000 86.95371 23.82502 16.64861 100.20379
 5 5 17 11 47 1425.26000 6.60402000 86.50007 23.93900 16.64861 100.20379
 5 5 17 11 47 1425.26000 6.60402000 86.94500 23.87100 16.64861 100.20403
 5 5 17 11 48 1425.26000 6.64998000 86.51000 24.01995 16.49887 100.20403
 5 5 17 11 48 1426.00000 6.64998000 86.88656 23.93905 16.49887 100.20403
 5 5 17 11 49 1428.87300 6.64998000 86.69999 24.00000 16.49887 100.20403
 5 5 17 11 49 1428.20200 6.64913000 86.88650 24.01000 16.49887 100.20403
 5 5 17 11 50 1432.39000 6.64913000 86.87779 24.10000 16.49887 100.20403
 5 5 17 11 50 1430.20200 6.64913000 86.70000 24.10000 16.49887 100.20403
 5 5 17 11 51 1429.97900 6.62000000 86.95993 24.10601 16.49887 102.50000
 5 5 17 11 51 1432.27500 6.62000000 86.95115 24.17659 16.42000 102.49975
 5 5 17 11 52 1432.39000 6.64914000 86.95000 24.17660 16.42000 102.49975
 5 5 17 11 53 1432.39000 6.64914000 86.95000 24.17660 16.71659 102.49975
 5 5 17 11 53 1432.16700 6.62101000 86.94130 24.17660 16.71659 102.49975
 5 5 17 11 54 1432.30000 6.64847000 86.94127 24.25000 16.71659 102.61798
 5 5 17 11 54 1432.26000 6.64777000 86.93256 24.30000 16.71659 102.61798
 5 5 17 11 55 1430.21600 6.64777000 86.93256 24.30000 16.71634 102.61798
 5 5 17 11 55 1432.39000 6.64777000 86.94126 24.30000 16.71634 102.61798
 5 5 17 11 56 1431.99900 6.64777000 86.93255 24.24700 16.71634 102.61798
 5 5 17 11 56 1437.40100 6.62113000 86.98998 24.20499 16.71634 100.10000
 5 5 17 11 56 1436.99800 6.62113000 86.60037 24.01000 16.71634 100.10000
 5 5 17 11 57 1436.99900 6.62113000 86.90000 24.01000 16.71634 100.10001
 5 5 17 11 58 1434.09900 6.62113000 86.90000 24.01002 16.53000 100.10005
 5 5 17 11 58 1436.99800 6.62113000 86.99990 24.20497 16.39739 100.10000
 5 5 17 11 59 1438.92800 6.64776000 86.98998 24.29096 16.39739 99.81515
 5 5 17 11 59 1437.16100 6.64777000 87.00000 24.33198 16.39747 99.10214
 5 5 17 12 00 1436.99800 6.64777000 86.90000 24.33198 16.39747 99.10214
 5 5 17 12 00 1436.99800 6.64777000 86.90000 24.34058 16.40001 99.10214
 5 5 17 12 01 1433.31000 6.64704000 86.99108 24.21000 16.40001 99.10214
 5 5 17 12 01 1436.00000 6.62113000 86.98237 24.49000 16.40001 99.10214
 5 5 17 12 02 1433.31200 6.64912000 86.89997 24.49000 16.40012 99.10214
 5 5 17 12 02 1435.15700 6.62113000 86.89992 24.49000 16.37292 99.10214
 5 5 17 12 03 1436.00000 6.64846000 86.01069 24.42898 16.36141 99.10214
 5 5 17 12 03 1437.00000 6.64846000 86.01072 24.42898 16.28020 99.10214
 5 5 17 12 04 1439.54600 6.64913000 85.99997 24.47999 16.28009 102.13974
 5 5 17 12 04 1439.55000 6.64913000 85.75402 24.42901 16.29463 102.13974
 5 5 17 12 05 1439.55000 6.64914000 85.99136 24.44900 16.29463 102.13974
 5 5 17 12 05 1439.55000 6.62114000 85.99136 24.49000 16.25397 102.13974
 5 5 17 12 06 1438.50200 6.62114000 85.98274 24.48990 16.22044 102.13974
 5 5 17 12 06 1439.53900 6.65000000 85.97000 24.50000 16.10000 102.13974
 5 5 17 12 07 1440.00000 6.64914000 85.98271 24.60000 16.07999 102.13974
 5 5 17 12 07 1439.54000 6.64914000 85.96000 24.59900 16.00000 98.00020
 5 5 17 12 08 1433.31000 6.62252000 85.99900 24.68303 16.04994 99.10390
 5 5 17 12 09 1436.84300 6.64846000 85.99900 24.68000 16.00000 99.10390
 5 5 17 12 09 1439.00000 6.62110000 85.99900 24.60000 16.02001 99.10390
 5 5 17 12 10 1436.91200 6.66980000 86.01054 24.60000 16.00000 99.10390
 5 5 17 12 10 1437.04000 6.66000000 86.01000 24.69998 16.00000 98.06015
 5 5 17 12 11 1434.76100 6.66000000 86.10000 24.69996 16.00000 98.06015
 5 5 17 12 11 1434.76200 6.62113000 86.18992 24.69000 16.01629 98.06015
 5 5 17 12 12 1433.45100 6.62113000 85.99139 24.69000 16.01629 98.06015
 5 5 17 12 12 1434.23700 6.62113000 85.70011 24.69000 16.01629 98.20001
 5 5 17 12 13 1432.95800 6.62111000 85.70012 24.65000 16.00000 98.20001
 5 5 17 12 13 1432.95700 6.62111000 85.70011 24.70000 16.01630 102.04025
 5 5 17 12 14 1432.39000 6.66956000 85.92853 24.65000 16.04992 102.04025
 5 5 17 12 14 1432.39000 6.66956000 85.96536 24.69999 16.04992 102.04025
 5 5 17 12 15 1430.55700 6.66956000 86.10880 24.66700 16.04992 98.50037
 5 5 17 12 15 1432.16500 6.66956000 85.75000 24.70099 16.02000 98.50037
 5 5 17 12 16 1431.00100 6.66956000 85.75003 24.70099 16.01999 98.50037
 5 5 17 12 16 1431.00300 6.65770000 86.10600 24.70099 16.01999 98.50037
 5 5 17 12 17 1432.05500 6.63000000 86.10599 24.70099 16.01999 98.50037
 5 5 17 12 17 1435.99900 6.63000000 86.18999 24.58800 16.01997 98.50037
 5 5 17 12 18 1433.00000 6.62202000 86.18131 24.60000 16.00002 98.50178
 5 5 17 12 19 1433.00100 6.62202000 86.10597 24.55707 16.01997 98.50178
 5 5 17 12 19 1430.20100 6.65699000 86.00000 24.65000 16.00002 98.50178
 5 5 17 12 20 1429.88700 6.65699000 86.00118 24.64998 16.07966 98.50178
 5 5 17 12 20 1427.10100 6.65694000 86.00112 24.64992 16.07971 98.50178
 5 5 17 12 21 1427.00200 6.65694000 86.00121 24.55706 16.07971 100.99904
 5 5 17 12 21 1428.00000 6.62218000 86.09138 24.55707 16.00002 100.99904
 5 5 17 12 22 1426.96500 6.62215000 86.00122 24.45002 16.00002 98.50178
 5 5 17 12 22 1427.00100 6.65599000 86.09138 24.54799 16.17374 100.99821
 5 5 17 12 23 1427.80000 6.62218000 86.42800 24.58199 16.17374 98.50178
 5 5 17 12 23 1426.96700 6.62218000 86.09140 24.45601 16.17374 98.50178
 5 5 17 12 24 1429.88200 6.62218000 86.37458 24.45601 16.17300 98.50178
 5 5 17 12 24 1432.98400 6.65770000 86.50000 24.61994 16.17300 98.50178
 5 5 17 12 25 1432.98500 6.65770000 86.37470 24.52400 16.17300 98.06000
 5 5 17 12 25 1432.98000 6.65770000 86.50000 24.61993 16.17300 100.64807
 5 5 17 12 26 1432.97900 6.65770000 86.89756 24.61993 16.16997 100.64807
 5 5 17 12 26 1430.86800 6.65770000 86.88887 24.61993 16.16997 100.64750
 5 5 17 12 27 1433.90800 6.65770000 86.98960 24.61981 16.16997 100.64750
 5 5 17 12 27 1436.72500 6.65770000 86.64007 24.61981 16.16983 100.54975
 5 5 17 12 28 1430.97700 6.65770000 86.51039 24.61977 16.00043 97.30372
 5 5 17 12 28 1430.86800 6.66970000 86.51042 24.61972 16.14994 97.30372
 5 5 17 12 29 1430.97600 6.66000000 86.98070 24.61972 16.00044 98.00000
 5 5 17 12 29 1430.97700 6.65000000 86.98070 24.51000 16.00044 98.00000
 5 5 17 12 30 1436.71300 6.65000000 87.00000 24.62000 16.00044 98.00000
 5 5 17 12 30 1436.59900 6.65000000 87.00000 24.62000 16.00044 98.00000
 5 5 17 12 31 1433.12400 6.67176000 86.99125 24.62000 16.00044 97.30489
 5 5 17 12 31 1434.28200 6.68861000 86.99126 24.62000 16.00044 97.30489
 5 5 17 12 32 1434.17000 6.66932000 86.99126 24.62000 16.00044 97.30489
 5 5 17 12 32 1434.02900 6.66932000 86.90196 24.60000 16.00044 98.00010
 5 5 17 12 33 1434.27900 6.71195000 86.37455 24.60000 16.00044 98.00000
 5 5 17 12 33 1434.00000 6.71900000 86.37459 24.60000 16.00044 98.10000
 5 5 17 12 34 1433.20000 6.71832000 86.38009 24.60000 16.00044 97.30526
 5 5 17 12 35 1433.31200 6.71832000 86.89844 24.60000 16.00044 97.99998
 5 5 17 12 35 1434.00000 6.71900000 86.89770 24.60000 16.00044 97.99994
 5 5 17 12 36 1434.00000 6.71900000 86.74934 24.60000 16.00044 97.99994
 5 5 17 12 36 1435.00000 6.71900000 86.50018 24.59998 16.00044 97.99994
 5 5 17 12 37 1438.49800 6.71900000 86.50018 24.40000 16.00044 97.99994
 5 5 17 12 37 1439.54600 6.71900000 86.79128 24.40000 16.00044 97.86484
 5 5 17 12 38 1439.54300 6.70000000 86.80000 24.45000 16.01283 97.86484
 5 5 17 12 38 1438.49900 6.74403000 86.89120 24.45000 16.00000 97.86510
 5 5 17 12 39 1438.27500 6.74403000 86.89121 24.45000 15.97999 97.86510
 5 5 17 12 39 1438.27300 6.72000000 86.99875 24.40000 15.97999 97.86510
 5 5 17 12 40 1437.89800 6.72000000 86.99004 24.20000 15.97999 97.86510
 5 5 17 12 40 1437.78000 6.72000000 86.99004 24.41780 15.97999 97.86510
 5 5 17 12 41 1437.69700 6.72000000 86.89991 24.41776 15.98001 97.86510
 5 5 17 12 41 1437.76900 6.72000000 86.98994 24.25006 15.98001 97.86510
 5 5 17 12 42 1437.69900 6.72000000 86.94992 24.25006 15.98001 97.86510
 5 5 17 12 42 1437.69800 6.72000000 86.94982 24.25000 15.98001 97.86510
 5 5 17 12 43 1437.50600 6.68000000 86.88197 24.29998 15.98001 97.86510
 5 5 17 12 43 1435.51400 6.68000000 86.94100 24.25010 15.98001 98.10171
 5 5 17 12 44 1437.00000 6.70000000 86.94106 24.40000 15.98001 98.10171
 5 5 17 12 44 1436.99400 6.70000000 86.79131 24.25024 15.98001 98.10171
 5 5 17 12 45 1435.60700 6.74136000 86.79131 24.39993 15.98001 98.10171
 5 5 17 12 45 1435.00000 6.70000000 86.70002 24.30001 16.16801 98.10171
 5 5 17 12 46 1433.09300 6.70500000 86.78258 24.30001 16.20000 98.10171
 5 5 17 12 46 1435.32400 6.70000000 86.78249 24.41782 16.20000 99.69631
 5 5 17 12 47 1435.32500 6.70000000 86.93973 24.47550 16.19997 98.30047
 5 5 17 12 48 1437.00000 6.66702000 86.93101 24.47549 16.18000 98.30047
 5 5 17 12 48 1436.99900 6.66706000 86.93101 24.47550 16.18000 98.40016
 5 5 17 12 49 1437.75500 6.66706000 86.93099 24.47550 16.18000 98.40016
 5 5 17 12 49 1439.53900 6.66706000 86.94090 24.53075 16.18001 98.60015
 5 5 17 12 49 1439.54000 6.66706000 86.95000 24.47554 16.18001 99.78990
 5 5 17 12 50 1439.89000 6.68000000 86.95000 24.47554 16.18001 99.79000
 5 5 17 12 51 1440.00000 6.69393000 86.94996 24.47553 16.20001 99.79990
 5 5 17 12 51 1440.00000 6.67000000 86.94995 24.53073 16.18000 99.80000
 5 5 17 12 52 1440.12300 6.70000000 86.95000 24.53079 16.18000 99.80000
 5 5 17 12 52 1443.16900 6.69394000 86.90000 24.54999 16.18000 99.79986
 5 5 17 12 53 1443.49800 6.71200000 86.77063 24.54999 16.18000 99.79986
 5 5 17 12 53 1442.94300 6.71200000 86.90000 24.54999 16.18000 99.50000
 5 5 17 12 54 1440.24200 6.69461000 86.89126 24.54999 16.18000 99.50000
 5 5 17 12 54 1442.00000 6.71200000 86.77004 24.53079 16.18000 100.00000
 5 5 17 12 55 1442.00100 6.71200000 86.70000 24.53079 16.18000 100.00002
 5 5 17 12 55 1440.25600 6.72808000 86.70000 24.54995 16.18000 99.51000
