 8 6 17 05 46 2467.02100 15.36024000 229.50000 26.11085 31.57000 250.02100
 8 6 17 05 47 2467.02200 15.39850000 229.99952 26.11085 31.56999 250.02100
 8 6 17 05 47 2469.50000 15.39850000 229.99952 26.11085 31.56999 250.02100
 8 6 17 05 47 2468.39100 15.39850000 229.99927 26.11085 31.56999 251.99999
 8 6 17 05 48 2468.39200 15.39850000 229.99927 26.11085 31.56999 251.99999
 8 6 17 05 48 2468.39400 15.48990000 229.99909 26.11085 31.57000 251.82997
 8 6 17 05 49 2469.38900 15.48990000 229.99909 26.11085 31.34202 251.82997
 8 6 17 05 49 2468.64900 15.48990000 229.99909 26.11085 31.62696 251.82997
 8 6 17 05 50 2470.95500 15.48990000 229.30005 26.10954 31.62696 251.82997
 8 6 17 05 51 2472.00000 15.48990000 229.99864 26.10954 31.62696 252.00000
 8 6 17 05 51 2474.73100 15.48990000 229.98749 26.00000 31.62696 252.00000
 8 6 17 05 51 2476.99500 15.48990000 229.98742 26.10939 31.62696 252.00000
 8 6 17 05 52 2478.70100 15.48990000 229.99999 26.10939 31.62696 252.00000
 8 6 17 05 52 2478.67300 15.48990000 229.99999 26.10939 31.62696 252.00000
 8 6 17 05 53 2476.97200 15.48990000 229.40002 26.10939 31.62696 252.00000
 8 6 17 05 53 2475.00100 15.48990000 229.40002 26.10939 31.62696 252.00000
 8 6 17 05 54 2476.97100 15.48990000 229.50000 26.10939 31.62696 252.00000
 8 6 17 05 54 2476.97100 15.48990000 229.40000 26.10939 31.60005 252.00000
 8 6 17 05 55 2476.97100 15.48990000 229.40011 26.10939 31.60005 252.00000
 8 6 17 05 55 2479.99900 15.48990000 230.00000 26.10939 31.60005 252.00000
 8 6 17 05 56 2479.69700 15.48990000 229.99999 26.10663 31.60005 252.00000
 8 6 17 05 57 2480.00000 15.40000000 229.99998 26.10663 31.60005 252.00000
 8 6 17 05 57 2479.97200 15.40000000 229.40745 26.10663 31.60005 252.00000
 8 6 17 05 58 2484.88100 15.40000000 229.99997 26.10663 31.89178 248.80697
 8 6 17 05 58 2484.99300 15.40000000 229.99999 26.16406 31.89178 248.80709
 8 6 17 05 59 2485.32500 15.40000000 229.99999 26.16406 31.96399 248.80709
 8 6 17 05 59 2487.25300 15.40000000 230.00000 26.16406 31.60057 248.80709
 8 6 17 06 00 2486.22400 15.40000000 230.10000 26.03601 31.82100 248.80709
 8 6 17 06 00 2491.68900 15.40000000 230.10000 26.03601 31.82100 248.80709
 8 6 17 06 01 2487.97500 15.48200000 230.22998 26.03601 32.01000 249.11065
 8 6 17 06 01 2494.77800 15.48200000 230.22998 26.06600 32.01000 249.11065
 8 6 17 06 02 2495.00000 15.48200000 230.61999 26.16600 32.01106 249.11065
 8 6 17 06 02 2497.91100 15.40001000 230.00128 26.17000 32.01106 249.11065
 8 6 17 06 03 2497.91200 15.49000000 230.62000 26.17000 32.01106 249.11174
 8 6 17 06 03 2498.86400 15.49000000 230.61998 26.17000 32.03069 249.11174
 8 6 17 06 04 2498.86200 15.49000000 230.61998 26.17000 32.03069 249.11174
 8 6 17 06 04 2498.72300 15.49000000 230.61764 26.20250 32.03069 249.11174
 8 6 17 06 05 2498.28800 15.49000000 230.70000 26.21287 32.05320 249.11276
 8 6 17 06 05 2498.36400 15.41002000 230.80000 26.25870 32.05320 249.11276
 8 6 17 06 06 2498.28800 15.41002000 230.70000 26.25871 32.03071 249.11276
 8 6 17 06 06 2498.36200 15.41002000 230.70000 26.25870 32.13000 249.11276
 8 6 17 06 07 2498.13400 15.41002000 230.69999 26.25870 32.13000 249.11276
 8 6 17 06 07 2498.28800 15.41002000 230.62017 26.28150 32.13000 249.41844
 8 6 17 06 08 2499.00000 15.41002000 230.70000 26.29989 32.13000 249.41844
 8 6 17 06 09 2498.89000 15.48899000 230.70000 26.29989 32.13000 249.41844
 8 6 17 06 09 2497.50100 15.48899000 230.62001 26.29989 32.13000 249.41844
 8 6 17 06 10 2498.89000 15.48899000 230.70000 26.29989 32.14999 249.41844
 8 6 17 06 10 2498.88900 15.41000000 230.70000 26.29989 32.14999 252.92898
 8 6 17 06 10 2498.88900 15.41000000 230.70000 26.29999 32.14999 253.16471
 8 6 17 06 11 2498.88900 15.41000000 230.62004 26.16402 32.14999 253.16471
 8 6 17 06 12 2497.00000 15.41000000 230.62007 26.16402 32.14999 253.16471
 8 6 17 06 12 2498.88900 15.41000000 230.70000 26.16402 32.14999 253.16471
 8 6 17 06 13 2497.18800 15.41000000 230.80000 26.16402 32.14999 253.16471
 8 6 17 06 13 2497.18900 15.41000000 230.80000 26.16402 32.14999 253.16471
 8 6 17 06 14 2497.00000 15.48349000 230.10007 26.16402 32.14999 253.16471
 8 6 17 06 14 2497.00000 15.48349000 230.10007 26.22500 32.14999 253.16471
 8 6 17 06 15 2497.77300 15.48000000 230.10007 26.22500 32.14999 253.16471
 8 6 17 06 15 2497.00000 15.48049000 230.97999 26.22500 32.14999 253.16471
 8 6 17 06 16 2497.00100 15.48049000 230.98000 26.22500 32.14999 253.16471
 8 6 17 06 17 2496.96100 15.47699000 230.87200 26.25700 32.14999 253.16471
 8 6 17 06 17 2497.00000 15.47699000 230.87200 26.25700 32.14999 253.16471
 8 6 17 06 17 2495.42100 15.47699000 230.87200 26.25700 32.14999 253.16471
 8 6 17 06 18 2496.99900 15.47699000 230.98000 26.25701 32.14999 251.00015
 8 6 17 06 19 2495.47000 15.45850000 231.00000 26.32205 32.14999 251.00015
 8 6 17 06 19 2496.00000 15.45850000 231.00000 26.32205 32.14999 251.00015
 8 6 17 06 19 2496.99900 15.45850000 231.00000 26.32207 32.14999 251.00015
 8 6 17 06 20 2496.97000 15.42000000 231.00000 26.19702 32.14999 251.00015
 8 6 17 06 20 2496.98000 15.67731000 231.00000 26.26000 32.14999 251.00015
 8 6 17 06 21 2496.98100 15.45465000 231.00000 26.26000 32.14999 251.50000
 8 6 17 06 21 2497.51100 15.45465000 230.17803 26.19702 32.50000 251.50000
 8 6 17 06 22 2499.11000 15.54599000 230.99999 26.19702 32.49999 251.50000
 8 6 17 06 22 2499.30000 15.54599000 230.85137 26.19702 32.49999 252.99996
 8 6 17 06 23 2499.30000 15.54599000 231.07341 26.29280 32.46496 252.99996
 8 6 17 06 23 2499.30000 15.54599000 230.21002 26.33000 32.46496 252.99996
 8 6 17 06 24 2499.12200 15.54599000 230.21002 26.33000 32.46496 252.99996
 8 6 17 06 24 2497.73000 15.54599000 230.99980 26.33000 32.49981 252.00000
 8 6 17 06 25 2497.75100 15.54599000 230.99980 26.30000 32.49981 252.00000
 8 6 17 06 26 2500.00000 15.54599000 230.99980 26.30000 32.49981 252.00000
 8 6 17 06 26 2500.00000 15.54599000 230.94999 26.33000 32.34000 252.00000
 8 6 17 06 26 2500.00000 15.42002000 230.23002 26.36600 32.34001 252.00000
 8 6 17 06 27 2500.00000 15.42002000 230.94999 26.33000 32.34000 252.00000
 8 6 17 06 27 2504.14900 15.42002000 230.95000 26.36700 32.15625 252.00000
 8 6 17 06 28 2503.48100 15.46200000 230.94998 26.36700 32.23100 251.99931
 8 6 17 06 28 2498.96000 15.46200000 230.95000 26.36700 32.18335 251.99928
 8 6 17 06 29 2504.14800 15.46200000 230.94998 26.38446 32.18335 250.10000
 8 6 17 06 29 2503.48000 15.46200000 230.94998 26.37600 32.18335 250.10000
 8 6 17 06 30 2504.14900 15.51910000 230.94998 26.37602 32.15001 250.10000
 8 6 17 06 31 2499.72600 15.51910000 231.30000 26.38444 32.15001 250.10000
 8 6 17 06 31 2499.72600 15.51910000 231.30000 26.34000 32.15001 250.10000
 8 6 17 06 31 2503.39600 15.51910000 231.30000 26.34000 32.15001 250.10000
 8 6 17 06 32 2501.79000 15.51910000 231.30000 26.34000 32.15001 251.93908
 8 6 17 06 33 2499.72600 15.51910000 231.44699 26.34000 32.15001 251.93908
 8 6 17 06 33 2499.00000 15.51910000 231.44699 26.33200 32.15001 250.10000
 8 6 17 06 33 2491.80200 15.51910000 231.44699 26.28673 32.37149 250.10000
 8 6 17 06 34 2495.00000 15.51910000 231.44699 26.33193 32.37149 250.10000
 8 6 17 06 34 2494.87800 15.51910000 231.44699 26.33192 32.37149 250.10000
 8 6 17 06 35 2494.87700 15.51910000 231.44699 26.33192 32.37149 250.11000
 8 6 17 06 36 2492.04300 15.51910000 231.44699 26.33192 32.15004 250.11000
 8 6 17 06 36 2491.82800 15.51910000 231.30000 26.33192 32.15001 250.11010
 8 6 17 06 37 2491.80300 15.51910000 231.44692 26.23999 32.15000 250.11000
 8 6 17 06 37 2492.03900 15.59999000 231.44692 26.23999 32.15000 250.11000
 8 6 17 06 38 2492.50100 15.59999000 231.44699 26.23999 32.15000 250.11000
 8 6 17 06 38 2492.50200 15.59999000 231.45223 26.23999 32.15000 250.11004
 8 6 17 06 39 2496.13000 15.59999000 231.45223 26.23999 32.37109 250.11000
 8 6 17 06 39 2498.14300 15.59999000 231.45226 26.23999 32.37109 250.11000
 8 6 17 06 40 2497.57900 15.42418000 231.45280 26.23999 32.37109 251.84830
 8 6 17 06 40 2492.40200 15.42418000 231.45280 26.23999 32.37109 251.84826
 8 6 17 06 41 2492.40200 15.42418000 231.44700 26.23353 32.37109 251.84826
 8 6 17 06 41 2492.40200 15.42418000 231.45279 26.23353 32.37109 251.84826
 8 6 17 06 42 2492.40200 15.42418000 231.45278 26.23353 32.37109 251.84826
 8 6 17 06 42 2492.73300 15.51000000 231.31000 26.23353 32.37109 251.84826
 8 6 17 06 43 2496.00000 15.51000000 231.30008 26.23353 32.37109 251.84826
 8 6 17 06 43 2495.99500 15.51000000 231.30008 26.25001 32.37109 251.83994
 8 6 17 06 44 2499.21500 15.55312000 231.30000 26.25001 32.46000 250.11015
 8 6 17 06 44 2504.81010 15.55312000 231.45280 26.25002 32.15002 249.50001
 8 6 17 06 45 2500.00000 15.55312000 231.45280 26.25002 32.15002 249.50001
 8 6 17 06 45 2499.21600 15.55312000 231.45280 26.25002 32.15000 249.50010
 8 6 17 06 46 2500.00000 15.55312000 231.70000 26.25002 32.15004 249.50010
 8 6 17 06 46 2505.00000 15.55312000 231.70000 26.25002 32.15000 251.50379
 8 6 17 06 47 2504.99700 15.55312000 231.69998 26.38448 32.15000 251.50379
 8 6 17 06 48 2500.00000 15.55312000 231.69998 26.31400 32.15000 251.50379
 8 6 17 06 48 2500.57300 15.55312000 231.69998 26.31400 32.15000 251.50379
 8 6 17 06 48 2502.97900 15.55312000 231.70000 26.31403 32.15000 251.50379
 8 6 17 06 49 2500.57300 15.55312000 231.69997 26.31403 32.15000 251.50379
 8 6 17 06 50 2500.00100 15.55312000 231.81882 26.30001 32.15000 251.50379
 8 6 17 06 51 2502.69600 15.55312000 232.00000 26.38432 32.15000 251.50379
 8 6 17 06 51 2502.95000 15.50002000 232.00000 26.38430 32.15000 251.50379
 8 6 17 06 52 2501.00000 15.50002000 231.98000 26.38430 32.41191 251.50379
 8 6 17 06 52 2500.47400 15.50002000 231.98000 26.30000 32.41191 251.50379
 8 6 17 06 52 2500.11100 15.50002000 231.98000 26.30000 32.40000 251.50379
 8 6 17 06 53 2501.14400 15.50000000 232.02000 26.30000 32.20003 251.50379
 8 6 17 06 53 2500.00000 15.50000000 232.02000 26.30000 32.24353 249.50011
 8 6 17 06 54 2502.69600 15.50000000 231.97999 26.30000 32.24354 249.50013
 8 6 17 06 54 2500.27100 15.58363000 232.22734 26.30000 32.24354 251.31226
 8 6 17 06 55 2500.27300 15.58363000 232.00000 26.30000 32.20009 251.31225
 8 6 17 06 55 2500.00000 15.58363000 232.00000 26.30000 32.20009 251.31221
 8 6 17 06 56 2500.27300 15.58254000 232.28689 26.30000 32.20009 249.50013
 8 6 17 06 56 2496.99500 15.58254000 232.31991 26.30000 32.20009 249.50013
 8 6 17 06 57 2499.94500 15.58254000 232.31992 26.30000 32.20009 249.50013
 8 6 17 06 58 2499.94400 15.49900000 232.35197 26.30000 32.20009 249.50013
 8 6 17 06 58 2497.32200 15.46662000 232.35192 26.30000 32.20009 249.50013
 8 6 17 06 58 2497.32200 15.46662000 232.31991 26.30000 32.20009 249.50010
 8 6 17 06 59 2497.29600 15.46662000 231.98000 26.30000 32.33824 249.50010
 8 6 17 07 00 2497.29600 15.46662000 231.53703 26.30000 32.33824 249.50010
 8 6 17 07 00 2495.24500 15.46662000 231.90001 26.21197 32.33824 249.50010
 8 6 17 07 00 2497.29400 15.46662000 231.60002 26.21197 32.33824 249.50010
 8 6 17 08 48 2490.00000 15.62100000 232.47002 26.12107 32.50000 250.22708
 8 6 17 08 49 2487.01800 15.62100000 232.47001 26.09001 32.49996 250.22628
 8 6 17 08 50 2487.01800 15.62100000 232.01076 26.09001 32.49987 250.22628
 8 6 17 08 50 2487.13100 15.62100000 232.47002 26.09001 32.49987 250.22628
 8 6 17 08 51 2487.13100 15.68981000 232.10002 26.12100 32.49987 250.22628
 8 6 17 08 51 2487.10000 15.68981000 232.10002 26.09501 32.49987 250.22628
 8 6 17 08 52 2487.11000 15.68985000 232.10003 26.30998 32.49973 250.22628
 8 6 17 08 52 2487.10000 15.68985000 232.47001 26.30998 32.49973 250.22628
 8 6 17 08 52 2487.10000 15.68985000 232.46998 26.30998 32.49973 250.22628
 8 6 17 08 53 2487.13100 15.67499000 232.44998 26.30998 32.26508 250.22628
 8 6 17 08 54 2487.10000 15.67499000 232.44999 26.09609 32.26508 250.22628
 8 6 17 08 54 2487.13100 15.60001000 232.20474 26.09609 32.26508 250.22628
 8 6 17 08 54 2487.13100 15.60601000 232.44998 26.09609 32.26508 250.22628
 8 6 17 08 55 2486.33300 15.60602000 232.45000 26.09609 32.26508 250.22628
 8 6 17 08 56 2487.13100 15.60602000 232.45000 26.09609 32.26508 250.22628
 8 6 17 08 56 2489.99600 15.60602000 232.45000 26.09609 32.26508 250.22628
 8 6 17 08 57 2490.00000 15.60602000 232.42998 26.09609 32.26508 250.22628
 8 6 17 08 57 2489.99900 15.60602000 232.21039 26.09609 32.26508 250.22628
 8 6 17 08 58 2490.00000 15.60602000 232.21039 26.09609 32.26508 247.13500
 8 6 17 08 58 2490.00000 15.60602000 232.46744 26.09609 32.26508 247.13500
 8 6 17 08 59 2489.48100 15.60602000 232.21242 26.09609 32.26508 247.13500
 8 6 17 08 59 2489.99900 15.60602000 232.50000 26.09609 32.26508 247.13500
 8 6 17 09 00 2490.00000 15.60602000 232.50000 26.29779 32.26508 247.13500
 8 6 17 09 00 2490.22400 15.60602000 232.62000 26.12301 32.26508 247.20030
 8 6 17 09 01 2490.00000 15.67499000 232.62000 26.12301 32.26508 247.20031
 8 6 17 09 01 2489.99900 15.67499000 232.62000 26.29772 32.26508 247.13076
 8 6 17 09 02 2488.11100 15.67499000 232.32237 26.29772 32.26508 246.99998
 8 6 17 09 02 2488.43800 15.67499000 232.61999 26.27900 32.26508 249.17275
 8 6 17 09 03 2489.99900 15.67499000 232.62000 26.27900 32.26508 249.17275
 8 6 17 09 03 2489.01000 15.67499000 232.50000 26.12502 32.49884 249.17275
 8 6 17 09 04 2489.97000 15.67499000 232.35474 26.24600 32.49884 249.17275
 8 6 17 09 04 2491.99600 15.67499000 232.35711 26.24600 32.49884 249.17194
 8 6 17 09 05 2492.99800 15.67499000 232.50000 26.24600 32.49884 249.17194
 8 6 17 09 06 2491.00000 15.67499000 232.50000 26.24600 32.49884 249.17194
 8 6 17 09 06 2491.02400 15.67499000 232.50000 26.12611 32.49884 249.17194
 8 6 17 09 07 2491.00000 15.67499000 232.50000 26.12611 32.25009 249.17194
 8 6 17 09 07 2492.00000 15.67498000 232.50000 26.12611 32.25009 249.17194
 8 6 17 09 08 2489.12100 15.63110000 232.50000 26.12611 32.25009 248.99989
 8 6 17 09 08 2490.00000 15.67500000 232.50000 26.12611 32.25009 248.74168
