 9 9 17 10 59 3683.70000 13.84500000 258.66000 60.47000 19.14000 186.76200
 9 9 17 11 00 3682.90000 13.84500000 258.38000 60.50000 19.14000 186.76200
 9 9 17 11 00 3682.90000 13.84500000 258.70000 60.50000 19.14000 186.76200
 9 9 17 11 00 3682.90000 13.84500000 258.38000 60.50000 19.14000 186.75200
 9 9 17 11 01 3682.80000 13.84500000 259.12000 60.50000 19.14000 186.75200
 9 9 17 11 01 3680.90000 13.84500000 257.82000 60.50000 19.14000 186.75200
 9 9 17 11 02 3673.00000 13.84500000 257.37000 60.59000 19.14000 186.75200
 9 9 17 11 02 3670.00000 13.84500000 258.38000 60.48000 19.14000 186.75200
 9 9 17 11 03 3673.00000 13.84500000 258.38000 60.47000 19.14000 186.75200
 9 9 17 11 03 3673.00000 13.84500000 258.33000 60.46000 19.14000 186.75200
 9 9 17 11 03 3681.60000 13.84500000 258.33000 60.46000 19.14000 186.75200
 9 9 17 11 04 3681.60000 13.84500000 258.30000 60.41000 19.14000 186.75200
 9 9 17 11 04 3681.60000 13.84500000 258.38000 60.41000 19.14000 186.75200
 9 9 17 11 05 3683.50000 13.84500000 258.36000 60.41000 19.14000 186.75200
 9 9 17 11 05 3683.50000 13.84500000 258.36000 60.41000 19.14000 186.75200
 9 9 17 11 06 3681.80000 13.84500000 257.80000 60.41000 19.14000 186.75200
 9 9 17 11 06 3681.80000 13.84500000 257.61000 60.40000 19.14000 186.75200
 9 9 17 11 06 3681.70000 13.84500000 257.61000 60.40000 19.14000 186.75200
 9 9 17 11 07 3683.30000 13.84500000 257.61000 60.40000 19.14000 186.75200
 9 9 17 11 07 3683.30000 13.84500000 257.61000 60.40000 19.14000 186.75200
 9 9 17 11 08 3683.40000 13.84500000 257.61000 60.40000 19.14000 186.75200
 9 9 17 11 08 3683.30000 13.84500000 257.55000 60.40000 19.14000 186.75200
 9 9 17 11 09 3681.70000 13.84500000 257.57000 60.31000 19.14000 186.75200
 9 9 17 11 09 3681.70000 13.84500000 257.55000 60.31000 19.14000 186.75200
 9 9 17 11 09 3682.90000 13.84500000 257.55000 60.31000 19.14000 186.75200
 9 9 17 11 10 3681.70000 13.84500000 257.55000 60.31000 19.14000 186.75200
 9 9 17 11 10 3682.90000 13.84500000 257.51000 60.40000 19.14000 186.75200
 9 9 17 11 11 3682.90000 13.84500000 257.51000 60.40000 19.14000 186.75200
 9 9 17 11 11 3682.40000 13.84500000 257.50000 60.36000 19.14000 186.75200
 9 9 17 11 11 3683.20000 13.84500000 257.50000 60.40000 19.14000 186.75200
 9 9 17 11 12 3683.90000 13.84500000 257.50000 60.32000 19.14000 186.75200
 9 9 17 11 12 3682.40000 13.84500000 257.40000 60.40000 19.14000 186.75200
 9 9 17 11 13 3684.00000 13.84500000 257.40000 60.40000 19.14000 186.75200
 9 9 17 11 13 3684.00000 13.95900000 257.50000 60.40000 19.14000 186.75200
 9 9 17 11 14 3684.00000 13.86200000 257.50000 60.40000 19.14000 186.75200
 9 9 17 11 14 3684.00000 13.86200000 257.50000 60.31000 19.14000 186.75200
 9 9 17 11 14 3684.00000 13.86200000 257.50000 60.31000 19.14000 186.75200
 9 9 17 11 15 3685.00000 13.86200000 257.50000 60.40000 19.14000 187.73000
 9 9 17 11 15 3684.00000 13.86200000 257.50000 60.40000 19.14000 188.31000
 9 9 17 11 16 3668.20000 13.86200000 257.50000 60.40000 19.14000 188.31000
 9 9 17 11 16 3658.00000 13.86200000 257.35000 60.30000 19.14000 188.35700
 9 9 17 11 17 3688.90000 13.86200000 257.50000 60.30000 19.14000 188.35700
 9 9 17 11 17 3684.90000 13.86200000 257.31000 60.30000 19.14000 188.35700
 9 9 17 11 17 3683.30000 13.86200000 257.49000 60.30000 19.14000 188.31000
 9 9 17 11 18 3663.20000 13.86200000 257.49000 60.33000 19.14000 188.31000
 9 9 17 11 18 3680.80000 13.86200000 257.31000 60.30000 19.14000 188.31000
 9 9 17 11 19 3663.00000 13.86200000 257.50000 60.33000 19.14000 188.31000
 9 9 17 11 19 3663.00000 13.86200000 257.49000 60.40000 19.14000 188.31000
 9 9 17 11 20 3663.00000 13.86200000 257.48000 60.40000 19.14000 187.73300
 9 9 17 11 20 3663.00000 13.86200000 257.48000 60.30000 19.14000 187.73300
 9 9 17 11 20 3663.00000 13.86200000 257.31000 60.31000 19.14000 187.73100
 9 9 17 11 21 3663.00000 13.86200000 257.49000 60.31000 19.14000 187.73000
 9 9 17 11 21 3663.00000 13.86200000 257.49000 60.35000 19.14000 187.73000
 9 9 17 11 22 3663.00000 13.86200000 257.48000 60.35000 19.00400 187.72900
 9 9 17 11 22 3663.00000 13.86200000 257.32000 60.34000 19.00400 187.72900
 9 9 17 11 23 3670.00000 13.95100000 257.32000 60.33000 19.00400 186.79100
 9 9 17 11 23 3663.20000 13.95100000 257.28000 60.35000 19.00400 186.79100
 9 9 17 11 23 3663.00000 13.95100000 257.28000 60.35000 19.00400 187.72500
 9 9 17 11 24 3662.90000 13.95100000 257.49000 60.37000 19.00400 187.72400
 9 9 17 11 24 3663.00000 13.95100000 257.35000 60.31000 19.00400 187.72400
 9 9 17 11 25 3663.00000 13.95100000 257.35000 60.35000 19.00300 187.72400
 9 9 17 11 25 3663.00000 13.95100000 257.40000 60.38000 19.00300 187.72400
 9 9 17 11 26 3663.00000 13.95100000 257.40000 60.34000 19.00300 187.72400
 9 9 17 11 26 3663.00000 13.95100000 257.40000 60.33000 19.00300 187.66000
 9 9 17 11 26 3662.90000 13.95600000 257.49000 60.35000 19.00300 187.66000
 9 9 17 11 27 3663.00000 13.95600000 257.57000 60.33000 19.00300 187.66000
 9 9 17 11 27 3663.00000 13.95600000 257.57000 60.33000 19.00300 186.80300
 9 9 17 11 28 3663.00000 13.95600000 257.57000 60.33000 19.00300 186.80300
 9 9 17 11 28 3662.90000 13.95600000 258.10000 60.33000 19.00300 186.80300
 9 9 17 11 29 3663.00000 13.95600000 258.10000 60.35000 19.00300 186.80300
 9 9 17 11 29 3662.90000 13.95600000 258.10000 60.34000 19.00300 186.80300
 9 9 17 11 30 3663.00000 13.84600000 258.38000 60.34000 19.00300 186.80300
 9 9 17 11 30 3663.00000 13.84600000 258.10000 60.60000 19.00300 186.80300
 9 9 17 11 30 3663.00000 13.95000000 258.10000 60.60000 19.00300 186.80300
 9 9 17 11 31 3668.90000 13.95000000 258.10000 60.60000 19.00300 186.80300
 9 9 17 11 31 3663.30000 13.95000000 258.10000 60.60000 19.00300 186.80300
 9 9 17 11 32 3668.60000 13.95000000 258.10000 60.60000 19.00300 186.80300
 9 9 17 11 32 3668.60000 13.95000000 258.00000 60.35000 19.00300 186.80300
 9 9 17 11 32 3668.60000 13.95000000 258.02000 60.35000 19.00300 186.80300
 9 9 17 11 33 3668.60000 13.95000000 258.00000 60.35000 19.00300 186.80300
 9 9 17 11 33 3668.60000 13.95000000 257.62000 60.35000 19.00300 186.80300
 9 9 17 11 34 3668.60000 13.95000000 257.62000 60.35000 19.00300 186.80300
 9 9 17 11 34 3668.60000 13.95000000 257.62000 60.35000 19.00300 186.80300
 9 9 17 11 35 3668.60000 13.95000000 257.62000 60.50000 19.00300 186.80300
 9 9 17 11 35 3668.60000 13.95000000 257.12000 60.50000 19.00300 186.80300
 9 9 17 11 36 3668.60000 13.95000000 257.63000 60.50000 19.00300 186.80300
 9 9 17 11 36 3668.60000 13.95000000 257.63000 60.50000 19.00300 186.80300
 9 9 17 11 36 3668.60000 13.79000000 257.49000 60.61000 19.00300 186.80300
 9 9 17 11 37 3668.60000 13.70000000 257.63000 60.61000 19.00300 186.80300
 9 9 17 11 37 3668.00000 13.94900000 257.80000 60.61000 19.00300 186.80300
 9 9 17 11 38 3668.00000 13.94900000 257.34000 60.65000 19.00300 186.80300
 9 9 17 11 38 3667.90000 13.94900000 257.34000 61.00000 19.00300 186.80300
 9 9 17 11 39 3668.00000 13.94900000 257.80000 60.99000 19.00300 186.80300
 9 9 17 11 39 3668.00000 13.94900000 258.87000 60.99000 19.00300 186.80300
 9 9 17 11 39 3665.80000 13.94900000 258.87000 60.99000 19.00300 187.52900
 9 9 17 11 40 3668.00000 13.94900000 257.90000 60.99000 19.14900 187.52900
 9 9 17 11 40 3668.00000 13.94900000 257.50000 60.83000 19.14900 187.52900
 9 9 17 11 41 3668.60000 13.94900000 257.90000 60.83000 19.14900 187.55500
 9 9 17 11 41 3668.90000 13.94900000 257.90000 60.82000 19.14900 187.55500
 9 9 17 11 42 3663.00000 13.94900000 258.79000 61.00000 19.14900 187.55500
 9 9 17 11 42 3663.00000 13.94900000 257.90000 61.00000 19.10000 187.55500
 9 9 17 11 42 3663.00000 13.94900000 257.90000 61.00000 19.10000 187.55500
 9 9 17 11 43 3663.00000 13.94900000 257.90000 61.00000 19.10000 187.55500
 9 9 17 11 43 3662.40000 13.94900000 257.90000 60.68000 19.10000 187.52900
 9 9 17 11 44 3663.00000 13.94900000 257.90000 60.75000 19.10000 187.52900
 9 9 17 11 44 3662.10000 13.94900000 257.90000 60.99000 19.10000 187.52900
 9 9 17 11 44 3663.00000 13.94900000 257.90000 60.71000 19.10000 187.52900
 9 9 17 11 45 3663.00000 13.94500000 258.49000 60.69000 19.10000 187.52900
 9 9 17 11 45 3677.60000 13.94500000 258.49000 60.69000 19.10000 187.52900
 9 9 17 11 46 3668.90000 13.94500000 257.91000 60.69000 19.10000 187.52900
 9 9 17 11 46 3677.50000 13.94500000 257.91000 60.67000 19.10000 187.52900
 9 9 17 11 47 3669.70000 13.94500000 258.00000 60.88000 19.10000 187.52900
 9 9 17 11 47 3669.70000 13.94500000 258.00000 60.70000 19.10000 187.52900
 9 9 17 11 47 3675.00000 13.94500000 258.00000 60.68000 19.10000 187.52900
 9 9 17 11 48 3675.00000 13.94500000 258.00000 60.68000 19.10000 187.52900
 9 9 17 11 48 3674.90000 13.94500000 258.87000 60.68000 19.00400 187.52900
 9 9 17 11 49 3672.00000 13.94500000 258.40000 60.68000 19.00400 187.52900
 9 9 17 11 49 3664.00000 13.94500000 258.00000 60.67000 19.00400 187.52900
 9 9 17 11 50 3635.00000 13.94500000 257.98000 60.67000 19.00400 187.52900
 9 9 17 11 50 3627.00000 13.94500000 258.00000 60.67000 19.00400 187.52900
 9 9 17 11 51 3616.00000 13.94500000 258.00000 60.65000 19.00400 187.52900
 9 9 17 11 51 3669.90000 13.97200000 258.00000 60.65000 19.00400 187.52900
 9 9 17 11 51 3604.70000 13.97200000 258.40000 60.60000 19.00400 187.52900
 9 9 17 11 52 3668.10000 13.97200000 258.40000 60.60000 19.00400 187.52900
 9 9 17 11 52 3668.10000 13.97100000 258.40000 60.60000 19.00400 187.52900
 9 9 17 11 53 3659.50000 13.97100000 258.37000 60.60000 19.00400 187.52900
 9 9 17 11 53 3630.40000 13.97100000 258.40000 60.39000 19.00400 187.52900
 9 9 17 11 53 3659.00000 13.97100000 258.40000 60.33000 19.00400 187.52900
 9 9 17 11 54 3650.00000 13.97100000 258.35000 60.33000 19.00400 187.52900
 9 9 17 11 54 3650.00000 13.97100000 258.05000 60.33000 19.00400 187.52900
 9 9 17 11 55 3650.00000 13.97100000 258.03000 60.44000 19.00400 187.52900
 9 9 17 11 55 3649.40000 13.97100000 258.00000 60.34000 19.00400 187.51700
 9 9 17 11 56 3650.10000 13.97100000 257.93000 60.32000 19.00400 187.51700
 9 9 17 11 56 3649.00000 13.97100000 257.91000 60.32000 19.00400 187.51700
 9 9 17 11 57 3667.60000 13.97100000 257.91000 60.44000 19.00400 187.51700
 9 9 17 11 57 3656.50000 13.99700000 257.90000 60.36000 19.00400 187.51700
 9 9 17 11 57 3656.50000 13.99700000 257.80000 60.36000 19.00400 187.51700
 9 9 17 11 58 3665.00000 13.99700000 257.80000 60.36000 19.00400 187.51700
 9 9 17 11 58 3656.90000 13.99700000 257.84000 60.43000 19.00400 187.51700
 9 9 17 11 59 3667.50000 13.99700000 257.80000 60.43000 19.00400 186.79300
 9 9 17 11 59 3655.00000 13.99700000 257.83000 60.40000 19.00400 186.79200
 9 9 17 12 00 3667.50000 13.98000000 257.80000 60.36000 19.00400 186.79200
 9 9 17 12 00 3667.50000 13.98000000 257.80000 60.44000 19.00400 186.78100
 9 9 17 12 00 3665.00000 13.98000000 257.26000 60.44000 19.00400 186.78100
 9 9 17 12 01 3665.00000 13.98000000 257.75000 60.38000 18.93200 186.78100
 9 9 17 12 01 3665.00000 13.98000000 257.26000 60.38000 18.93200 186.78100
 9 9 17 12 02 3667.40000 13.97600000 257.75000 60.33000 18.93200 186.78100
 9 9 17 12 02 3667.50000 13.97600000 257.26000 60.31000 18.93200 186.78100
 9 9 17 12 03 3672.90000 13.88000000 257.26000 60.31000 18.93200 186.78100
 9 9 17 12 03 3670.00000 13.96300000 257.50000 60.30000 18.93200 186.77100
 9 9 17 12 03 3672.40000 13.96300000 257.37000 60.30000 18.93200 186.77100
 9 9 17 12 04 3672.90000 13.96300000 257.50000 60.30000 18.93200 186.57100
 9 9 17 12 04 3670.00000 13.96300000 257.50000 60.30000 18.93200 186.57100
 9 9 17 12 05 3673.30000 13.96300000 257.46000 60.30000 18.93200 186.57100
 9 9 17 12 05 3673.30000 13.96300000 257.80000 60.30000 18.93200 186.57100
 9 9 17 12 06 3680.00000 13.96300000 258.00000 60.30000 18.93200 186.79300
 9 9 17 12 06 3679.40000 13.96300000 258.00000 60.30000 18.93200 186.79300
 9 9 17 12 06 3680.00000 13.96300000 257.92000 60.31000 18.93200 186.79300
 9 9 17 12 07 3680.00000 13.96300000 257.61000 60.35000 18.93200 186.79300
 9 9 17 12 07 3677.20000 13.93000000 257.61000 60.35000 18.93200 186.79300
 9 9 17 12 08 3674.90000 13.93000000 258.00000 60.30000 18.93200 186.79300
 9 9 17 12 08 3665.00000 13.93000000 257.80000 60.30000 18.93200 186.79300
 9 9 17 12 09 3675.00000 13.93000000 257.80000 60.30000 18.93200 186.79300
 9 9 17 12 09 3679.90000 13.93000000 257.92000 60.34000 18.93200 186.79300
 9 9 17 12 10 3680.00000 13.93000000 257.92000 60.34000 18.93200 186.79300
 9 9 17 12 10 3679.80000 13.93000000 257.91000 60.36000 18.93200 186.79300
 9 9 17 12 10 3679.20000 13.93000000 257.92000 60.37000 18.93200 186.79300
 9 9 17 12 11 3679.00000 13.93000000 258.00000 60.32000 18.93200 186.79300
 9 9 17 12 11 3679.00000 13.93000000 257.93000 60.32000 18.93200 186.81000
 9 9 17 12 12 3679.90000 13.93000000 257.92000 60.35000 18.93200 186.80000
 9 9 17 12 12 3679.50000 13.93000000 257.92000 60.35000 18.93200 186.80000
 9 9 17 12 12 3682.80000 13.93000000 257.92000 60.35000 18.93200 186.80000
 9 9 17 12 13 3679.50000 13.93000000 258.00000 60.32000 18.93200 186.80000
 9 9 17 12 13 3682.80000 13.93000000 258.00000 60.35000 18.93200 186.80000
 9 9 17 12 14 3682.90000 13.93000000 258.00000 60.35000 18.93200 186.81000
 9 9 17 12 14 3682.70000 13.93000000 258.00000 60.35000 18.93200 186.80000
 9 9 17 12 15 3679.50000 13.93000000 257.90000 60.44000 18.93200 186.80000
 9 9 17 12 15 3682.60000 13.93000000 257.90000 60.58000 18.93200 186.81000
 9 9 17 12 15 3679.50000 13.95000000 257.90000 60.58000 18.93200 186.81000
 9 9 17 12 16 3682.60000 13.95000000 257.81000 60.58000 18.93200 186.81000
 9 9 17 12 16 3679.50000 13.95000000 257.90000 60.50000 18.93200 186.81000
 9 9 17 12 17 3679.50000 13.95000000 257.90000 60.50000 18.93200 186.81000
 9 9 17 12 17 3677.70000 13.95000000 257.90000 60.50000 18.93200 186.81000
 9 9 17 12 18 3682.30000 13.95000000 257.90000 60.50000 19.13500 186.80000
 9 9 17 12 18 3682.20000 13.95000000 258.00000 60.50000 19.13500 186.80000
 9 9 17 12 18 3679.70000 13.95000000 258.05000 60.50000 19.13500 186.80000
 9 9 17 12 19 3677.70000 13.88000000 258.75000 60.50000 19.13500 186.80000
 9 9 17 12 19 3675.60000 13.88000000 258.75000 60.50000 19.13500 186.80000
 9 9 17 12 20 3675.60000 13.88000000 258.90000 60.50000 19.13500 186.80000
 9 9 17 12 20 3675.60000 13.88000000 258.93000 60.50000 19.13500 186.81000
 9 9 17 12 21 3675.50000 13.88000000 258.03000 60.50000 19.13500 186.81000
 9 9 17 12 21 3663.00000 13.88000000 258.90000 60.50000 19.13500 186.81000
 9 9 17 12 21 3672.00000 13.88000000 258.88000 60.50000 19.13500 186.81000
 9 9 17 12 22 3671.20000 13.88000000 257.80000 60.50000 19.13500 186.82000
 9 9 17 12 22 3671.90000 13.87000000 257.80000 60.50000 19.13500 186.82000
 9 9 17 12 23 3669.20000 13.87000000 259.65000 60.50000 19.13500 186.82000
 9 9 17 12 23 3669.20000 13.86800000 259.64000 60.50000 19.13500 186.82000
 9 9 17 12 24 3666.40000 13.86900000 258.85000 60.50000 19.13500 186.82000
 9 9 17 12 24 3665.20000 13.86900000 259.00000 60.50000 19.13500 186.82000
 9 9 17 12 24 3669.10000 13.87000000 259.00000 60.50000 19.13600 186.82000
 9 9 17 12 25 3665.20000 13.87000000 259.00000 60.35000 19.13600 186.82000
 9 9 17 12 25 3665.70000 13.87000000 258.50000 60.35000 19.13600 186.82000
 9 9 17 12 26 3668.90000 13.87000000 258.50000 60.35000 19.13600 186.82000
 9 9 17 12 26 3668.40000 13.87000000 258.50000 60.35000 19.13600 186.82000
 9 9 17 12 27 3668.90000 13.87000000 258.50000 60.34000 19.13600 186.82000
 9 9 17 12 27 3665.20000 13.87000000 258.00000 60.33000 19.13600 186.82000
 9 9 17 12 27 3668.40000 13.87000000 258.00000 60.31000 19.13600 186.82000
 9 9 17 12 28 3669.00000 13.87000000 258.00000 60.31000 19.13600 186.82000
 9 9 17 12 28 3668.90000 13.87000000 258.00000 60.32000 19.13600 186.82000
 9 9 17 12 29 3668.90000 13.87000000 257.80000 60.32000 19.13600 186.82000
 9 9 17 12 29 3667.60000 13.87000000 257.90000 60.31000 19.13600 186.82000
 9 9 17 12 30 3667.60000 13.87000000 258.00000 60.31000 19.13600 186.82000
 9 9 17 12 30 3668.90000 13.87000000 257.64000 60.31000 19.13600 186.82000
 9 9 17 12 30 3668.90000 13.87000000 258.00000 60.31000 19.13600 186.82000
 9 9 17 12 31 3668.90000 13.87000000 258.00000 60.31000 19.13600 186.82000
 9 9 17 12 31 3667.50000 13.87000000 258.00000 60.31000 19.13600 186.82000
 9 9 17 12 32 3668.90000 13.87000000 257.95000 60.30000 19.13600 186.81000
 9 9 17 12 32 3668.90000 13.87000000 257.95000 60.35000 19.13600 186.81000
 9 9 17 12 33 3665.20000 13.87000000 258.00000 60.30000 19.13600 186.81000
 9 9 17 12 33 3668.90000 13.80000000 258.00000 60.30000 19.13600 186.81000
 9 9 17 12 33 3668.90000 13.80000000 258.00000 60.30000 19.13600 186.81000
 9 9 17 12 34 3668.90000 13.80000000 258.00000 60.30000 19.13600 186.81000
 9 9 17 12 34 3668.90000 13.80000000 258.00000 60.49000 19.13600 186.81000
 9 9 17 12 35 3668.90000 13.80000000 258.00000 60.31000 19.13600 186.81000
 9 9 17 12 35 3668.70000 13.80000000 258.00000 60.31000 19.13600 186.81000
 9 9 17 12 36 3668.90000 13.80000000 258.00000 60.31000 19.13600 186.82000
 9 9 17 12 36 3664.30000 13.80000000 258.00000 60.46000 19.13600 186.82000
 9 9 17 12 36 3655.00000 13.80000000 258.00000 60.30000 19.13600 186.81000
 9 9 17 12 37 3663.50000 13.80000000 258.00000 60.31000 19.13600 186.81000
 9 9 17 12 37 3660.10000 13.71300000 258.00000 60.32000 19.13600 186.81000
 9 9 17 12 38 3663.50000 13.71300000 257.98000 60.32000 19.13600 186.81000
 9 9 17 12 38 3663.20000 13.71300000 257.98000 60.48000 19.13600 186.81000
 9 9 17 12 39 3658.80000 13.71300000 257.98000 60.33000 19.13600 186.81000
 9 9 17 12 39 3658.80000 13.71300000 257.98000 60.36000 19.13600 186.81000
 9 9 17 12 40 3663.00000 13.71300000 257.98000 60.36000 19.14500 186.81000
 9 9 17 12 40 3660.10000 13.71300000 258.00000 60.47000 19.14500 186.81000
 9 9 17 12 40 3660.10000 13.90100000 258.02000 60.35000 19.14500 186.81000
 9 9 17 12 41 3660.10000 13.90100000 258.01000 60.35000 19.14500 186.81000
 9 9 17 12 41 3659.00000 13.90100000 257.96000 60.33000 19.14500 186.81000
 9 9 17 12 42 3652.90000 13.90100000 258.30000 60.33000 19.14500 186.80000
 9 9 17 12 42 3658.00000 13.90100000 257.96000 60.33000 19.14500 186.80000
 9 9 17 12 42 3658.00000 13.90000000 257.80000 60.33000 19.14500 186.80000
 9 9 17 12 43 3657.90000 13.90000000 257.90000 60.33000 19.14500 186.80000
 9 9 17 12 43 3654.00000 13.90000000 257.95000 60.33000 19.14500 186.80000
 9 9 17 12 44 3654.00000 13.90000000 257.96000 60.48000 19.14500 186.80000
 9 9 17 12 44 3653.00000 13.90000000 257.96000 60.48000 19.14500 186.80000
 9 9 17 12 45 3653.90000 13.90000000 257.96000 60.50000 19.14500 186.80000
 9 9 17 12 45 3653.80000 13.81600000 257.97000 60.50000 19.14500 186.80000
 9 9 17 12 45 3653.80000 13.81600000 257.80000 60.50000 19.14500 186.80000
 9 9 17 12 46 3653.00000 13.81600000 258.00000 60.50000 19.14500 186.80000
 9 9 17 12 46 3652.90000 13.81600000 257.97000 60.50000 19.14500 186.80000
 9 9 17 12 47 3653.80000 13.81600000 258.00000 60.50000 19.14500 186.80000
 9 9 17 12 47 3653.80000 13.81600000 258.00000 60.50000 19.14500 186.80000
 9 9 17 12 48 3653.80000 13.81600000 257.99000 60.50000 19.14500 186.80000
 9 9 17 12 48 3652.40000 13.96700000 258.00000 60.50000 19.14500 186.80000
 9 9 17 12 48 3653.80000 13.96700000 257.97000 60.50000 19.14500 186.80000
 9 9 17 12 49 3653.40000 13.96700000 258.00000 60.31000 19.14500 186.54300
 9 9 17 12 49 3653.80000 13.96700000 258.00000 60.31000 19.14500 186.54300
 9 9 17 12 50 3653.80000 13.96700000 258.00000 60.31000 19.14500 186.54300
 9 9 17 12 50 3653.80000 13.96700000 258.00000 60.30000 19.14500 186.54300
 9 9 17 12 51 3653.80000 13.96700000 258.00000 60.49000 19.14500 186.54300
 9 9 17 12 51 3653.70000 13.96700000 258.00000 60.49000 19.14500 186.50100
 9 9 17 12 52 3653.70000 13.96700000 258.00000 60.48000 19.14500 186.50100
 9 9 17 12 52 3653.80000 13.96700000 257.99000 60.48000 19.14500 186.50100
 9 9 17 12 52 3653.80000 13.96700000 257.99000 60.35000 19.14500 186.40300
 9 9 17 12 53 3653.80000 13.96700000 257.99000 60.35000 19.14500 186.40300
 9 9 17 12 53 3653.80000 13.96700000 258.00000 60.47000 19.14500 186.36100
 9 9 17 12 54 3652.80000 13.96700000 257.99000 60.47000 19.14500 186.36100
 9 9 17 12 54 3653.80000 13.84000000 257.99000 60.47000 19.14500 186.00000
 9 9 17 12 54 3653.80000 13.83800000 257.99000 60.47000 19.14500 186.00000
 9 9 17 12 55 3653.80000 13.84000000 257.99000 60.49000 19.14500 186.00000
 9 9 17 12 55 3653.80000 13.84000000 257.99000 60.48000 19.14500 186.00000
 9 9 17 12 56 3653.80000 13.84000000 257.99000 60.48000 19.14500 186.00000
 9 9 17 12 56 3653.70000 13.84000000 257.99000 60.32000 19.14500 186.00000
 9 9 17 12 57 3653.80000 13.84000000 257.99000 60.30000 19.14500 186.00000
 9 9 17 12 57 3653.80000 13.88000000 257.93000 60.30000 19.14500 186.00000
 9 9 17 12 57 3653.80000 13.88000000 257.93000 60.30000 19.14500 186.00000
 9 9 17 12 58 3653.80000 13.88000000 257.93000 60.30000 19.14500 185.10000
 9 9 17 12 58 3660.10000 13.89000000 257.81000 60.30000 19.14500 185.10000
 9 9 17 12 59 3658.70000 13.89900000 257.93000 60.32000 19.14500 185.10000
 9 9 17 12 59 3659.30000 13.90000000 257.93000 60.30000 19.14500 185.10000
 9 9 17 12 59 3658.70000 13.88000000 257.93000 60.30000 19.14500 185.00000
 9 9 17 13 00 3658.60000 13.88000000 257.80000 60.30000 19.14500 185.00000
 9 9 17 13 00 3658.50000 13.88000000 257.54000 60.30000 19.14500 184.02000
 9 9 17 13 01 3658.70000 13.88000000 258.00000 60.30000 19.14500 184.02000
 9 9 17 13 01 3660.10000 13.88000000 258.00000 60.32000 19.14500 184.04000
 9 9 17 13 02 3662.00000 13.88000000 258.00000 60.31000 19.14500 184.04000
 9 9 17 13 02 3662.00000 13.88000000 257.93000 60.32000 19.14500 184.08000
 9 9 17 13 03 3662.00000 13.88000000 257.82000 60.32000 19.14500 184.09000
 9 9 17 13 03 3658.60000 13.88000000 257.80000 60.32000 19.14500 184.09000
 9 9 17 13 03 3653.80000 13.90000000 257.80000 60.32000 19.14500 184.09000
 9 9 17 13 04 3658.50000 13.90000000 257.80000 60.32000 19.14500 184.09000
 9 9 17 13 04 3662.00000 13.90000000 257.57000 60.32000 19.14500 184.09000
 9 9 17 13 05 3662.00000 13.90000000 257.93000 60.32000 19.14500 184.09000
 9 9 17 13 05 3656.10000 13.90000000 257.50000 60.32000 19.14500 184.09000
 9 9 17 13 06 3637.50000 13.90000000 257.50000 60.30000 19.14500 184.09000
 9 9 17 13 06 3650.00000 13.90000000 257.93000 60.30000 19.14500 184.09000
 9 9 17 13 06 3650.00000 13.90000000 257.50000 60.30000 18.90500 184.09000
 9 9 17 13 07 3656.00000 13.90000000 257.90000 60.30000 18.90500 184.09000
 9 9 17 13 07 3655.90000 13.90000000 257.90000 60.30000 18.90500 184.95800
 9 9 17 13 08 3656.00000 13.90000000 257.90000 60.25000 18.90500 184.95800
 9 9 17 13 08 3656.00000 13.90000000 257.90000 60.03000 18.90500 184.95800
 9 9 17 13 09 3656.00000 13.90000000 257.00000 60.01000 18.90500 184.95800
 9 9 17 13 09 3655.10000 13.90000000 257.00000 60.00000 18.90500 184.93700
 9 9 17 13 09 3653.90000 13.94800000 258.00000 60.00000 18.90500 184.93700
 9 9 17 13 10 3655.00000 13.94800000 257.30000 60.00000 18.90500 184.93700
 9 9 17 13 10 3655.10000 13.94800000 257.99000 60.00000 18.90500 184.01500
 9 9 17 13 11 3655.50000 13.94800000 257.90000 60.00000 18.90500 184.01500
 9 9 17 13 11 3658.10000 13.94800000 257.87000 60.00000 18.90500 184.90400
 9 9 17 13 12 3657.60000 13.94800000 257.87000 60.00000 18.90500 184.90400
 9 9 17 13 12 3658.10000 13.95000000 257.87000 59.98000 18.90500 184.90400
 9 9 17 13 12 3657.60000 13.95000000 257.38000 59.98000 18.90500 184.90400
 9 9 17 13 13 3657.10000 13.95000000 257.33000 59.98000 18.90500 184.90400
 9 9 17 13 13 3658.00000 13.95000000 257.34000 59.98000 18.90500 184.90400
 9 9 17 13 14 3657.90000 13.95000000 257.02000 59.97000 18.90500 184.05800
 9 9 17 13 14 3657.90000 13.95000000 257.02000 59.97000 18.90500 184.05800
 9 9 17 13 15 3657.90000 13.95000000 256.02000 59.97000 18.90500 184.05800
 9 9 17 13 15 3658.00000 13.94900000 257.80000 59.97000 18.90500 184.05800
 9 9 17 13 15 3655.10000 13.94900000 257.37000 59.97000 18.90500 184.05800
 9 9 17 13 16 3655.00000 13.94900000 257.37000 59.97000 18.90500 184.05800
 9 9 17 13 16 3655.00000 13.94900000 257.99000 59.97000 18.90500 184.05800
 9 9 17 13 17 3650.00000 13.94900000 256.29000 59.90000 18.90500 184.05800
 9 9 17 13 17 3654.80000 13.94900000 256.31000 59.80000 19.07300 184.05800
 9 9 17 13 18 3653.70000 13.94900000 256.31000 59.80000 19.07300 184.05800
 9 9 17 13 18 3646.70000 13.94900000 256.36000 59.89000 19.07300 184.05800
 9 9 17 13 18 3651.00000 13.94900000 257.37000 59.89000 18.85200 184.05800
 9 9 17 13 19 3646.10000 13.95000000 257.37000 59.89000 18.85000 184.05800
 9 9 17 13 19 3646.80000 13.95000000 257.37000 59.89000 18.85100 184.05800
 9 9 17 13 20 3650.90000 13.95000000 257.37000 59.64000 18.85200 184.05800
 9 9 17 13 20 3646.10000 13.95000000 257.37000 59.64000 18.85200 184.05800
 9 9 17 13 21 3646.50000 13.95000000 257.94000 59.66000 18.85200 184.05800
 9 9 17 13 21 3646.10000 13.94700000 257.90000 59.90000 18.85200 184.05800
 9 9 17 13 21 3644.90000 13.95000000 256.46000 59.67000 18.85200 184.09300
 9 9 17 13 22 3640.00000 13.91000000 256.46000 59.67000 18.85200 184.09300
 9 9 17 13 22 3640.00000 13.94600000 256.46000 59.89000 18.85200 184.07300
 9 9 17 13 23 3639.90000 13.94600000 256.00000 59.68000 18.85200 184.07300
 9 9 17 13 23 3637.00000 13.94600000 256.54000 59.68000 18.85200 184.07300
 9 9 17 13 24 3637.00000 13.94600000 256.54000 59.68000 18.85200 184.07300
 9 9 17 13 24 3637.00000 13.94600000 256.90000 59.67000 18.85200 184.07300
 9 9 17 13 24 3638.50000 13.94600000 256.00000 59.51000 18.85200 184.06000
 9 9 17 13 25 3631.00000 13.94600000 256.00000 59.71000 18.85200 184.06000
 9 9 17 13 25 3616.30000 13.90000000 256.00000 59.51000 18.85200 184.06000
 9 9 17 13 26 3629.30000 13.84100000 255.81000 59.51000 18.85200 184.07200
 9 9 17 13 26 3629.30000 13.84100000 256.00000 59.65000 18.85200 184.07200
 9 9 17 13 27 3609.00000 13.84100000 255.81000 59.50000 18.85200 184.07200
 9 9 17 13 27 3610.60000 13.84000000 256.00000 59.69000 18.85200 184.07200
 9 9 17 13 27 3610.60000 13.87900000 256.00000 59.86000 18.85200 184.07200
 9 9 17 13 28 3610.00000 13.87900000 256.00000 59.83000 18.85200 184.07200
 9 9 17 13 28 3610.00000 13.90100000 255.81000 59.16000 18.85200 184.07200
 9 9 17 13 29 3628.60000 13.90100000 255.81000 59.00000 18.85200 184.07200
 9 9 17 13 29 3610.30000 13.94300000 255.81000 59.70000 18.85200 184.07200
 9 9 17 13 30 3610.20000 13.94300000 256.00000 59.90000 18.85200 184.07200
 9 9 17 13 30 3623.20000 13.94300000 255.81000 59.82000 18.85200 184.07200
 9 9 17 13 30 3623.30000 13.82200000 255.80000 59.82000 18.85200 184.06000
 9 9 17 13 31 3628.10000 13.81600000 255.80000 59.78000 18.85200 184.06000
 9 9 17 13 31 3623.30000 13.81600000 255.74000 59.78000 18.85200 184.06000
 9 9 17 13 32 3623.20000 13.81200000 255.81000 59.78000 18.85200 184.06000
 9 9 17 13 32 3611.00000 13.81200000 255.74000 59.78000 18.85200 184.06000
 9 9 17 13 33 3620.00000 13.81200000 255.74000 59.78000 18.85200 184.06000
 9 9 17 13 33 3611.30000 13.81200000 255.74000 59.78000 18.85200 184.06000
 9 9 17 13 33 3610.00000 13.81200000 255.74000 59.78000 18.85200 184.07200
 9 9 17 13 34 3620.00000 13.81200000 255.74000 59.78000 18.85200 184.07200
 9 9 17 13 34 3610.00000 13.81200000 255.39000 59.78000 18.85200 184.07200
 9 9 17 13 35 3620.00000 13.81200000 255.00000 59.78000 18.85200 184.07200
 9 9 17 13 35 3609.00000 13.81200000 255.74000 59.78000 18.85200 184.07200
 9 9 17 13 36 3609.70000 13.81200000 255.39000 59.86000 18.85200 184.07200
 9 9 17 13 36 3609.70000 13.81100000 254.30000 59.86000 18.85200 184.07200
 9 9 17 13 37 3610.30000 13.79100000 254.30000 59.86000 18.85200 184.07200
 9 9 17 13 37 3605.00000 13.79100000 254.30000 59.86000 18.85200 184.07200
 9 9 17 13 37 3609.00000 13.79100000 254.30000 59.86000 18.85200 184.06000
 9 9 17 13 38 3609.00000 13.79000000 254.31000 59.69000 18.84800 184.05200
 9 9 17 13 38 3608.60000 13.79000000 254.67000 59.65000 18.84800 184.05200
 9 9 17 13 39 3609.00000 13.79000000 254.30000 59.69000 18.84800 184.05200
 9 9 17 13 39 3608.60000 13.79000000 254.30000 59.65000 18.84800 184.05100
 9 9 17 13 40 3606.10000 13.79000000 254.30000 59.65000 18.84900 184.05100
 9 9 17 13 40 3609.00000 13.79000000 254.30000 59.67000 18.84900 184.05100
 9 9 17 13 40 3608.20000 13.78900000 254.30000 59.63000 18.84900 184.05100
 9 9 17 13 41 3609.70000 13.71000000 254.66000 59.05000 18.84900 184.05100
 9 9 17 13 41 3609.00000 13.71000000 254.31000 59.05000 18.84900 184.03800
 9 9 17 13 42 3609.00000 13.71000000 254.41000 59.54000 18.84900 184.03800
 9 9 17 13 42 3609.00000 13.71000000 254.66000 59.55000 18.84900 184.03800
 9 9 17 13 43 3609.00000 13.71000000 254.41000 59.20000 18.84900 184.03800
 9 9 17 13 43 3609.40000 13.71000000 254.65000 59.55000 18.84900 184.03700
 9 9 17 13 43 3609.00000 13.71000000 254.63000 59.60000 18.84900 183.66600
 9 9 17 13 44 3609.00000 13.78700000 254.63000 59.60000 18.84900 183.66600
 9 9 17 13 44 3609.00000 13.71000000 254.63000 59.60000 18.84900 184.03800
 9 9 17 13 45 3609.20000 13.71000000 253.31000 59.60000 18.84900 184.03800
 9 9 17 13 45 3608.60000 13.71000000 254.64000 59.54000 18.84900 184.03800
 9 9 17 13 46 3628.50000 13.71000000 253.51000 59.50000 18.84900 184.03800
 9 9 17 13 46 3613.30000 13.70000000 254.48000 59.50000 18.84900 183.35000
 9 9 17 13 46 3628.00000 13.70000000 254.50000 59.51000 18.84900 183.35000
 9 9 17 13 47 3628.00000 13.70000000 254.64000 59.53000 18.84900 183.00100
 9 9 17 13 47 3627.50000 13.70000000 254.49000 59.53000 18.84900 183.00100
 9 9 17 13 48 3621.40000 13.71000000 254.65000 59.90000 18.84900 183.00100
 9 9 17 13 48 3627.00000 13.71000000 254.83000 59.90000 18.84900 183.00100
 9 9 17 13 48 3627.10000 13.70000000 254.87000 59.50000 18.84900 183.00100
 9 9 17 13 49 3621.40000 13.70000000 254.65000 59.50000 18.84900 183.00100
 9 9 17 13 49 3624.70000 13.70000000 254.65000 59.50000 18.84900 183.00100
 9 9 17 13 50 3621.50000 13.70000000 254.65000 60.30000 18.84900 183.00100
 9 9 17 13 50 3627.00000 13.70000000 254.65000 60.30000 18.84900 183.00100
 9 9 17 13 51 3627.00000 13.70000000 254.65000 60.30000 18.84900 183.00100
 9 9 17 13 51 3624.70000 13.69500000 254.65000 59.88000 18.84900 184.03800
 9 9 17 13 52 3627.00000 13.69000000 254.65000 59.88000 18.84900 184.03800
 9 9 17 13 52 3626.90000 13.68000000 254.51000 59.50000 18.84900 184.03800
 9 9 17 13 53 3624.60000 13.68000000 254.51000 59.50000 18.84900 184.03800
 9 9 17 13 53 3624.60000 13.68000000 254.52000 59.50000 18.84900 184.03800
 9 9 17 13 53 3621.30000 13.68000000 254.52000 59.50000 18.84900 184.03800
 9 9 17 13 54 3624.00000 13.68000000 254.52000 60.15000 18.84900 184.03800
 9 9 17 13 54 3623.90000 13.68000000 254.52000 60.12000 18.84900 184.03800
 9 9 17 13 55 3621.60000 13.68000000 254.52000 60.12000 18.84900 184.03700
 9 9 17 13 55 3621.60000 13.68000000 254.51000 60.24000 18.84900 184.03700
 9 9 17 13 55 3621.50000 13.68000000 254.51000 60.24000 18.84900 184.03700
 9 9 17 13 56 3621.30000 13.68000000 254.51000 60.24000 18.84900 184.03700
 9 9 17 13 56 3621.50000 13.68000000 254.51000 60.25000 18.84900 184.03700
 9 9 17 13 57 3619.90000 13.68000000 254.50000 59.41000 18.84900 184.03700
 9 9 17 13 57 3619.90000 13.69300000 254.17000 59.41000 18.84900 184.03700
 9 9 17 13 58 3619.10000 13.69300000 253.56000 59.60000 18.84900 184.03700
 9 9 17 13 58 3614.00000 13.69300000 254.04000 59.60000 18.84900 184.03800
 9 9 17 13 58 3619.10000 13.69300000 254.52000 59.45000 18.84900 184.03800
 9 9 17 13 59 3619.00000 13.69300000 254.50000 59.45000 18.84900 184.03800
 9 9 17 13 59 3619.00000 13.69300000 254.00000 59.45000 18.84900 184.03800
 9 9 17 14 00 3619.00000 13.69300000 254.00000 59.45000 18.84900 184.03800
 9 9 17 14 00 3618.60000 13.69300000 254.00000 59.70000 18.84900 184.03800
 9 9 17 14 01 3619.00000 13.69300000 254.47000 59.70000 18.84900 184.03800
 9 9 17 14 01 3618.30000 13.69300000 254.47000 59.70000 18.84900 184.03800
 9 9 17 14 01 3618.90000 13.69300000 254.00000 59.70000 18.84900 184.03800
 9 9 17 14 02 3618.00000 13.69300000 254.00000 59.70000 18.84900 184.03800
 9 9 17 14 02 3619.10000 13.69300000 254.00000 59.70000 18.84900 184.05100
 9 9 17 14 03 3619.10000 13.69300000 254.00000 59.70000 18.88100 184.05100
 9 9 17 14 03 3619.10000 13.69300000 253.55000 59.70000 18.88100 184.05100
 9 9 17 14 04 3619.10000 13.69300000 253.55000 59.70000 18.88100 184.05100
 9 9 17 14 04 3618.00000 13.69300000 253.55000 59.70000 18.88100 184.05100
 9 9 17 14 04 3618.00000 13.69300000 253.55000 59.70000 18.88100 184.05100
 9 9 17 14 05 3619.00000 13.78100000 253.55000 59.70000 18.88100 184.05100
 9 9 17 14 05 3619.10000 13.78100000 253.57000 59.70000 18.88100 184.05100
 9 9 17 14 06 3619.10000 13.78100000 253.57000 59.70000 18.88100 184.73500
 9 9 17 14 06 3620.00000 13.78100000 253.57000 59.25000 18.88100 184.73500
 9 9 17 14 07 3616.10000 13.78100000 254.42000 59.25000 18.88100 184.73500
 9 9 17 14 07 3625.00000 13.78100000 254.42000 59.20000 18.88100 184.03800
 9 9 17 14 07 3625.00000 13.78100000 254.42000 59.20000 18.88100 184.03800
 9 9 17 14 08 3619.20000 13.75100000 254.40000 59.20000 18.88100 184.03800
 9 9 17 14 08 3621.20000 13.75100000 254.48000 59.20000 18.88100 184.03800
 9 9 17 14 09 3626.60000 13.70800000 254.48000 59.20000 18.88100 184.03800
 9 9 17 14 09 3625.80000 13.70800000 254.48000 59.20000 18.88100 184.03800
 9 9 17 14 10 3626.50000 13.70800000 254.40000 59.58000 18.88100 184.03800
 9 9 17 14 10 3624.90000 13.70800000 253.91000 59.58000 18.88100 184.03800
 9 9 17 14 11 3619.50000 13.70800000 253.82000 59.58000 18.88100 184.03800
 9 9 17 14 11 3624.00000 13.74900000 253.95000 59.59000 18.88100 184.03800
 9 9 17 14 11 3626.00000 13.74900000 253.84000 59.57000 18.88100 184.03800
 9 9 17 14 12 3626.00000 13.74900000 253.91000 59.57000 18.88100 184.03800
 9 9 17 14 12 3615.20000 13.74900000 254.38000 59.55000 18.88100 184.03800
 9 9 17 14 13 3620.00000 13.74900000 254.38000 59.55000 18.88100 184.03800
 9 9 17 14 13 3625.90000 13.74900000 253.95000 59.62000 18.88100 184.03800
 9 9 17 14 13 3626.00000 13.72300000 253.91000 59.62000 18.88100 184.03800
 9 9 17 14 14 3626.00000 13.72300000 254.52000 59.61000 18.88100 184.03800
 9 9 17 14 14 3620.00000 13.72300000 254.52000 59.50000 18.88100 184.03800
 9 9 17 14 15 3625.40000 13.72300000 254.00000 59.50000 18.88100 184.03800
 9 9 17 14 15 3625.30000 13.72300000 254.00000 59.50000 18.88100 184.03800
 9 9 17 14 16 3625.30000 13.72300000 254.01000 59.50000 18.88100 184.03800
 9 9 17 14 16 3620.10000 13.72300000 254.61000 59.50000 18.88100 184.03800
 9 9 17 14 16 3615.20000 13.72300000 253.95000 59.62000 18.88100 184.65500
 9 9 17 14 17 3620.00000 13.77300000 254.00000 59.62000 18.88100 184.03800
 9 9 17 14 17 3615.10000 13.77300000 254.00000 59.68000 18.88100 184.03800
 9 9 17 14 18 3619.90000 13.77300000 254.01000 59.67000 18.88100 184.00000
 9 9 17 14 18 3619.90000 13.77300000 254.01000 59.67000 18.88100 184.00000
 9 9 17 14 19 3614.00000 13.71300000 254.00000 59.67000 18.88100 181.00000
 9 9 17 14 19 3608.60000 13.71300000 254.00000 59.67000 18.88100 180.45000
 9 9 17 14 19 3613.00000 13.70800000 254.00000 59.67000 18.88100 180.45000
 9 9 17 14 20 3613.00000 13.70800000 254.00000 59.50000 18.88100 180.45000
 9 9 17 14 20 3614.00000 13.71200000 253.86000 59.50000 18.88100 180.45000
 9 9 17 14 21 3614.00000 13.70200000 253.86000 59.50000 18.88100 180.45000
 9 9 17 14 21 3609.90000 13.70200000 253.89000 59.50000 18.88100 180.45000
 9 9 17 14 22 3608.70000 13.70200000 253.82000 59.50000 18.88100 180.45000
 9 9 17 14 22 3609.90000 13.70200000 253.82000 59.54000 18.88100 180.45000
 9 9 17 14 23 3606.10000 13.70000000 253.55000 59.57000 18.88100 180.45000
 9 9 17 14 23 3609.80000 13.70000000 253.00000 59.57000 18.88100 180.45000
 9 9 17 14 23 3609.90000 13.69500000 253.00000 59.57000 18.88100 180.45000
 9 9 17 14 24 3609.90000 13.69500000 253.50000 59.57000 18.88100 180.45000
 9 9 17 14 24 3605.10000 13.69500000 253.00000 59.57000 18.84800 180.45000
 9 9 17 14 25 3601.80000 13.69500000 253.00000 59.57000 18.84800 180.45000
 9 9 17 14 25 3607.00000 13.69500000 253.00000 59.57000 18.84800 180.45000
 9 9 17 14 26 3607.00000 13.69500000 253.00000 59.14000 18.84800 180.45000
 9 9 17 14 26 3607.00000 13.69200000 253.00000 59.48000 18.84800 180.45000
 9 9 17 14 26 3607.00000 13.69200000 252.99000 59.48000 18.84800 180.45000
 9 9 17 14 27 3607.00000 13.69100000 252.92000 59.48000 18.84800 180.45000
 9 9 17 14 27 3609.90000 13.69100000 252.99000 59.48000 18.84800 180.45000
 9 9 17 14 28 3608.10000 13.69100000 252.85000 59.48000 18.84800 180.45000
 9 9 17 14 28 3609.80000 13.69100000 252.80000 59.48000 18.84800 180.45000
 9 9 17 14 29 3601.00000 13.69100000 252.85000 59.48000 18.84800 180.45000
 9 9 17 14 29 3607.10000 13.69000000 252.14000 59.48000 18.88700 180.45000
 9 9 17 14 29 3607.10000 13.68100000 252.15000 59.48000 18.88700 180.45000
 9 9 17 14 30 3604.00000 13.68100000 252.15000 59.48000 18.88700 180.45000
 9 9 17 14 30 3607.10000 13.68100000 252.15000 59.40000 18.84800 180.45000
 9 9 17 14 31 3607.10000 13.68000000 252.14000 59.40000 18.84800 180.45000
 9 9 17 14 31 3607.00000 13.68000000 252.14000 59.40000 18.84800 180.45000
 9 9 17 14 32 3600.00000 13.68000000 252.14000 59.40000 18.84800 180.45000
 9 9 17 14 32 3599.00000 13.65000000 252.14000 59.40000 18.84800 181.05000
 9 9 17 14 32 3606.00000 13.62000000 252.14000 59.40000 18.84800 181.05000
 9 9 17 14 33 3606.00000 13.62000000 252.22000 59.40000 18.88700 181.05000
 9 9 17 14 33 3605.60000 13.62000000 252.68000 59.40000 18.88700 181.05000
 9 9 17 14 34 3605.00000 13.62000000 252.67000 59.40000 18.88700 181.05000
 9 9 17 14 34 3590.10000 13.62000000 252.67000 58.99000 18.88700 181.05000
 9 9 17 14 35 3605.60000 13.62000000 252.60000 58.99000 18.88700 181.05000
 9 9 17 14 35 3605.60000 13.62000000 252.69000 58.99000 18.88700 181.05000
 9 9 17 14 35 3605.60000 13.62000000 252.69000 58.99000 18.88700 183.79900
 9 9 17 14 36 3586.00000 13.62000000 252.92000 58.99000 18.88700 183.79900
 9 9 17 14 36 3605.60000 13.62000000 252.69000 59.32000 18.88700 183.79900
 9 9 17 14 37 3605.50000 13.62000000 252.69000 59.32000 18.88700 183.79900
 9 9 17 14 37 3605.20000 13.62000000 252.89000 59.32000 18.88700 183.79900
 9 9 17 14 38 3590.00000 13.62000000 252.69000 59.32000 18.88700 183.79900
 9 9 17 14 38 3586.20000 13.60100000 252.69000 59.29000 18.88700 183.79900
 9 9 17 14 38 3605.20000 13.60100000 252.69000 59.29000 18.88700 183.79900
 9 9 17 14 39 3605.20000 13.60100000 252.69000 59.30000 18.88700 183.79900
 9 9 17 14 39 3586.90000 13.60100000 252.70000 59.30000 18.88700 183.79900
 9 9 17 14 40 3607.10000 13.60100000 252.69000 59.29000 18.88700 183.79900
 9 9 17 14 40 3604.80000 13.60100000 252.69000 59.30000 18.88700 183.79900
 9 9 17 14 41 3607.10000 13.60100000 252.70000 59.30000 18.88700 183.79900
 9 9 17 14 41 3594.80000 13.60100000 252.70000 59.30000 18.88700 183.79900
 9 9 17 14 42 3604.00000 13.60100000 253.00000 59.30000 18.88700 183.79800
 9 9 17 14 42 3604.00000 13.60400000 252.70000 59.30000 18.88700 183.79800
 9 9 17 14 42 3603.70000 13.60400000 252.98000 59.30000 18.88700 183.75900
 9 9 17 14 43 3600.00000 13.60400000 252.98000 59.30000 18.88700 183.75900
 9 9 17 14 43 3612.30000 13.60400000 252.98000 59.30000 18.88700 183.75900
 9 9 17 14 44 3600.00000 13.60400000 252.98000 59.31000 18.88700 183.75900
 9 9 17 14 44 3613.00000 13.60400000 252.99000 59.32000 18.88700 183.76000
 9 9 17 14 45 3612.60000 13.60400000 252.98000 59.38000 18.88700 183.79800
 9 9 17 14 45 3612.30000 13.60400000 252.98000 59.41000 18.88700 183.79800
 9 9 17 14 46 3612.30000 13.60400000 253.66000 59.41000 18.88700 183.79800
 9 9 17 14 46 3612.20000 13.60400000 253.00000 59.45000 18.90000 183.79800
 9 9 17 14 46 3612.00000 13.60400000 253.28000 59.44000 18.90000 183.79800
 9 9 17 14 47 3611.80000 13.60400000 253.00000 59.44000 18.90000 183.79800
 9 9 17 14 47 3614.50000 13.60400000 253.63000 59.45000 18.90000 183.77900
 9 9 17 14 48 3614.50000 13.60400000 253.63000 59.45000 18.90000 183.77900
 9 9 17 14 48 3612.30000 13.60400000 253.61000 59.45000 18.90000 183.77900
 9 9 17 14 48 3614.40000 13.60400000 253.69000 59.45000 18.90000 183.77900
 9 9 17 14 49 3614.40000 13.60400000 253.02000 59.45000 18.90000 183.77900
 9 9 17 14 49 3612.20000 13.60400000 253.60000 59.40000 18.90000 183.77900
 9 9 17 14 50 3612.20000 13.60400000 253.30000 59.40000 18.90000 183.77900
 9 9 17 14 50 3612.60000 13.60400000 253.30000 59.48000 18.90000 183.77900
 9 9 17 14 51 3612.60000 13.60400000 253.05000 59.60000 18.90000 183.77900
 9 9 17 14 51 3614.50000 13.60400000 253.69000 59.60000 18.88700 183.77900
 9 9 17 14 51 3614.50000 13.60400000 253.69000 59.58000 18.88700 183.77900
 9 9 17 14 52 3614.50000 13.60400000 253.70000 59.58000 18.88700 183.74000
 9 9 17 14 52 3614.50000 13.60400000 253.69000 59.40000 18.88700 183.74000
 9 9 17 14 53 3614.50000 13.60400000 253.70000 59.60000 18.88700 183.74000
 9 9 17 14 53 3614.10000 13.60500000 253.69000 59.57000 18.88700 183.74000
 9 9 17 14 54 3614.50000 13.60500000 253.70000 59.57000 18.88700 183.74000
 9 9 17 14 54 3614.50000 13.60500000 253.70000 59.60000 18.88700 183.74000
 9 9 17 14 54 3614.50000 13.60500000 253.69000 59.60000 18.88700 183.74000
 9 9 17 14 55 3614.50000 13.60500000 253.69000 59.60000 18.88700 183.74000
 9 9 17 14 55 3614.10000 13.60500000 253.69000 59.60000 18.88700 183.74000
 9 9 17 14 56 3614.10000 13.60500000 253.69000 59.60000 18.72000 183.74000
 9 9 17 14 56 3614.50000 13.60500000 253.69000 59.60000 18.72000 183.74000
 9 9 17 14 57 3614.10000 13.60500000 253.30000 59.60000 18.72000 183.74000
 9 9 17 14 57 3614.10000 13.60500000 253.69000 59.60000 18.90000 183.74000
 9 9 17 14 58 3614.10000 13.60500000 253.10000 59.60000 18.90000 183.74000
 9 9 17 14 58 3613.00000 13.60500000 253.10000 59.60000 18.90000 183.74000
 9 9 17 14 58 3611.80000 13.60500000 253.36000 59.60000 18.90000 183.74000
 9 9 17 14 59 3613.00000 13.60500000 253.36000 59.60000 18.90000 183.74000
 9 9 17 14 59 3612.70000 13.60500000 253.36000 59.60000 18.90000 183.74000
 9 9 17 15 00 3614.10000 13.60500000 253.31000 59.60000 18.90000 183.74000
 9 9 17 15 00 3613.10000 13.60500000 253.16000 59.60000 18.90000 183.74000
 9 9 17 15 00 3613.10000 13.60500000 253.16000 59.60000 18.90000 183.74000
 9 9 17 15 01 3613.10000 13.60500000 253.11000 59.59000 18.90000 183.74000
 9 9 17 15 01 3613.10000 13.60500000 253.11000 59.44000 18.90000 183.74000
 9 9 17 15 02 3612.30000 13.60500000 253.11000 59.44000 18.90000 183.74000
 9 9 17 15 02 3608.00000 13.60500000 253.11000 59.44000 18.90000 183.74000
 9 9 17 15 03 3612.30000 13.60500000 253.11000 59.44000 18.90000 183.74000
 9 9 17 15 03 3612.30000 13.60500000 253.11000 59.44000 18.90000 183.74000
 9 9 17 15 03 3607.90000 13.60500000 253.11000 59.44000 18.71300 183.74000
 9 9 17 15 04 3612.30000 13.60500000 253.10000 59.60000 18.71300 183.74000
 9 9 17 15 04 3612.30000 13.60500000 253.10000 59.60000 18.71300 183.74000
 9 9 17 15 05 3612.30000 13.60500000 253.10000 59.28000 18.71300 183.74000
 9 9 17 15 05 3608.70000 13.60500000 253.11000 59.28000 18.71300 183.74000
 9 9 17 15 06 3612.70000 13.60500000 253.11000 59.28000 18.71300 183.74000
 9 9 17 15 06 3612.70000 13.60500000 253.11000 59.28000 18.71300 183.74000
 9 9 17 15 07 3600.50000 13.60500000 253.31000 59.60000 18.71300 182.02000
 9 9 17 15 07 3612.00000 13.60500000 253.31000 59.60000 18.71300 182.02000
 9 9 17 15 07 3612.00000 13.60500000 253.31000 59.60000 18.71300 182.02000
 9 9 17 15 08 3612.00000 13.60500000 253.31000 59.60000 18.71300 182.02000
 9 9 17 15 08 3612.00000 13.60500000 253.69000 59.60000 18.71300 182.02000
 9 9 17 15 09 3612.70000 13.60500000 253.12000 59.60000 18.71300 182.02000
 9 9 17 15 09 3612.00000 13.60500000 253.12000 59.29000 18.71300 182.02000
 9 9 17 15 09 3612.70000 13.60500000 253.12000 59.29000 18.71300 182.02000
 9 9 17 15 10 3612.70000 13.60500000 253.12000 59.30000 18.71300 182.02000
 9 9 17 15 10 3611.10000 13.60500000 253.12000 59.30000 18.71300 182.02000
 9 9 17 15 11 3612.70000 13.60500000 253.12000 59.58000 18.71300 182.06100
 9 9 17 15 11 3612.10000 13.60500000 253.12000 59.60000 18.71300 182.06100
 9 9 17 15 12 3612.10000 13.60500000 253.12000 59.60000 18.71300 182.06100
 9 9 17 15 12 3609.40000 13.60500000 253.12000 59.60000 18.71300 182.06100
 9 9 17 15 12 3607.00000 13.60500000 253.84000 59.60000 18.89300 182.06100
 9 9 17 15 13 3607.00000 13.60500000 253.94000 59.60000 18.89300 182.06100
 9 9 17 15 13 3606.70000 13.60500000 253.69000 59.60000 18.89300 182.06100
 9 9 17 15 14 3606.80000 13.60500000 253.60000 59.59000 18.90000 182.06100
 9 9 17 15 14 3606.80000 13.60500000 253.60000 59.59000 18.90000 182.06100
 9 9 17 15 15 3606.80000 13.60500000 253.60000 59.59000 18.71300 182.06100
 9 9 17 15 15 3612.10000 13.60500000 253.60000 59.59000 18.71300 182.06100
 9 9 17 15 16 3612.10000 13.60500000 253.58000 59.59000 18.71300 182.06100
 9 9 17 15 16 3614.10000 13.60500000 253.58000 59.59000 18.71300 182.06100
 9 9 17 15 16 3606.00000 13.60500000 253.58000 59.59000 18.71300 182.06100
 9 9 17 15 17 3612.10000 13.60500000 253.12000 59.59000 18.71300 182.06100
 9 9 17 15 17 3603.50000 13.60500000 253.58000 59.58000 18.71300 182.06100
 9 9 17 15 18 3603.50000 13.60500000 253.58000 59.58000 18.71300 182.00000
 9 9 17 15 18 3612.00000 13.69200000 253.58000 59.58000 18.71300 182.00000
 9 9 17 15 19 3612.20000 13.69200000 253.58000 59.58000 18.71300 182.00000
 9 9 17 15 19 3607.20000 13.69200000 253.58000 59.58000 18.71300 180.45000
 9 9 17 15 19 3611.80000 13.69200000 253.57000 59.58000 18.71300 180.00000
 9 9 17 15 20 3611.60000 13.69200000 253.57000 59.58000 18.71300 180.00000
 9 9 17 15 20 3612.00000 13.69200000 253.57000 59.50000 18.71300 180.00000
 9 9 17 15 21 3612.00000 13.69200000 253.58000 59.57000 18.71300 180.00000
 9 9 17 15 21 3612.00000 13.60800000 253.55000 59.57000 18.71300 180.00000
 9 9 17 15 22 3607.00000 13.60800000 253.55000 59.58000 18.71300 180.00000
 9 9 17 15 22 3606.90000 13.60800000 253.13000 59.58000 18.71300 180.00000
 9 9 17 15 22 3612.00000 13.60800000 253.13000 59.58000 18.71300 180.00000
 9 9 17 15 23 3612.00000 13.60800000 253.10000 59.58000 18.71300 180.00000
 9 9 17 15 23 3612.60000 13.60800000 253.13000 59.57000 18.71300 180.00000
 9 9 17 15 24 3609.30000 13.60800000 253.13000 59.57000 18.71300 180.00000
 9 9 17 15 24 3609.30000 13.60800000 253.12000 59.57000 18.71300 180.00000
 9 9 17 15 25 3612.10000 13.60800000 253.11000 59.58000 18.71300 180.00000
 9 9 17 15 25 3614.50000 13.60800000 253.12000 59.58000 18.71300 180.13100
 9 9 17 15 26 3611.70000 13.60800000 253.12000 59.58000 18.71300 180.13100
 9 9 17 15 26 3606.50000 13.60800000 253.12000 59.58000 18.71300 180.13100
 9 9 17 15 26 3612.60000 13.60800000 253.12000 59.58000 18.71300 180.13100
 9 9 17 15 27 3612.00000 13.60800000 253.12000 59.58000 18.71300 180.13100
 9 9 17 15 27 3612.10000 13.60800000 253.06000 59.58000 18.71300 180.13100
 9 9 17 15 28 3610.40000 13.60800000 253.00000 59.58000 18.71300 180.13100
 9 9 17 15 28 3606.70000 13.60800000 253.00000 59.58000 18.71300 180.13100
 9 9 17 15 28 3601.20000 13.71100000 253.00000 59.58000 18.71300 180.13100
 9 9 17 15 29 3601.20000 13.71100000 252.98000 59.58000 18.71300 180.13100
 9 9 17 15 29 3603.10000 13.71100000 252.98000 59.57000 18.71300 180.13100
 9 9 17 15 30 3603.10000 13.71100000 253.00000 59.57000 18.71300 180.13100
 9 9 17 15 30 3601.40000 13.71100000 253.00000 59.57000 18.71300 180.13100
 9 9 17 15 31 3601.20000 13.71100000 253.10000 59.57000 18.71300 180.13100
 9 9 17 15 31 3603.00000 13.71100000 253.10000 59.57000 18.71300 180.13100
 9 9 17 15 31 3612.00000 13.71100000 253.10000 59.57000 18.71300 180.13100
 9 9 17 15 32 3605.00000 13.71100000 253.10000 59.57000 18.71300 180.13100
 9 9 17 15 32 3612.00000 13.71100000 252.57000 59.57000 18.71300 180.13100
 9 9 17 15 33 3601.20000 13.71100000 253.00000 59.51000 18.71300 180.13100
 9 9 17 15 33 3606.90000 13.71100000 253.10000 59.51000 18.71300 180.13100
 9 9 17 15 34 3612.00000 13.71100000 253.00000 59.51000 18.71300 180.13100
 9 9 17 15 34 3611.20000 13.71100000 253.00000 59.51000 18.71300 180.13100
 9 9 17 15 34 3611.20000 13.71100000 252.90000 59.51000 18.71300 180.13100
 9 9 17 15 35 3611.20000 13.71000000 252.90000 59.51000 18.71300 180.13100
 9 9 17 15 35 3611.70000 13.71000000 252.90000 59.51000 18.71300 180.13100
 9 9 17 15 36 3612.10000 13.71000000 252.57000 59.51000 18.71300 180.13100
 9 9 17 15 36 3612.10000 13.71000000 252.50000 59.51000 18.71300 180.13100
 9 9 17 15 37 3612.10000 13.71000000 253.10000 59.51000 18.71300 180.13100
 9 9 17 15 37 3614.10000 13.71000000 253.10000 59.51000 18.71300 180.13100
 9 9 17 15 37 3614.50000 13.71000000 253.10000 59.51000 18.71300 180.13100
 9 9 17 15 38 3613.10000 13.71000000 252.81000 59.51000 18.71300 180.13100
 9 9 17 15 38 3615.00000 13.60600000 253.10000 59.53000 18.71300 180.24000
 9 9 17 15 39 3619.80000 13.60600000 253.10000 59.53000 18.71300 180.24000
 9 9 17 15 39 3619.90000 13.60600000 253.10000 59.53000 18.71300 180.24000
 9 9 17 15 40 3615.00000 13.60600000 253.10000 59.53000 18.71300 180.24000
 9 9 17 15 40 3619.80000 13.60600000 253.10000 59.68000 18.71300 180.24000
 9 9 17 15 40 3613.50000 13.60600000 253.10000 59.68000 18.71300 180.24000
 9 9 17 15 41 3619.70000 13.60600000 253.10000 59.75000 18.71300 180.24000
 9 9 17 15 41 3619.70000 13.60600000 253.10000 59.75000 18.71300 180.24000
 9 9 17 15 42 3620.00000 13.60600000 253.10000 59.75000 18.71300 180.24000
 9 9 17 15 42 3619.50000 13.60600000 253.00000 59.75000 18.71300 180.24000
 9 9 17 15 43 3619.50000 13.60600000 253.10000 59.75000 18.71300 180.24000
 9 9 17 15 43 3619.50000 13.60600000 253.10000 59.75000 18.71300 180.24000
 9 9 17 15 44 3619.50000 13.60600000 253.10000 59.75000 18.71300 180.24000
 9 9 17 15 44 3619.90000 13.60600000 252.63000 59.75000 18.71300 180.24000
 9 9 17 15 44 3620.00000 13.60600000 253.10000 59.75000 18.51800 180.24000
 9 9 17 15 45 3615.00000 13.60600000 253.10000 59.75000 18.51800 180.24000
 9 9 17 15 45 3615.00000 13.60600000 253.10000 59.76000 18.51800 180.24000
 9 9 17 15 46 3619.80000 13.60600000 253.96000 59.76000 18.51800 180.24000
 9 9 17 15 46 3610.00000 13.60600000 252.60000 59.73000 18.51800 180.24000
 9 9 17 15 46 3612.40000 13.60600000 253.95000 59.73000 18.51800 180.24000
 9 9 17 15 47 3612.50000 13.60600000 253.95000 59.73000 18.50000 180.24000
 9 9 17 15 47 3612.40000 13.60600000 253.96000 59.76000 18.50000 180.24000
 9 9 17 15 48 3617.60000 13.60600000 253.10000 59.76000 18.50000 180.24000
 9 9 17 15 48 3611.20000 13.60600000 253.11000 59.76000 18.50000 180.24000
 9 9 17 15 49 3611.20000 13.60600000 253.10000 59.73000 18.50000 180.24000
 9 9 17 15 49 3608.90000 13.60600000 253.92000 59.73000 18.88700 180.24000
 9 9 17 15 50 3607.20000 13.60600000 253.92000 59.70000 18.88700 180.24000
 9 9 17 15 50 3611.20000 13.60600000 253.92000 59.70000 18.88700 180.24000
 9 9 17 15 50 3611.20000 13.60600000 253.92000 59.71000 18.88700 180.24000
 9 9 17 15 51 3610.80000 13.60600000 253.92000 59.71000 18.88700 180.24000
 9 9 17 15 51 3607.00000 13.60600000 253.92000 59.56000 18.88700 180.24000
 9 9 17 15 52 3607.30000 13.60600000 253.92000 59.56000 18.88700 180.24000
 9 9 17 15 52 3611.20000 13.60600000 253.90000 59.57000 18.88700 180.24000
 9 9 17 15 53 3607.00000 13.60600000 253.90000 59.57000 18.88700 180.24000
 9 9 17 15 53 3606.90000 13.60600000 253.91000 59.57000 18.88700 180.24000
 9 9 17 15 53 3611.20000 13.60600000 253.92000 59.60000 18.88700 180.24000
 9 9 17 15 54 3611.20000 13.60600000 253.92000 59.60000 18.88700 180.24000
 9 9 17 15 54 3608.40000 13.60600000 253.92000 59.60000 18.88700 180.24000
 9 9 17 15 55 3610.00000 13.60600000 254.00000 59.60000 18.88700 180.24000
 9 9 17 15 55 3608.40000 13.60600000 253.91000 59.60000 18.88700 180.24000
 9 9 17 15 56 3610.00000 13.70900000 253.92000 59.60000 18.88700 180.24000
 9 9 17 15 56 3610.00000 13.70700000 254.00000 59.57000 18.88700 180.24000
 9 9 17 15 56 3611.20000 13.70700000 254.00000 59.58000 18.88700 180.24000
 9 9 17 15 57 3608.50000 13.70700000 253.91000 59.58000 18.88700 180.24000
 9 9 17 15 57 3611.10000 13.70700000 253.91000 59.57000 18.88700 180.24000
 9 9 17 15 58 3611.20000 13.71000000 254.88000 59.57000 18.88700 180.24000
 9 9 17 15 58 3627.70000 13.71000000 256.00000 59.57000 18.87700 180.24000
 9 9 17 15 58 3627.70000 13.71000000 254.54000 59.57000 18.87700 180.24000
 9 9 17 15 59 3619.70000 13.71000000 255.50000 59.58000 18.87700 180.30000
 9 9 17 15 59 3614.10000 13.71000000 252.86000 59.58000 18.87700 180.30000
 9 9 17 16 00 3614.10000 13.71000000 252.19000 59.58000 18.87700 180.33000
 9 9 17 16 00 3611.20000 13.66200000 253.31000 59.58000 18.87700 180.33000
 9 9 17 16 01 3617.60000 13.66200000 253.31000 59.55000 18.87700 180.33000
 9 9 17 16 01 3614.10000 13.66200000 255.22000 59.52000 18.87700 180.33000
 9 9 17 16 02 3619.60000 13.66200000 254.79000 59.58000 18.87700 180.33000
 9 9 17 16 02 3611.10000 13.66200000 254.50000 59.58000 18.87700 180.33000
 9 9 17 16 02 3605.00000 13.66200000 254.50000 59.58000 18.87700 180.33000
 9 9 17 16 03 3611.00000 13.66200000 253.76000 59.58000 18.87700 180.33000
 9 9 17 16 03 3611.00000 13.66200000 254.50000 59.52000 18.87700 180.33000
 9 9 17 16 04 3600.40000 13.66200000 254.50000 59.58000 18.87700 180.33000
 9 9 17 16 04 3611.00000 13.66200000 254.50000 59.58000 18.87700 180.33000
 9 9 17 16 05 3611.00000 13.66200000 254.50000 59.58000 18.87700 180.33000
 9 9 17 16 05 3611.00000 13.66200000 254.50000 59.69000 18.87700 180.33000
 9 9 17 16 05 3628.70000 13.66200000 254.50000 60.29000 18.87700 180.33000
 9 9 17 16 06 3630.40000 13.66200000 254.50000 60.29000 18.87700 183.00000
 9 9 17 16 06 3630.40000 13.66200000 254.50000 60.42000 18.87700 183.00000
 9 9 17 16 07 3627.70000 13.66200000 254.50000 60.29000 18.86500 183.00000
 9 9 17 16 07 3627.90000 13.66200000 254.50000 60.29000 18.86500 183.00000
 9 9 17 16 08 3627.60000 13.66200000 254.48000 60.29000 18.86500 183.00000
 9 9 17 16 08 3627.60000 13.66200000 254.47000 60.08000 18.86500 183.00000
 9 9 17 16 08 3627.60000 13.66200000 254.47000 60.06000 18.86500 183.00000
 9 9 17 16 09 3627.60000 13.66200000 254.47000 60.06000 18.86500 183.00000
 9 9 17 16 09 3627.60000 13.66200000 254.50000 60.08000 18.86500 183.00000
 9 9 17 16 10 3620.00000 13.66200000 254.50000 60.08000 18.86500 183.00000
 9 9 17 16 10 3620.00000 13.70800000 254.50000 60.08000 18.86500 183.00000
 9 9 17 16 11 3620.00000 13.70800000 254.50000 60.08000 18.86500 183.00000
 9 9 17 16 11 3631.90000 13.70800000 254.50000 59.68000 18.86500 183.00000
 9 9 17 16 11 3627.50000 13.66200000 254.48000 59.68000 18.86500 183.00000
 9 9 17 16 12 3627.20000 13.66200000 254.48000 59.68000 18.86500 183.00000
 9 9 17 16 12 3627.20000 13.66200000 254.50000 59.68000 18.86500 183.00000
 9 9 17 16 13 3627.20000 13.66200000 254.47000 59.68000 18.86500 183.00000
 9 9 17 16 13 3624.00000 13.66200000 254.47000 59.98000 18.86500 183.00000
 9 9 17 16 14 3624.00000 13.66200000 254.47000 60.00000 18.50200 183.00000
 9 9 17 16 14 3624.00000 13.66200000 254.49000 60.00000 18.50000 183.00000
 9 9 17 16 14 3624.00000 13.66200000 254.48000 60.00000 18.50000 183.00000
 9 9 17 16 15 3637.70000 13.66200000 254.48000 60.00000 18.50000 183.00000
 9 9 17 16 15 3639.20000 13.66200000 254.48000 60.00000 18.50000 183.00000
 9 9 17 16 16 3639.20000 13.66200000 254.35000 60.00000 18.50000 183.00000
 9 9 17 16 16 3635.00000 13.66200000 254.35000 60.02000 18.50000 183.00000
 9 9 17 16 17 3637.30000 13.66200000 254.35000 60.02000 18.50000 183.00000
 9 9 17 16 17 3637.00000 13.66200000 254.35000 60.04000 18.50000 183.00000
 9 9 17 16 17 3637.20000 13.66200000 254.35000 60.04000 18.50000 183.00000
 9 9 17 16 18 3635.00000 13.71000000 255.42000 60.04000 18.50000 183.00000
 9 9 17 16 18 3639.20000 13.71000000 255.42000 60.01000 18.50000 183.00000
 9 9 17 16 19 3639.10000 13.71000000 255.42000 60.03000 18.50000 183.00000
 9 9 17 16 19 3636.20000 13.71000000 255.07000 60.03000 18.50000 183.00000
 9 9 17 16 20 3636.20000 13.71000000 255.40000 60.07000 18.50000 183.00000
 9 9 17 16 20 3636.20000 13.71000000 254.53000 60.07000 18.50000 183.00000
 9 9 17 16 20 3636.10000 13.71000000 254.53000 60.06000 18.50000 183.00000
 9 9 17 16 21 3636.20000 13.71000000 255.39000 60.06000 18.50000 183.00000
 9 9 17 16 21 3636.00000 13.71000000 255.00000 60.06000 18.50000 183.00000
 9 9 17 16 22 3636.10000 13.71000000 255.00000 60.02000 18.50000 183.00000
 9 9 17 16 22 3626.50000 13.71000000 255.38000 60.02000 18.50000 183.00000
 9 9 17 16 23 3635.70000 13.71000000 255.10000 60.07000 18.50000 183.00000
 9 9 17 16 23 3635.70000 13.71000000 255.10000 60.07000 18.50000 183.00000
 9 9 17 16 23 3635.90000 13.71000000 255.37000 60.03000 18.50000 183.00000
 9 9 17 16 24 3635.80000 13.71000000 255.43000 60.03000 18.50000 183.00000
 9 9 17 16 24 3635.80000 13.66200000 255.10000 60.88000 18.50000 183.00000
 9 9 17 16 25 3626.30000 13.66200000 255.38000 60.88000 18.50000 183.00000
 9 9 17 16 25 3635.30000 13.66200000 255.10000 60.88000 18.50000 183.00000
 9 9 17 16 26 3635.30000 13.66200000 255.39000 60.09000 18.50000 183.00000
 9 9 17 16 26 3626.30000 13.66200000 255.44000 60.09000 18.50000 183.00000
 9 9 17 16 26 3635.80000 13.66200000 255.39000 60.09000 18.50000 183.00000
 9 9 17 16 27 3635.80000 13.66200000 255.44000 60.57000 18.50000 183.00000
 9 9 17 16 27 3635.80000 13.66200000 255.44000 60.57000 18.50000 183.00000
 9 9 17 16 28 3635.80000 13.71000000 255.44000 60.57000 18.83700 183.00000
 9 9 17 16 28 3635.80000 13.71000000 255.92000 60.57000 18.83700 183.00000
 9 9 17 16 29 3635.80000 13.71000000 255.92000 60.84000 18.83700 183.00000
 9 9 17 16 29 3636.20000 13.71000000 255.39000 60.84000 18.83700 183.00000
 9 9 17 16 29 3636.20000 13.71000000 255.97000 60.84000 18.83700 183.00000
 9 9 17 16 30 3636.20000 13.71000000 255.39000 60.84000 18.83700 182.41000
 9 9 17 16 30 3636.20000 13.71000000 255.39000 60.84000 18.83700 182.41000
 9 9 17 16 31 3636.20000 13.71000000 255.96000 60.81000 18.83700 182.41000
 9 9 17 16 31 3636.20000 13.71200000 255.39000 60.81000 18.83700 182.41000
 9 9 17 16 32 3636.20000 13.71200000 255.39000 60.81000 18.83700 182.41000
 9 9 17 16 32 3636.20000 13.71200000 255.96000 60.81000 18.83700 182.41000
 9 9 17 16 33 3636.20000 13.66200000 255.96000 60.81000 18.83700 182.41000
 9 9 17 16 33 3645.50000 13.66200000 255.96000 60.81000 18.83700 182.41000
 9 9 17 16 33 3645.50000 13.70000000 255.93000 60.50000 18.83700 182.41000
 9 9 17 16 34 3639.90000 13.70000000 255.93000 60.50000 18.83700 182.41000
 9 9 17 16 34 3645.50000 13.70000000 255.93000 60.50000 18.83700 180.52100
 9 9 17 16 35 3645.50000 13.70000000 255.93000 60.50000 18.82900 180.51000
 9 9 17 16 35 3645.50000 13.70000000 255.99000 60.50000 18.82900 182.41000
 9 9 17 16 35 3645.60000 13.70000000 255.93000 60.50000 18.82900 182.41000
 9 9 17 16 36 3645.60000 13.70000000 256.00000 60.50000 18.82900 182.43100
 9 9 17 16 36 3645.60000 13.70000000 255.93000 60.50000 18.82900 182.43100
 9 9 17 16 37 3645.70000 13.70000000 255.93000 60.50000 18.82900 182.43100
 9 9 17 16 37 3645.70000 13.70000000 256.20000 60.50000 18.82800 182.43100
 9 9 17 16 38 3645.60000 13.70000000 256.20000 60.61000 18.82800 182.43100
 9 9 17 16 38 3647.20000 13.70000000 256.20000 60.61000 18.82800 182.43100
 9 9 17 16 38 3647.20000 13.70000000 255.93000 60.61000 18.82800 182.43100
 9 9 17 16 39 3645.60000 13.70000000 256.20000 60.69000 18.82800 182.43100
 9 9 17 16 39 3648.60000 13.70000000 256.20000 60.69000 18.82800 182.43100
 9 9 17 16 40 3648.00000 13.70000000 256.20000 60.61000 18.82800 182.43100
 9 9 17 16 40 3648.00000 13.70000000 255.41000 60.50000 18.82800 182.43100
 9 9 17 16 41 3648.00000 13.70000000 255.43000 60.50000 18.82800 182.43100
 9 9 17 16 41 3648.50000 13.70000000 255.43000 60.50000 18.82800 182.43100
 9 9 17 16 42 3648.40000 13.70000000 255.43000 60.50000 18.82800 182.43100
 9 9 17 16 42 3648.00000 13.70000000 256.20000 60.50000 18.82800 182.43100
 9 9 17 16 42 3648.20000 13.70000000 255.60000 60.50000 18.82800 183.06900
 9 9 17 16 43 3648.20000 13.70000000 255.60000 60.50000 18.82800 183.06900
 9 9 17 16 43 3648.00000 13.70000000 256.20000 60.50000 18.82800 183.06900
 9 9 17 16 44 3648.00000 13.70000000 256.20000 60.50000 18.82800 183.06900
 9 9 17 16 44 3648.20000 13.70000000 256.20000 60.50000 18.82800 183.06900
 9 9 17 16 45 3648.00000 13.70000000 256.20000 60.50000 18.82800 183.06900
 9 9 17 16 45 3648.00000 13.70000000 256.20000 60.50000 18.82800 183.06900
 9 9 17 16 45 3648.00000 13.70000000 256.20000 60.50000 18.82800 183.06900
 9 9 17 16 46 3645.60000 13.70000000 256.20000 60.50000 18.82800 183.06900
 9 9 17 16 46 3645.00000 13.70000000 256.18000 60.60000 18.82800 183.06900
 9 9 17 16 47 3647.90000 13.70000000 256.65000 60.60000 18.82800 183.06900
 9 9 17 16 47 3645.60000 13.70000000 256.65000 60.63000 18.82800 183.06900
 9 9 17 16 48 3645.60000 13.66200000 256.20000 60.60000 18.82800 183.25800
 9 9 17 16 48 3645.60000 13.66200000 256.20000 60.52000 18.82800 183.25800
 9 9 17 16 48 3645.00000 13.66200000 256.20000 60.50000 18.82800 183.25800
 9 9 17 16 49 3645.00000 13.66200000 256.49000 60.50000 18.82800 183.25700
 9 9 17 16 49 3645.00000 13.66200000 255.40000 60.50000 18.82800 183.25700
 9 9 17 16 50 3645.00000 13.66200000 256.66000 60.50000 18.82800 183.25700
 9 9 17 16 50 3644.60000 13.66200000 256.66000 60.50000 18.82800 183.25700
 9 9 17 16 51 3645.00000 13.69900000 256.49000 60.50000 18.82800 183.25700
 9 9 17 16 51 3644.60000 13.66200000 256.00000 60.32000 18.82800 183.26100
 9 9 17 16 51 3645.00000 13.70000000 256.00000 60.32000 18.82800 183.26100
 9 9 17 16 52 3644.60000 13.70000000 256.00000 60.32000 18.82800 183.26100
 9 9 17 16 52 3644.90000 13.70000000 256.00000 60.16000 18.82800 183.26100
 9 9 17 16 53 3644.60000 13.70000000 256.40000 60.16000 18.82800 183.26100
 9 9 17 16 53 3640.70000 13.70000000 256.40000 60.16000 18.82800 183.26100
 9 9 17 16 54 3644.60000 13.70000000 256.49000 60.31000 18.82800 183.26100
 9 9 17 16 54 3640.70000 13.70000000 256.49000 60.60000 18.82800 183.26100
 9 9 17 16 54 3644.60000 13.66200000 256.50000 60.60000 18.82800 183.26100
 9 9 17 16 55 3644.60000 13.66200000 256.50000 60.60000 18.82800 183.26100
 9 9 17 16 55 3644.60000 13.66200000 256.40000 60.60000 18.82800 183.26100
 9 9 17 16 56 3640.50000 13.66200000 256.40000 60.60000 18.82800 183.26100
 9 9 17 16 56 3640.50000 13.66200000 256.40000 60.60000 18.82800 183.26100
 9 9 17 16 57 3640.50000 13.66200000 256.42000 60.60000 18.82800 183.26100
 9 9 17 16 57 3640.50000 13.66200000 256.55000 60.60000 18.82800 183.26100
 9 9 17 16 57 3640.00000 13.66200000 256.55000 60.60000 18.82800 183.26100
 9 9 17 16 58 3640.00000 13.66200000 256.40000 60.60000 18.82800 183.26100
 9 9 17 16 58 3640.00000 13.66200000 256.40000 60.60000 18.80100 183.26100
 9 9 17 16 59 3640.40000 13.66200000 256.40000 60.60000 18.80100 183.26100
 9 9 17 16 59 3636.80000 13.66200000 256.40000 60.60000 18.80100 183.26100
 9 9 17 16 59 3639.90000 13.66200000 256.00000 60.60000 18.62100 183.26100
 9 9 17 17 00 3639.90000 13.66200000 256.19000 60.60000 18.62100 183.26100
 9 9 17 17 00 3639.40000 13.66200000 256.19000 60.60000 18.62100 183.26100
 9 9 17 17 01 3639.90000 13.66200000 256.17000 60.60000 18.62100 183.26100
 9 9 17 17 01 3637.70000 13.66200000 256.17000 60.60000 18.62100 183.26100
 9 9 17 17 02 3637.70000 13.66200000 256.19000 60.60000 18.62100 183.26100
 9 9 17 17 02 3637.70000 13.66200000 256.19000 60.38000 18.62100 183.26100
 9 9 17 17 03 3637.70000 13.66200000 256.19000 60.38000 18.62100 183.26100
 9 9 17 17 03 3638.80000 13.66200000 256.19000 60.38000 18.63400 183.26100
 9 9 17 17 03 3638.80000 13.66200000 256.51000 60.38000 18.63400 183.26100
 9 9 17 17 04 3638.10000 13.66200000 256.51000 60.38000 18.63400 183.26100
 9 9 17 17 04 3638.70000 13.66200000 256.00000 60.51000 18.63400 183.26100
 9 9 17 17 05 3638.70000 13.66200000 256.05000 60.51000 18.63400 183.26100
 9 9 17 17 05 3636.80000 13.66200000 256.05000 60.51000 18.63400 183.26100
 9 9 17 17 06 3636.80000 13.66200000 256.05000 60.51000 18.63400 183.26100
 9 9 17 17 06 3635.80000 13.66200000 256.05000 60.53000 18.63400 183.26100
 9 9 17 17 06 3636.50000 13.66200000 255.01000 60.38000 18.63400 183.26100
 9 9 17 17 07 3636.90000 13.66200000 255.06000 60.38000 18.63400 183.26100
 9 9 17 17 07 3638.40000 13.66200000 255.08000 60.38000 18.63400 183.26000
 9 9 17 17 08 3636.80000 13.66200000 255.24000 60.38000 18.63400 183.26000
 9 9 17 17 08 3636.80000 13.66200000 255.24000 60.38000 18.63400 183.26000
 9 9 17 17 08 3638.40000 13.66200000 255.12000 60.38000 18.63400 183.26000
 9 9 17 17 09 3638.40000 13.66200000 255.12000 60.38000 18.63400 183.26000
 9 9 17 17 09 3636.10000 13.66200000 255.20000 60.38000 18.63400 183.26000
 9 9 17 17 10 3635.80000 13.66200000 255.89000 60.41000 18.63400 183.26000
 9 9 17 17 10 3635.80000 13.66000000 255.25000 60.38000 18.63400 183.26000
 9 9 17 17 11 3635.90000 13.66000000 255.25000 60.38000 18.63400 183.26000
 9 9 17 17 11 3635.80000 13.66000000 255.21000 60.38000 18.63400 183.26100
 9 9 17 17 12 3635.80000 13.62000000 255.25000 60.38000 18.63400 183.26100
 9 9 17 17 12 3636.50000 13.62000000 255.25000 60.38000 18.63400 183.26100
 9 9 17 17 12 3636.90000 13.66000000 255.25000 60.45000 18.63400 183.26100
 9 9 17 17 13 3635.30000 13.66000000 255.25000 60.45000 18.63400 183.26100
 9 9 17 17 13 3635.00000 13.66000000 255.25000 60.45000 18.63400 183.26100
 9 9 17 17 14 3625.80000 13.66000000 255.22000 60.45000 18.63400 183.26100
 9 9 17 17 14 3635.00000 13.62000000 255.22000 60.45000 18.63400 183.26100
 9 9 17 17 14 3635.00000 13.62000000 255.25000 60.45000 18.63400 183.26100
 9 9 17 17 15 3635.00000 13.65600000 255.25000 60.38000 18.63400 183.26100
 9 9 17 17 15 3634.70000 13.65600000 255.00000 60.37000 18.63400 183.26100
 9 9 17 17 16 3634.90000 13.65600000 255.00000 60.37000 18.63400 183.26100
 9 9 17 17 16 3634.90000 13.65600000 255.00000 60.38000 18.63400 183.26100
 9 9 17 17 17 3634.80000 13.65600000 254.73000 60.38000 18.63400 183.26100
 9 9 17 17 17 3626.00000 13.65600000 254.73000 60.37000 18.63400 183.26100
 9 9 17 17 17 3630.00000 13.62000000 255.00000 60.37000 18.84500 183.26100
 9 9 17 17 18 3627.00000 13.62000000 255.00000 60.36000 18.84500 183.26100
 9 9 17 17 19 3627.00000 13.62000000 254.69000 60.36000 18.84500 183.26100
 9 9 17 17 19 3627.00000 13.62000000 254.69000 60.36000 18.84500 183.26100
 9 9 17 17 19 3624.10000 13.62000000 254.69000 60.38000 18.84500 183.26100
 9 9 17 17 20 3615.60000 13.62000000 254.69000 60.37000 18.84500 183.26000
 9 9 17 17 20 3621.00000 13.62000000 254.61000 60.34000 18.84500 183.26000
 9 9 17 17 20 3615.00000 13.65600000 254.61000 60.34000 18.84500 183.26000
 9 9 17 17 21 3621.00000 13.65600000 253.50000 60.17000 18.84500 183.26000
 9 9 17 17 22 3615.00000 13.65600000 253.00000 60.34000 18.84500 183.26000
 9 9 17 17 22 3615.00000 13.60600000 253.00000 60.34000 18.84500 183.26000
 9 9 17 17 22 3615.00000 13.60000000 253.00000 60.16000 18.84500 183.26000
 9 9 17 17 23 3617.90000 13.60000000 253.00000 60.16000 18.84500 183.26000
 9 9 17 17 23 3611.50000 13.60000000 252.30000 60.28000 18.84500 183.25900
 9 9 17 17 24 3600.80000 13.60000000 253.00000 60.04000 18.84500 183.25900
 9 9 17 17 24 3615.20000 13.60000000 252.02000 60.10000 18.84500 183.25900
 9 9 17 17 25 3602.70000 13.60000000 252.00000 60.10000 18.84500 183.25900
 9 9 17 17 25 3611.50000 13.60000000 252.99000 60.10000 18.84500 183.25900
 9 9 17 17 25 3611.50000 13.60000000 251.82000 60.00000 18.84500 183.25900
 9 9 17 17 26 3614.70000 13.60000000 251.55000 60.00000 18.84500 183.25900
 9 9 17 17 26 3603.10000 13.60000000 252.15000 59.70000 18.84500 183.25900
 9 9 17 17 27 3611.50000 13.60000000 252.15000 59.57000 18.84500 183.25900
 9 9 17 17 27 3600.00000 13.60000000 251.50000 59.50000 18.84500 183.25900
 9 9 17 17 27 3600.00000 13.60000000 251.41000 59.33000 18.84500 183.26000
 9 9 17 17 28 3600.00000 13.60000000 251.41000 59.19000 18.84500 183.26000
 9 9 17 17 28 3600.00000 13.60000000 251.20000 59.19000 18.84500 183.26000
 9 9 17 17 29 3599.60000 13.60000000 251.12000 59.19000 18.84500 183.26000
 9 9 17 17 29 3599.60000 13.60000000 251.00000 59.99000 18.84500 183.26000
 9 9 17 17 30 3593.00000 13.60000000 250.90000 59.99000 18.84500 183.26000
 9 9 17 17 30 3599.50000 13.59000000 250.30000 59.99000 18.85100 183.25900
 9 9 17 17 30 3599.50000 13.58000000 250.90000 59.97000 18.89900 182.75300
 9 9 17 17 31 3599.50000 13.58000000 252.10000 59.97000 18.89900 182.75300
 9 9 17 17 31 3599.50000 13.58000000 250.90000 59.97000 18.89900 182.75300
 9 9 17 17 32 3599.50000 13.58900000 250.90000 59.97000 18.89900 182.75300
 9 9 17 17 32 3599.50000 13.55000000 252.10000 59.97000 18.89900 182.75300
 9 9 17 17 33 3593.00000 13.55000000 250.82000 59.97000 18.89900 182.75100
 9 9 17 17 33 3593.00000 13.55000000 252.46000 59.97000 18.89900 182.75100
 9 9 17 17 34 3575.50000 13.55000000 250.80000 59.38000 18.89900 182.75300
 9 9 17 17 34 3599.60000 13.55000000 252.00000 59.38000 18.89900 182.75200
 9 9 17 17 34 3603.10000 13.55000000 252.00000 59.38000 18.89900 182.75200
 9 9 17 17 35 3599.60000 13.55000000 251.52000 59.20000 18.89900 182.76000
 9 9 17 17 35 3599.60000 13.55000000 251.52000 59.20000 18.89900 182.76000
 9 9 17 17 36 3599.60000 13.55000000 251.52000 59.20000 18.89900 182.76000
 9 9 17 17 36 3600.00000 13.55000000 251.80000 59.87000 18.89900 182.75200
 9 9 17 17 37 3600.10000 13.55000000 251.80000 59.87000 18.89900 182.75200
 9 9 17 21 01 3605.00000 13.57000000 253.57000 59.90000 18.52700 182.00000
 9 9 17 21 01 3595.20000 13.57000000 253.18000 59.90000 18.52700 182.00000
 9 9 17 21 02 3595.20000 13.57000000 253.18000 59.90000 18.52700 182.00000
 9 9 17 21 02 3609.70000 13.57000000 253.57000 59.90000 18.52700 182.00000
 9 9 17 21 03 3609.90000 13.57000000 253.57000 60.03000 18.52700 182.00000
 9 9 17 21 03 3605.60000 13.57000000 253.57000 59.90000 18.52700 182.00000
 9 9 17 21 04 3602.30000 13.57000000 253.93000 60.00000 18.52700 182.00000
 9 9 17 21 04 3609.90000 13.57100000 253.07000 60.00000 18.52700 182.00000
 9 9 17 21 05 3606.00000 13.57100000 253.07000 59.90000 18.52700 182.00000
 9 9 17 21 05 3609.60000 13.57100000 253.54000 59.90000 18.52700 182.00000
 9 9 17 21 05 3609.90000 13.57000000 253.57000 59.90000 18.52700 182.00000
 9 9 17 21 06 3595.50000 13.57000000 253.57000 59.90000 18.52700 182.00000
 9 9 17 21 06 3595.50000 13.57000000 253.57000 59.90000 18.52700 182.00000
 9 9 17 21 07 3609.70000 13.58900000 253.57000 59.90000 18.52700 182.00000
 9 9 17 21 07 3609.70000 13.58900000 253.57000 59.90000 18.52700 182.00000
 9 9 17 21 07 3609.70000 13.58900000 253.01000 59.90000 18.52700 182.00000
 9 9 17 21 08 3609.50000 13.58900000 253.57000 59.90000 18.52700 182.00000
 9 9 17 21 08 3609.50000 13.58900000 253.01000 59.90000 18.52700 182.00000
 9 9 17 21 09 3609.00000 13.58900000 253.82000 59.90000 18.52700 182.00000
 9 9 17 21 09 3608.90000 13.58900000 253.82000 59.90000 18.52700 182.00000
 9 9 17 21 10 3608.90000 13.58800000 253.57000 59.90000 18.52700 182.00000
 9 9 17 21 10 3609.00000 13.58800000 254.05000 59.90000 18.52700 182.00000
 9 9 17 21 11 3609.00000 13.58800000 253.57000 59.90000 18.52700 182.00000
 9 9 17 21 11 3608.90000 13.58800000 253.57000 59.90000 18.52700 182.00000
 9 9 17 21 11 3609.00000 13.58800000 253.57000 59.90000 18.52700 182.00000
 9 9 17 21 12 3609.00000 13.64800000 253.57000 59.90000 18.52700 182.00000
 9 9 17 21 12 3608.60000 13.64800000 253.57000 59.90000 18.52700 182.00000
 9 9 17 21 13 3608.90000 13.64800000 253.56000 60.08000 18.52700 182.00000
 9 9 17 21 13 3608.90000 13.64800000 253.57000 60.08000 18.52700 182.00000
 9 9 17 21 13 3608.90000 13.64800000 253.57000 59.90000 18.52700 182.00000
 9 9 17 21 14 3608.80000 13.64800000 253.56000 59.90000 18.52700 182.00000
 9 9 17 21 14 3608.40000 13.64800000 253.57000 59.90000 18.52700 182.00000
 9 9 17 21 15 3608.90000 13.64800000 253.57000 59.90000 18.52700 182.00000
 9 9 17 21 15 3609.00000 13.64800000 253.57000 59.90000 18.52700 182.00000
 9 9 17 21 16 3606.00000 13.64800000 253.57000 59.90000 18.52700 182.00000
 9 9 17 21 16 3606.00000 13.64800000 253.57000 59.90000 18.52700 182.00000
 9 9 17 21 16 3606.00000 13.64800000 253.57000 59.90000 18.52700 182.00000
 9 9 17 21 17 3606.00000 13.64800000 253.57000 59.74000 18.52700 182.00000
 9 9 17 21 17 3606.00000 13.64800000 254.06000 59.74000 18.52700 181.97900
 9 9 17 21 18 3606.00000 13.64800000 254.06000 59.74000 18.52700 182.00000
 9 9 17 21 18 3606.00000 13.64800000 254.21000 59.74000 18.52700 182.00000
 9 9 17 21 19 3606.00000 13.64800000 254.21000 59.74000 18.52700 182.59900
 9 9 17 21 19 3606.00000 13.62700000 254.25000 59.74000 18.52700 182.59900
 9 9 17 21 19 3605.50000 13.62700000 254.27000 59.97000 18.52700 182.59900
 9 9 17 21 20 3598.00000 13.62700000 254.52000 59.97000 18.52700 182.59900
 9 9 17 21 20 3596.00000 13.62700000 254.27000 59.94000 18.52700 182.59900
 9 9 17 21 21 3596.20000 13.57800000 254.52000 59.94000 18.52700 182.59900
 9 9 17 21 21 3596.20000 13.57800000 254.52000 59.94000 18.52700 183.25800
 9 9 17 21 22 3604.50000 13.57800000 254.52000 59.95000 18.52700 182.59900
 9 9 17 21 22 3604.50000 13.57800000 254.52000 59.93000 18.52700 180.92100
 9 9 17 21 22 3604.60000 13.57800000 254.52000 59.93000 18.52700 180.92100
 9 9 17 21 23 3604.80000 13.57800000 254.52000 60.13000 18.52700 180.92100
 9 9 17 21 23 3604.80000 13.57800000 254.50000 60.13000 18.52700 180.92100
 9 9 17 21 24 3604.70000 13.57800000 254.50000 60.13000 18.52700 180.92100
 9 9 17 21 24 3609.60000 13.57800000 254.50000 60.13000 18.52700 180.92100
 9 9 17 21 25 3605.50000 13.57800000 254.50000 59.72000 18.52700 180.92100
 9 9 17 21 25 3609.70000 13.57800000 254.50000 59.72000 18.52700 180.94100
 9 9 17 21 26 3609.70000 13.57800000 254.50000 59.72000 18.52700 180.94100
 9 9 17 21 26 3605.50000 13.57800000 254.50000 59.72000 18.52700 180.94100
 9 9 17 21 26 3593.00000 13.57400000 254.50000 59.69000 18.52700 180.78000
 9 9 17 21 27 3570.80000 13.57400000 254.66000 59.69000 18.52700 180.96900
 9 9 17 21 27 3556.10000 13.57400000 254.66000 59.70000 18.52700 180.96900
 9 9 17 21 28 3605.80000 13.57400000 254.50000 59.72000 18.52700 180.00100
 9 9 17 21 28 3605.90000 13.57400000 254.51000 59.72000 18.52700 180.00100
 9 9 17 21 29 3580.00000 13.57400000 254.50000 59.72000 18.52700 180.00100
 9 9 17 21 29 3609.20000 13.57400000 254.50000 59.64000 18.52700 180.00100
 9 9 17 21 29 3605.80000 13.57400000 254.50000 59.64000 18.52700 180.00100
 9 9 17 21 30 3605.80000 13.57400000 254.51000 59.64000 18.52700 180.00100
 9 9 17 21 30 3605.00000 13.57400000 254.51000 59.64000 18.52700 180.00100
 9 9 17 21 31 3605.00000 13.57400000 254.50000 59.64000 18.52700 180.00100
 9 9 17 21 31 3605.00000 13.57400000 254.51000 59.50000 18.52700 180.00100
 9 9 17 21 31 3596.40000 13.57400000 254.50000 59.64000 18.52700 180.00100
 9 9 17 21 32 3596.40000 13.57400000 253.73000 59.64000 18.52700 180.00100
 9 9 17 21 32 3596.40000 13.57400000 253.73000 59.69000 18.52700 180.00100
 9 9 17 21 33 3605.00000 13.57400000 253.73000 59.69000 18.52700 180.00100
 9 9 17 21 33 3605.00000 13.57400000 253.73000 59.69000 18.52700 180.00100
 9 9 17 21 34 3600.00000 13.69800000 254.40000 59.69000 18.52700 180.00100
 9 9 17 21 34 3603.40000 13.69800000 254.39000 59.69000 18.52700 180.18000
 9 9 17 21 35 3600.00000 13.69800000 254.39000 59.69000 18.52700 180.18000
 9 9 17 21 35 3603.90000 13.69800000 254.39000 59.69000 18.52700 180.18000
 9 9 17 21 35 3592.10000 13.69800000 254.39000 59.69000 18.52700 180.18000
 9 9 17 21 36 3603.90000 13.69800000 254.39000 59.58000 18.52700 180.18000
 9 9 17 21 36 3588.90000 13.69800000 254.39000 59.58000 18.52700 180.18000
 9 9 17 21 37 3588.90000 13.69800000 254.20000 59.58000 18.52700 180.18000
 9 9 17 21 37 3602.90000 13.69400000 253.00000 59.58000 18.52700 180.18000
 9 9 17 21 38 3588.70000 13.57700000 254.17000 59.58000 18.52700 180.18000
 9 9 17 21 38 3598.00000 13.57700000 254.17000 59.58000 18.52700 180.18000
 9 9 17 21 38 3580.30000 13.57700000 254.17000 59.58000 18.52700 180.18000
 9 9 17 21 39 3588.70000 13.57200000 254.17000 59.40000 18.52700 180.18000
 9 9 17 21 39 3580.20000 13.57200000 254.17000 59.23000 18.52700 180.18000
 9 9 17 21 40 3597.90000 13.57200000 254.02000 59.86000 18.52700 180.18000
 9 9 17 21 40 3597.60000 13.57000000 253.93000 59.84000 18.52700 180.18000
 9 9 17 21 41 3590.10000 13.57000000 253.93000 59.84000 18.52700 180.18000
 9 9 17 21 41 3595.00000 13.56900000 253.97000 59.70000 18.52700 180.18000
 9 9 17 21 41 3595.00000 13.56500000 253.15000 59.70000 18.52700 180.18000
 9 9 17 21 42 3595.00000 13.56500000 253.17000 59.69000 18.52700 180.18000
 9 9 17 21 42 3590.20000 13.56100000 253.22000 59.67000 18.52700 180.18000
 9 9 17 21 43 3594.80000 13.56000000 253.23000 59.67000 18.52700 180.18000
 9 9 17 21 43 3595.00000 13.56000000 253.23000 59.67000 18.52700 180.18000
 9 9 17 21 44 3590.40000 13.56200000 253.23000 59.50000 18.52700 180.18000
 9 9 17 21 44 3591.10000 13.56100000 253.23000 59.50000 18.52700 180.18000
 9 9 17 21 44 3591.50000 13.56100000 253.23000 59.50000 18.52700 180.18000
 9 9 17 21 45 3591.60000 13.56400000 253.23000 59.50000 18.52700 180.18000
 9 9 17 21 45 3590.70000 13.56400000 253.23000 59.50000 18.52700 180.18000
 9 9 17 21 46 3590.90000 13.56400000 253.23000 59.81000 18.52700 180.18000
 9 9 17 21 46 3594.80000 13.56600000 253.23000 59.81000 18.52700 180.18000
 9 9 17 21 47 3594.80000 13.56600000 253.23000 59.81000 18.52700 180.18000
 9 9 17 21 47 3594.80000 13.56600000 253.23000 59.81000 18.52700 180.18000
 9 9 17 21 47 3594.70000 13.56600000 253.23000 59.81000 18.50100 182.52500
 9 9 17 21 48 3591.80000 13.56600000 253.23000 59.81000 18.50100 182.52500
 9 9 17 21 48 3591.80000 13.56600000 253.23000 59.80000 18.50100 182.52500
 9 9 17 21 49 3593.00000 13.56600000 253.76000 59.59000 18.50100 182.52500
 9 9 17 21 49 3596.50000 13.56600000 253.76000 59.59000 18.50100 182.52500
 9 9 17 21 50 3596.50000 13.56700000 253.75000 59.59000 18.50100 182.52500
 9 9 17 21 50 3593.10000 13.56700000 253.75000 59.59000 18.50100 182.52500
 9 9 17 21 50 3593.10000 13.56700000 253.90000 59.59000 18.50100 182.52500
 9 9 17 21 51 3593.20000 13.56700000 253.72000 59.59000 18.50100 182.52500
 9 9 17 21 51 3597.70000 13.56700000 253.55000 59.59000 18.50100 182.52500
 9 9 17 21 52 3593.20000 13.56700000 253.50000 59.59000 18.50100 182.52500
 9 9 17 21 52 3593.10000 13.56700000 253.50000 59.75000 18.50100 182.52500
 9 9 17 21 53 3593.10000 13.56700000 253.99000 59.74000 18.50100 182.52500
 9 9 17 21 53 3593.10000 13.56700000 254.21000 59.73000 18.72400 182.51000
 9 9 17 21 53 3593.10000 13.56700000 252.81000 59.73000 18.72400 182.51000
 9 9 17 21 54 3593.10000 13.56700000 252.00000 59.73000 18.72400 182.51000
 9 9 17 21 54 3602.80000 13.56700000 254.00000 59.74000 18.72400 182.51000
 9 9 17 21 55 3602.80000 13.56700000 254.00000 59.79000 18.72400 182.51000
 9 9 17 21 55 3597.40000 13.56700000 253.79000 59.74000 18.72400 182.51000
 9 9 17 21 56 3593.10000 13.56700000 253.78000 59.76000 18.72400 182.51000
 9 9 17 21 56 3593.10000 13.56700000 252.37000 59.77000 18.72400 182.51000
 9 9 17 21 56 3593.10000 13.56700000 253.78000 59.78000 18.72400 182.51000
 9 9 17 21 57 3597.50000 13.56700000 253.79000 59.75000 18.72400 182.51000
 9 9 17 21 57 3599.00000 13.56700000 252.48000 59.75000 18.72400 182.51400
 9 9 17 21 58 3598.90000 13.56700000 253.46000 59.75000 18.72400 182.51400
 9 9 17 21 58 3598.90000 13.56700000 253.48000 59.75000 18.72400 182.51400
 9 9 17 21 58 3597.50000 13.56700000 252.00000 59.74000 18.72400 182.51400
 9 9 17 21 59 3597.50000 13.56700000 252.00000 59.80000 18.72400 182.51400
 9 9 17 21 59 3590.00000 13.56700000 252.00000 59.80000 18.72400 182.51400
 9 9 17 22 00 3593.00000 13.56700000 252.00000 59.80000 18.72400 182.51400
 9 9 17 22 00 3590.40000 13.56700000 251.90000 59.57000 18.72400 182.51400
 9 9 17 22 01 3590.00000 13.56700000 252.00000 59.47000 18.72400 182.51400
 9 9 17 22 01 3590.10000 13.56700000 251.80000 59.51000 18.72400 182.50000
 9 9 17 22 02 3590.00000 13.56700000 251.80000 59.51000 18.72400 182.50000
 9 9 17 22 02 3590.00000 13.56700000 251.80000 59.51000 18.72400 182.50000
 9 9 17 22 03 3590.00000 13.56700000 251.80000 59.51000 18.72400 182.50000
 9 9 17 22 03 3590.00000 13.56700000 251.50000 59.51000 18.72400 182.50000
 9 9 17 22 03 3587.60000 13.56700000 251.50000 59.54000 18.72400 182.50000
 9 9 17 22 04 3587.60000 13.56700000 251.50000 59.54000 18.72400 182.50000
 9 9 17 22 04 3588.90000 13.56700000 251.50000 59.54000 18.72400 182.50000
 9 9 17 22 05 3587.60000 13.56600000 251.50000 59.73000 18.72400 182.50000
 9 9 17 22 05 3587.80000 13.56600000 251.50000 59.40000 18.72400 182.50000
 9 9 17 22 05 3585.00000 13.56600000 251.50000 59.70000 18.72400 182.50000
 9 9 17 22 06 3585.00000 13.56600000 251.50000 59.70000 18.72400 182.50000
 9 9 17 22 06 3587.80000 13.56600000 251.33000 59.70000 18.72400 182.50000
 9 9 17 22 07 3585.80000 13.56600000 250.37000 59.70000 18.72400 182.50000
 9 9 17 22 07 3585.80000 13.56600000 250.02000 59.70000 18.72400 182.50000
 9 9 17 22 08 3588.00000 13.51400000 250.57000 59.70000 18.72400 182.50000
 9 9 17 22 08 3588.00000 13.51400000 251.50000 59.70000 18.72400 182.50000
 9 9 17 22 08 3588.00000 13.51400000 251.50000 59.71000 18.72400 182.50000
 9 9 17 22 09 3588.30000 13.50000000 251.50000 59.66000 18.72400 182.50000
 9 9 17 22 09 3588.30000 13.50000000 251.49000 59.66000 18.72400 182.50000
 9 9 17 22 10 3590.00000 13.50000000 251.49000 59.38000 18.72400 182.50000
 9 9 17 22 10 3588.30000 13.50000000 252.00000 59.38000 18.72400 182.50000
 9 9 17 22 11 3588.10000 13.50000000 252.00000 59.38000 18.72400 182.50000
 9 9 17 22 11 3589.20000 13.50000000 252.00000 59.38000 18.72400 182.50000
 9 9 17 22 12 3588.80000 13.50000000 252.00000 59.68000 18.72400 182.50000
 9 9 17 22 12 3589.20000 13.50000000 252.00000 59.68000 18.50000 182.50000
 9 9 17 22 12 3589.50000 13.50000000 252.00000 59.68000 18.50000 182.50000
 9 9 17 22 13 3589.10000 13.50000000 251.10000 59.68000 18.50000 182.50000
 9 9 17 22 13 3589.20000 13.50000000 252.00000 59.68000 18.40200 182.50000
 9 9 17 22 14 3588.00000 13.50000000 252.00000 59.68000 18.40000 182.50000
 9 9 17 22 14 3588.10000 13.50000000 253.10000 59.70000 18.40000 182.50000
 9 9 17 22 15 3589.50000 13.50000000 253.41000 59.70000 18.40000 182.50000
 9 9 17 22 15 3591.90000 13.50000000 252.44000 59.44000 18.40000 182.50000
 9 9 17 22 15 3596.90000 13.50000000 253.00000 59.44000 18.40000 182.50000
 9 9 17 22 16 3597.50000 13.50000000 250.89000 59.44000 18.50000 182.50000
 9 9 17 22 16 3596.60000 13.50000000 250.89000 59.44000 18.50000 182.50000
 9 9 17 22 17 3598.80000 13.50000000 252.44000 59.44000 18.50000 182.50000
 9 9 17 22 17 3598.80000 13.50000000 252.44000 59.45000 18.50000 182.50000
 9 9 17 22 18 3600.00000 13.50000000 252.43000 59.45000 18.50000 182.50000
 9 9 17 22 18 3600.00000 13.50000000 252.43000 59.50000 18.50000 182.50000
 9 9 17 22 18 3600.00000 13.50000000 252.00000 59.50000 18.50000 182.50000
 9 9 17 22 19 3601.60000 13.53500000 252.00000 59.50000 18.50000 182.52500
 9 9 17 22 19 3601.60000 13.53500000 252.00000 59.51000 18.50000 182.52500
 9 9 17 22 20 3601.60000 13.53500000 252.00000 59.69000 18.50000 182.52500
 9 9 17 22 20 3600.20000 13.53500000 251.99000 59.69000 18.50000 181.09200
 9 9 17 22 21 3601.50000 13.54000000 252.00000 59.69000 18.50000 181.09200
 9 9 17 22 21 3600.00000 13.54000000 252.00000 59.69000 18.50000 181.09200
 9 9 17 22 21 3600.00000 13.54000000 252.00000 59.57000 18.50000 181.09200
 9 9 17 22 22 3602.80000 13.54000000 252.00000 59.74000 18.50000 181.09200
 9 9 17 22 22 3601.50000 13.54000000 252.00000 59.74000 18.50000 181.09200
 9 9 17 22 23 3601.50000 13.54300000 252.00000 59.60000 18.50000 181.09200
 9 9 17 22 23 3603.70000 13.54300000 252.35000 59.73000 18.50000 181.09200
 9 9 17 22 24 3603.70000 13.54300000 252.35000 59.74000 18.50000 181.09200
 9 9 17 22 24 3601.70000 13.54300000 252.36000 59.74000 18.50000 181.09200
 9 9 17 22 24 3603.70000 13.54300000 252.36000 59.81000 18.50000 181.09200
 9 9 17 22 25 3605.00000 13.54300000 252.39000 59.76000 18.50000 181.09200
 9 9 17 22 25 3603.70000 13.54800000 252.39000 59.77000 18.50000 181.09200
 9 9 17 22 26 3602.00000 13.54800000 252.43000 59.55000 18.50000 181.09200
 9 9 17 22 26 3602.00000 13.54800000 252.43000 59.76000 18.50000 181.09200
 9 9 17 22 27 3605.40000 13.54800000 252.43000 59.76000 18.50000 181.09200
 9 9 17 22 27 3602.20000 13.54800000 252.43000 59.76000 18.50000 181.09200
 9 9 17 22 27 3602.00000 13.54800000 252.43000 59.76000 18.50000 181.09200
 9 9 17 22 28 3602.30000 13.54800000 252.43000 59.76000 18.50000 181.09200
 9 9 17 22 28 3602.30000 13.54800000 252.43000 59.76000 18.50000 181.09200
 9 9 17 22 29 3605.20000 13.54800000 252.43000 59.76000 18.50000 181.09200
 9 9 17 22 29 3605.50000 13.54900000 252.95000 59.76000 18.50000 181.09200
 9 9 17 22 29 3605.40000 13.54900000 252.95000 59.76000 18.50000 181.09200
 9 9 17 22 30 3605.50000 13.54900000 252.95000 59.76000 18.50000 181.09200
 9 9 17 22 30 3605.50000 13.54900000 252.27000 59.80000 18.50000 181.09200
 9 9 17 22 31 3605.50000 13.54900000 252.27000 59.80000 18.50000 181.09200
 9 9 17 22 31 3617.10000 13.54900000 252.27000 59.95000 18.50000 181.09200
 9 9 17 22 32 3618.70000 13.54900000 252.27000 59.95000 18.50000 181.09200
 9 9 17 22 32 3615.00000 13.54900000 252.27000 59.95000 18.50000 181.09200
 9 9 17 22 33 3617.90000 13.54900000 252.99000 59.94000 18.50000 181.09200
 9 9 17 22 33 3617.50000 13.54900000 252.93000 59.94000 18.50000 181.09200
 9 9 17 22 33 3618.70000 13.54900000 252.99000 59.73000 18.50000 181.09200
 9 9 17 22 34 3609.10000 13.54900000 252.99000 59.73000 18.50000 183.25200
 9 9 17 22 34 3619.00000 13.54900000 252.99000 60.05000 18.50000 183.25200
