11 5 17 08 50 1705.56200 5.80011000 82.02392 29.86000 16.69410 87.89616
11 5 17 08 51 1700.49100 5.80011000 82.10000 29.86000 16.69410 87.89616
11 5 17 08 51 1700.50000 5.80011000 82.03000 29.80000 16.69410 87.89616
11 5 17 08 52 1700.49100 5.80011000 82.00000 30.09862 16.69410 87.89616
11 5 17 08 52 1702.98200 5.86729000 82.11999 30.19292 16.69410 87.89616
11 5 17 08 53 1703.29400 5.83760000 82.19980 29.60165 16.69410 87.89616
11 5 17 08 53 1703.29500 5.81000000 82.00006 29.80000 16.69410 87.89616
11 5 17 08 54 1703.99000 5.82016000 82.20000 29.80000 16.69410 87.89616
11 5 17 08 54 1705.56100 5.82000000 82.11999 29.80000 16.69410 87.89616
11 5 17 08 55 1704.20000 5.82000000 82.11999 30.26840 16.69410 87.89616
11 5 17 08 55 1706.02000 5.82000000 82.11999 30.39000 16.69410 87.89616
11 5 17 08 56 1707.99800 5.82000000 82.11999 30.39000 16.69410 89.34147
11 5 17 08 57 1708.00000 5.86000000 81.99000 30.39000 16.69410 89.34147
11 5 17 08 57 1706.00000 5.83000000 82.20000 30.38999 16.69410 89.38631
11 5 17 08 58 1709.00000 5.82135000 82.20000 30.38999 16.69410 89.38619
11 5 17 08 58 1709.68700 5.82135000 82.24900 30.38997 16.69410 88.11991
11 5 17 08 59 1709.68800 5.82000000 82.24898 30.20000 16.69410 88.11991
11 5 17 08 59 1709.70000 5.82000000 82.24898 30.35000 16.69410 88.11991
11 5 17 09 00 1706.01100 5.82000000 82.24900 30.35000 16.69410 89.38560
11 5 17 09 00 1709.94600 5.85776000 82.15100 30.30000 16.69410 89.38560
11 5 17 09 01 1709.92200 5.85776000 82.24898 30.30000 16.69410 89.38560
11 5 17 09 01 1706.00100 5.81201000 82.09371 30.29200 16.69410 89.38531
11 5 17 09 02 1706.17200 5.81201000 82.09371 30.24599 16.69410 89.38531
11 5 17 09 02 1708.81700 5.81201000 82.15000 30.01715 16.75209 89.38531
11 5 17 09 03 1706.11100 5.81201000 82.09998 30.02004 16.75209 89.38531
11 5 17 09 03 1708.81500 5.82168000 82.14999 30.01000 16.75209 89.38531
11 5 17 09 04 1709.00000 5.82168000 82.14999 29.90000 16.75209 89.38531
11 5 17 09 04 1710.00000 5.82168000 82.11000 29.90000 16.74199 89.36974
11 5 17 09 05 1708.99900 5.82168000 82.24900 30.00000 16.74199 89.36974
11 5 17 09 05 1711.48600 5.82168000 82.24900 29.80013 16.74199 89.36974
11 5 17 09 06 1711.87500 5.82168000 82.24900 30.01000 16.74199 88.90000
11 5 17 09 06 1713.17900 5.82168000 82.24900 30.17095 16.74199 88.90000
11 5 17 09 07 1711.98200 5.82168000 82.24900 30.17095 16.74199 88.16300
11 5 17 09 08 1711.98200 5.82168000 82.24900 30.00010 16.74199 88.16300
11 5 17 09 08 1711.98100 5.82168000 82.24900 30.00010 16.74199 88.16300
11 5 17 09 08 1713.78400 5.82168000 82.24900 30.00010 16.74199 88.16300
11 5 17 09 09 1713.78000 5.82168000 82.24900 30.08099 16.74199 88.16300
11 5 17 09 09 1711.30000 5.85693000 82.24900 30.08099 16.74199 88.16300
11 5 17 09 10 1712.00000 5.86000000 82.10029 30.08099 16.74199 88.16300
11 5 17 09 10 1711.30000 5.86000000 82.10029 30.08100 16.74199 88.16300
11 5 17 09 11 1711.30000 5.86000000 82.30000 30.15018 16.74199 88.16300
11 5 17 09 12 1711.15000 5.86000000 82.30000 30.15018 16.74199 88.16300
11 5 17 09 12 1710.00000 5.86000000 82.24900 30.15017 16.74163 88.16300
11 5 17 09 12 1710.00000 5.86000000 82.24900 30.18748 16.74163 88.16300
11 5 17 09 13 1710.00000 5.86000000 82.24900 30.40000 16.74163 88.16300
11 5 17 09 13 1709.00000 5.85000000 82.32583 30.40000 16.74163 88.16300
11 5 17 09 14 1708.10900 5.85000000 82.32583 30.40000 16.74163 88.16300
11 5 17 09 15 1708.99900 5.85000000 82.32582 30.40000 16.74163 88.16300
11 5 17 09 15 1709.85400 5.85993000 82.32583 30.40000 16.74163 88.16672
11 5 17 09 15 1709.85300 5.85993000 82.32583 30.40000 16.53547 88.16704
11 5 17 09 16 1706.99600 5.82304000 82.32583 30.40000 16.53547 88.16704
11 5 17 09 17 1706.99500 5.82304000 82.30000 30.40000 16.53547 88.16704
11 5 17 09 17 1709.99900 5.82304000 82.24900 30.15042 16.53547 88.16704
11 5 17 09 18 1710.00000 5.82304000 82.25000 30.15042 16.53547 88.16704
11 5 17 09 18 1709.96200 5.82304000 82.25000 30.17003 16.52050 88.16704
11 5 17 09 19 1707.01200 5.82304000 82.25000 30.18002 16.38241 89.17596
11 5 17 09 19 1709.84000 5.82304000 82.24999 30.19001 16.38246 89.17596
11 5 17 09 20 1706.77100 5.82304000 82.24999 30.19001 16.38246 89.17596
11 5 17 09 20 1708.98900 5.82304000 82.01087 30.19001 16.38246 89.17596
11 5 17 09 21 1708.88500 5.82253000 82.24998 30.21003 16.38246 89.17596
11 5 17 09 21 1708.87600 5.82253000 82.24998 30.20004 16.38246 89.17596
11 5 17 09 22 1709.82200 5.82253000 82.15000 30.15017 16.38246 89.17596
11 5 17 09 22 1709.80000 5.85883000 82.16000 30.24096 16.38246 89.17596
11 5 17 09 23 1707.13500 5.85883000 82.20000 30.05017 16.38246 89.17596
11 5 17 09 23 1706.14800 5.85883000 82.24998 30.00248 16.38246 89.17596
11 5 17 09 24 1707.12500 5.85883000 82.24898 30.04499 16.38246 89.17596
11 5 17 09 24 1706.01200 5.85883000 82.25000 30.04399 16.38246 89.17596
11 5 17 09 25 1707.13400 5.85883000 82.24898 30.04398 16.38246 88.17036
11 5 17 09 25 1706.99900 5.85883000 82.24994 30.04398 16.38246 88.17036
11 5 17 09 26 1707.00000 5.85993000 82.24994 30.04398 16.38246 89.04345
11 5 17 09 26 1705.10200 5.85993000 82.25000 30.04398 16.38246 89.04345
11 5 17 09 27 1706.68100 5.85993000 82.25000 30.04398 16.38246 89.04345
11 5 17 09 27 1705.00000 5.85993000 82.25000 30.04398 16.38246 89.04345
11 5 17 09 28 1705.00000 5.82507000 82.25000 30.04398 16.38246 89.04345
11 5 17 09 28 1705.11000 5.82514000 82.25000 30.02600 16.38246 89.04345
11 5 17 09 29 1706.50000 5.82551000 82.25000 30.19094 16.38246 88.17019
11 5 17 09 29 1706.66300 5.82551000 82.25000 30.19094 16.38246 88.17019
11 5 17 09 30 1706.99900 5.82551000 82.25000 30.19094 16.38246 88.17019
11 5 17 09 31 1706.00600 5.82560000 82.25000 30.19094 16.38246 88.17019
11 5 17 09 31 1706.49800 5.82560000 82.25000 30.19094 16.38246 88.17019
11 5 17 09 32 1706.49900 5.86000000 82.25000 30.07399 16.38246 88.17019
11 5 17 09 32 1706.21300 5.88194000 82.24898 30.04200 16.64290 88.17019
11 5 17 09 33 1706.32600 5.88194000 82.24700 30.04200 16.64290 88.17019
11 5 17 09 33 1706.61100 5.88617000 82.24000 29.91918 16.64290 88.17019
11 5 17 09 34 1708.45500 5.89000000 82.25000 29.96398 16.64290 88.17019
11 5 17 09 34 1710.64100 5.89000000 82.25000 29.90000 16.64290 88.17019
11 5 17 09 35 1708.45600 5.89000000 82.25000 29.86100 16.64290 88.17019
11 5 17 09 35 1710.18000 5.89000000 82.20000 29.86100 16.64290 88.17019
11 5 17 09 36 1714.10800 5.89000000 82.19999 29.81903 16.64290 88.17019
11 5 17 09 36 1714.10000 5.89000000 82.19999 29.70000 16.64290 88.17019
11 5 17 09 37 1714.11000 5.89100000 82.19942 29.70000 16.64290 88.17019
11 5 17 09 37 1714.11000 5.89100000 82.20000 29.81500 16.64290 88.17019
11 5 17 09 38 1715.00000 5.89968000 82.10000 29.67491 16.64290 88.17019
11 5 17 09 38 1714.08200 5.89968000 82.10000 29.74699 16.64290 88.17019
11 5 17 09 39 1715.00000 5.89101000 82.19999 29.70000 16.64290 88.17019
11 5 17 09 39 1714.00000 5.89101000 82.19999 29.70000 16.64290 88.17019
11 5 17 09 40 1714.00100 5.89100000 82.10000 29.73999 16.64290 88.17019
11 5 17 09 40 1716.39900 5.89100000 82.10000 29.61002 16.64290 88.17019
11 5 17 09 41 1716.40000 5.89100000 82.09997 29.61002 16.64290 88.17019
11 5 17 09 41 1716.40000 5.89100000 81.80061 29.59719 16.64348 88.17019
11 5 17 09 42 1715.81100 5.84042000 81.68013 29.50000 16.64357 88.17019
11 5 17 09 42 1716.38900 5.89828000 81.68023 29.51200 16.52050 88.17019
11 5 17 09 43 1715.79800 5.89828000 81.51000 29.50000 16.52049 88.17019
11 5 17 09 44 1715.99900 5.89828000 81.51000 29.40000 16.52049 88.17019
11 5 17 09 44 1716.39900 5.89828000 81.56341 29.40000 16.52049 88.17019
11 5 17 09 44 1716.09000 5.89828000 81.51245 29.40000 16.38583 88.17019
11 5 17 09 45 1718.00000 5.84244000 82.07937 29.30747 16.52049 88.17019
11 5 17 09 46 1718.00100 5.82561000 81.51310 29.30747 16.52049 88.17019
11 5 17 09 46 1717.00200 5.82561000 81.51315 29.45197 16.52049 88.17019
11 5 17 09 47 1718.80000 5.87577000 81.99896 29.51200 16.52050 89.00000
11 5 17 09 47 1718.80000 5.87577000 81.99500 29.50010 16.52050 89.00000
11 5 17 09 48 1719.00000 5.87577000 81.99000 29.50010 16.52050 89.00000
11 5 17 09 48 1720.00000 5.87577000 81.99000 29.50010 16.52050 89.00000
11 5 17 09 48 1718.80000 5.87577000 81.51345 29.71953 16.53861 89.00000
11 5 17 09 49 1718.80000 5.86973000 81.51345 29.89285 16.53861 89.00000
11 5 17 09 49 1720.27500 5.86973000 81.89998 29.89287 16.53861 89.17000
11 5 17 09 50 1720.20000 5.86973000 81.89874 29.80000 16.53861 89.17000
11 5 17 09 50 1718.68100 5.86973000 81.89880 29.80000 16.53861 89.17000
11 5 17 09 51 1718.00000 5.86852000 81.52009 29.80000 16.53861 89.17000
11 5 17 09 52 1718.01800 5.86852000 81.52009 29.88100 16.53861 89.00014
11 5 17 09 52 1715.20000 5.86852000 81.52009 29.88100 16.53861 89.00014
11 5 17 09 53 1716.00000 5.86852000 81.52003 29.84000 16.53861 89.00014
11 5 17 09 53 1716.68800 5.86852000 81.52003 29.78000 16.55229 89.00000
11 5 17 09 54 1717.00000 5.86852000 81.52003 29.78000 16.55229 89.00000
11 5 17 09 55 1716.99900 5.82607000 81.89880 29.70000 16.55229 89.00000
11 5 17 09 55 1716.99900 5.82607000 81.89880 29.70000 16.55228 89.17000
11 5 17 09 55 1716.99000 5.82560000 81.80000 29.61910 16.38378 89.17000
11 5 17 09 56 1716.13100 5.82560000 81.80000 29.61909 16.38378 89.17000
11 5 17 09 56 1717.00000 5.82100000 81.43124 29.61909 16.38378 89.17000
11 5 17 09 57 1716.98200 5.82100000 81.79999 29.61909 16.38378 89.00001
11 5 17 09 58 1717.00000 5.82100000 81.79999 29.61909 16.38378 89.00001
11 5 17 09 58 1716.89000 5.82100000 81.79999 29.61908 16.38378 89.00001
11 5 17 09 59 1717.00000 5.82100000 81.79999 29.50000 16.38378 89.00001
11 5 17 09 59 1717.00000 5.82100000 81.79999 29.41697 16.38378 89.00000
11 5 17 10 00 1717.00000 5.82100000 81.79991 29.41697 16.38378 89.00000
11 5 17 10 00 1716.90000 5.82102000 81.79999 29.40000 16.38378 89.00000
11 5 17 10 01 1716.13200 5.82102000 81.79999 29.40000 16.38378 89.00000
11 5 17 10 01 1716.99900 5.85583000 81.79992 29.40000 16.38378 88.33748
11 5 17 10 02 1716.99900 5.85583000 81.79999 29.47000 16.38378 89.13370
11 5 17 10 02 1718.70100 5.85583000 81.79991 29.47000 16.38378 89.13370
11 5 17 10 03 1716.61900 5.85583000 81.79993 29.47000 16.38378 89.13370
11 5 17 10 04 1715.20000 5.85583000 81.79993 29.62299 16.38378 89.13370
11 5 17 10 04 1715.00000 5.85583000 81.80002 29.72395 16.38378 89.13371
11 5 17 10 04 1716.48600 5.85583000 81.80000 29.79994 16.38378 89.13372
11 5 17 10 05 1714.97900 5.85583000 81.79991 29.80000 16.38378 89.13372
11 5 17 10 06 1714.85000 5.82100000 81.79991 29.80000 16.38378 89.13372
11 5 17 10 06 1713.09300 5.81122000 81.20000 29.72001 16.38378 89.13372
11 5 17 10 06 1714.73200 5.81122000 81.89493 29.79300 16.38378 89.13372
11 5 17 10 07 1714.71400 5.81122000 81.89378 29.80000 16.38378 89.13372
11 5 17 10 07 1713.09400 5.81122000 81.89378 29.95000 16.40007 89.13369
11 5 17 10 08 1714.59700 5.81122000 81.88672 29.95000 16.40007 89.13369
11 5 17 10 08 1716.46500 5.81122000 81.21171 29.95000 16.65557 89.13369
11 5 17 10 09 1715.00000 5.81122000 81.21759 29.95000 16.65557 89.13369
11 5 17 10 10 1714.31500 5.80001000 81.79600 29.95000 16.65557 89.13369
11 5 17 10 10 1714.77600 5.79101000 81.79600 29.95000 16.65557 89.13369
11 5 17 10 11 1712.00000 5.77992000 81.79600 29.95000 16.65557 89.13369
11 5 17 10 11 1706.60000 5.77992000 81.79600 29.92498 16.65557 89.13369
11 5 17 10 12 1710.72900 5.77992000 81.79600 29.92498 16.65557 88.33700
11 5 17 10 12 1710.41700 5.85766000 81.79600 29.92498 16.65557 88.33700
11 5 17 10 13 1707.61200 5.85766000 81.35363 29.95000 16.40553 88.33700
11 5 17 10 13 1710.72800 5.85766000 81.35363 29.95000 16.40553 88.33700
11 5 17 10 14 1709.88900 5.85766000 81.35363 29.95000 16.40553 88.33700
11 5 17 10 15 1710.00000 5.85766000 81.79100 29.94302 16.40553 88.33700
11 5 17 10 15 1709.88800 5.85766000 81.50118 30.05000 16.40564 88.20075
11 5 17 10 15 1709.88900 5.85766000 81.50118 29.97406 16.49999 88.20075
11 5 17 10 16 1710.71200 5.85766000 81.50118 30.05001 16.65464 88.20097
11 5 17 10 16 1709.91300 5.85766000 81.50118 30.09000 16.65464 88.20097
11 5 17 10 17 1709.04800 5.85766000 81.77892 30.09000 16.65464 88.20097
11 5 17 10 18 1709.80000 5.85766000 81.79100 30.00407 16.65464 88.20097
11 5 17 10 18 1707.61300 5.85766000 81.79100 30.07200 16.65464 88.20168
11 5 17 10 19 1707.60000 5.84887000 81.79100 30.07200 16.65464 88.20180
11 5 17 10 19 1707.61300 5.84887000 81.79098 30.00407 16.40600 88.20000
11 5 17 10 20 1707.61300 5.84887000 81.79098 30.05000 16.40600 88.20000
11 5 17 10 20 1709.98100 5.87070000 81.79099 30.00000 16.40600 88.20000
11 5 17 10 21 1710.00000 5.87070000 81.50042 30.00408 16.40600 88.20000
11 5 17 10 21 1709.99900 5.87070000 81.50044 30.00408 16.40600 88.20000
11 5 17 10 22 1709.99900 5.87070000 81.93876 29.93500 16.40600 88.99947
11 5 17 10 22 1709.99900 5.87070000 81.93876 29.93500 16.40900 88.99947
11 5 17 10 23 1710.71000 5.87070000 81.93876 29.91500 16.40900 88.99947
11 5 17 10 23 1712.78600 5.87070000 81.93876 29.91500 16.40900 88.99947
11 5 17 10 24 1712.78500 5.87070000 81.93888 30.00000 16.40900 88.17000
11 5 17 10 25 1710.22300 5.87070000 81.93888 29.91604 16.40900 88.17010
11 5 17 10 25 1710.34100 5.87070000 81.93888 29.91604 16.40900 88.17010
11 5 17 10 26 1713.99800 5.86230000 81.93800 29.89001 16.40900 88.17010
11 5 17 10 26 1714.00000 5.84422000 81.93800 29.94500 16.40900 88.17010
11 5 17 10 26 1713.99800 5.84422000 81.94000 30.00000 16.40900 88.95177
11 5 17 10 27 1713.99000 5.87860000 81.95010 30.00000 16.40900 88.95177
11 5 17 10 28 1710.50100 5.87860000 81.95010 30.00000 16.40900 88.95177
11 5 17 10 28 1712.96900 5.87860000 81.78629 30.00000 16.40900 88.17058
11 5 17 10 29 1712.96600 5.88510000 81.78629 30.00000 16.40900 88.17058
11 5 17 10 29 1712.96900 5.88510000 81.95008 30.00000 16.40900 88.17058
11 5 17 10 30 1712.96600 5.88510000 81.95008 30.00000 16.40900 88.17058
11 5 17 10 30 1712.96600 5.88510000 81.94999 30.00000 16.40900 88.17058
11 5 17 10 31 1715.00000 5.88510000 81.94999 30.00000 16.40900 88.17058
11 5 17 10 31 1712.96400 5.88510000 81.94999 30.10000 16.40900 88.17058
11 5 17 10 32 1712.96400 5.88510000 81.94998 30.00000 16.40900 88.17058
11 5 17 10 32 1712.96300 5.88510000 81.95010 30.00000 16.40900 88.17058
11 5 17 10 33 1712.39200 5.88510000 81.95010 30.00000 16.40900 88.17181
11 5 17 10 33 1712.96400 5.88510000 81.95000 30.00000 16.40900 88.17206
11 5 17 10 34 1712.96300 5.88510000 81.95001 30.00000 16.41016 88.99998
11 5 17 10 34 1712.96400 5.88510000 81.95001 30.00000 16.41018 88.99998
11 5 17 10 35 1712.96400 5.89000000 81.97999 30.00000 16.41018 88.17032
11 5 17 10 35 1712.96400 5.89000000 81.98000 29.92000 16.41018 88.17032
11 5 17 10 36 1713.96300 5.89000000 81.96001 29.92000 16.41018 88.17032
11 5 17 10 36 1714.06000 5.89000000 81.96001 29.92000 16.41018 88.17032
11 5 17 10 37 1714.06100 5.89000000 81.98000 29.93300 16.41018 88.17032
11 5 17 10 37 1714.23100 5.89000000 81.98000 29.90800 16.41018 88.17011
11 5 17 10 38 1714.06100 5.89000000 81.98000 29.76401 16.41018 88.37021
11 5 17 10 39 1714.88900 5.89000000 81.98000 29.66701 16.41018 89.22345
11 5 17 10 39 1714.81000 5.89000000 81.98000 29.60000 16.41018 89.22345
11 5 17 10 40 1712.96400 5.89000000 81.98000 29.60000 16.56562 89.22345
11 5 17 10 40 1712.98100 5.89000000 81.98000 29.60000 16.56562 89.22345
11 5 17 10 41 1712.29800 5.89000000 81.98000 29.77698 16.56562 89.22345
11 5 17 10 41 1713.12500 5.88747000 81.81314 29.81400 16.56562 89.22345
11 5 17 10 41 1713.00000 5.88747000 81.97999 29.81400 16.53312 89.22345
11 5 17 10 42 1714.82300 5.88747000 81.97999 29.99200 16.41000 89.22345
11 5 17 10 43 1714.87000 5.88747000 81.97999 29.99200 16.38126 89.22345
11 5 17 10 43 1712.29800 5.88747000 81.97999 30.00000 16.40992 88.17012
11 5 17 10 44 1712.29800 5.88747000 81.97999 30.00000 16.40992 88.17010
11 5 17 10 44 1710.00000 5.87996000 81.81314 30.00000 16.40992 88.17010
11 5 17 10 45 1710.00000 5.87996000 81.97998 30.00000 16.40992 88.17010
11 5 17 10 45 1709.98900 5.87996000 81.97998 29.99999 16.40992 88.17010
11 5 17 10 46 1706.35100 5.87996000 81.85025 29.99998 16.40992 88.37010
11 5 17 10 46 1706.35100 5.87996000 81.85025 29.93299 16.40992 88.77021
11 5 17 10 47 1706.36800 5.87996000 81.51510 29.83700 16.40992 88.37041
11 5 17 10 47 1706.35100 5.87996000 81.51510 29.86796 16.40992 88.37041
11 5 17 10 48 1705.60000 5.87996000 81.51514 29.70707 16.19745 88.37041
11 5 17 10 48 1709.00300 5.87996000 81.96000 29.86790 16.19746 88.17023
11 5 17 10 49 1707.33300 5.87996000 81.96000 29.86790 16.19746 88.17023
11 5 17 10 49 1706.88900 5.87996000 81.96000 29.86790 16.19746 88.17023
11 5 17 10 50 1705.58000 5.87996000 81.90000 29.93300 16.19746 88.17023
11 5 17 10 50 1702.34000 5.87996000 81.97999 29.93300 16.19746 88.17023
11 5 17 10 51 1700.10000 5.87996000 81.90000 29.86788 16.19746 88.17023
11 5 17 10 52 1699.30500 5.87996000 81.90000 29.86788 16.04395 88.17023
11 5 17 10 52 1697.61000 5.87996000 81.90000 29.86788 16.04395 88.17023
11 5 17 10 53 1700.00000 5.87996000 81.89998 29.83400 16.04395 88.17023
11 5 17 10 53 1700.01100 5.87996000 81.98000 29.77305 16.04395 88.17023
11 5 17 10 53 1698.62100 5.87996000 81.98000 29.77305 16.04395 88.17023
11 5 17 10 54 1698.73600 5.87996000 81.98000 29.77305 16.04395 88.17023
11 5 17 10 55 1698.73500 5.83874000 81.98000 29.77305 16.04395 88.17023
11 5 17 10 55 1698.50000 5.83874000 81.98000 29.77305 16.04395 89.19136
11 5 17 10 56 1698.73600 5.83874000 81.97967 29.77500 16.04395 89.19136
11 5 17 10 56 1698.73600 5.83874000 81.97967 29.77500 16.04395 89.19136
11 5 17 10 57 1698.73600 5.83874000 81.55025 29.80297 16.04395 89.19136
11 5 17 10 57 1699.10000 5.83874000 81.55025 29.80297 16.04395 89.19136
11 5 17 10 58 1701.87200 5.83874000 81.97990 29.80297 16.04395 88.17034
11 5 17 10 58 1702.25000 5.83874000 81.87269 29.80297 16.04395 88.17034
11 5 17 10 59 1702.31100 5.84000000 81.65287 29.80297 16.04395 88.17034
11 5 17 10 59 1703.54700 5.84000000 81.68677 29.80297 16.04395 88.17034
11 5 17 11 00 1703.52500 5.84000000 81.68677 29.84098 16.22311 89.09826
11 5 17 11 00 1698.99000 5.84000000 81.68677 29.84098 16.22311 89.09826
11 5 17 11 01 1698.89000 5.81249000 81.68682 29.80801 16.22311 89.09826
11 5 17 11 01 1698.99000 5.81249000 81.68679 29.80801 16.19985 89.09826
11 5 17 11 02 1698.99000 5.81249000 81.68679 29.85001 16.19985 89.09826
11 5 17 11 03 1702.50000 5.81249000 81.68679 29.85001 16.19985 89.09826
11 5 17 11 03 1701.83900 5.81249000 81.99983 29.90000 16.19985 89.09826
11 5 17 11 04 1702.48200 5.81249000 81.99983 29.89996 16.19985 89.09826
11 5 17 11 04 1700.00000 5.81249000 81.99983 29.90000 16.19985 89.09826
11 5 17 11 04 1699.80000 5.81249000 81.99983 29.90000 16.19985 89.09826
11 5 17 11 05 1699.99900 5.81101000 81.97000 29.99997 16.19985 89.09826
11 5 17 11 06 1700.00000 5.81101000 81.97000 29.99997 16.19985 89.09826
11 5 17 11 06 1699.81600 5.81101000 82.00000 29.96400 16.19985 89.09826
11 5 17 11 06 1699.81600 5.81101000 82.00000 29.96400 16.19985 89.09826
11 5 17 11 07 1699.80000 5.81101000 82.00000 29.96400 16.19985 89.09826
11 5 17 11 07 1699.81600 5.81101000 81.90000 29.90000 16.19985 89.09826
11 5 17 11 08 1699.90100 5.81101000 81.90000 29.99192 16.23504 88.17068
11 5 17 11 09 1699.99000 5.81101000 81.90000 29.75100 16.23503 88.17104
11 5 17 11 09 1699.81600 5.81100000 81.90000 29.75100 16.23503 88.17104
11 5 17 11 10 1699.01600 5.85932000 81.85000 29.75100 16.23503 88.17104
11 5 17 11 10 1699.80000 5.85932000 81.85000 29.75100 16.23503 88.17104
11 5 17 11 11 1698.81000 5.85932000 81.90000 29.93300 16.23503 89.10000
11 5 17 11 11 1697.50000 5.85932000 81.90000 29.96200 16.23503 88.17195
11 5 17 11 11 1697.10000 5.85932000 81.90000 29.96200 16.23503 88.17000
11 5 17 11 12 1696.85900 5.85740000 81.88818 29.96200 16.23503 88.17000
11 5 17 11 13 1696.70000 5.85740000 81.68763 29.87700 16.20000 88.17000
11 5 17 11 13 1691.57400 5.82000000 81.68763 29.90400 16.20000 88.17000
11 5 17 11 13 1688.88800 5.80000000 81.68677 29.93300 16.20000 88.17000
11 5 17 11 14 1698.50600 5.80000000 81.81342 29.87000 16.20000 88.17000
11 5 17 11 15 1699.32100 5.80000000 81.80000 29.94000 16.20000 88.17021
11 5 17 11 15 1692.11200 5.80000000 81.88908 29.94000 16.20000 88.17000
11 5 17 11 16 1690.11000 5.80000000 81.88908 29.80605 16.07367 88.17000
11 5 17 11 16 1690.11000 5.80000000 82.00000 29.82000 16.07367 88.17000
11 5 17 11 17 1690.01600 5.84933000 81.99451 29.90000 16.07367 88.17000
11 5 17 11 17 1694.00000 5.84933000 81.99995 29.99397 16.07367 88.17000
11 5 17 11 18 1687.99900 5.80100000 81.99994 30.00000 16.07367 88.17000
11 5 17 11 18 1683.14300 5.80100000 81.99451 30.10101 16.40634 88.17000
11 5 17 11 19 1682.00000 5.77991000 81.68677 30.00004 16.07502 88.17000
11 5 17 11 19 1686.66000 5.77991000 81.68684 30.00004 16.06000 88.17000
11 5 17 11 20 1680.25600 5.77991000 81.68688 30.19995 16.07500 88.17000
11 5 17 11 21 1686.53100 5.77991000 81.81651 30.19995 16.07500 88.17000
11 5 17 11 21 1686.00000 5.77991000 81.78404 30.15465 16.40478 88.17000
11 5 17 11 21 1682.30100 5.77991000 82.00000 30.17000 16.04388 88.17000
11 5 17 11 22 1684.99900 5.77991000 82.08254 30.15462 16.04388 88.17000
11 5 17 11 22 1684.99900 5.77991000 81.99000 30.15462 16.04388 88.17000
11 5 17 11 23 1684.96900 5.77991000 81.99000 30.06200 16.18239 88.17000
11 5 17 11 24 1680.30000 5.77991000 81.98998 29.93001 16.18239 88.17000
11 5 17 11 24 1680.30000 5.77991000 81.99000 30.09300 16.18239 88.17000
11 5 17 11 25 1680.70300 5.77991000 81.95000 30.09300 16.18239 88.17000
11 5 17 11 25 1684.71000 5.77991000 81.95000 30.09300 16.18239 88.17000
11 5 17 11 25 1685.00000 5.75011000 81.95000 30.03790 16.18239 88.17000
11 5 17 11 26 1685.07300 5.75011000 81.95000 29.89400 16.18239 89.10000
11 5 17 11 27 1681.64900 5.75011000 81.95000 29.89400 16.18239 89.10000
11 5 17 11 27 1686.28400 5.75011000 81.99000 29.85417 16.18239 89.10000
11 5 17 11 28 1681.00100 5.75011000 81.99000 29.85417 16.18239 89.10000
11 5 17 11 28 1684.99900 5.75011000 81.99000 29.85417 16.18239 89.10000
11 5 17 11 29 1681.68200 5.75011000 81.99000 29.78000 16.18239 89.10000
11 5 17 11 29 1685.66100 5.75011000 82.25000 29.78000 16.18239 89.10000
11 5 17 11 30 1685.66000 5.75011000 82.25000 29.60000 16.18239 89.10000
11 5 17 11 30 1685.00900 5.75011000 82.30000 29.59720 16.18239 89.10000
11 5 17 11 31 1686.79400 5.75011000 82.30000 29.59720 16.18239 89.10000
11 5 17 11 31 1686.79600 5.75011000 82.30000 29.59720 16.18192 89.10000
11 5 17 11 32 1690.32100 5.75011000 82.35000 29.59301 16.18192 89.10000
11 5 17 11 32 1693.52800 5.75011000 82.40000 29.59301 16.18189 89.38679
11 5 17 11 33 1693.38400 5.75011000 82.48000 29.62900 16.18189 89.38680
11 5 17 11 33 1695.00000 5.75011000 82.48000 29.69900 16.18189 89.38703
11 5 17 11 34 1695.00000 5.75011000 82.48150 29.66300 16.40130 90.06817
11 5 17 11 34 1697.09900 5.75734000 82.50000 29.74800 16.40130 90.06817
11 5 17 11 35 1697.09900 5.75734000 82.50000 29.74800 16.40130 90.06817
11 5 17 11 35 1697.10000 5.75734000 82.50000 29.60000 16.40130 90.06817
11 5 17 11 36 1697.09000 5.82550000 82.50000 29.60000 16.40130 88.63389
11 5 17 11 36 1697.10000 5.82550000 82.50000 29.60000 16.40130 88.63389
11 5 17 11 37 1698.69900 5.82550000 82.50000 29.60000 16.40130 88.63389
11 5 17 11 37 1698.69900 5.82550000 82.50000 29.50002 16.05302 88.85620
11 5 17 11 38 1700.00000 5.82550000 82.50000 29.60999 16.05302 88.85620
11 5 17 11 38 1701.60300 5.82550000 82.49843 29.61000 16.05302 88.85620
11 5 17 11 39 1702.96400 5.82396000 82.50000 29.61000 16.05302 88.85620
11 5 17 11 40 1702.00000 5.82396000 82.49831 29.61000 16.05302 88.85620
11 5 17 11 40 1700.01500 5.82396000 82.30000 29.61000 16.05302 88.85620
11 5 17 11 41 1703.13000 5.82396000 82.30000 29.61000 16.05302 88.85669
11 5 17 11 41 1703.19200 5.82396000 82.30002 29.50015 16.40694 88.85669
11 5 17 11 42 1700.00000 5.82396000 82.30002 29.50015 16.28456 88.85669
11 5 17 11 42 1700.01700 5.82396000 82.30002 29.61000 16.28456 88.85669
11 5 17 11 42 1700.01700 5.82396000 82.49668 29.70000 16.27900 89.59000
11 5 17 11 43 1700.18700 5.87794000 82.23101 29.70000 16.27900 89.59000
11 5 17 11 43 1702.00000 5.87794000 82.23101 29.70000 16.27900 89.59000
11 5 17 11 44 1700.05100 5.87794000 82.49828 29.70000 16.40872 89.59000
11 5 17 11 44 1701.88600 5.80000000 82.49768 29.70000 16.49757 89.59000
11 5 17 11 45 1702.54900 5.80000000 82.49768 29.70000 16.49757 89.59000
11 5 17 11 46 1702.54700 5.80000000 82.49768 29.70000 16.49757 89.59000
11 5 17 11 46 1702.55000 5.80000000 82.20002 29.84498 16.49900 89.59000
11 5 17 11 47 1702.99900 5.85952000 82.20002 29.78500 16.53314 89.98014
11 5 17 11 47 1703.19100 5.85765000 82.44999 29.78500 16.53314 89.10000
11 5 17 11 48 1702.56700 5.85765000 82.44000 29.76099 16.53324 89.10000
11 5 17 11 48 1702.56700 5.85765000 82.48950 29.60000 16.53324 89.30000
11 5 17 11 49 1703.69700 5.84975000 82.45000 29.50000 16.53327 89.30000
11 5 17 11 49 1703.97900 5.84975000 82.59880 29.53598 16.53329 89.30000
11 5 17 11 50 1703.97900 5.84989000 82.20016 29.30000 16.49900 89.50000
11 5 17 11 50 1701.01800 5.80000000 82.45000 29.30000 16.49900 89.50000
11 5 17 11 51 1698.00100 5.80000000 82.43993 29.30000 16.49900 89.50000
11 5 17 11 51 1701.01800 5.80000000 82.44998 29.32802 16.49900 89.50000
11 5 17 11 52 1699.99900 5.80000000 82.45000 29.32802 16.49900 89.49000
11 5 17 11 52 1702.99800 5.80000000 82.43999 29.48991 16.49900 89.49000
11 5 17 11 53 1702.99800 5.80000000 82.45000 29.45400 16.49900 89.49000
11 5 17 11 53 1702.99700 5.80000000 82.45000 29.48990 16.49900 89.49000
11 5 17 11 54 1702.98000 5.80000000 82.44000 29.38901 16.49900 89.50001
11 5 17 11 54 1703.00000 5.80000000 82.45000 29.47000 16.49900 89.50001
11 5 17 11 55 1704.00000 5.84990000 82.45000 29.47000 16.49900 89.50001
11 5 17 11 55 1705.00000 5.84990000 82.48000 29.45000 16.49900 89.50001
11 5 17 11 56 1705.58000 5.84990000 82.50000 29.45000 16.49900 89.50001
11 5 17 11 56 1705.56200 5.87790000 82.50000 29.45000 16.49900 89.50001
11 5 17 11 57 1705.58000 5.87790000 82.50000 29.45000 16.49900 89.50001
11 5 17 11 57 1705.58000 5.85000000 82.44002 29.32802 16.49900 89.50001
11 5 17 11 58 1705.56200 5.85000000 82.44002 29.43700 16.49900 89.50001
11 5 17 11 58 1705.55900 5.85000000 82.44002 29.43700 16.49900 89.50001
11 5 17 11 59 1705.57600 5.87794000 82.44002 29.43700 16.49900 89.50001
11 5 17 11 59 1705.58000 5.87794000 82.44002 29.29801 16.49900 89.50001
11 5 17 12 00 1705.58000 5.87794000 82.44002 29.29528 16.49900 89.50001
11 5 17 12 01 1706.99900 5.87794000 82.50000 29.29528 16.61647 88.87066
11 5 17 12 01 1706.99900 5.87794000 82.50000 29.29528 16.61647 88.87066
11 5 17 12 01 1706.99900 5.87794000 82.50000 29.29528 16.61647 88.87066
11 5 17 12 02 1706.99900 5.87794000 82.49000 29.29500 16.61646 90.49990
11 5 17 12 02 1706.99900 5.87794000 82.48997 29.27097 16.61646 90.49990
11 5 17 12 03 1706.99900 5.87794000 82.60000 29.21100 16.61646 90.49990
11 5 17 12 04 1706.99900 5.87794000 82.60000 29.18800 16.61646 89.86604
11 5 17 12 04 1706.99900 5.87794000 82.60000 29.24400 16.61646 89.86606
11 5 17 12 05 1706.99900 5.87832000 82.49009 29.27095 16.61646 89.05734
11 5 17 12 05 1706.99900 5.87818000 82.49009 29.15000 16.61646 89.05734
11 5 17 12 06 1706.99900 5.87818000 82.60000 29.15000 16.61646 89.05734
11 5 17 12 06 1707.16900 5.87818000 82.61765 29.15000 16.52082 89.05734
11 5 17 12 06 1706.99900 5.87818000 82.65000 29.26000 16.52082 89.05734
11 5 17 12 07 1707.56800 5.87818000 82.60200 29.26397 16.52082 89.05734
11 5 17 12 08 1706.99900 5.87818000 82.69955 29.27097 16.52082 89.05734
11 5 17 12 08 1706.99900 5.87818000 82.70000 29.38994 16.52082 89.05734
11 5 17 12 09 1706.99900 5.87818000 82.60200 29.38994 16.50000 89.05734
11 5 17 12 09 1706.99500 5.87818000 82.60202 29.39000 16.50000 89.05734
11 5 17 12 10 1706.99900 5.87818000 82.60201 29.39000 16.50000 89.05734
11 5 17 12 10 1706.99900 5.87818000 82.60000 29.39000 16.50000 89.05734
11 5 17 12 11 1706.98200 5.87818000 82.59998 29.39000 16.50000 89.05734
11 5 17 12 11 1706.99900 5.87818000 82.65000 29.42499 16.50000 89.05734
11 5 17 12 12 1707.79600 5.87818000 82.65000 29.44820 16.50000 89.05734
11 5 17 12 12 1707.01000 5.87818000 82.70100 29.45598 16.50000 89.05734
11 5 17 12 12 1707.87000 5.87818000 82.71200 29.45597 16.50000 89.05734
11 5 17 12 13 1707.17000 5.87818000 82.70105 29.45598 16.50000 89.05734
11 5 17 12 14 1707.00000 5.87818000 82.81999 29.44820 16.50000 89.05734
11 5 17 12 14 1706.99800 5.87818000 82.82000 29.39000 16.50000 89.05734
11 5 17 12 15 1707.90400 5.87818000 82.82000 29.39000 16.50000 89.05734
11 5 17 12 15 1706.99800 5.87818000 82.71200 29.39000 16.50000 88.63650
11 5 17 12 16 1707.92200 5.87818000 82.71201 29.38999 16.50000 88.63650
11 5 17 12 16 1706.35200 5.87818000 82.81201 29.38994 16.50000 88.63650
11 5 17 12 17 1707.95000 5.87818000 82.89842 29.38994 16.49998 88.63650
11 5 17 12 17 1706.23500 5.87818000 82.89867 29.29200 16.49998 88.63650
11 5 17 12 18 1706.35200 5.87818000 82.89867 29.27000 16.49998 88.63650
11 5 17 12 18 1706.35100 5.87818000 82.89920 29.23300 16.49999 88.63650
11 5 17 12 19 1705.76700 5.87818000 82.89919 29.23300 16.49999 88.63650
11 5 17 12 20 1703.95400 5.87818000 82.88058 29.15200 16.50000 88.63650
11 5 17 12 20 1706.21200 5.87818000 82.88057 29.10900 16.50000 88.63650
11 5 17 12 21 1706.10000 5.87818000 82.89795 29.02812 16.50000 88.63650
11 5 17 12 21 1704.49700 5.87818000 82.89795 29.02812 16.50000 88.63650
11 5 17 12 22 1705.87600 5.81183000 82.89795 29.09998 16.50000 88.63650
11 5 17 12 22 1702.99600 5.81183000 82.89800 29.10000 16.50000 88.63650
11 5 17 12 23 1703.45000 5.81183000 82.89985 29.10000 16.49999 88.63650
11 5 17 12 23 1704.26900 5.81183000 82.89986 29.08500 16.50000 88.86180
11 5 17 12 24 1702.53400 5.81183000 82.89986 29.17500 16.50000 88.86180
11 5 17 12 24 1702.53100 5.81184000 82.89983 29.08000 16.50000 88.63340
11 5 17 12 25 1701.27900 5.81184000 82.89980 28.95390 16.49999 88.63340
11 5 17 12 25 1701.27800 5.81184000 82.89797 28.87096 16.50000 88.85498
