16 8 17 18 06 3690.00000 12.12256000 259.50988 38.29783 18.06962 187.00000
16 8 17 18 07 3681.99000 12.12256000 258.90207 38.29783 18.04626 187.00000
16 8 17 18 08 3695.50000 12.12256000 259.35640 38.13005 18.06962 187.00010
16 8 17 18 08 3695.50000 12.12597000 258.89999 38.11409 18.20000 189.46396
16 8 17 18 08 3680.00000 12.03243000 258.89999 38.30000 18.20000 187.00009
16 8 17 18 09 3695.50000 12.12256000 258.91001 38.29783 18.20000 187.00009
16 8 17 18 09 3681.98800 12.11138000 258.91004 38.29783 18.20000 187.00110
16 8 17 18 10 3681.01000 12.12256000 258.91003 38.28788 18.05044 186.00000
16 8 17 18 10 3680.00000 12.11138000 258.91003 38.28788 18.05031 187.55000
16 8 17 18 10 3680.00000 12.03243000 258.91003 38.11409 18.05031 187.55000
16 8 17 18 11 3682.00000 12.11138000 258.90000 38.28786 18.05031 186.01000
16 8 17 18 11 3681.61000 12.11138000 258.90000 38.30000 18.05031 186.00000
16 8 17 18 12 3681.61000 12.12597000 258.63000 38.28786 18.05044 186.00000
16 8 17 18 12 3695.50000 12.12256000 259.31000 38.28788 18.20000 186.01000
16 8 17 18 13 3681.01000 12.11138000 258.90000 38.28986 18.05044 186.00000
16 8 17 18 13 3681.98800 12.11138000 259.29992 38.28788 18.20000 188.23667
16 8 17 18 13 3681.61000 12.12256000 258.89996 38.28783 18.05237 186.01000
16 8 17 18 14 3690.00000 12.03243000 258.89999 38.28788 18.05031 188.23667
16 8 17 18 14 3694.69400 12.12256000 258.54120 38.28781 18.05031 186.00000
16 8 17 18 15 3682.00000 12.12256000 258.90000 38.28788 18.05031 186.00000
16 8 17 18 15 3690.00000 12.12256000 258.54120 38.12000 18.20000 188.23667
16 8 17 18 15 3694.32000 12.03243000 258.70000 38.28781 18.20000 187.00000
16 8 17 18 16 3681.01000 12.12256000 258.89996 38.30000 18.20000 187.00110
16 8 17 18 19 3681.01000 12.11138000 258.89996 38.30000 18.19997 187.00000
16 8 17 18 17 3685.00000 12.12256000 258.91003 38.30000 18.05031 186.00000
16 8 17 18 18 3706.98000 12.03243000 258.89994 38.30000 18.05044 187.00009
16 8 17 18 18 3695.50000 12.12256000 258.20055 38.13000 18.05031 187.00110
16 8 17 18 19 3680.39600 12.12256000 258.20055 38.28783 18.05237 186.01000
16 8 17 18 19 3681.01000 12.12597000 258.20055 38.11409 18.05044 186.00000
16 8 17 18 19 3685.00000 12.11138000 258.50000 38.21999 18.04603 186.00000
16 8 17 18 19 3684.97800 12.03243000 259.00000 38.21999 18.05044 186.00000
16 8 17 18 20 3681.21900 12.12585000 258.89995 38.21999 18.04603 186.00000
16 8 17 18 21 3684.40000 12.11138000 258.50001 38.28788 18.20000 187.00110
16 8 17 18 21 3679.00000 12.12256000 258.50001 38.12100 18.04603 187.00009
16 8 17 18 21 3682.34100 12.12597000 259.29992 38.28788 18.20000 186.00000
16 8 17 18 22 3706.98000 12.03243000 258.89996 38.11409 18.05044 187.00009
16 8 17 18 22 3676.21000 12.12256000 258.50002 38.28783 18.05237 186.01000
16 8 17 18 22 3676.21000 12.09771000 259.29992 38.28986 18.04603 187.00010
16 8 17 18 23 3695.50000 12.12256000 258.50000 38.12100 18.05237 186.01000
16 8 17 18 24 3676.00000 12.10934000 258.54120 38.29782 18.19997 187.00110
16 8 17 18 24 3672.70000 12.12256000 257.84397 38.12100 18.05237 186.01000
16 8 17 18 25 3676.20500 12.12597000 257.84193 38.12101 18.04603 186.00000
16 8 17 18 25 3671.00800 12.09771000 257.84397 38.12101 18.04708 187.00110
16 8 17 18 25 3681.01000 12.12597000 258.90000 38.12100 18.05044 187.00110
16 8 17 18 26 3676.00000 12.12599000 257.10004 38.12100 18.19499 186.00000
16 8 17 18 26 3674.99600 12.09771000 258.89996 38.12101 18.20000 186.00106
16 8 17 18 26 3663.00000 12.09771000 258.11369 38.12101 18.19499 186.00000
16 8 17 18 27 3690.00000 12.09771000 257.84400 38.12000 18.20000 186.00000
16 8 17 18 27 3681.98800 12.09771000 258.50001 38.28788 18.19499 186.00000
16 8 17 18 28 3662.78100 12.10934000 258.50004 38.12103 18.19997 186.00000
16 8 17 18 28 3676.20500 12.12599000 259.29992 38.12103 18.19499 186.00000
16 8 17 18 28 3662.78100 12.12597000 258.90000 38.13001 18.05044 186.00000
16 8 17 18 29 3660.23400 12.10934000 257.60001 38.13001 18.19499 186.00000
16 8 17 18 29 3660.23400 11.91001000 257.60001 38.13001 18.19499 186.00000
16 8 17 18 32 3662.30000 12.09982000 257.60107 38.12100 18.05044 186.00000
16 8 17 18 31 3681.01000 12.09982000 258.12000 38.28788 18.05044 186.00000
16 8 17 18 31 3676.20500 11.91001000 258.12000 38.12100 18.19499 186.00000
16 8 17 18 32 3680.39600 11.91001000 258.39999 38.12000 18.19499 186.00000
16 8 17 18 32 3676.20500 11.91001000 257.60001 38.12000 18.19499 186.00000
16 8 17 18 32 3660.23000 11.91001000 258.40000 38.12000 18.19499 186.00000
16 8 17 18 33 3662.29600 12.05687000 258.40000 38.11407 18.18580 186.00001
16 8 17 18 33 3660.42100 12.05687000 258.59908 38.11407 18.04708 186.00001
16 8 17 18 33 3676.20500 11.91001000 258.40000 38.12000 18.19499 186.00000
16 8 17 18 34 3662.25000 12.05687000 258.89996 38.11405 18.19499 186.00000
16 8 17 18 35 3662.78100 12.05687000 258.40000 38.12000 18.04708 186.00207
16 8 17 18 35 3682.00000 12.06736000 258.40000 38.13001 18.04708 189.39789
16 8 17 18 35 3662.78100 12.05687000 257.60001 38.13001 18.05031 186.00107
16 8 17 18 36 3662.25000 12.09771000 258.59917 38.11407 18.19499 186.00000
16 8 17 18 36 3662.25000 11.91001000 257.63001 38.12000 18.05031 186.00207
16 8 17 18 37 3680.39600 12.05687000 258.12000 37.65001 18.19499 189.39474
16 8 17 18 37 3676.00000 12.06736000 257.60315 38.28788 18.18580 187.00041
16 8 17 18 38 3676.00000 12.10934000 258.12000 37.66000 18.19997 186.00000
16 8 17 18 40 3665.90000 11.91001000 258.40000 38.12101 18.05031 186.00000
16 8 17 18 39 3662.01300 12.04674000 258.77994 38.12101 18.05031 189.39474
16 8 17 18 41 3658.00000 12.06736000 257.63001 38.12097 18.04602 186.00207
16 8 17 18 39 3654.00000 12.05687000 259.00000 38.28788 18.04602 186.00000
16 8 17 18 40 3658.00000 12.06736000 259.00000 37.65004 18.04810 186.00000
16 8 17 18 40 3681.01000 12.04674000 259.00207 38.12101 18.04602 186.00000
16 8 17 18 40 3676.00000 12.05687000 257.63001 37.80721 18.04602 186.00000
16 8 17 18 41 3676.20500 12.04134000 258.40000 37.75000 18.04602 189.39474
16 8 17 18 41 3664.80000 12.05687000 258.54132 37.75000 18.04810 186.00207
16 8 17 18 44 3662.78100 12.05687000 257.63001 37.75000 18.04602 186.00000
16 8 17 18 43 3658.00000 11.92001000 259.39049 37.75000 18.04602 186.00207
16 8 17 18 43 3662.78100 11.91001000 257.80223 37.75000 18.04602 189.39474
16 8 17 18 44 3658.00000 12.04134000 258.40000 37.75000 18.04810 186.00207
16 8 17 18 43 3682.00000 11.92001000 259.00207 37.75000 18.04602 186.00000
16 8 17 18 44 3663.60000 11.91001000 259.00207 38.12000 18.04810 186.00000
16 8 17 18 44 3663.60000 11.92001000 258.54123 37.75000 18.04709 186.00000
16 8 17 18 45 3663.60000 12.04134000 258.54120 38.12000 18.04709 186.00000
16 8 17 18 46 3676.20500 12.09740000 258.79899 37.75000 18.04810 186.00000
16 8 17 18 46 3657.26100 12.05687000 259.00000 37.75000 18.04810 186.00207
16 8 17 18 47 3660.00000 12.09740000 258.11990 38.12104 18.04602 186.00000
16 8 17 18 47 3658.00000 12.09740000 257.63001 38.12104 18.04602 186.00000
16 8 17 18 47 3658.00000 12.09740000 258.87890 38.11000 18.04602 186.00000
16 8 17 18 50 3676.00000 12.00339000 258.11990 38.11000 18.04602 186.00000
16 8 17 18 48 3682.00000 12.00339000 258.46919 38.11000 18.04602 186.00000
16 8 17 18 49 3658.99600 12.00211000 258.87891 38.11000 18.04602 186.00000
16 8 17 18 49 3652.00000 12.04674000 259.00207 38.12000 18.04810 186.00000
16 8 17 18 52 3657.26100 12.00212000 258.54123 37.75000 18.04810 186.00010
16 8 17 18 50 3682.00000 12.00212000 259.00207 38.12000 18.05031 189.39474
16 8 17 18 50 3650.40000 12.04674000 258.19934 38.11000 18.04810 186.00000
16 8 17 18 51 3650.82000 12.00212000 258.19934 38.11000 18.04810 188.99998
16 8 17 18 51 3650.48600 12.00211000 258.19934 38.12000 17.98726 186.00000
16 8 17 18 52 3666.87000 12.02667000 258.50000 38.09998 17.98726 188.99998
16 8 17 18 54 3666.99900 12.02667000 258.87893 38.08111 18.04810 188.99998
16 8 17 18 53 3652.00000 12.00339000 258.89996 37.75000 17.98746 188.99998
16 8 17 18 53 3662.78100 12.00339000 258.60000 38.09998 18.04810 186.00207
16 8 17 18 53 3666.50300 12.05687000 258.34122 37.75000 18.04602 188.99998
16 8 17 18 54 3655.65800 12.00339000 258.87893 38.08111 17.98746 188.99680
16 8 17 18 55 3668.98000 12.00212000 258.89996 37.75000 17.98746 188.99680
16 8 17 18 55 3659.95000 12.09042000 259.00003 38.09998 17.98746 188.99570
16 8 17 18 55 3669.98900 12.09042000 258.90000 37.75000 17.98746 188.99570
16 8 17 18 55 3666.64700 12.09024000 258.19933 37.75000 17.98746 188.99570
16 8 17 18 56 3670.00000 12.05687000 258.54123 37.75000 17.98746 188.99570
16 8 17 18 57 3679.36700 12.00208000 258.90000 37.75228 18.04810 188.99570
16 8 17 18 57 3679.36700 12.09024000 258.90000 37.75000 17.98746 188.99570
16 8 17 18 58 3685.00000 12.09024000 259.12000 38.08111 17.98746 186.00107
16 8 17 18 58 3692.12400 11.92001000 259.00000 38.08111 17.98746 186.00107
16 8 17 18 58 3663.60000 12.00208000 258.87892 37.75000 17.98746 186.00107
16 8 17 18 59 3652.00000 12.00208000 258.89999 38.08111 17.98746 186.00207
16 8 17 18 59 3658.99600 12.09024000 259.11998 38.06099 17.98746 186.00107
16 8 17 19 00 3662.78100 11.91001000 258.90000 38.08111 17.98726 186.00000
16 8 17 19 00 3662.78100 12.00208000 258.89996 37.75000 17.98726 186.00000
16 8 17 19 00 3694.80000 12.00212000 259.12000 38.08111 17.98726 186.00000
16 8 17 19 01 3695.00000 12.00208000 258.30008 38.06090 17.98746 188.98623
16 8 17 19 02 3663.60000 12.00212000 258.19934 38.08111 17.98746 188.98623
16 8 17 19 02 3652.00000 12.09015000 258.87893 37.76790 17.98746 188.98623
16 8 17 19 02 3696.00000 12.09015000 259.12000 37.76790 17.98746 188.98623
16 8 17 19 03 3696.00000 12.09015000 258.01224 37.76997 17.98746 188.98623
16 8 17 19 03 3700.00000 12.09015000 259.11000 37.77001 17.98746 188.98623
16 8 17 19 04 3653.99600 12.09015000 258.01224 37.76790 17.98746 188.98623
16 8 17 19 04 3666.50300 12.05687000 259.11000 38.09999 17.98746 188.98623
16 8 17 19 05 3658.00000 12.09000000 259.11868 38.09999 17.98746 188.99998
16 8 17 19 05 3697.00000 12.09014000 258.01237 38.09999 17.98746 188.98623
16 8 17 19 06 3663.60000 12.09014000 259.11988 38.10000 17.98746 188.98082
16 8 17 19 06 3693.00600 12.09014000 258.89999 38.21995 17.98746 188.99680
16 8 17 19 06 3693.00600 12.00218000 259.00000 38.21999 17.98746 188.98623
16 8 17 19 07 3699.38900 12.00208000 258.99999 38.21999 17.98746 188.98082
16 8 17 19 07 3658.99600 12.00208000 258.89996 38.09992 17.98746 188.98623
16 8 17 19 08 3676.20500 12.00209000 259.00000 38.21999 18.18669 188.98082
16 8 17 19 08 3662.78100 12.00209000 258.19947 38.09994 18.04709 188.98623
16 8 17 19 09 3658.99600 12.00218000 259.11868 38.21999 18.04709 188.98623
16 8 17 19 09 3653.99600 12.00209000 259.12000 38.28787 18.18669 188.98082
16 8 17 19 10 3698.17800 12.00210000 258.40000 37.75000 17.98746 188.98623
16 8 17 19 10 3690.45900 12.00210000 258.99785 38.09997 17.98746 188.98082
16 8 17 19 10 3676.20500 12.00210000 258.01431 37.75000 17.98746 188.98623
16 8 17 19 10 3695.00000 12.00210000 258.10010 37.75000 17.98746 188.99998
16 8 17 19 11 3695.00000 12.09005000 258.10010 38.09997 18.04709 186.00208
16 8 17 19 11 3652.00000 12.00210000 258.19934 37.75000 18.18669 186.00314
16 8 17 19 14 3695.00000 12.09018000 259.12000 38.06090 17.98726 186.00208
16 8 17 19 12 3658.00000 12.00000000 258.01227 38.09994 17.98726 186.00314
16 8 17 19 15 3653.99600 12.00210000 258.40000 37.75000 17.98746 186.00209
16 8 17 19 13 3697.55200 12.00000000 258.90000 38.10000 18.18669 186.00207
16 8 17 19 16 3696.11400 12.00000000 258.09900 38.09894 18.18669 186.00000
16 8 17 19 14 3696.11400 12.09015000 258.01223 38.10000 18.18669 186.00000
16 8 17 19 15 3666.50300 12.09018000 258.01227 38.09992 17.98746 186.00208
16 8 17 19 15 3696.30300 12.00000000 257.99149 38.10000 18.18669 186.00000
16 8 17 19 15 3663.60000 12.00000000 257.99961 38.21993 18.18669 186.00000
16 8 17 19 16 3695.00000 12.00210000 258.01223 38.10000 17.98746 186.00000
16 8 17 19 16 3695.33300 12.00208000 257.95216 38.10000 18.18669 186.00000
16 8 17 19 17 3695.00000 12.00208000 258.00000 38.22000 18.18669 186.00000
16 8 17 19 18 3652.00000 12.00218000 258.40000 38.22000 17.98746 188.98623
16 8 17 19 17 3695.00000 12.00210000 258.89996 38.29990 17.98746 186.00014
16 8 17 19 18 3696.00000 12.00208000 258.89996 38.22000 18.18352 186.00000
16 8 17 19 18 3696.30200 12.00210000 257.99961 38.29990 18.04602 186.00315
16 8 17 19 19 3696.00000 12.00000000 257.99961 38.29990 18.18352 188.98623
16 8 17 19 19 3696.00000 12.00210000 258.00000 38.10000 18.18352 186.00315
16 8 17 19 20 3696.00400 12.00000000 258.00000 38.29990 18.18352 186.00315
16 8 17 19 20 3698.99800 12.00000000 257.93290 38.29990 18.18352 186.00315
16 8 17 19 21 3695.00000 12.09018000 258.01227 38.29990 18.18352 186.00315
16 8 17 19 21 3697.55200 12.00000000 257.93263 38.29990 18.17927 186.00014
16 8 17 19 22 3695.90000 12.00000000 258.89996 38.10106 18.17927 186.00315
16 8 17 19 22 3695.00000 12.00210000 257.92533 38.29990 18.17927 186.99167
16 8 17 19 22 3663.60000 12.00000000 258.01227 38.09992 18.04709 186.00208
16 8 17 19 23 3695.00000 12.00000000 257.95000 38.10000 18.04709 188.98623
16 8 17 19 23 3663.60000 12.00210000 259.12000 38.22000 17.98746 188.98623
16 8 17 19 24 3684.25300 12.09018000 258.00000 38.29520 18.17927 186.99476
16 8 17 19 24 3677.00000 12.00218000 258.00000 38.09992 17.98746 186.99476
16 8 17 19 24 3695.00000 12.00210000 258.00000 38.10000 18.04709 186.00208
16 8 17 19 25 3695.00000 12.00000000 258.89996 38.29990 17.98726 186.00014
16 8 17 19 26 3690.00000 12.09012000 259.12000 38.09992 18.04709 186.99476
16 8 17 19 26 3658.00000 12.00218000 259.11868 38.22000 17.98746 188.98623
16 8 17 19 26 3663.60000 12.09012000 257.99961 38.09992 18.17927 186.00000
16 8 17 19 26 3689.99800 12.09018000 258.40882 38.22000 17.98726 188.98623
16 8 17 19 27 3695.00000 12.09018000 259.12000 38.29520 17.98726 186.00420
16 8 17 19 27 3678.00000 12.09012000 258.05000 38.29000 18.17927 186.00420
16 8 17 19 28 3678.00000 12.09018000 258.40882 38.30000 18.17927 186.00420
16 8 17 19 28 3663.60000 12.09018000 258.01227 38.10000 18.04602 186.00315
16 8 17 19 29 3673.80800 12.00000000 258.01227 38.29000 18.18476 186.00315
16 8 17 19 30 3695.00000 12.09018000 258.40900 38.29520 18.18476 186.00420
16 8 17 19 30 3671.88800 12.00000000 258.40900 38.30000 18.18476 186.99476
16 8 17 19 30 3676.50000 12.09018000 258.00010 38.29520 18.17927 186.00208
16 8 17 19 30 3688.99900 11.91000000 258.40882 38.30000 18.04602 186.00416
16 8 17 19 31 3676.50000 11.91000000 257.99961 38.09894 18.18476 186.00014
16 8 17 19 31 3690.00000 11.91000000 258.01227 38.29520 18.18476 188.98623
16 8 17 19 32 3676.50000 11.91000000 259.12000 38.09894 18.18476 186.00416
16 8 17 19 32 3669.00100 11.91000000 258.01227 38.30000 18.18476 186.00420
16 8 17 19 33 3688.99900 11.91000000 258.00000 38.29520 18.18476 186.90592
16 8 17 19 34 3697.55200 11.91000000 258.01227 38.29520 18.18476 186.00420
16 8 17 19 34 3676.49900 12.08700000 258.37050 38.29793 18.18476 186.00416
16 8 17 19 34 3685.19800 12.08700000 258.00000 38.29000 18.18476 186.00320
16 8 17 19 35 3676.50900 12.08700000 258.00000 38.10000 18.17927 186.00416
16 8 17 19 35 3676.50100 12.08700000 258.00001 38.10000 18.04709 186.00320
16 8 17 19 35 3676.50100 11.91000000 258.00000 38.30000 18.18476 186.00416
16 8 17 19 36 3676.50800 12.00209000 257.93884 38.09992 18.18476 186.00320
16 8 17 19 36 3685.18700 11.91600000 257.92098 38.10000 18.18476 186.99059
16 8 17 19 37 3688.99900 11.91600000 258.86967 38.22000 17.98746 186.00320
16 8 17 19 37 3677.00100 12.00000000 257.91739 38.09992 18.04709 186.99476
16 8 17 19 38 3685.17200 11.91001000 257.91460 38.30000 18.18476 186.00321
16 8 17 19 38 3689.99800 12.00000000 258.00000 38.30000 18.18476 186.99059
16 8 17 19 39 3663.60000 11.91632000 258.05000 38.09894 18.18476 186.00321
16 8 17 19 41 3690.00000 11.91000000 258.00000 38.30000 18.04602 186.00320
16 8 17 19 40 3676.50800 11.99999000 259.12000 38.29520 18.18476 186.00320
16 8 17 19 40 3688.99900 12.00000000 257.99998 38.29000 17.98746 186.00320
16 8 17 19 40 3691.10000 11.91000000 257.90197 38.22000 18.17927 186.98853
16 8 17 19 41 3685.52600 11.99999000 257.91740 38.30000 18.18476 186.99476
16 8 17 19 41 3689.88700 12.00000000 257.70000 38.29520 18.18669 186.98853
16 8 17 19 42 3688.99900 12.09018000 257.92410 38.29520 18.18476 186.00320
16 8 17 19 42 3688.74000 11.99999000 257.91740 38.30000 18.17927 186.00416
16 8 17 19 42 3685.52600 12.00209000 257.90000 38.09992 18.18669 186.98853
16 8 17 19 43 3688.69200 12.00000000 257.92410 38.29998 18.17927 186.00416
16 8 17 19 44 3668.50800 11.99999000 257.70000 38.30000 18.18669 186.00321
16 8 17 19 44 3685.00000 11.99999000 257.92410 38.30000 17.98746 186.00321
16 8 17 19 44 3684.88700 11.99999000 257.71000 38.30000 18.18669 186.00330
16 8 17 19 44 3684.88800 11.99999000 257.70000 38.30000 18.18669 186.00323
16 8 17 19 45 3665.01000 12.09018000 257.71000 38.30000 18.20000 186.99476
16 8 17 19 45 3663.60000 12.00209000 257.91024 38.06196 18.04709 186.99476
16 8 17 19 46 3695.00000 12.00209000 257.71000 38.30000 18.20000 186.00320
16 8 17 19 47 3682.00000 11.99999000 257.71000 38.30000 18.18476 186.00334
16 8 17 19 47 3668.51000 11.99999000 257.70000 38.29894 18.20000 186.00320
16 8 17 19 47 3689.88700 11.91632000 258.05000 38.30000 18.18476 186.00334
16 8 17 19 48 3663.60000 12.00209000 257.91740 38.06196 18.18476 186.99060
16 8 17 19 48 3669.16900 11.91000000 257.91024 38.06196 18.20000 186.00321
16 8 17 19 49 3690.00000 11.91000000 257.70997 38.06196 18.18669 186.00334
16 8 17 19 50 3680.99600 12.00209000 258.00000 38.30000 18.20000 186.00320
16 8 17 19 52 3681.00000 12.08027000 257.70782 38.06196 18.20000 186.00323
16 8 17 19 50 3682.00000 11.91000000 257.92410 38.29998 18.19793 186.00330
16 8 17 19 51 3677.11400 12.08027000 257.69000 38.29894 18.20000 186.00209
16 8 17 19 51 3688.99900 12.08027000 257.91740 38.09894 18.18669 186.00334
16 8 17 19 51 3695.00000 12.00209000 257.91024 38.29986 18.20000 186.00209
16 8 17 19 52 3682.00000 12.08027000 257.49999 38.09894 18.20000 186.00209
16 8 17 19 52 3690.00000 12.08027000 257.91740 38.30000 18.20000 186.00209
16 8 17 19 52 3663.60000 12.00000000 257.91024 38.29793 18.18669 186.00334
16 8 17 19 53 3689.88700 12.00000000 256.77133 38.29793 18.18669 186.00209
16 8 17 19 54 3694.00000 12.00000000 257.39999 38.08719 18.19793 186.00209
16 8 17 19 54 3688.99900 12.00000000 257.39999 38.29793 18.20000 186.09959
16 8 17 19 54 3663.60000 11.91000000 256.60000 38.30000 18.20000 186.09959
16 8 17 19 55 3695.00000 12.00000000 257.39999 37.85000 18.18669 186.00334
16 8 17 19 57 3693.99900 11.91000000 256.60000 37.85000 18.18669 186.00334
16 8 17 19 55 3693.99900 12.00000000 256.60379 38.29993 18.20000 186.09959
16 8 17 19 56 3688.99900 12.00209000 257.91024 38.29993 18.20000 186.09959
16 8 17 19 57 3689.00000 12.00000000 257.39990 38.29993 18.20000 186.09959
16 8 17 19 57 3671.45000 12.00209000 256.15000 38.06196 18.20000 186.09959
16 8 17 19 57 3676.50800 12.08027000 259.12000 38.08718 18.18669 186.00209
16 8 17 20 00 3692.80100 12.00000000 257.39990 38.08718 18.20000 186.09959
16 8 17 19 58 3692.98000 12.00000000 255.25000 38.08718 18.20000 186.09959
16 8 17 19 58 3692.97900 12.00000000 257.39990 38.08718 18.20000 186.00209
16 8 17 19 59 3687.40900 12.00000000 255.00000 38.08718 18.20000 186.00209
16 8 17 20 00 3689.00000 12.00000000 257.49999 38.30000 18.20000 186.00209
16 8 17 20 00 3676.50800 11.91000000 257.39990 38.08718 18.20000 186.00209
16 8 17 20 00 3666.00000 12.08027000 254.98110 38.08718 18.18669 186.99060
16 8 17 20 01 3692.89200 12.00000000 254.15000 38.08718 18.20000 186.00209
16 8 17 20 01 3692.89100 12.00000000 254.15004 38.08718 18.20000 186.00209
16 8 17 20 02 3689.00000 12.00209000 254.98110 38.08718 18.20000 186.00209
16 8 17 20 03 3692.88700 12.00000000 254.15000 38.30000 18.18669 186.00209
16 8 17 20 03 3666.00000 12.08027000 254.15000 38.30000 18.18669 186.99060
16 8 17 20 04 3699.49900 12.08027000 256.17495 38.30000 18.12881 186.00209
16 8 17 20 03 3676.50800 11.91000000 256.49997 38.08718 18.12881 186.00209
16 8 17 20 04 3665.01000 12.08027000 254.15000 38.30000 18.20000 186.00334
16 8 17 20 05 3711.29000 12.00000000 256.00107 38.29998 18.12881 186.00209
16 8 17 20 05 3712.31400 12.00000000 254.80001 38.30000 18.12881 186.00209
16 8 17 20 05 3697.00200 12.00000000 254.80001 38.30000 18.00500 186.00209
16 8 17 20 06 3715.00000 12.00000000 254.80001 38.30000 18.00500 186.00209
16 8 17 20 06 3715.30300 11.91000000 257.00000 38.30000 18.20000 186.00209
16 8 17 20 07 3715.30300 12.00000000 255.99793 38.30000 18.00500 186.00209
16 8 17 20 07 3711.29300 12.09018000 256.49997 38.30000 18.19793 186.00209
16 8 17 20 08 3719.93300 12.00000000 256.44915 38.08718 18.20000 186.00209
16 8 17 20 08 3719.00000 12.00000000 256.00000 38.30000 18.00500 186.00209
16 8 17 20 09 3719.00000 12.00000000 256.20000 38.08718 17.98746 186.00209
16 8 17 20 09 3711.29300 12.00000000 256.20000 38.30000 18.00500 186.00209
16 8 17 20 10 3712.28600 12.08027000 256.20000 38.09001 18.00500 186.00334
16 8 17 20 10 3688.99900 12.06168000 256.44952 38.08718 18.19793 186.00209
16 8 17 20 11 3666.00000 11.91000000 254.15000 38.30000 18.18669 186.99060
16 8 17 20 11 3712.29000 12.06168000 256.44952 38.09001 18.00500 186.09953
16 8 17 20 13 3710.00000 12.08027000 256.44739 37.97380 18.18669 186.00334
16 8 17 20 12 3709.99900 12.06168000 254.15000 38.09001 18.00500 186.00209
16 8 17 20 12 3700.00000 12.06168000 256.40000 37.97380 18.00500 186.09953
16 8 17 20 13 3706.00000 12.06168000 254.15000 38.08718 18.18669 186.99060
16 8 17 20 13 3705.99600 12.08027000 256.40000 38.30000 18.18476 186.09953
16 8 17 20 14 3701.79700 11.91000000 256.49997 37.90021 18.20000 186.00334
16 8 17 20 14 3704.63900 12.00000000 256.00106 38.30000 18.18476 186.00334
16 8 17 20 14 3705.99500 12.06168000 256.44739 38.30000 18.12881 186.00209
16 8 17 20 15 3705.99500 11.91344000 256.40000 37.97385 18.12881 186.00209
16 8 17 20 16 3704.61000 11.91344000 256.49997 38.30000 18.00500 186.00209
16 8 17 20 16 3706.00000 11.91344000 256.40000 38.30000 18.12881 186.99060
16 8 17 20 16 3701.79700 11.91344000 256.66376 37.90021 18.20000 186.00209
16 8 17 20 16 3676.50800 12.06168000 256.49997 37.97385 18.18669 186.00209
16 8 17 20 17 3712.31400 11.91344000 256.39996 37.97385 18.12881 186.00209
16 8 17 20 18 3676.50800 12.00000000 256.40000 38.30000 18.12881 186.00209
16 8 17 20 18 3676.50800 12.00000000 256.49997 37.97385 18.18476 186.00209
16 8 17 20 18 3700.00000 12.00000000 254.15000 38.30000 18.12881 186.00209
16 8 17 20 18 3690.36000 11.91000000 256.66251 38.40000 18.20000 186.00209
16 8 17 20 19 3695.74300 12.00000000 256.40000 38.30000 18.18476 186.00209
16 8 17 20 20 3666.00000 12.08027000 257.00000 38.30000 18.18669 186.00209
16 8 17 20 20 3688.99900 12.06168000 256.00106 38.30000 18.19793 186.00209
16 8 17 20 20 3706.00000 11.91000000 256.78891 38.30000 17.95080 186.00209
16 8 17 20 20 3700.00000 11.91344000 256.39996 38.30000 18.18669 186.00334
16 8 17 20 22 3688.99900 11.91344000 256.40000 37.97385 18.19793 186.09959
16 8 17 20 22 3688.99900 12.06168000 256.00000 38.30000 17.95080 186.09920
16 8 17 20 22 3704.90000 12.00209000 255.55005 38.30000 18.19793 186.09909
16 8 17 20 23 3702.00000 12.00000000 256.00000 38.30000 17.98746 186.09920
16 8 17 20 23 3702.00100 12.00000000 256.00000 38.30000 17.95080 186.09909
16 8 17 20 24 3700.00000 11.90156000 255.55208 37.97385 17.95080 186.09909
16 8 17 20 24 3704.60500 11.90156000 255.55208 38.30000 18.19793 186.00209
16 8 17 20 25 3704.95000 11.90156000 255.55208 38.30000 17.95080 186.09917
16 8 17 20 25 3700.00000 12.05998000 255.55208 38.30000 18.19793 186.09909
16 8 17 20 26 3688.99900 12.00000000 256.00000 38.30000 17.98746 186.09920
16 8 17 20 26 3704.95000 11.90259000 255.55208 37.97385 18.20000 186.00209
16 8 17 20 26 3700.00000 12.00000000 255.55208 38.30000 18.18476 186.00209
16 8 17 20 26 3706.00000 11.91000000 255.55208 38.30000 18.20000 186.00209
16 8 17 20 28 3704.88800 11.90259000 254.15000 38.30000 18.18669 186.09916
16 8 17 20 27 3706.00000 11.91000000 255.55208 38.30000 18.20000 186.00209
16 8 17 20 28 3666.00000 12.05775000 255.55208 38.08718 18.18669 186.09918
16 8 17 20 29 3697.00000 12.05775000 256.00000 38.40000 17.95080 186.09916
16 8 17 20 29 3700.00100 11.90259000 256.00000 38.00025 18.19745 186.09917
16 8 17 20 31 3666.00000 11.90259000 254.15000 38.00025 18.18476 186.09918
16 8 17 20 30 3688.99900 11.90259000 255.55208 38.40000 18.18476 186.00209
16 8 17 20 30 3710.00000 11.91000000 256.00000 38.46489 18.19745 186.00209
16 8 17 20 31 3700.00000 11.90259000 256.47879 38.46489 18.19745 186.00209
16 8 17 20 31 3700.00000 12.00000000 256.47980 38.46490 18.20000 186.00209
16 8 17 20 34 3692.88700 12.04554000 255.55005 38.40000 18.00500 186.09909
16 8 17 20 32 3696.00000 11.90259000 254.15000 38.40000 18.18669 186.00334
16 8 17 20 33 3707.99200 12.04554000 256.47879 38.46490 18.20000 186.00209
16 8 17 20 33 3696.00000 12.00209000 256.47980 38.30000 18.20000 186.00209
16 8 17 20 33 3696.00000 12.04344000 256.47988 38.45948 18.18669 186.09916
16 8 17 20 34 3692.88700 12.00000000 256.47993 38.40000 18.19793 186.09909
16 8 17 20 34 3707.99500 11.90156000 256.47988 38.22000 18.19793 186.00209
16 8 17 20 34 3710.00000 12.04344000 256.48000 38.40000 18.20000 186.09909
16 8 17 20 35 3700.00000 12.05775000 255.55208 38.46489 18.18669 186.00209
16 8 17 20 36 3706.00000 12.04344000 255.55208 38.46489 18.20000 186.00209
16 8 17 20 35 3716.49900 12.04344000 256.48000 38.45626 18.20000 186.09932
16 8 17 20 36 3696.00000 11.90259000 254.15000 38.45418 18.20000 186.00334
16 8 17 20 37 3716.50000 12.00000000 256.48000 38.46489 18.20000 186.09918
16 8 17 20 37 3696.00000 11.90156000 256.00000 38.45626 17.98746 186.09918
16 8 17 20 37 3715.99900 12.04326000 256.66590 38.22000 18.20000 186.09932
16 8 17 20 38 3710.11300 12.04344000 255.55208 38.46489 18.20000 186.09932
16 8 17 20 39 3710.12300 12.04326000 256.66590 38.22000 18.20000 186.09932
16 8 17 20 39 3715.99000 12.04326000 256.48110 38.40000 18.20000 186.09932
16 8 17 20 39 3716.50000 12.00000000 255.55208 38.46709 18.20000 186.00209
16 8 17 20 40 3716.50000 12.00209000 256.99993 38.45626 18.20000 186.09932
16 8 17 20 40 3716.49900 12.04326000 257.00000 38.22000 18.20000 186.00209
16 8 17 20 41 3709.88900 12.05998000 257.25699 38.45418 18.20000 186.00209
16 8 17 20 41 3703.29600 11.90156000 256.48000 38.45819 18.19793 186.00209
16 8 17 20 42 3710.11300 12.04326000 257.63946 38.45818 18.18669 186.09918
16 8 17 20 42 3719.00000 12.03599000 257.20000 38.22000 18.20000 186.09918
16 8 17 20 43 3704.95000 12.00000000 257.00000 38.45610 18.20000 186.09932
16 8 17 20 43 3706.00000 12.03599000 257.20000 38.45610 18.20000 186.09918
16 8 17 20 43 3704.95000 12.00000000 257.55700 38.45610 18.20000 186.09918
16 8 17 20 44 3711.00000 12.00000000 257.61999 38.45500 18.18669 186.09918
16 8 17 20 44 3710.11300 12.03599000 257.20000 38.45384 18.20000 186.09918
16 8 17 20 45 3696.00000 12.00000000 257.61999 38.46265 18.19894 186.09918
16 8 17 20 45 3711.00000 12.03599000 257.61999 38.22000 18.19894 186.09918
16 8 17 20 46 3709.88900 12.03599000 257.61999 38.45610 17.98746 186.09920
16 8 17 20 46 3710.99000 12.05998000 257.40000 38.45418 18.19894 186.00209
16 8 17 20 46 3710.99000 12.03599000 257.00000 38.45381 18.20000 186.00334
16 8 17 20 47 3706.00000 12.03599000 257.63946 38.45818 18.20000 186.00209
16 8 17 20 47 3704.95000 12.00000000 257.63946 38.45610 17.98746 186.00209
16 8 17 20 47 3704.95000 12.03493000 256.48000 38.40000 18.20000 186.00334
16 8 17 20 48 3710.11300 12.03599000 256.48206 38.42000 18.19894 186.09932
16 8 17 20 49 3719.00000 12.03599000 257.00000 38.45384 18.18669 186.09918
16 8 17 20 49 3720.00000 12.04326000 257.63946 38.22000 18.19793 186.00209
16 8 17 20 49 3710.11300 12.03599000 256.99000 38.22000 18.19894 186.00209
16 8 17 20 50 3710.11300 12.04326000 256.47988 38.22000 18.20000 186.09918
16 8 17 20 50 3710.11300 12.00000000 257.00000 38.46265 18.19894 186.09932
16 8 17 20 51 3719.00000 12.00209000 256.48308 38.45500 18.20000 186.09918
16 8 17 20 51 3715.33500 12.03599000 257.63946 38.45818 18.19894 186.00209
16 8 17 20 52 3719.50000 12.00000000 256.00090 38.41161 18.19894 186.09932
16 8 17 20 52 3703.29600 12.03599000 255.10000 38.41370 18.19894 186.00209
16 8 17 20 53 3704.95000 12.03599000 256.47988 38.45500 18.19894 186.00000
16 8 17 20 53 3712.04000 12.03599000 255.00000 38.22106 18.19793 186.00000
16 8 17 20 54 3712.50000 12.03599000 255.00000 38.22002 18.20000 186.00209
16 8 17 20 54 3710.11300 12.03599000 255.50000 38.22107 18.19894 186.00000
16 8 17 20 55 3704.95000 12.03493000 256.48100 38.22107 18.20000 186.09918
16 8 17 20 55 3725.00000 12.03599000 255.00027 38.22109 18.19894 186.00000
16 8 17 20 55 3722.37200 12.03599000 255.00000 38.22314 18.19894 186.00000
16 8 17 20 56 3722.00000 12.03599000 255.00000 38.22314 18.19894 186.00000
16 8 17 20 57 3704.95000 12.00000000 256.19997 38.41161 18.19894 186.09918
16 8 17 20 57 3722.37200 12.03094000 256.48308 38.22314 18.19894 186.00000
16 8 17 20 59 3710.11300 12.03094000 256.48100 38.41156 18.20000 186.00000
16 8 17 20 57 3704.95000 12.03094000 256.48308 38.22107 18.20000 186.00209
16 8 17 20 58 3722.89800 12.00209000 254.91000 38.22314 18.20000 186.00000
16 8 17 20 58 3709.89900 12.03094000 255.00000 38.45384 18.20000 186.09918
16 8 17 20 59 3722.00000 12.03094000 256.20000 38.22314 18.19894 186.00209
16 8 17 20 59 3722.89800 12.00000000 256.19894 38.22107 18.20000 186.00000
16 8 17 21 00 3722.00000 12.05998000 256.19894 38.41042 18.20000 186.09967
16 8 17 21 00 3722.37200 12.05998000 256.48100 38.41156 18.19793 186.00000
16 8 17 21 00 3722.37200 12.00000000 257.62000 38.45610 17.98746 186.09967
16 8 17 21 01 3725.00000 12.03092000 256.19000 38.41042 17.98746 186.00000
16 8 17 21 02 3712.04000 12.05998000 256.19000 38.41042 18.19894 186.00001
16 8 17 21 01 3712.04000 12.03092000 256.48100 38.41041 18.19894 186.09967
16 8 17 21 02 3722.00000 12.03092000 256.19000 38.41041 18.19894 186.00001
16 8 17 21 05 3724.00000 12.00000000 256.18000 38.41041 18.19894 186.00000
16 8 17 21 03 3724.49900 12.03092000 256.18000 38.20000 18.20000 186.09967
16 8 17 21 03 3724.49900 12.00000000 256.19000 38.02631 18.19894 186.09932
16 8 17 21 04 3724.49900 12.05775000 256.17893 38.02631 18.19894 186.09967
16 8 17 21 04 3724.99900 11.90275000 256.17893 38.02631 18.19894 186.00001
16 8 17 21 05 3709.89900 11.90275000 256.17997 38.02632 18.20000 186.09967
16 8 17 21 05 3724.29500 11.90275000 256.19000 38.02632 18.20000 186.09967
16 8 17 21 06 3724.29500 11.90275000 256.19000 38.18178 18.20000 186.00000
16 8 17 21 06 3709.89900 11.90275000 256.18986 38.20000 18.19894 186.00001
16 8 17 21 07 3724.47700 11.90275000 256.17893 38.02631 18.19894 186.09967
16 8 17 21 07 3725.00000 12.03094000 255.00000 38.35419 18.19793 186.09932
16 8 17 21 10 3724.99900 11.90275000 256.19000 38.02631 18.20000 186.09967
16 8 17 21 08 3725.00000 11.90275000 256.18999 38.20000 18.19894 186.00001
16 8 17 21 08 3712.04000 11.90275000 256.19000 38.18178 18.20000 186.09932
16 8 17 21 09 3725.00000 12.03094000 255.00000 38.38947 18.20000 186.09967
16 8 17 21 09 3724.47700 12.00000000 256.19000 38.20000 18.20000 186.09967
16 8 17 21 10 3724.00000 12.00000000 256.19000 38.20000 18.20000 186.09967
16 8 17 21 11 3725.00000 11.90275000 256.20000 38.22006 18.15000 186.09967
16 8 17 21 10 3710.01000 11.90100000 256.19000 38.22006 18.15000 186.09967
16 8 17 21 11 3724.47700 11.90275000 256.20000 38.22006 18.18669 186.09967
16 8 17 21 12 3710.00000 11.90430000 256.19008 38.22006 18.15000 186.00001
16 8 17 21 14 3702.12000 12.03094000 256.20000 38.22006 18.20000 186.09967
16 8 17 21 12 3710.00000 11.90430000 256.20000 38.22006 18.15000 186.09967
16 8 17 21 13 3710.41000 11.90430000 255.00000 38.38946 18.15000 186.09967
16 8 17 21 13 3722.36600 11.90275000 256.20000 38.20000 18.15000 186.09967
16 8 17 21 13 3712.04000 11.90430000 256.18999 38.38947 18.15000 186.09967
16 8 17 21 14 3709.00000 11.90275000 256.19999 38.38946 18.15000 186.09967
16 8 17 21 15 3712.00000 12.03094000 256.20000 38.02645 18.15000 186.09967
16 8 17 21 15 3712.04000 11.90100000 256.19999 38.02645 18.15000 186.09932
16 8 17 21 15 3710.00000 11.90275000 256.18986 38.38946 18.15000 186.09966
16 8 17 21 16 3722.36600 11.90430000 256.20000 38.02642 18.15000 186.09966
16 8 17 21 17 3724.47700 11.90430000 256.20000 38.02642 18.20000 186.09964
16 8 17 21 16 3709.89900 11.90275000 256.20000 38.02642 18.18669 186.09964
16 8 17 21 17 3708.90000 11.90430000 256.99000 38.02642 18.20000 186.09966
16 8 17 21 18 3725.00000 11.90430000 257.56674 38.02642 18.15000 186.09966
16 8 17 21 18 3710.00000 12.03094000 256.20000 38.02642 18.15000 186.09932
16 8 17 21 18 3712.00000 11.90275000 256.84929 38.02642 18.19894 186.09964
16 8 17 21 18 3710.00000 11.90275000 257.48000 38.02642 18.15000 186.09967
16 8 17 21 19 3708.90000 11.90430000 257.40000 38.02642 18.20000 186.09964
16 8 17 21 19 3708.62600 11.90430000 256.84929 38.39368 18.20000 186.00001
16 8 17 21 20 3700.00300 11.90430000 256.49999 38.39368 18.20000 186.00000
16 8 17 21 20 3710.00000 11.90430000 256.20000 38.38947 18.15000 186.00001
16 8 17 21 21 3712.04000 11.90430000 256.19999 38.39367 18.15000 186.09966
16 8 17 21 21 3717.07900 12.03094000 256.19999 38.39367 18.20000 186.00001
16 8 17 21 22 3708.90000 12.03094000 256.18999 38.32588 18.18669 186.09967
16 8 17 21 23 3712.04000 11.90275000 257.39578 38.02632 18.15000 186.00001
16 8 17 21 22 3710.00200 11.90430000 256.20000 38.02631 18.15000 186.00000
16 8 17 21 23 3724.99900 11.90430000 255.50000 38.02631 18.20000 186.00000
16 8 17 21 23 3717.07900 11.90100000 256.07504 38.32588 18.19894 186.00001
16 8 17 21 24 3712.00000 11.90430000 256.20000 38.39368 18.20000 186.00000
16 8 17 21 25 3725.00000 11.90275000 257.69977 38.02631 18.15000 186.00000
16 8 17 21 25 3719.98000 11.90000000 258.37049 38.38947 18.15000 182.24751
16 8 17 21 26 3739.31400 11.90000000 256.20000 38.32588 18.19894 182.16021
16 8 17 21 26 3724.47700 11.90100000 256.20000 38.39368 18.20000 186.09964
16 8 17 21 27 3712.00000 11.90100000 257.99990 38.32588 18.19894 185.99980
16 8 17 21 27 3726.72300 11.90100000 256.18999 38.32587 18.19894 185.99980
16 8 17 21 27 3717.07900 11.90100000 257.69771 38.39140 18.19894 186.09964
16 8 17 21 28 3733.95000 11.90100000 257.69977 38.39140 18.19894 185.99990
16 8 17 21 28 3712.00000 11.90100000 257.99990 38.39368 18.19894 186.09964
16 8 17 21 29 3736.99900 11.90000000 258.00000 38.32588 18.19894 182.73493
16 8 17 21 29 3725.00000 11.90000000 257.99990 38.39368 18.20000 182.73387
16 8 17 21 30 3710.00000 11.99050000 258.89791 38.39138 18.15000 182.73387
16 8 17 21 30 3733.95000 11.99050000 258.00000 38.32588 18.15000 185.14103
16 8 17 21 30 3744.20700 11.99050000 258.89770 38.32587 18.19894 185.99990
16 8 17 21 33 3726.72300 11.99050000 257.32036 38.32588 18.15000 185.99990
16 8 17 21 31 3712.00000 11.99050000 257.32036 38.39134 18.20000 185.99874
16 8 17 21 31 3744.99800 12.00000000 257.32036 38.39134 18.19894 185.99990
16 8 17 21 32 3730.00000 11.90275000 258.00001 38.02632 18.20000 185.99990
16 8 17 21 33 3730.00000 11.99986000 257.32036 38.39134 18.20000 185.99990
16 8 17 21 33 3708.90000 11.99050000 256.60000 38.02631 18.20000 182.73387
16 8 17 21 34 3720.50000 12.00000000 258.01000 38.39134 18.19894 184.36798
16 8 17 21 34 3721.12400 11.99050000 257.99990 38.02632 18.20000 184.36798
16 8 17 21 34 3712.00000 11.90211000 257.99990 38.39134 18.18669 185.99980
16 8 17 21 34 3712.00000 11.90275000 257.69771 38.02631 18.19894 182.73387
16 8 17 21 35 3708.90000 11.90211000 257.99990 38.39134 18.19894 184.36798
16 8 17 21 35 3721.12000 11.99890000 258.80000 38.39134 18.19894 184.36798
16 8 17 21 36 3726.72300 11.99890000 257.99998 38.32587 18.19894 184.36798
16 8 17 21 36 3721.12000 11.90211000 257.99998 38.39134 18.15000 184.36798
16 8 17 21 37 3722.36600 11.90211000 257.99998 38.39134 18.19894 184.36798
16 8 17 21 37 3708.90000 11.99890000 258.01000 38.32587 18.20000 185.99990
16 8 17 21 38 3725.00000 11.99567000 258.00099 38.39134 18.19894 184.36798
16 8 17 21 38 3730.34000 11.99567000 257.99990 38.39134 18.15000 185.99990
16 8 17 21 39 3712.00000 11.90275000 257.99998 38.39368 18.15000 184.36798
16 8 17 21 39 3732.98000 11.99567000 258.00104 38.38711 18.11000 185.99122
16 8 17 21 39 3730.33500 11.99894000 257.99998 38.38711 18.11000 185.99990
16 8 17 21 40 3730.00000 11.99567000 257.99990 38.02633 18.11000 185.99122
16 8 17 21 40 3728.92700 11.90211000 257.99990 38.39368 18.11000 185.99119
16 8 17 21 41 3721.12000 11.99890000 257.99990 38.38500 18.11000 185.99119
16 8 17 21 42 3735.00000 11.99890000 257.99990 38.02632 18.11000 182.73387
16 8 17 21 42 3736.98000 11.99986000 257.99990 38.38488 18.11000 185.99980
16 8 17 21 42 3728.92500 11.99567000 258.01507 38.38500 18.11000 182.79948
16 8 17 21 42 3730.00000 11.99890000 257.50010 38.38500 18.11000 185.99980
16 8 17 21 43 3730.00000 11.99986000 255.90122 38.32587 18.11000 182.73387
16 8 17 21 44 3721.12000 11.90275000 258.00101 38.38500 18.11000 185.99119
16 8 17 21 44 3722.36600 11.90211000 258.40000 38.02633 18.20000 182.73387
16 8 17 21 45 3722.00000 11.90275000 258.41899 38.02633 18.11000 182.73387
16 8 17 21 45 3722.36600 12.00000000 258.41901 38.38709 18.11000 184.36798
16 8 17 21 45 3730.00000 11.99892000 257.00000 38.38709 18.11000 185.99119
16 8 17 21 46 3730.00000 11.99890000 257.00000 38.02633 18.11000 185.99122
16 8 17 21 46 3725.00000 11.90211000 258.40000 38.02633 18.11000 182.73387
16 8 17 21 46 3718.45200 11.99892000 258.36936 38.02633 18.19894 185.99990
16 8 17 21 46 3734.98000 11.90211000 258.44464 38.02633 18.11000 185.98081
16 8 17 21 48 3721.12000 12.00000000 258.36531 38.39368 18.11000 185.98067
16 8 17 21 48 3729.99400 11.99996000 258.40000 38.02644 18.11000 185.97975
16 8 17 21 48 3717.00000 11.99792000 258.36529 38.02644 18.11000 185.98287
16 8 17 21 48 3725.00000 11.99686000 257.50013 38.02633 18.20000 185.97874
16 8 17 21 49 3730.00000 11.99890000 257.50013 38.02644 18.20000 185.49040
16 8 17 21 49 3734.98000 11.99893000 258.40000 38.39368 18.11000 185.97975
16 8 17 21 50 3730.00000 12.00000000 257.99990 38.02644 18.11000 185.97874
16 8 17 21 51 3721.12000 11.99890000 257.52000 38.02633 18.20000 182.73387
16 8 17 21 51 3715.99900 12.00000000 257.99990 38.02644 18.11000 185.97975
16 8 17 21 51 3715.99900 12.00000000 257.55000 38.38500 18.11000 185.49040
16 8 17 21 52 3719.98000 12.00000000 258.01000 38.02662 18.11000 185.49040
16 8 17 21 52 3730.00000 12.00000000 258.41901 38.38500 18.19894 185.97874
16 8 17 21 53 3705.46300 11.99894000 257.50010 38.38295 18.11000 182.73387
16 8 17 21 55 3722.36600 12.00000000 257.52000 38.02633 18.11000 185.49040
16 8 17 21 53 3716.99900 12.00000000 258.00886 38.02633 18.11000 185.98287
16 8 17 21 54 3706.28100 12.00000000 258.00101 38.02633 18.11000 185.49040
16 8 17 21 55 3708.90000 12.00000000 258.00000 38.00001 18.15000 185.49040
16 8 17 21 55 3702.09000 12.00000000 258.41901 38.38295 18.11000 182.73387
16 8 17 21 55 3706.28100 11.99893000 257.55010 38.00000 18.19894 185.49040
16 8 17 21 55 3706.27900 11.99890000 258.41901 38.02633 18.20000 185.49040
16 8 17 21 56 3709.99600 11.99792000 257.99990 37.88175 18.11000 185.98281
16 8 17 21 56 3716.99900 11.99893000 257.99990 38.00001 18.11000 185.98281
16 8 17 21 57 3722.00000 11.99892000 258.41901 38.38709 18.15000 185.98281
16 8 17 21 57 3706.27900 12.00000000 258.00783 37.88175 18.15000 185.98281
16 8 17 21 58 3709.99900 11.98997000 258.00101 37.88175 18.11000 185.49040
16 8 17 21 58 3710.30300 11.98997000 257.50001 37.88175 18.11000 185.98281
16 8 17 21 59 3714.00000 11.98997000 258.00000 37.88175 18.11000 185.98281
16 8 17 21 59 3716.99900 11.99893000 258.00101 38.00000 18.11000 185.49040
16 8 17 21 59 3702.00000 11.91002000 258.00783 38.02633 18.19894 185.49040
16 8 17 22 00 3700.09000 11.98997000 257.50008 38.02633 18.11000 185.98281
16 8 17 22 01 3700.90000 12.00000000 257.50008 37.88175 18.11000 185.98281
16 8 17 22 01 3706.28100 11.99000000 257.99997 38.36567 18.15000 185.49040
16 8 17 22 01 3700.34100 12.00000000 257.50565 38.36567 18.11000 185.49040
16 8 17 22 01 3706.28100 11.98997000 257.99990 38.36567 18.11000 185.49040
16 8 17 22 02 3704.99600 12.00000000 257.50010 37.88175 18.11000 185.49040
16 8 17 22 03 3706.28100 11.91002000 258.00784 38.36567 18.15000 185.98281
16 8 17 22 03 3706.28100 11.99000000 257.21024 38.38709 18.15000 185.49040
16 8 17 22 03 3704.99600 11.99000000 257.21024 38.00001 18.11000 185.49040
16 8 17 22 04 3725.00000 11.91002000 257.52000 38.36567 18.11000 185.49040
16 8 17 22 04 3704.00000 12.00000000 257.99961 38.36567 18.11000 185.49040
16 8 17 22 04 3708.80000 11.99999000 257.99943 38.36567 18.11000 185.49040
16 8 17 22 05 3704.90000 11.99000000 257.99942 38.35727 18.11000 185.49040
16 8 17 22 06 3721.12000 11.99000000 258.00101 38.36567 18.11000 185.49040
16 8 17 22 06 3700.00000 11.91013000 257.99851 38.00000 18.11000 185.49040
16 8 17 22 06 3722.36600 11.99000000 258.00000 37.88181 18.11000 185.49040
16 8 17 22 07 3699.99000 12.00000000 257.99964 37.88182 18.11000 185.70000
16 8 17 22 07 3695.00000 12.00000000 257.99964 37.92500 18.11000 185.70000
16 8 17 22 08 3695.00000 11.99000000 258.00000 37.92500 18.11000 185.49040
16 8 17 22 08 3704.90000 11.98997000 257.00000 37.88182 18.15000 185.49040
16 8 17 22 09 3698.87000 11.99000000 257.97438 37.88177 18.19894 185.49040
16 8 17 22 11 3694.99900 12.00000000 258.00000 37.88175 18.19894 185.49041
16 8 17 22 10 3694.24000 11.99000000 258.00000 38.38709 18.11000 185.70000
16 8 17 22 10 3721.12000 12.00000000 258.00000 37.88175 18.15000 185.49040
16 8 17 22 10 3691.00300 11.90000000 257.00000 37.88175 18.15000 185.49040
16 8 17 22 11 3695.00000 11.90000000 258.00783 37.88177 18.15000 185.49040
16 8 17 22 11 3704.99600 11.91002000 258.00101 37.92500 18.20000 185.49040
16 8 17 22 12 3691.00000 12.02992000 258.00000 37.85000 18.11000 185.49040
16 8 17 22 12 3688.24000 11.99999000 258.00000 37.92500 18.11000 185.49040
16 8 17 22 13 3691.55800 11.99999000 258.00000 37.85000 18.11000 185.49040
16 8 17 22 13 3691.33300 12.00000000 258.00000 37.88175 18.11000 185.49040
16 8 17 22 14 3691.00300 12.00000000 257.99997 37.85000 18.11000 185.49040
16 8 17 22 14 3690.00000 11.86446000 257.99990 37.92500 18.11000 185.49040
16 8 17 22 14 3695.00000 12.02992000 257.99997 37.92501 18.19894 185.49040
16 8 17 22 17 3688.00100 12.02992000 257.80000 38.02633 18.11000 185.49040
16 8 17 22 15 3695.00000 11.86446000 257.99998 37.85000 18.11000 182.81465
16 8 17 22 16 3691.00300 12.03050000 257.99999 37.85000 18.11000 184.37632
16 8 17 22 16 3691.00300 12.03082000 258.00000 37.85001 18.11000 185.49040
16 8 17 22 17 3690.00000 11.86438000 258.00000 38.02633 18.11000 185.49040
16 8 17 22 17 3694.16900 11.86438000 257.99999 37.85000 18.19738 185.48167
16 8 17 22 17 3706.28100 11.86438000 258.00000 37.92500 18.11000 185.49040
16 8 17 22 20 3721.12000 11.86438000 257.99997 37.92501 18.19606 185.49040
16 8 17 22 18 3695.00000 11.90003000 258.00000 37.85001 18.19946 185.49040
16 8 17 22 19 3691.00300 11.90003000 257.99999 37.92500 18.11000 185.49040
16 8 17 22 19 3699.99000 11.86438000 257.99998 37.88177 18.19946 185.49040
16 8 17 22 19 3694.99000 11.90000000 257.73460 37.85000 18.15000 185.09989
16 8 17 22 20 3722.00000 11.86438000 257.99998 37.88175 18.19840 185.49040
16 8 17 22 20 3721.12000 11.86438000 257.99230 38.38709 18.19946 184.69793
16 8 17 22 21 3699.99000 11.86446000 257.99998 37.88175 18.19945 184.70000
16 8 17 22 23 3695.00000 12.03050000 257.73460 37.85000 18.19946 184.70000
16 8 17 22 24 3691.00300 11.86438000 258.00000 37.88177 18.19840 185.49040
16 8 17 22 22 3706.28100 11.86438000 257.73456 37.85000 18.19946 182.83477
16 8 17 22 23 3691.11100 12.03100000 257.73456 37.88171 18.19946 185.10000
16 8 17 22 23 3691.11100 12.03082000 257.73456 37.85001 18.20000 185.10000
16 8 17 22 23 3721.12000 11.86446000 257.73456 37.71290 18.19946 185.10000
16 8 17 22 24 3706.28100 12.03099000 257.73458 37.71290 18.19946 185.10000
16 8 17 22 24 3706.28100 12.03050000 257.99997 37.71290 18.11000 185.49040
16 8 17 22 24 3695.00000 11.86446000 257.80000 37.85000 18.19945 184.69986
16 8 17 22 25 3692.00000 12.03100000 257.75000 37.71290 18.11000 185.10000
16 8 17 22 26 3694.36000 11.86438000 257.75000 37.71290 18.19738 182.83477
16 8 17 22 26 3692.00000 12.03100000 257.99230 37.71290 18.19819 185.10000
16 8 17 22 26 3694.36000 12.03099000 257.73456 37.71290 18.19819 185.10000
16 8 17 22 27 3694.36000 12.03100000 257.75002 37.88171 18.19819 185.10000
16 8 17 22 27 3699.00000 12.03100000 257.75002 37.85001 18.19819 182.83477
16 8 17 22 27 3698.88900 12.03099000 257.75002 37.80000 18.19819 185.10000
16 8 17 22 28 3694.36000 12.03099000 257.99230 37.80000 18.19819 185.10000
16 8 17 22 29 3722.00000 12.03099000 257.99998 37.71290 18.19819 182.83477
16 8 17 22 29 3697.99200 11.86438000 257.75000 37.71290 18.19819 184.69986
16 8 17 22 30 3695.00000 12.03098000 257.73457 37.78000 18.19819 184.70000
16 8 17 22 30 3695.00000 12.03099000 257.75000 37.71290 18.19840 185.10000
16 8 17 22 30 3694.36000 12.03098000 257.99998 37.71290 18.19606 185.49040
16 8 17 22 31 3694.36000 12.03099000 257.73460 37.71290 18.19819 185.10000
16 8 17 22 33 3692.00000 12.03099000 257.66601 37.92502 18.03000 185.09966
16 8 17 22 31 3695.00000 11.91002000 257.99964 37.90001 18.15000 185.09966
16 8 17 22 32 3695.00000 11.91002000 257.99964 37.92500 18.19819 185.10000
16 8 17 22 32 3695.00000 12.03099000 257.80000 37.85001 18.19840 185.09966
16 8 17 22 33 3692.11300 12.03100000 257.80000 37.92502 18.03000 185.09966
16 8 17 22 33 3692.11300 12.03100000 257.99998 37.92502 18.19738 185.09966
16 8 17 22 33 3694.36000 11.86446000 257.02100 37.80000 18.19819 184.69986
16 8 17 22 34 3695.00000 12.03100000 257.16284 37.71290 18.03000 185.49040
16 8 17 22 34 3694.36000 12.03099000 257.99998 37.71290 18.19819 185.09966
16 8 17 22 37 3694.47100 12.03097000 257.16284 37.92502 18.19738 183.02088
16 8 17 22 37 3694.47100 12.03097000 257.66204 37.85001 18.03000 183.02088
16 8 17 22 36 3699.00000 12.03097000 257.66204 37.92502 18.19819 183.02322
16 8 17 22 36 3695.00000 12.03099000 257.75000 37.71290 18.19606 182.83477
16 8 17 22 37 3695.00000 12.03097000 257.73456 37.85001 18.11000 183.02322
16 8 17 22 37 3691.00300 12.03097000 257.73460 37.92502 18.15000 183.02322
16 8 17 22 40 3698.36000 12.03099000 257.75000 37.85001 18.03000 183.02322
16 8 17 22 38 3704.99900 12.03097000 257.99998 37.92502 18.15000 183.02322
16 8 17 22 39 3722.00000 11.91002000 257.73457 37.92502 18.20000 183.02088
16 8 17 22 39 3705.00000 12.03099000 257.16330 38.26499 18.03000 185.09966
16 8 17 22 39 3695.00000 12.00000000 257.99998 37.92502 18.15000 183.04470
16 8 17 22 40 3698.36000 11.91002000 257.65684 37.92502 18.03000 183.04470
16 8 17 22 40 3710.00000 12.00000000 257.65680 38.12500 18.03000 183.04470
16 8 17 22 41 3710.00000 12.00000000 257.65680 38.26499 18.03000 183.04470
16 8 17 22 41 3697.99200 12.00000000 257.16284 38.12500 18.03000 183.04470
16 8 17 22 41 3709.38800 12.00000000 257.65673 37.71290 18.03000 183.04470
16 8 17 22 42 3692.00000 11.96000000 257.65673 37.78000 18.03000 183.04470
16 8 17 22 42 3710.00000 12.00000000 257.16284 37.78000 18.03000 183.04470
16 8 17 22 43 3707.72700 12.00000000 257.24668 37.78000 18.03000 183.04470
16 8 17 22 43 3707.72700 11.96000000 257.73456 37.78000 18.19738 183.02088
16 8 17 22 43 3707.10000 12.00000000 257.79997 37.78000 18.03000 183.04470
16 8 17 22 44 3704.00000 11.96000000 257.73460 37.92502 18.19840 183.02322
16 8 17 22 44 3692.00000 12.00000000 257.24668 37.78000 18.11000 183.04470
16 8 17 22 45 3707.64600 12.00000000 257.73460 37.78000 18.03000 183.02088
16 8 17 22 47 3707.10000 12.00000000 257.65673 37.77999 18.19606 182.83477
16 8 17 22 46 3704.00000 12.00000000 257.00000 38.26499 18.19819 183.02088
16 8 17 22 46 3704.00000 12.00000000 257.73460 37.77999 18.03000 185.09966
16 8 17 22 46 3706.99600 12.00000000 257.24706 37.85001 18.03000 183.04470
16 8 17 22 47 3697.99200 11.96000000 257.24706 37.77999 18.03000 185.09966
16 8 17 22 48 3704.00000 11.96000000 257.24706 37.77999 18.03000 183.04470
16 8 17 22 48 3701.99600 11.96000000 257.24705 37.77999 18.19738 185.09966
16 8 17 22 48 3701.99500 12.03100000 257.24705 37.77999 18.19819 183.04470
16 8 17 22 48 3701.99100 12.03100000 257.24705 37.72005 18.03000 183.04470
16 8 17 22 49 3701.99000 12.03100000 257.24704 37.71290 18.15000 183.04470
16 8 17 22 50 3695.99900 12.03100000 257.06222 37.71290 18.03000 183.04470
16 8 17 22 52 3696.36800 12.03100000 257.00000 37.77999 18.03000 183.04470
16 8 17 22 50 3701.00000 12.00000000 257.06222 37.71290 18.03000 183.04470
16 8 17 22 50 3701.99100 11.96000000 257.06194 37.71290 18.19738 183.04470
16 8 17 22 51 3700.99800 12.00000000 257.65673 37.71290 18.03000 183.04470
16 8 17 22 54 3707.64600 12.00000000 257.07001 37.92502 18.15000 183.04470
16 8 17 22 52 3695.00000 12.00000000 257.65673 37.77999 18.19819 184.69986
16 8 17 22 53 3704.00000 12.00000000 257.16284 37.92500 18.03000 183.04470
16 8 17 22 53 3702.00000 12.03100000 257.06220 37.77999 18.03000 182.83477
16 8 17 22 54 3695.00000 11.96000000 257.00000 38.08283 18.19606 185.09966
16 8 17 22 54 3698.99900 12.00000000 257.00106 37.77999 18.19840 183.02322
16 8 17 22 56 3704.00000 12.05220000 257.24707 37.71301 18.19819 184.69986
16 8 17 22 55 3701.99600 12.03100000 257.22220 38.08283 18.15000 184.69986
16 8 17 22 55 3700.99900 12.03100000 257.24668 38.00000 18.11000 183.04470
16 8 17 22 55 3701.00000 12.00000000 257.06220 38.08283 18.03000 185.09966
16 8 17 22 58 3701.00000 12.00000000 257.24707 38.08283 18.03000 184.53728
16 8 17 22 56 3695.99900 12.00000000 257.24708 37.71301 18.19819 185.92316
16 8 17 22 57 3702.00000 12.00000000 257.00000 37.71291 18.19819 185.92316
16 8 17 22 57 3700.99900 12.00000000 257.97550 38.00000 18.19840 183.04470
16 8 17 22 57 3698.15000 12.03100000 257.97965 37.71301 18.03000 185.92316
16 8 17 23 00 3698.15000 12.04798000 257.96553 38.07599 18.03000 185.92316
16 8 17 22 59 3697.99200 12.00000000 257.00000 37.77999 18.19738 185.09966
16 8 17 22 59 3698.15000 12.03100000 257.96553 37.71291 18.03000 183.02088
16 8 17 22 59 3698.15000 12.00000000 257.00000 37.92502 18.15000 183.04470
16 8 17 23 00 3701.99600 12.00000000 257.90000 38.07599 18.03000 184.69986
16 8 17 23 00 3704.00000 12.00000000 257.24708 38.07599 18.19606 182.83477
16 8 17 23 01 3700.76500 12.00000000 257.90000 37.71291 18.03000 185.90859
16 8 17 23 01 3697.20000 12.00000000 257.24708 37.78000 18.03000 184.69986
16 8 17 23 02 3698.14600 12.00000000 257.06194 37.78000 18.19819 184.69986
16 8 17 23 02 3700.76600 12.00000000 257.90000 38.07599 18.03000 185.90859
16 8 17 23 03 3698.14600 12.00000000 257.06194 37.71291 18.03000 185.90859
16 8 17 23 02 3704.00000 11.91060000 257.24708 38.07599 18.03000 185.90859
16 8 17 23 04 3700.76600 11.91060000 257.00000 38.07599 18.19606 185.90859
16 8 17 23 04 3701.90000 11.91060000 257.97965 38.07599 18.03000 185.90859
16 8 17 23 04 3702.00000 12.00000000 257.00000 38.07599 18.03000 185.90859
16 8 17 23 07 3706.00000 12.00000000 257.24668 37.77999 18.03000 185.90859
16 8 17 23 05 3706.00000 11.99791000 257.86937 38.07599 18.15000 185.90859
16 8 17 23 05 3701.99600 12.00000000 257.01000 38.00000 18.19606 182.83477
16 8 17 23 06 3706.00000 11.99791000 257.85549 38.07599 18.03000 185.90859
16 8 17 23 06 3700.76600 11.91060000 257.00000 38.08283 18.19819 185.90859
16 8 17 23 06 3707.00000 11.99791000 257.24708 37.77999 18.03000 185.90859
16 8 17 23 07 3698.14600 12.00000000 257.97965 37.71290 18.19840 185.90859
16 8 17 23 08 3697.76000 12.00000000 257.24708 37.71301 18.19840 185.90859
16 8 17 23 08 3704.00000 11.99791000 257.96553 37.71301 18.19819 184.69986
16 8 17 23 09 3706.00000 11.99791000 257.00000 37.80000 18.03000 185.90859
16 8 17 23 09 3706.87800 11.91060000 257.84995 37.71301 18.03000 183.04470
16 8 17 23 09 3703.25600 11.87198000 257.24668 37.80000 18.11000 183.04470
16 8 17 23 10 3703.25600 12.00000000 257.80000 37.80000 18.03000 184.69986
16 8 17 23 10 3703.25600 11.91060000 257.00000 37.78000 18.19819 183.04470
16 8 17 23 10 3697.61700 12.00000000 257.84981 37.80000 18.03000 185.90859
16 8 17 23 11 3704.00000 12.00000000 257.24707 37.80000 18.19819 184.69986
16 8 17 23 12 3697.20000 12.00000000 257.24668 37.71301 18.11000 183.04470
16 8 17 23 12 3697.20000 12.00000000 257.80930 37.71301 18.03000 185.90859
16 8 17 23 12 3703.25600 11.95538000 257.79999 37.80000 18.03000 185.90859
16 8 17 23 13 3701.99600 12.00000000 257.23000 37.80000 18.03000 185.90859
16 8 17 23 13 3702.99900 11.99791000 257.06220 37.80000 18.03000 185.90859
16 8 17 23 14 3701.99600 11.92922000 257.01000 37.80000 18.19819 185.63746
16 8 17 23 14 3701.99600 11.92922000 257.79999 37.80000 18.19738 185.09966
16 8 17 23 15 3702.16700 11.95538000 257.79999 38.08283 18.03000 185.90859
16 8 17 23 15 3704.00000 11.92922000 257.01000 37.80000 18.19819 185.63746
16 8 17 23 15 3703.25500 12.00000000 257.73990 37.80000 18.15000 183.04470
16 8 17 23 16 3703.00000 11.95538000 257.00010 37.61885 18.03000 185.63766
16 8 17 23 16 3697.20000 11.93838000 257.00000 37.80000 18.03000 185.63746
16 8 17 23 17 3704.00000 12.00000000 257.00000 37.80000 18.19840 185.63766
16 8 17 23 17 3700.00000 12.00000000 257.79999 38.08283 18.03000 185.63766
16 8 17 23 18 3700.00000 11.93838000 257.00000 38.04097 18.03000 185.90859
16 8 17 23 18 3706.00000 12.00000000 257.50000 37.65011 18.19819 184.69986
16 8 17 23 18 3702.00000 11.93838000 257.00000 37.71291 18.20000 185.63766
16 8 17 23 19 3704.00000 12.00000000 257.00000 37.71290 18.03000 185.90859
16 8 17 23 19 3712.00000 11.93838000 257.71985 37.65011 18.19819 185.63766
16 8 17 23 20 3698.14600 11.93838000 257.00000 38.04097 18.19606 185.90859
16 8 17 23 20 3710.00000 11.93838000 257.01000 37.65011 18.19606 185.63766
16 8 17 23 21 3707.68200 11.93838000 257.10000 37.71291 18.03000 185.09966
16 8 17 23 21 3700.00000 11.93838000 257.00000 38.04097 18.03000 185.90859
16 8 17 23 21 3714.00000 11.93838000 257.72000 38.08283 18.19738 185.65337
16 8 17 23 24 3700.00000 12.00000000 257.67993 37.80000 18.19819 185.63746
16 8 17 23 22 3714.25600 11.93838000 257.00000 38.04097 18.03000 185.65337
16 8 17 23 22 3710.00000 11.92922000 257.01000 38.05896 18.03000 185.65337
16 8 17 23 23 3703.25500 12.00000000 257.10000 37.80000 18.03000 185.65337
16 8 17 23 23 3713.88400 11.76001000 257.71985 37.65011 18.19840 185.65337
16 8 17 23 23 3711.99900 11.86000000 257.72000 38.05896 18.03000 185.09966
16 8 17 23 24 3698.14600 11.87198000 257.01000 37.65765 18.19448 185.90859
16 8 17 23 25 3698.14600 11.87198000 257.00001 37.65765 18.19448 185.65337
16 8 17 23 25 3717.98900 11.93128000 257.00001 37.61886 18.19448 185.90859
16 8 17 23 26 3717.99000 11.93129000 257.00000 38.01699 18.19448 185.65337
16 8 17 23 26 3700.00000 11.93129000 257.00001 37.71290 18.03000 185.65337
16 8 17 23 26 3717.98900 11.86000000 257.00001 37.65765 18.03000 185.90859
16 8 17 23 27 3698.14600 11.93128000 257.00001 37.65765 18.19606 182.83477
16 8 17 23 27 3723.77800 12.06167000 257.00000 37.65764 18.19280 185.65337
16 8 17 23 27 3713.96800 12.06167000 257.00000 37.65764 18.19448 185.90859
16 8 17 23 30 3700.00000 12.06167000 257.10000 37.65011 18.20000 185.90859
16 8 17 23 29 3704.00000 11.93128000 257.00000 37.65011 18.19448 185.65337
16 8 17 23 29 3700.00000 12.06167000 257.24668 37.65765 18.11000 185.90859
16 8 17 23 30 3723.77800 12.06167000 257.24668 37.61886 18.03000 185.90859
16 8 17 23 30 3713.96800 12.06167000 257.00000 37.65764 18.20000 185.90859
16 8 17 23 30 3710.00000 11.92922000 257.72000 37.65764 18.20000 185.90859
16 8 17 23 31 3713.96800 11.76001000 257.24668 37.65764 18.20000 185.65337
16 8 17 23 31 3698.14600 11.86000000 257.00001 37.65764 18.19819 185.63746
16 8 17 23 32 3723.77800 12.06167000 257.00001 37.65764 18.20000 184.52374
16 8 17 23 32 3736.00000 12.06167000 257.00001 37.71291 18.20000 185.63337
16 8 17 23 33 3710.00000 12.06167000 257.00001 37.65764 18.15000 184.52374
16 8 17 23 35 3698.14600 12.06167000 257.10000 37.65765 18.15000 185.65337
16 8 17 23 34 3698.14600 11.86000000 257.00001 37.65764 18.19448 185.90859
16 8 17 23 33 3736.00000 11.93128000 257.10000 37.65764 18.15000 185.63337
16 8 17 23 34 3738.00000 11.93128000 257.00001 37.65764 18.19606 182.83477
16 8 17 23 35 3723.77800 12.06167000 257.72000 37.71291 18.20000 185.63337
16 8 17 23 35 3740.00000 12.06167000 257.99980 37.61886 18.20000 185.63337
16 8 17 23 37 3717.98900 11.91913000 257.00000 37.65764 18.20000 182.83477
16 8 17 23 36 3743.99800 11.92020000 257.10007 37.61886 18.20000 185.63337
16 8 17 23 36 3717.98900 12.06167000 257.00001 37.65765 18.19606 185.63337
16 8 17 23 37 3700.00000 11.98976000 257.00000 38.08283 18.20000 185.90859
16 8 17 23 37 3736.00000 11.98976000 258.00000 37.61886 18.20000 185.63337
16 8 17 23 37 3745.00000 11.98976000 257.05374 37.61886 18.20000 185.63337
16 8 17 23 38 3742.66600 11.98976000 257.99793 37.61886 18.20000 184.52374
16 8 17 23 39 3748.00000 11.98976000 257.00001 37.61886 18.19840 184.52374
16 8 17 23 39 3742.67000 11.93128000 257.00001 37.65765 18.11000 185.63337
16 8 17 23 39 3740.00000 11.98976000 257.00001 37.65764 18.11000 185.90859
16 8 17 23 40 3733.00000 11.92922000 257.10011 37.65764 18.20000 185.63746
16 8 17 23 40 3743.99800 11.93219000 257.67993 38.08283 18.19738 185.63337
16 8 17 23 41 3741.00000 11.93219000 258.00000 38.08283 18.19738 185.09966
16 8 17 23 41 3743.99800 11.92922000 257.10011 37.65764 18.19819 185.63746
16 8 17 23 41 3733.00000 11.93128000 257.10011 37.63800 18.19840 184.69986
16 8 17 23 42 3741.00000 11.93128000 257.00000 37.65765 18.11000 184.52374
16 8 17 23 43 3743.00000 12.05162000 257.00001 37.63800 18.20000 184.52805
16 8 17 23 42 3747.67300 12.05162000 257.87832 37.63800 18.20000 184.52805
16 8 17 23 44 3741.00000 11.91913000 258.00000 37.63800 18.15000 184.52805
16 8 17 23 43 3742.67000 12.05162000 258.00000 38.26223 18.03000 185.90859
16 8 17 23 46 3749.87350 12.05162000 258.00000 37.71291 18.20000 185.90859
16 8 17 23 44 3752.00000 12.05162000 258.00000 38.01978 18.03000 184.52805
16 8 17 23 44 3743.00200 12.05162000 257.10011 38.01978 18.19738 183.04470
16 8 17 23 45 3749.66500 12.05162000 258.00207 38.01978 18.20000 184.52805
16 8 17 23 46 3743.99800 11.92922000 257.00001 38.26223 18.19819 185.63746
16 8 17 23 46 3700.00000 12.05162000 258.44465 38.08283 18.20000 184.52805
16 8 17 23 47 3747.64000 12.05162000 257.00001 37.61885 18.20000 184.54166
16 8 17 23 47 3743.99800 11.92922000 258.00000 38.26223 18.20000 184.54166
16 8 17 23 47 3743.00200 11.98976000 257.00000 38.01978 18.03000 184.54166
16 8 17 23 48 3747.71400 11.92020000 258.00000 37.65765 18.19840 185.90859
16 8 17 23 48 3743.00200 11.92922000 258.01015 37.61885 18.20000 185.63746
16 8 17 23 48 3747.71400 11.91913000 258.00000 38.26223 18.20000 185.63746
16 8 17 23 49 3747.71400 12.05162000 258.00000 38.01978 18.20000 184.54166
16 8 17 23 50 3700.00000 12.05162000 258.44465 38.08283 18.19738 184.52805
16 8 17 23 50 3747.71400 12.05162000 258.00000 37.63800 18.15000 184.55021
16 8 17 23 51 3742.22800 12.06168000 258.00000 37.65765 18.20000 184.55021
16 8 17 23 53 3742.93900 12.06168000 258.00000 37.63803 18.20000 184.55021
16 8 17 23 51 3750.00000 11.98977000 258.01027 37.63804 18.20000 184.52805
16 8 17 23 51 3742.94000 11.99273000 258.00000 37.63800 18.19840 185.90859
16 8 17 23 52 3742.67000 11.98139000 258.01014 37.65765 18.20000 185.63746
16 8 17 23 53 3747.00000 11.99273000 258.01000 38.01978 18.11000 184.54166
16 8 17 23 53 3747.00000 11.98139000 258.44465 38.01978 18.20000 184.55021
16 8 17 23 53 3747.71400 12.06168000 258.00000 38.01978 18.15000 184.52805
16 8 17 23 53 3742.67000 11.99983000 258.01014 37.60000 18.15000 184.55021
16 8 17 23 54 3746.99600 11.99983000 258.01000 37.57184 18.19738 184.52805
16 8 17 23 55 3746.00100 11.99983000 258.01000 37.63804 18.19606 182.83477
16 8 17 23 55 3740.00000 11.98139000 258.01000 37.59785 18.20000 184.55021
16 8 17 23 55 3740.00000 12.08000000 258.01014 37.57184 18.19738 184.52805
16 8 17 23 56 3737.00000 12.08000000 258.01014 37.57184 18.10990 182.83477
16 8 17 23 56 3738.00000 12.08000000 258.01000 37.57184 18.10990 184.54166
16 8 17 23 57 3737.13100 11.99273000 258.00106 37.57184 18.11000 184.54166
16 8 17 23 57 3737.21000 12.08000000 258.00000 37.59785 18.19738 185.95565
16 8 17 23 57 3739.99900 12.08000000 258.00000 37.57183 18.10988 183.04470
16 8 17 23 58 3743.00200 12.00000000 258.00000 37.57183 18.10988 184.55021
16 8 17 23 58 3700.00000 12.07995000 258.01034 37.57183 18.10990 183.04470
16 8 17 23 58 3742.22200 12.07995000 258.00000 37.63804 18.10990 185.95565
16 8 17 23 59 3740.00000 12.07995000 258.00003 37.57183 18.11000 185.95565
