16 9 17 09 55 3172.40000 9.85100000 219.62000 45.56000 15.60900 155.00000
16 9 17 09 56 3173.00000 9.93500000 218.26000 45.57000 15.60900 153.99900
16 9 17 09 56 3170.20000 9.84000000 218.26000 46.30000 15.60900 153.99900
16 9 17 09 57 3172.90000 9.84000000 218.26000 46.38000 15.60900 154.00000
16 9 17 09 57 3171.00000 9.84000000 218.48000 45.62000 15.60900 154.00000
16 9 17 09 57 3173.00000 9.84000000 218.26000 46.00000 15.60900 154.00000
16 9 17 09 58 3172.80000 9.84000000 218.26000 45.56000 15.60900 154.00000
16 9 17 09 58 3172.80000 9.84000000 218.26000 45.63000 15.60900 154.00000
16 9 17 09 59 3173.20000 9.84000000 217.06000 46.00000 15.60900 154.00000
16 9 17 09 59 3173.20000 9.84000000 218.00000 45.55000 15.60900 153.87000
16 9 17 10 00 3179.90000 9.84000000 217.00000 45.88000 15.60900 153.87000
16 9 17 10 00 3179.80000 9.84000000 217.00000 45.86000 15.60900 153.87000
16 9 17 10 00 3173.20000 9.84000000 216.72000 45.86000 15.60900 153.87000
16 9 17 10 01 3173.20000 9.84000000 216.70000 45.63000 15.60500 153.87000
16 9 17 10 01 3175.00000 9.84000000 216.70000 45.55000 15.60500 153.87000
16 9 17 10 02 3173.00000 9.80000000 216.91000 45.79000 15.60500 154.00000
16 9 17 10 02 3173.00000 9.80000000 216.90000 45.79000 15.60700 154.00000
16 9 17 10 03 3165.00000 9.85402500 216.25000 45.75000 15.53100 154.00000
16 9 17 10 03 3165.00000 9.85402500 215.71000 45.15000 15.53100 154.00000
16 9 17 10 03 3150.00000 9.80000000 216.12000 45.00000 15.53100 154.00000
16 9 17 10 04 3145.80000 9.80000000 215.55000 45.00000 15.53100 154.92200
16 9 17 10 04 3131.90000 9.80000000 215.55000 45.19000 15.53100 154.92200
16 9 17 10 05 3116.00000 9.80000000 215.50000 45.19000 15.50000 154.92200
16 9 17 10 05 3111.50000 9.80000000 216.09000 44.90000 15.50000 154.92200
16 9 17 10 06 3126.60000 9.80300000 216.00000 44.65000 15.50000 154.92200
16 9 17 10 06 3140.50000 9.80000000 216.00000 44.90000 15.50000 153.02000
16 9 17 10 06 3112.10000 9.80000000 216.00000 44.90000 15.50000 153.02000
16 9 17 10 07 3114.00000 9.80000000 215.12000 44.90000 15.50000 153.02000
16 9 17 10 07 3141.90000 9.79500000 215.52000 44.50000 15.50000 153.02000
16 9 17 10 08 3120.20000 9.75000000 215.00000 44.51000 15.50000 154.92200
16 9 17 10 08 3125.00000 9.69300000 215.00000 44.50000 15.53100 154.92200
16 9 17 10 09 3111.50000 9.69300000 215.00000 44.45000 15.50000 154.92200
16 9 17 10 09 3111.00000 9.69300000 215.00000 44.45000 15.50000 153.04000
16 9 17 10 09 3111.00000 9.60100000 215.00000 44.50000 15.30000 153.00000
16 9 17 10 10 3111.00000 9.60100000 214.50000 44.50000 15.30000 153.00000
16 9 17 10 10 3111.00000 9.60100000 214.18000 44.53000 15.30000 154.24000
16 9 17 10 11 3109.63800 9.60100000 215.48000 44.50000 15.30000 154.00000
16 9 17 10 11 3110.00000 9.60000000 215.39000 44.50000 15.30000 154.00000
16 9 17 10 12 3110.00000 9.60000000 215.39000 44.50000 15.29600 154.00000
16 9 17 10 12 3111.00000 9.66800000 215.46000 44.50000 15.29600 154.70000
16 9 17 10 12 3111.00000 9.66800000 215.80000 44.73000 15.30000 154.70000
16 9 17 10 13 3115.00000 9.60000000 215.77000 44.45000 15.30000 154.72000
16 9 17 10 13 3119.30000 9.66800000 215.47000 44.52000 15.30000 154.72000
16 9 17 10 14 3123.00000 9.66600000 214.20000 44.51000 15.20000 154.70000
16 9 17 10 14 3123.00000 9.66600000 214.24000 44.73000 15.20000 154.70000
16 9 17 10 15 3126.60000 9.66600000 215.36000 44.55000 15.20000 154.00000
16 9 17 10 15 3127.30000 9.66600000 215.35000 44.55000 15.20000 154.00000
16 9 17 10 15 3130.40000 9.66600000 215.30000 44.55000 15.20000 154.00000
16 9 17 10 16 3119.00000 9.66600000 215.00000 44.51000 15.20000 154.00000
16 9 17 10 16 3123.00000 9.60000000 214.60000 44.51000 15.20000 154.02000
16 9 17 10 17 3127.20000 9.60000000 215.00000 44.51000 15.20000 153.88000
16 9 17 10 17 3117.60000 9.60000000 215.39000 44.55000 15.20000 153.88000
16 9 17 10 18 3127.00000 9.60000000 215.01000 44.55000 15.20000 153.88000
16 9 17 10 18 3127.70000 9.65000000 215.00000 44.55000 15.20000 153.88000
16 9 17 10 18 3127.10000 9.65000000 215.00000 44.46000 15.20000 153.88000
16 9 17 10 19 3118.10000 9.68000000 215.01000 44.44000 15.20000 153.00000
16 9 17 10 19 3120.60000 9.60000000 214.97000 44.55000 15.20000 153.00000
16 9 17 10 20 3120.00000 9.63000000 214.67000 44.19000 15.20000 153.00000
16 9 17 10 20 3119.90000 9.63000000 214.50000 44.40000 15.20000 153.00000
16 9 17 10 21 3127.00000 9.60000000 214.51000 44.12000 15.20000 153.00000
16 9 17 10 21 3119.00000 9.60000000 214.52000 44.40000 15.20000 153.00000
16 9 17 10 21 3127.00000 9.60000000 215.35000 44.44000 15.20000 153.00000
16 9 17 10 22 3141.80000 9.60000000 215.60000 44.98000 15.20000 153.00000
16 9 17 10 22 3141.80000 9.71734500 216.25000 44.80000 15.20000 153.00000
16 9 17 10 23 3145.00000 9.98500000 216.00000 45.00000 15.20000 153.00000
16 9 17 10 23 3145.00000 9.99900000 216.97000 45.00000 15.20000 152.94000
16 9 17 10 23 3146.00000 9.81100000 216.96000 44.93000 15.20000 152.94000
16 9 17 10 24 3150.00000 9.81100000 216.99000 44.80000 15.20000 152.58700
16 9 17 10 24 3130.60000 9.63100000 217.00000 44.80000 15.20000 152.58700
16 9 17 10 25 3148.00000 9.63100000 217.00000 44.98000 15.20000 152.58700
16 9 17 10 25 3148.00000 9.63100000 217.00000 44.98000 15.20000 152.58700
16 9 17 10 25 3149.90000 9.63100000 217.00000 44.98000 15.20000 152.58700
16 9 17 10 26 3140.00000 9.63100000 216.10000 44.92000 15.20000 152.00000
16 9 17 10 26 3140.00000 9.63300000 216.10000 44.98000 15.20000 152.00000
16 9 17 10 27 3139.90000 9.75000000 217.00000 44.80000 15.20000 152.00000
16 9 17 10 27 3136.70000 9.79100000 216.99000 44.80000 15.20000 152.50700
16 9 17 10 28 3136.00000 9.79900000 216.10000 44.80000 15.20000 152.50700
16 9 17 10 28 3125.20000 9.74900000 217.00000 44.80000 15.20000 152.50700
16 9 17 10 29 3126.00000 9.74800000 216.00000 44.82000 15.06800 152.03000
16 9 17 10 29 3120.20000 9.74700000 216.00000 44.80000 15.06800 152.03000
16 9 17 10 29 3125.00000 9.74700000 215.85000 44.80000 15.07100 152.03000
16 9 17 10 30 3120.00000 9.74700000 216.00000 44.80000 15.07100 152.03000
16 9 17 10 30 3112.00000 9.79400000 216.47000 44.90000 15.06900 152.03000
16 9 17 10 31 3105.00000 9.65400000 216.29000 44.54000 15.06900 152.03000
16 9 17 10 31 3109.70000 9.66000000 214.50000 44.77000 15.07000 152.03000
16 9 17 10 32 3100.00000 9.65500000 214.00000 44.68000 15.07000 150.01300
16 9 17 10 32 3100.00000 9.65400000 213.81000 44.30000 15.07000 152.48600
16 9 17 10 32 3100.00000 9.65200000 213.72000 44.50000 15.07000 152.48600
16 9 17 10 33 3100.00000 9.65000000 213.70000 44.20000 15.07000 152.50000
16 9 17 10 33 3096.70000 9.65000000 213.05000 44.20000 15.07000 150.04000
16 9 17 10 34 3089.30000 9.60000000 213.66000 44.25000 15.06900 150.04000
16 9 17 10 34 3082.00000 9.60000000 213.00000 44.20000 15.06900 150.04000
16 9 17 10 35 3082.00000 9.59600000 213.05000 44.16000 15.06900 150.04000
16 9 17 10 35 3080.40000 9.55800000 212.12000 44.16000 15.06900 152.48000
16 9 17 10 35 3071.70000 9.55800000 212.12000 44.16000 15.06900 152.43500
16 9 17 10 36 3071.70000 9.55600000 212.99000 44.16000 15.06900 152.43500
16 9 17 10 36 3075.00000 9.55600000 212.99000 44.16000 15.06900 152.43500
16 9 17 10 37 3081.90000 9.55600000 212.50000 44.16000 15.06900 152.42000
16 9 17 10 37 3081.90000 9.40600000 213.49000 44.43000 15.06900 152.41000
16 9 17 10 38 3081.90000 9.40600000 213.55000 44.23000 15.06900 152.41000
16 9 17 10 38 3081.90000 9.40600000 213.02000 44.18000 15.06900 152.40900
16 9 17 10 38 3081.80000 9.40000000 212.51000 44.49000 15.06900 151.12000
16 9 17 10 39 3100.10000 9.40000000 212.20000 44.18000 15.06900 150.36400
16 9 17 10 39 3100.20000 9.40000000 213.06000 44.18000 15.06900 150.36400
16 9 17 10 40 3105.00000 9.40000000 213.54000 44.21000 15.06900 150.36400
16 9 17 10 40 3105.00000 9.40000000 213.54000 44.21000 15.06900 150.36400
16 9 17 10 41 3105.00000 9.40000000 213.70000 44.50000 15.06900 150.36400
16 9 17 10 41 3105.20000 9.37700000 213.11000 44.50000 15.06900 150.36400
16 9 17 10 41 3126.40000 9.37600000 214.68000 44.21000 15.06900 151.12000
16 9 17 10 42 3126.30000 9.45000000 213.70000 44.23000 15.06900 151.12000
16 9 17 10 42 3120.00000 9.45000000 213.11000 44.23000 15.06900 150.18000
16 9 17 10 43 3115.00000 9.48800000 214.67000 44.45000 15.06900 150.18000
16 9 17 10 43 3107.60000 9.48800000 214.90000 44.45000 15.06900 150.18000
16 9 17 10 44 3105.20000 9.48600000 213.00000 44.45000 15.06900 150.00100
16 9 17 10 44 3107.60000 9.48600000 213.03000 44.44000 15.06900 150.00000
16 9 17 10 44 3101.00000 9.47000000 213.04000 44.21000 15.06900 150.00000
16 9 17 10 45 3100.20000 9.45000000 213.78000 44.20000 15.06500 150.00000
16 9 17 10 45 3096.80000 9.45000000 213.76000 44.20000 15.06500 150.00000
16 9 17 10 46 3096.80000 9.45000000 213.12000 44.21000 15.06500 150.00000
16 9 17 10 46 3090.40000 9.37800000 213.73000 44.16000 15.06500 150.00000
16 9 17 10 47 3069.70000 9.37800000 213.00000 44.00000 15.06500 150.00000
16 9 17 10 47 3090.50000 9.46800000 213.02000 44.00000 15.06500 150.00000
16 9 17 10 47 3080.00000 9.46800000 212.90000 44.00000 15.06500 150.03000
16 9 17 10 48 3090.00000 9.46800000 212.34000 43.83000 15.06500 150.03000
16 9 17 10 48 3090.00000 9.46800000 212.00000 44.00000 15.06400 150.00000
16 9 17 10 49 3060.30000 9.46800000 211.69000 43.83000 15.06400 150.00000
16 9 17 10 49 3077.10000 9.46600000 211.69000 43.83000 15.06400 150.00000
16 9 17 10 49 3055.10000 9.37600000 211.48000 43.81000 15.06400 150.28000
16 9 17 10 50 3055.00000 9.37600000 211.48000 43.80000 15.06400 150.04000
16 9 17 10 50 3051.00000 9.44000000 211.25000 43.52000 15.00000 150.04000
16 9 17 10 51 3040.20000 9.44000000 210.99000 43.51000 15.00000 150.04000
16 9 17 10 51 3040.10000 9.40000000 210.91000 43.50000 15.00000 150.00000
16 9 17 10 52 3035.40000 9.27000000 210.60000 43.51000 15.00000 150.00000
16 9 17 10 52 3040.00000 9.27000000 210.30000 43.50000 15.06400 150.00000
16 9 17 10 52 3036.10000 9.27100000 210.02000 43.50000 15.06400 150.00000
16 9 17 10 53 3055.00000 9.27100000 208.24000 43.43000 15.06400 150.00000
16 9 17 10 53 3055.00000 9.27100000 208.79000 43.34000 15.06400 150.00000
16 9 17 10 54 3055.00000 9.27100000 209.00000 43.34000 15.06400 150.00000
16 9 17 10 54 3055.00000 9.27100000 209.96000 43.36000 15.06400 150.00000
16 9 17 10 54 3057.00000 9.27100000 209.95000 43.16000 15.06400 150.00000
16 9 17 10 55 3057.00000 9.27600000 208.90000 43.34000 15.06400 150.00000
16 9 17 10 55 3055.10000 9.27600000 208.20000 43.34000 15.06400 150.00000
16 9 17 10 56 3055.10000 9.27600000 208.25000 43.36000 15.06400 150.00000
16 9 17 10 56 3057.00000 9.27600000 208.50000 43.36000 15.06400 150.00000
16 9 17 10 57 3057.00000 9.58200000 210.00000 43.36000 15.06400 150.00000
16 9 17 10 57 3057.00000 9.37500000 208.54000 43.16000 15.06400 149.90000
16 9 17 10 58 3057.00000 9.37500000 209.50000 42.74000 15.06400 149.50000
16 9 17 10 58 3056.10000 9.37500000 208.17000 43.13000 15.00000 148.00000
16 9 17 10 58 3041.70000 9.36700000 208.20000 43.16000 15.00000 148.00000
16 9 17 10 59 3049.90000 9.36700000 207.80000 43.16000 15.00000 148.00000
16 9 17 10 59 3026.70000 9.36900000 207.80000 43.16000 15.00000 148.00000
16 9 17 11 00 3050.00000 9.36500000 208.16000 43.11000 15.00000 148.00000
16 9 17 11 00 3050.00000 9.36500000 208.16000 43.02000 15.00000 148.00000
16 9 17 11 01 3050.00000 9.38000000 208.00000 43.10000 15.00000 148.00000
16 9 17 11 01 3051.80000 9.38000000 209.00000 43.00000 15.00000 148.00000
16 9 17 11 01 3070.10000 9.38000000 209.97000 43.00000 15.00000 148.00000
16 9 17 11 02 3060.00000 9.55700000 209.91000 43.10000 14.80000 148.00000
16 9 17 11 02 3076.50000 9.55700000 209.09000 43.44000 14.80000 148.12000
16 9 17 11 03 3119.20000 9.54700000 209.50000 43.44000 14.80000 148.12000
16 9 17 11 03 3118.10000 9.54700000 210.00000 43.49000 14.80000 148.12000
16 9 17 11 03 3103.40000 9.54700000 210.69000 44.19000 14.80000 148.12000
16 9 17 11 04 3114.40000 9.54700000 210.70000 44.19000 15.00000 149.85800
16 9 17 11 04 3076.00000 9.54700000 211.00000 44.27000 15.00000 149.85800
16 9 17 11 05 3093.00000 9.54700000 211.56000 44.28000 15.00000 149.86000
16 9 17 11 05 3103.40000 9.54000000 211.96000 43.82000 15.00000 149.86000
16 9 17 11 06 3090.80000 9.54000000 212.56000 44.93000 15.00000 149.86000
16 9 17 11 06 3064.70000 9.54000000 213.60000 44.91000 15.00000 149.86000
16 9 17 11 06 3057.50000 9.54000000 214.09000 43.70000 15.00000 149.86000
16 9 17 11 07 3057.50000 9.54000000 214.28000 43.84000 15.00000 149.86000
16 9 17 11 07 3080.20000 9.54000000 212.56000 43.99000 15.00000 149.86000
16 9 17 11 08 3094.10000 9.48000000 213.60000 44.00000 15.00000 149.86000
16 9 17 11 08 3094.10000 9.48000000 212.56000 44.28000 15.00300 149.80000
16 9 17 11 09 3094.30000 9.48000000 212.00000 44.28000 15.00000 149.80000
16 9 17 11 09 3099.00000 9.59200000 212.00000 44.28000 15.00000 149.80000
16 9 17 11 10 3099.00000 9.48000000 212.80000 44.28000 15.00000 149.80000
16 9 17 11 10 3099.00000 9.46000000 213.50000 44.28000 15.00000 149.80000
16 9 17 11 10 3098.90000 9.46200000 213.50000 44.67000 15.00000 149.80000
16 9 17 11 11 3100.00000 9.46200000 214.30000 43.71000 15.00000 149.80000
16 9 17 11 11 3113.50000 9.46200000 214.30000 44.00000 15.00000 149.80000
16 9 17 11 12 3113.50000 9.46200000 214.30000 44.63000 15.00000 149.80000
16 9 17 11 12 3117.80000 9.46200000 214.30000 44.01000 15.00200 149.80000
16 9 17 11 13 3129.60000 9.46200000 214.06000 44.07000 15.00000 149.80000
16 9 17 11 13 3117.70000 9.46200000 214.30000 44.08000 15.00000 149.80000
16 9 17 11 13 3122.80000 9.46200000 214.26000 44.91000 15.00000 149.80000
16 9 17 11 14 3136.20000 9.54000000 214.30000 44.91000 15.00400 149.80000
16 9 17 11 14 3147.50000 9.54000000 214.30000 44.16000 15.00400 149.80000
16 9 17 11 14 3123.00000 9.59200000 214.30000 44.91000 15.00400 149.80000
16 9 17 11 15 3123.00000 9.59200000 214.97000 44.97000 15.00400 149.80000
16 9 17 11 15 3123.00000 9.59200000 214.97000 44.91000 15.00400 149.80000
16 9 17 11 16 3147.50000 9.60000000 215.00000 44.97000 15.00400 149.80000
16 9 17 11 16 3136.10000 9.60000000 215.35000 44.97000 15.00400 149.80000
16 9 17 11 17 3147.20000 9.60000000 215.34000 44.97000 15.30200 149.79800
16 9 17 11 17 3125.00000 9.81500000 215.35000 44.93000 15.30200 149.79800
16 9 17 11 18 3123.30000 9.60000000 215.34000 44.95000 15.29900 149.79800
16 9 17 11 18 3120.50000 9.60000000 215.35000 44.93000 15.29900 149.79800
16 9 17 11 18 3120.50000 9.80900000 215.99000 44.95000 15.29900 149.79800
16 9 17 11 19 3120.50000 9.61000000 215.99000 45.00000 15.29900 149.79800
16 9 17 11 19 3123.00000 9.61000000 215.99000 45.00000 15.29900 149.79800
16 9 17 11 20 3120.00000 9.61000000 215.99000 45.00000 15.29900 149.79800
16 9 17 11 20 3140.00000 9.80600000 215.98000 45.00000 15.29900 149.79800
16 9 17 11 21 3144.40000 9.80600000 215.41000 45.00000 15.29900 149.79800
16 9 17 11 21 3144.40000 9.80600000 216.93000 45.15000 15.29900 149.79800
16 9 17 11 21 3144.40000 9.80600000 216.93000 45.14000 15.29900 149.78800
16 9 17 11 22 3144.40000 9.80600000 215.89000 44.88000 15.29900 149.78700
16 9 17 11 22 3144.40000 9.80500000 215.89000 45.00000 15.29900 149.78700
16 9 17 11 23 3144.40000 9.80800000 215.30000 44.97000 15.29900 149.78700
16 9 17 11 23 3144.40000 9.80500000 215.91000 44.98000 15.29900 149.79800
16 9 17 11 24 3144.40000 9.80500000 216.80000 44.97000 15.29900 149.79800
16 9 17 11 24 3144.40000 9.80500000 216.80000 44.95000 15.29900 149.79800
16 9 17 11 24 3138.10000 9.80600000 215.92000 44.86000 15.29900 149.79800
16 9 17 11 25 3134.50000 9.80900000 216.93000 44.86000 15.29900 150.04000
16 9 17 11 25 3136.00000 9.80900000 215.78000 44.86000 15.29900 150.04000
16 9 17 11 26 3129.00000 9.80900000 215.90000 44.88000 15.29900 150.04000
16 9 17 11 26 3129.00000 9.80900000 215.88000 44.60000 15.29900 150.04000
16 9 17 11 27 3123.30000 9.60900000 215.00000 44.75000 15.29900 150.04000
16 9 17 11 27 3113.00000 9.62200000 215.89000 44.46000 15.29900 150.04000
16 9 17 11 27 3113.20000 9.62200000 214.00000 44.46000 15.29900 150.04000
16 9 17 11 28 3113.00000 9.62200000 213.50000 44.46000 15.29900 150.04000
16 9 17 11 28 3113.00000 9.62600000 215.00000 44.17000 15.29900 150.04000
16 9 17 11 29 3113.00000 9.63200000 214.90000 44.70000 15.00400 150.04000
16 9 17 11 29 3095.00000 9.62600000 214.72000 44.94000 15.00400 150.04000
16 9 17 11 30 3090.00000 9.60200000 211.43000 44.80000 15.00300 150.04000
16 9 17 11 30 3065.00000 9.62600000 211.97000 43.97000 15.00000 150.04000
16 9 17 11 30 3070.00000 9.60000000 213.53000 44.70000 15.00000 150.04000
16 9 17 11 31 3062.60000 9.60000000 213.52000 43.43000 15.00000 150.04000
16 9 17 11 31 3070.00000 9.60000000 212.02000 43.43000 15.00000 150.04000
16 9 17 11 32 3070.00000 9.60000000 212.00000 43.43000 14.85000 150.04000
16 9 17 11 32 3070.00000 9.60000000 212.00000 43.43000 14.85000 150.04000
16 9 17 11 32 3068.00000 9.59600000 212.00000 43.43000 14.85000 150.04000
16 9 17 11 33 3070.00000 9.59600000 211.12000 43.98000 14.85000 150.04000
16 9 17 11 33 3088.80000 9.50600000 212.00000 44.33000 14.85000 150.04000
16 9 17 11 34 3076.00000 9.50600000 212.00000 44.50000 14.85000 150.04000
16 9 17 11 34 3075.90000 9.50600000 211.16000 44.37000 14.69300 149.81000
16 9 17 11 35 3070.50000 9.50000000 214.00000 44.33000 14.69300 149.81000
16 9 17 11 35 3078.20000 9.45300000 214.00000 44.28000 14.69700 149.81000
16 9 17 11 35 3088.80000 9.45300000 214.00000 44.28000 14.69700 149.81000
16 9 17 11 36 3088.80000 9.45300000 214.49000 44.32000 14.69700 147.70100
16 9 17 11 36 3090.00000 9.45300000 214.49000 44.32000 14.84500 147.70100
16 9 17 11 37 3104.20000 9.42000000 213.48000 44.32000 14.69500 154.92299
16 9 17 11 37 3104.10000 9.44800000 213.97000 44.25000 14.69300 162.47900
16 9 17 11 38 3085.00000 9.44800000 214.80000 44.25000 14.69300 162.47900
16 9 17 11 38 3085.00000 9.44800000 213.87000 44.25000 14.69300 151.13000
16 9 17 11 39 3104.20000 9.55000000 213.87000 44.25000 14.69300 151.13000
16 9 17 11 39 3103.80000 9.55000000 213.85000 44.25000 14.83900 151.13000
16 9 17 11 39 3103.50000 9.55000000 213.51000 44.25000 14.83900 151.13000
16 9 17 11 40 3109.40000 9.55000000 214.46000 44.25000 14.69100 151.13000
16 9 17 11 40 3113.00000 9.54300000 214.36000 44.15000 14.69100 151.12000
16 9 17 11 41 3119.80000 9.54300000 214.04000 44.15000 14.69500 151.12000
16 9 17 11 41 3119.90000 9.54300000 215.69000 44.50000 14.69500 147.87100
16 9 17 11 42 3119.90000 9.54300000 215.69000 44.17000 14.69500 147.87100
16 9 17 11 42 3119.90000 9.54300000 215.68000 44.13000 14.83400 147.87100
16 9 17 11 42 3119.90000 9.54300000 215.50000 44.13000 14.83400 147.87100
16 9 17 11 43 3123.40000 9.54300000 215.50000 44.13000 14.83400 147.87100
16 9 17 11 43 3121.00000 9.54300000 215.86000 44.13000 14.83400 147.87100
16 9 17 11 44 3132.90000 9.54300000 215.11000 44.13000 14.83400 147.87100
16 9 17 11 44 3132.90000 9.54300000 216.47000 44.13000 14.83400 147.87100
16 9 17 11 45 3132.90000 9.54300000 216.86000 44.13000 14.83400 147.87100
16 9 17 11 45 3133.00000 9.54300000 216.47000 44.50000 14.84000 147.87100
16 9 17 11 45 3133.00000 9.54300000 216.91000 44.51000 14.84000 147.87100
16 9 17 11 46 3133.00000 9.54300000 216.44000 44.76700 15.00000 147.87100
16 9 17 11 46 3133.00000 9.55000000 216.18000 44.51000 15.00000 147.87100
16 9 17 11 47 3136.20000 9.55000000 216.00000 44.51000 15.00000 147.87100
16 9 17 11 47 3125.70000 9.55000000 216.44000 44.54000 15.00000 147.87100
16 9 17 11 48 3129.90000 9.55000000 216.44000 44.57000 15.00000 147.87100
16 9 17 11 48 3133.00000 9.55000000 216.09000 44.57000 15.00000 147.87100
16 9 17 11 48 3133.00000 9.55000000 216.10000 44.57000 15.00000 147.87100
16 9 17 11 49 3135.00000 9.55000000 216.10000 44.57000 15.00000 147.87100
16 9 17 11 49 3125.30000 9.55000000 216.10000 44.57000 15.00000 149.67000
16 9 17 11 50 3130.00000 9.55000000 215.73000 44.77000 14.97800 149.67000
16 9 17 11 50 3130.00000 9.55000000 215.70000 44.77000 14.97800 149.66000
16 9 17 11 51 3125.00000 9.55000000 216.10000 44.77000 14.97800 149.66000
16 9 17 11 51 3129.70000 9.55000000 216.07000 44.87000 14.97800 149.66000
16 9 17 11 51 3129.20000 9.55000000 215.73000 44.52000 14.97800 149.66000
16 9 17 11 52 3129.10000 9.55000000 215.74000 44.82000 14.97800 149.66000
16 9 17 11 52 3125.70000 9.55000000 215.70000 44.86000 14.97800 149.66000
16 9 17 11 53 3129.60000 9.55000000 216.00000 44.86000 14.97800 150.01000
16 9 17 11 53 3129.90000 9.55000000 215.98000 44.84000 14.97800 150.01000
16 9 17 11 54 3129.30000 9.55000000 215.70000 44.84000 14.97800 150.01000
16 9 17 11 54 3129.80000 9.55000000 216.00000 44.80000 14.97800 150.01000
16 9 17 11 54 3100.00000 9.55000000 215.99000 44.80000 14.97800 150.01000
16 9 17 11 55 3128.00000 9.55000000 215.95000 44.80000 14.70100 150.01000
16 9 17 11 55 3129.80000 9.55000000 215.97000 44.82000 14.92500 151.90000
16 9 17 11 56 3151.90000 9.55000000 215.97000 44.50000 14.92500 151.90000
16 9 17 11 56 3131.10000 9.55000000 216.00000 44.58000 14.92500 151.90000
16 9 17 11 56 3145.80000 9.55000000 216.05000 44.61000 14.92500 151.90000
16 9 17 11 57 3145.80000 9.55000000 216.05000 44.61000 14.92500 151.93200
16 9 17 11 57 3130.00000 9.55000000 216.05000 44.86000 14.92500 151.90000
16 9 17 11 58 3130.00000 9.55000000 216.05000 44.86000 14.92500 151.90000
16 9 17 11 58 3145.30000 9.55000000 216.00000 44.86000 14.92500 151.90000
16 9 17 11 59 3145.00000 9.55000000 216.00000 44.68000 14.92500 152.00000
16 9 17 11 59 3145.30000 9.55000000 216.01000 44.86000 14.92500 152.03000
16 9 17 11 59 3130.60000 9.55000000 216.02000 44.86000 14.70000 152.01000
16 9 17 12 00 3110.00000 9.55000000 216.01000 44.57000 14.70000 152.01000
16 9 17 12 00 3110.00000 9.55000000 216.01000 44.86000 14.70000 152.00000
16 9 17 12 01 3110.00000 9.55000000 216.00000 44.62000 14.70000 152.00000
16 9 17 12 01 3110.00000 9.55000000 216.00000 44.59000 14.70000 152.02000
16 9 17 12 02 3110.00000 9.55000000 216.05000 44.60000 14.70000 152.02000
16 9 17 12 02 3107.50000 9.55000000 215.96000 44.60000 14.70000 152.02100
16 9 17 12 02 3107.50000 9.52700000 215.25000 44.56000 14.70000 152.02100
16 9 17 12 03 3107.50000 9.52700000 215.97000 44.60000 14.70000 152.02100
16 9 17 12 03 3107.50000 9.52700000 215.97000 44.56000 14.70000 152.02100
16 9 17 12 04 3107.50000 9.52700000 215.95000 44.55000 14.70000 152.02100
16 9 17 12 04 3110.00000 9.52700000 215.96000 44.50000 14.70000 152.02100
16 9 17 12 05 3113.10000 9.52700000 215.97000 44.50000 14.70000 152.00000
16 9 17 12 05 3129.80000 9.52700000 216.05000 44.50000 14.70000 152.00000
16 9 17 12 05 3129.80000 9.52700000 215.50000 44.50000 14.70000 152.00000
16 9 17 12 06 3111.40000 9.52700000 216.05000 44.50000 14.70000 152.00000
16 9 17 12 06 3111.50000 9.52700000 216.05000 44.50000 14.70000 152.00000
16 9 17 12 07 3111.40000 9.66100000 216.05000 44.56000 14.70000 152.00100
16 9 17 12 07 3128.60000 9.66100000 216.05000 44.56000 14.70000 152.00100
16 9 17 12 08 3128.60000 9.66100000 216.05000 44.56000 14.70000 148.08300
16 9 17 12 08 3128.00000 9.66100000 216.05000 44.55000 14.70000 148.08300
16 9 17 12 09 3107.60000 9.66100000 216.05000 44.55000 14.70000 148.08300
16 9 17 12 09 3107.60000 9.66100000 216.05000 44.56000 14.70000 148.08300
16 9 17 12 09 3126.70000 9.60000000 216.05000 44.55000 14.70000 148.08300
16 9 17 12 10 3123.30000 9.60000000 216.05000 44.55000 14.70000 148.08300
16 9 17 12 10 3125.80000 9.60000000 216.05000 44.55000 14.70000 148.08300
16 9 17 12 11 3129.20000 9.60000000 216.04000 44.76000 14.70000 148.08300
16 9 17 12 11 3126.30000 9.60000000 216.05000 44.68000 14.70000 148.08300
16 9 17 12 12 3128.60000 9.60000000 216.05000 44.55000 14.70000 148.08300
16 9 17 12 12 3126.40000 9.60000000 216.05000 44.55000 14.70000 148.08300
16 9 17 12 12 3101.20000 9.60000000 216.04000 44.55000 14.70000 148.08300
16 9 17 12 13 3100.20000 9.59900000 216.05000 44.55000 14.70000 148.08300
16 9 17 12 13 3100.70000 9.59900000 216.03000 44.45000 14.70000 148.08300
16 9 17 12 14 3125.90000 9.59600000 216.03000 44.41000 14.70000 148.08300
16 9 17 12 14 3101.30000 9.59600000 215.93000 44.20000 14.70000 148.08300
16 9 17 12 15 3100.00000 9.59600000 215.93000 44.20000 14.70000 148.08300
16 9 17 12 15 3085.40000 9.59600000 215.93000 44.20000 14.70000 148.08300
16 9 17 12 15 3089.30000 9.59600000 216.00000 44.20000 14.70000 148.08300
16 9 17 12 16 3085.80000 9.59600000 215.25000 44.12000 14.70000 148.08300
16 9 17 12 16 3099.70000 9.59900000 215.25000 44.12000 14.70000 148.08300
16 9 17 12 17 3099.70000 9.59900000 213.24000 44.15000 14.70000 148.08300
16 9 17 12 17 3089.90000 9.59800000 214.08000 44.03000 14.70000 148.08300
16 9 17 12 17 3089.90000 9.60000000 214.08000 44.00000 14.70000 148.08300
16 9 17 12 18 3099.70000 9.60000000 213.52000 44.00000 14.70000 148.08300
16 9 17 12 18 3100.00000 9.60000000 214.00000 44.00000 14.70000 148.08300
16 9 17 12 19 3089.90000 9.60000000 214.00000 44.00000 14.70000 148.08300
16 9 17 12 19 3089.90000 9.60000000 214.42000 44.00000 14.70000 148.08300
16 9 17 12 20 3089.90000 9.52100000 214.44000 44.00000 14.70100 148.08300
16 9 17 12 20 3089.90000 9.52100000 214.40000 43.75000 14.70000 148.08300
16 9 17 12 20 3089.70000 9.60000000 214.40000 43.75000 14.70000 148.08300
16 9 17 12 21 3085.10000 9.60000000 214.00000 43.73000 14.70000 151.85000
16 9 17 12 21 3080.00000 9.60000000 213.97000 43.50000 14.70000 151.85000
16 9 17 12 22 3069.90000 9.60000000 213.09000 43.50000 14.70000 151.84000
16 9 17 12 22 3079.90000 9.59900000 213.95000 43.98000 14.70000 151.84000
16 9 17 12 23 3079.90000 9.60000000 213.00000 43.50000 14.70000 151.84000
16 9 17 12 23 3079.90000 9.63400000 213.00000 43.50000 14.70000 151.84000
16 9 17 12 23 3057.40000 9.63400000 212.49000 43.50000 14.70000 151.84000
16 9 17 12 24 3055.00000 9.52000000 212.00000 43.51000 14.70000 151.84000
16 9 17 12 24 3078.60000 9.53000000 212.97000 43.51000 14.70300 151.84000
16 9 17 12 25 3074.70000 9.50100000 211.91000 43.80000 14.70300 151.75000
16 9 17 12 25 3074.30000 9.50000000 211.04000 43.70000 14.70400 151.75000
16 9 17 12 26 3065.30000 9.47500000 212.42000 43.45000 14.70300 151.75000
16 9 17 12 26 3065.50000 9.47500000 212.01000 43.45000 14.70300 151.75000
16 9 17 12 27 3072.20000 9.47500000 212.01000 43.45000 14.70400 151.75000
16 9 17 12 27 3072.20000 9.51800000 212.21000 43.67000 14.70400 151.75000
16 9 17 12 27 3065.40000 9.51800000 212.21000 43.67000 14.70400 151.75000
16 9 17 12 28 3073.90000 9.47100000 212.00000 43.30000 14.70400 151.75000
16 9 17 12 28 3065.40000 9.47100000 212.00000 43.29000 14.70400 151.75000
16 9 17 12 29 3071.70000 9.47100000 211.50000 43.29000 14.70400 151.75000
16 9 17 12 29 3071.80000 9.47100000 210.31000 43.30000 14.70400 151.75000
16 9 17 12 29 3061.60000 9.47100000 209.50000 43.30000 14.70200 151.75000
16 9 17 12 30 3061.00000 9.47100000 211.35000 43.30000 14.70000 151.75000
16 9 17 12 30 3061.80000 9.47100000 209.24000 43.29000 14.69700 151.75000
16 9 17 12 31 3061.60000 9.40800000 211.34000 43.29000 14.69700 151.75000
16 9 17 12 31 3061.00000 9.42000000 209.24000 43.29000 14.69700 151.75000
16 9 17 12 32 3061.00000 9.40400000 210.44000 43.20000 14.69700 151.75000
16 9 17 12 32 3061.50000 9.40400000 210.33000 43.28000 14.69000 151.75000
16 9 17 12 32 3062.00000 9.40400000 210.33000 43.00000 14.69000 151.75000
16 9 17 12 33 3061.70000 9.40400000 210.33000 43.20000 14.69000 151.75000
16 9 17 12 33 3062.00000 9.40400000 210.26000 43.14000 14.60000 151.75000
16 9 17 12 34 3061.00000 9.40800000 210.26000 43.29000 14.60000 151.75000
16 9 17 12 34 3062.00000 9.40800000 210.26000 43.29000 14.60000 151.75000
16 9 17 12 34 3060.00000 9.40800000 209.24000 43.29000 14.60000 151.75000
16 9 17 12 35 3062.10000 9.40800000 209.24000 43.29000 14.60000 151.75000
16 9 17 12 35 3062.10000 9.40800000 210.22000 43.01000 14.60000 151.75000
16 9 17 12 36 3062.50000 9.40800000 209.24000 43.20000 14.60000 151.75000
16 9 17 12 36 3071.80000 9.40800000 210.19000 43.20000 14.60000 151.75000
16 9 17 12 37 3078.40000 9.40800000 210.19000 43.20000 14.60000 151.75000
16 9 17 12 37 3072.00000 9.40800000 209.24000 43.20000 14.60000 151.75000
16 9 17 12 38 3072.00000 9.40800000 209.24000 43.20000 14.60000 151.75000
16 9 17 12 38 3077.60000 9.40800000 209.24000 43.20000 14.60000 151.75000
16 9 17 12 38 3072.00000 9.40800000 209.24000 43.30000 14.60000 151.75000
16 9 17 12 39 3077.60000 9.46700000 209.24000 43.32000 14.60000 151.75000
16 9 17 12 39 3072.00000 9.46700000 209.24000 43.32000 14.52800 151.75000
16 9 17 12 40 3072.00000 9.46700000 210.26000 43.32000 14.52800 151.75000
16 9 17 12 40 3073.10000 9.41100000 210.26000 43.37000 14.52800 151.75000
16 9 17 12 41 3072.00000 9.41100000 210.26000 43.58000 14.52800 151.75000
16 9 17 12 41 3066.80000 9.41100000 210.33000 43.58000 14.52800 151.75000
16 9 17 12 41 3071.90000 9.41100000 211.35000 43.70000 14.52800 151.75000
16 9 17 12 42 3070.60000 9.40100000 211.40000 43.67000 14.52800 151.75000
16 9 17 12 42 3072.00000 9.40100000 211.37000 43.67000 14.52800 151.75000
16 9 17 12 43 3072.40000 9.40100000 211.40000 43.70000 14.52800 151.75000
16 9 17 12 43 3077.40000 9.40100000 211.38000 43.67000 14.52800 151.75000
16 9 17 12 44 3077.70000 9.40100000 211.36000 43.67000 14.52800 151.75000
16 9 17 12 44 3076.20000 9.40100000 210.62000 43.67000 14.52800 151.75000
16 9 17 12 44 3087.30000 9.40100000 211.94000 43.41000 14.52800 150.69000
16 9 17 12 45 3080.20000 9.40100000 212.90000 43.41000 14.52800 150.69000
16 9 17 12 45 3080.20000 9.40100000 212.59000 43.67000 14.52800 150.69000
16 9 17 12 46 3085.50000 9.40100000 211.43000 43.67000 14.52800 150.69000
16 9 17 12 46 3070.10000 9.40100000 211.43000 43.66000 14.52800 150.69000
16 9 17 12 46 3078.90000 9.40100000 211.43000 43.66000 14.52800 150.69000
16 9 17 12 47 3070.60000 9.40100000 211.96000 43.39000 14.52800 150.69000
16 9 17 12 47 3071.10000 9.50700000 211.63000 43.40000 14.52800 150.69000
16 9 17 12 48 3071.20000 9.50700000 211.63000 43.25000 14.50100 150.69000
16 9 17 12 48 3073.00000 9.50700000 211.94000 43.25000 14.50100 150.69000
16 9 17 12 49 3071.30000 9.50700000 211.72000 43.25000 14.50100 150.69000
16 9 17 12 49 3075.00000 9.50700000 211.90000 43.31000 14.50100 150.69000
16 9 17 12 50 3079.00000 9.50700000 210.56000 43.21000 14.50000 150.31700
16 9 17 12 50 3075.00000 9.50700000 211.09000 43.21000 14.50000 150.31700
16 9 17 12 50 3075.00000 9.46000000 211.00000 43.21000 14.50000 150.26800
16 9 17 12 51 3070.80000 9.40200000 211.00000 43.21000 14.50000 150.26800
16 9 17 12 51 3070.80000 9.40100000 210.70000 43.23000 14.50000 150.26800
16 9 17 12 52 3071.00000 9.40000000 210.99000 43.65000 14.50000 150.26800
16 9 17 12 52 3071.10000 9.40000000 210.99000 43.65000 14.50000 150.26800
16 9 17 12 53 3075.00000 9.40000000 210.97000 43.65000 14.50000 150.26800
16 9 17 12 53 3073.70000 9.40000000 210.95000 43.45000 14.50000 150.26800
16 9 17 12 53 3074.00000 9.40000000 210.97000 43.45000 14.50000 150.26800
16 9 17 12 54 3074.50000 9.40000000 210.98000 43.66000 14.53700 150.26800
16 9 17 12 54 3079.80000 9.40000000 211.00000 43.50000 14.40500 150.26800
16 9 17 12 55 3071.30000 9.40000000 211.00000 43.50000 14.40500 150.26800
16 9 17 12 55 3075.00000 9.40000000 211.00000 43.50000 14.40500 150.26800
16 9 17 12 56 3075.10000 9.40000000 211.74000 43.50000 14.40500 150.26800
16 9 17 12 56 3079.40000 9.40000000 211.74000 43.46000 14.40500 150.26800
16 9 17 12 56 3072.00000 9.40000000 211.74000 43.47000 14.40500 150.26800
16 9 17 12 57 3072.00000 9.40000000 211.30000 43.15000 14.40500 150.26800
16 9 17 12 57 3071.40000 9.40000000 211.36000 43.16000 14.40500 150.26800
16 9 17 12 58 3072.00000 9.40000000 211.70000 43.19000 14.40500 150.26800
16 9 17 12 58 3075.20000 9.40000000 211.65000 43.43000 14.43200 150.26800
16 9 17 12 59 3071.00000 9.40000000 211.58000 43.43000 14.43200 150.26800
16 9 17 12 59 3071.30000 9.40000000 211.56000 43.43000 14.43200 150.26800
16 9 17 12 59 3071.00000 9.40000000 211.50000 43.43000 14.43200 150.26800
16 9 17 13 00 3053.30000 9.40000000 211.49000 43.43000 14.43200 150.26800
16 9 17 13 00 3067.80000 9.40000000 211.00000 43.15000 14.43200 150.26800
16 9 17 13 01 3060.00000 9.40000000 208.42000 43.38000 14.43200 150.26800
16 9 17 13 01 3067.00000 9.40000000 208.42000 43.38000 14.43200 148.14000
16 9 17 13 01 3060.00000 9.33900000 208.42000 43.15000 14.40400 148.14000
16 9 17 13 02 3066.50000 9.26100000 210.96000 43.20000 14.40000 148.14000
16 9 17 13 02 3056.60000 9.26100000 210.90000 43.12000 14.40000 148.14000
16 9 17 13 03 3059.70000 9.26100000 210.00000 43.12000 14.40000 148.15000
16 9 17 13 03 3060.00000 9.26100000 209.97000 43.05000 14.40000 148.15000
16 9 17 13 04 3060.00000 9.27300000 210.00000 43.05000 14.40000 148.15000
16 9 17 13 04 3061.40000 9.27300000 210.00000 43.16000 14.40000 148.13000
16 9 17 13 04 3066.10000 9.27300000 209.24000 43.18000 14.40000 149.34800
16 9 17 13 05 3065.60000 9.27300000 209.84000 43.18000 14.39200 148.14000
16 9 17 13 05 3061.80000 9.27300000 210.59000 43.16000 14.39200 148.14000
16 9 17 13 06 3072.10000 9.31233000 209.19000 43.20000 14.39200 148.14000
16 9 17 13 06 3060.00000 9.31233000 209.30000 43.20000 14.39200 148.10100
16 9 17 13 07 3059.70000 9.31233000 209.30000 43.20000 14.36900 148.10000
16 9 17 13 07 3056.70000 9.43000000 209.30000 43.05000 14.36900 148.10000
16 9 17 13 07 3052.00000 9.27000000 211.00000 43.05000 14.28100 148.10000
16 9 17 13 08 3052.00000 9.27000000 210.99000 43.05000 14.28100 148.10000
16 9 17 13 08 3060.20000 9.27000000 210.99000 43.05000 14.28100 148.10000
16 9 17 13 09 3060.20000 9.27000000 210.99000 43.05000 14.28100 148.10000
16 9 17 13 09 3050.00000 9.29900000 210.99000 43.10000 14.28100 148.10000
16 9 17 13 09 3050.60000 9.29900000 209.50000 43.20000 14.28100 148.10000
16 9 17 13 10 3050.00000 9.29900000 209.56000 43.20000 14.28100 148.10000
16 9 17 13 10 3044.80000 9.29900000 209.61000 43.31000 14.28100 148.10000
16 9 17 13 11 3045.10000 9.29900000 209.61000 43.10000 14.31500 148.10000
16 9 17 13 11 3057.20000 9.29900000 210.91000 43.31000 14.31500 148.10000
16 9 17 13 12 3043.20000 9.33000000 209.71000 43.35000 14.31500 148.10000
16 9 17 13 12 3051.70000 9.33000000 209.67000 43.35000 14.31500 148.10000
16 9 17 13 13 3040.00000 9.33000000 209.60000 43.35000 14.31500 148.10000
16 9 17 13 13 3051.20000 9.33000000 209.62000 43.35000 14.26800 148.10000
16 9 17 13 13 3025.80000 9.33000000 208.54000 43.05000 14.26800 148.10000
16 9 17 13 14 3058.80000 9.33000000 209.00000 43.00000 14.26800 148.10000
16 9 17 13 14 3031.00000 9.33000000 209.00000 42.90000 14.26800 148.14000
16 9 17 13 15 3025.90000 9.30000000 208.03000 42.89000 14.26800 148.14000
16 9 17 13 15 3029.00000 9.30000000 207.15000 42.89000 14.25400 148.14000
16 9 17 13 16 3025.00000 9.25300000 207.00000 42.89000 14.25400 148.14000
16 9 17 13 16 3021.80000 9.25100000 207.00000 43.06000 14.25100 148.99900
16 9 17 13 16 3017.20000 9.25000000 207.00000 42.80000 14.25000 148.99900
16 9 17 13 17 3008.30000 9.25000000 207.00000 42.80000 14.10200 148.99900
16 9 17 13 17 3001.10000 9.25000000 206.21000 42.80000 14.20200 148.99900
16 9 17 13 18 3009.30000 9.25000000 206.90000 42.85000 14.20200 148.99900
16 9 17 13 18 3000.10000 9.25000000 206.89000 42.85000 14.20200 148.99900
16 9 17 13 19 3000.10000 9.25000000 206.98000 42.93000 14.20200 148.99900
16 9 17 13 19 3010.00000 9.25000000 206.54000 42.85000 14.20200 148.18000
16 9 17 13 19 3010.00000 9.25000000 206.54000 42.75000 14.20200 148.30000
16 9 17 13 20 3019.50000 9.25000000 207.00000 42.73000 14.20200 148.10000
16 9 17 13 20 3019.50000 9.25000000 207.93000 42.62000 14.20200 148.10000
16 9 17 13 21 3011.20000 9.25000000 207.93000 42.62000 14.20200 148.10000
16 9 17 13 21 3023.80000 9.25000000 207.93000 42.62000 14.20200 148.10000
16 9 17 13 21 3011.20000 9.25200000 207.00000 42.62000 14.20200 148.09000
16 9 17 13 22 3020.00000 9.25200000 207.00000 42.87000 14.28900 148.00000
16 9 17 13 22 3030.00000 9.25200000 206.53000 42.80000 14.28900 148.00000
16 9 17 13 23 3030.00000 9.25200000 206.53000 42.85000 14.28900 148.00000
16 9 17 13 23 3030.90000 9.25200000 206.20000 42.93000 14.28900 148.00000
16 9 17 13 24 3031.00000 9.25200000 207.70000 42.99000 14.28900 148.00000
16 9 17 13 24 3031.00000 9.25200000 207.70000 43.02000 14.28900 148.00000
16 9 17 13 25 3031.00000 9.25200000 207.90000 43.02000 14.28900 148.00000
16 9 17 13 25 3031.00000 9.32000000 207.97000 43.02000 14.28900 148.02900
16 9 17 13 25 3043.00000 9.32000000 207.90000 43.02000 14.28900 148.02900
16 9 17 13 26 3040.00000 9.32000000 207.97000 43.02000 14.27300 148.02900
16 9 17 13 26 3040.00000 9.32000000 207.97000 43.11000 14.27300 148.02900
16 9 17 13 27 3040.00000 9.32000000 207.97000 43.11000 14.27300 148.02900
16 9 17 13 27 3039.60000 9.32000000 207.97000 43.10000 14.27300 148.02900
16 9 17 13 28 3043.00000 9.32000000 207.07000 43.09000 14.27300 148.02900
16 9 17 13 28 3043.00000 9.32000000 206.30000 43.09000 14.27300 148.00000
16 9 17 13 28 3043.00000 9.32000000 208.00000 43.09000 14.27300 148.00000
16 9 17 13 29 3043.00000 9.32000000 207.97000 43.09000 14.27300 147.96000
16 9 17 13 29 3043.00000 9.32000000 208.00000 42.83000 14.27300 147.96000
16 9 17 13 30 3043.00000 9.32000000 208.45000 42.84000 14.27300 147.96000
16 9 17 13 30 3050.00000 9.32000000 208.50000 43.05000 14.25500 147.68000
16 9 17 13 31 3050.00000 9.32000000 208.91000 43.05000 14.25500 147.68000
16 9 17 13 31 3045.00000 9.32000000 209.45000 42.88000 14.25500 147.68000
16 9 17 13 31 3045.00000 9.32000000 209.67000 43.00000 14.25500 147.68000
16 9 17 13 32 3060.00000 9.32000000 208.01000 43.00000 14.25500 147.68000
16 9 17 13 32 3045.00000 9.32000000 209.40000 42.96000 14.25500 147.03000
16 9 17 13 33 3058.30000 9.32000000 209.40000 42.96000 14.25500 147.03000
16 9 17 13 33 3051.00000 9.32000000 209.40000 42.96000 14.33700 147.03000
16 9 17 13 33 3051.00000 9.32000000 209.00000 43.01000 14.33700 147.03000
16 9 17 13 34 3050.30000 9.28900000 209.00000 43.00000 14.33700 147.03000
16 9 17 13 34 3050.30000 9.33800000 208.91000 43.11000 14.33700 147.03000
16 9 17 13 35 3037.00000 9.33800000 209.00000 42.98000 14.33700 147.00000
16 9 17 13 35 3032.10000 9.33800000 208.99000 42.96000 14.33700 147.03000
16 9 17 13 36 3032.00000 9.33800000 209.17000 42.88000 14.25500 147.03000
16 9 17 13 36 3035.00000 9.33800000 209.17000 42.82000 14.31800 147.03000
16 9 17 13 36 3044.10000 9.33800000 209.24000 42.98000 14.31800 147.03000
16 9 17 13 37 3043.90000 9.33800000 209.89000 42.95000 14.31800 147.03000
16 9 17 13 37 3061.00000 9.27600000 210.21000 42.92000 14.36000 147.00000
16 9 17 13 38 3046.20000 9.27600000 210.44000 42.88000 14.36000 147.00000
16 9 17 13 38 3059.00000 9.27600000 211.85000 43.66000 14.36000 147.00000
16 9 17 13 39 3085.00000 9.27600000 211.02000 43.66000 14.36000 147.00000
16 9 17 13 39 3082.90000 9.27600000 212.50000 43.66000 14.36000 147.00000
16 9 17 13 39 3083.00000 9.27600000 213.99000 43.65000 14.36000 147.03000
16 9 17 13 40 3088.00000 9.27600000 215.50000 43.70000 14.36000 147.03000
16 9 17 13 40 3088.00000 9.59300000 214.09000 43.61000 14.36000 147.03000
16 9 17 13 41 3088.00000 9.59300000 214.00000 43.66000 14.36000 147.03000
16 9 17 13 41 3088.00000 9.59300000 214.00000 43.66000 14.36000 147.03000
16 9 17 13 42 3090.00000 9.59300000 215.65000 43.70000 14.36000 147.03000
16 9 17 13 42 3090.00000 9.59300000 215.79000 43.70000 14.36000 147.03000
16 9 17 13 42 3090.00000 9.59300000 215.86000 43.70000 14.36000 147.03000
16 9 17 13 43 3096.20000 9.59300000 215.00000 43.89000 14.36000 147.00300
16 9 17 13 43 3096.00000 9.59300000 212.55000 43.24515 14.37473 147.00000
16 9 17 13 44 3094.60000 9.59300000 213.60000 43.61000 14.37473 147.00000
16 9 17 13 44 3096.00000 9.59300000 214.00000 43.50000 14.37473 147.00000
16 9 17 13 45 3095.00000 9.59300000 213.67000 43.10000 14.37473 147.00000
16 9 17 13 45 3096.20000 9.59300000 213.67000 43.74000 14.37473 147.00000
16 9 17 13 45 3096.20000 9.59300000 213.67000 43.30000 14.37473 147.68000
16 9 17 13 46 3090.30000 9.59300000 213.48000 43.30000 14.37473 147.68000
16 9 17 13 46 3090.10000 9.59300000 213.48000 43.60000 14.37473 147.68000
16 9 17 13 47 3090.00000 9.59300000 213.00000 43.60000 14.37473 147.68000
16 9 17 13 47 3090.00000 9.58100000 211.27000 43.60000 14.37473 147.68000
16 9 17 13 47 3090.00000 9.58100000 212.58000 43.68000 14.37473 148.00000
16 9 17 13 48 3089.00000 9.58100000 212.54000 43.64000 14.37473 148.00000
16 9 17 13 48 3087.60000 9.58100000 212.00000 43.60000 14.59300 148.00000
16 9 17 13 49 3085.10000 9.58100000 212.40000 43.60000 14.59300 148.00000
16 9 17 13 49 3069.10000 9.58100000 212.40000 43.55000 14.59300 147.98000
16 9 17 13 50 3070.80000 9.58100000 212.37000 43.55000 14.59300 147.98000
16 9 17 13 50 3070.80000 9.41000000 211.85000 43.31000 14.59300 147.98000
16 9 17 13 51 3070.90000 9.41000000 211.85000 43.30000 14.59300 147.98000
16 9 17 13 51 3080.00000 9.41000000 212.06000 43.30000 14.59300 147.98000
16 9 17 13 51 3080.00000 9.41000000 212.00000 43.41000 14.59300 147.95900
16 9 17 13 52 3081.50000 9.41000000 212.00000 43.47000 14.56000 147.95900
16 9 17 13 52 3081.50000 9.41000000 212.00000 43.65000 14.56000 147.95900
16 9 17 13 53 3088.00000 9.41000000 212.06000 43.33000 14.56000 147.95900
16 9 17 13 53 3088.20000 9.41000000 213.39000 43.33000 14.56000 147.95900
16 9 17 13 54 3090.00000 9.40000000 212.25000 43.33000 14.56000 147.95900
16 9 17 13 54 3090.00000 9.40000000 212.11000 43.41000 14.56000 147.95900
16 9 17 13 54 3095.00000 9.40000000 213.35000 43.41000 14.56000 147.95900
16 9 17 13 55 3095.00000 9.40000000 213.35000 43.41000 14.56000 147.95900
16 9 17 13 55 3095.00000 9.40000000 213.00000 43.41000 14.56000 147.95900
16 9 17 13 56 3095.00000 9.40000000 212.66000 43.41000 14.56000 147.88000
16 9 17 13 56 3095.00000 9.40000000 213.01000 43.36000 14.56000 147.88000
16 9 17 13 57 3095.00000 9.40000000 212.67000 43.39000 14.56000 147.88000
16 9 17 13 57 3097.50000 9.40000000 212.98000 43.41000 14.56000 147.88000
16 9 17 13 57 3097.50000 9.40000000 212.98000 43.41000 14.56000 147.88000
16 9 17 13 58 3094.00000 9.40000000 212.98000 43.39000 14.56000 147.88000
16 9 17 13 58 3094.90000 9.40000000 212.95000 43.39000 14.56000 147.88000
16 9 17 13 59 3088.00000 9.40000000 212.70000 43.39000 14.56000 147.88000
16 9 17 13 59 3063.40000 9.40000000 212.12000 43.37000 14.56000 147.00000
16 9 17 14 00 3063.40000 9.40000000 212.00000 43.37000 14.56000 147.00000
16 9 17 14 00 3087.20000 9.40000000 212.00000 43.37000 14.56000 147.00000
16 9 17 14 00 3064.10000 9.40000000 212.00000 43.38000 14.56000 147.00000
16 9 17 14 01 3079.20000 9.40000000 212.00000 43.38000 14.56000 146.92000
16 9 17 14 01 3087.00000 9.41000000 212.67000 43.37000 14.56000 146.80000
16 9 17 14 02 3090.00000 9.41000000 213.41000 43.37000 14.56000 146.80000
16 9 17 14 02 3090.00000 9.46900000 213.41000 43.33000 14.56000 146.80000
16 9 17 14 03 3094.00000 9.46900000 213.29000 43.33000 14.56000 146.80000
16 9 17 14 03 3095.10000 9.46900000 213.20000 43.33000 14.56000 146.80000
16 9 17 14 03 3100.00000 9.46900000 213.20000 43.33000 14.56000 146.80000
16 9 17 14 04 3100.00000 9.46900000 212.21000 43.41000 14.56000 146.79000
16 9 17 14 04 3112.80000 9.46900000 212.00000 43.41000 14.56000 146.79000
16 9 17 14 05 3097.00000 9.46900000 213.36000 43.41000 14.56000 146.79000
16 9 17 14 05 3103.00000 9.46900000 213.36000 43.41000 14.56000 146.79000
16 9 17 14 05 3090.50000 9.46900000 213.36000 43.41000 14.56000 146.79000
16 9 17 14 06 3097.00000 9.46900000 213.36000 43.41000 14.56000 146.79000
16 9 17 14 06 3091.50000 9.46900000 213.36000 43.41000 14.56000 146.79000
16 9 17 14 07 3096.40000 9.46900000 213.36000 43.41000 14.56000 146.79000
16 9 17 14 07 3096.40000 9.46900000 213.39000 43.41000 14.56000 146.79000
16 9 17 14 08 3096.40000 9.46900000 213.38000 43.41000 14.56000 146.79000
16 9 17 14 08 3096.20000 9.46900000 213.38000 43.41000 14.56000 146.79000
16 9 17 14 09 3096.20000 9.46900000 213.38000 43.35000 14.56000 146.79000
16 9 17 14 09 3094.90000 9.46900000 213.36000 43.41000 14.56000 146.79000
16 9 17 14 09 3094.90000 9.46900000 213.38000 43.41000 14.56000 146.79000
16 9 17 14 10 3084.40000 9.46900000 213.37000 43.34000 14.56000 146.79000
16 9 17 14 10 3084.40000 9.46900000 213.30000 43.34000 14.56000 146.79000
16 9 17 14 11 3081.00000 9.46900000 213.30000 43.61000 14.56000 146.79000
16 9 17 14 11 3081.00000 9.46900000 213.25000 43.61000 14.56000 146.79000
16 9 17 14 11 3081.00000 9.46900000 213.00000 43.61000 14.56000 146.79000
16 9 17 14 12 3081.00000 9.46900000 212.84000 43.61000 14.56000 146.79000
16 9 17 14 12 3081.00000 9.46900000 212.84000 43.61000 14.40000 146.79000
16 9 17 14 13 3081.00000 9.46900000 212.84000 43.61000 14.40000 146.79000
16 9 17 14 13 3084.40000 9.53000000 212.62000 43.61000 14.40000 146.79000
16 9 17 14 14 3084.40000 9.53000000 212.60000 43.61000 14.40000 146.79000
16 9 17 14 14 3089.90000 9.53000000 212.60000 43.60000 14.40000 146.79000
16 9 17 14 15 3087.40000 9.53000000 212.00000 43.50000 14.40000 146.79000
16 9 17 14 15 3085.00000 9.53000000 212.50000 43.50000 14.40000 146.79000
16 9 17 14 15 3085.00000 9.55000000 212.50000 43.50000 14.40000 146.79000
16 9 17 14 16 3085.00000 9.55000000 212.50000 43.50000 14.40000 146.79000
16 9 17 14 16 3085.00000 9.55000000 212.30000 43.50000 14.40000 146.79000
16 9 17 14 17 3085.00000 9.55000000 212.60000 43.50000 14.40000 146.79000
16 9 17 14 17 3090.00000 9.55000000 212.97000 43.50000 14.40000 146.79000
16 9 17 14 18 3089.80000 9.55000000 212.97000 43.68000 14.40000 146.79000
16 9 17 14 18 3100.00000 9.55000000 212.94000 43.68000 14.40000 146.79000
16 9 17 14 18 3117.80000 9.55000000 212.97000 43.56000 14.40000 146.79000
16 9 17 14 19 3119.70000 9.55000000 213.00000 43.71000 14.40000 146.79000
16 9 17 14 19 3110.10000 9.55000000 212.97000 43.71000 14.40000 146.79000
16 9 17 14 19 3110.00000 9.55000000 213.10000 43.75000 14.40000 146.79000
16 9 17 14 20 3121.00000 9.55000000 213.50000 43.79000 14.40000 146.79000
16 9 17 14 20 3123.90000 9.55000000 213.85000 43.80000 14.40000 146.79000
16 9 17 14 21 3123.60000 9.55000000 213.96000 43.80000 14.40000 146.79000
16 9 17 14 21 3122.90000 9.55000000 214.60000 43.80000 14.40000 150.80900
16 9 17 14 22 3122.00000 9.55000000 213.85000 43.76000 14.40000 150.80900
16 9 17 14 22 3121.90000 9.55000000 213.85000 43.83000 14.40000 150.80900
16 9 17 14 22 3120.00000 9.55000000 213.78000 43.83000 14.40000 150.80900
16 9 17 14 23 3120.10000 9.55000000 213.74000 43.74000 14.40000 150.74900
16 9 17 14 23 3115.50000 9.55000000 213.74000 44.13000 14.40000 150.74900
16 9 17 14 24 3115.50000 9.55000000 213.00000 44.14000 14.40000 150.71000
16 9 17 14 24 3110.10000 9.55000000 213.44000 44.12000 14.40000 150.71000
16 9 17 14 25 3096.80000 9.55000000 213.44000 43.83000 14.40000 150.71000
16 9 17 14 25 3110.00000 9.55000000 213.44000 43.60000 14.59200 150.71000
16 9 17 14 26 3095.70000 9.55000000 213.09000 43.85000 14.59200 150.71000
16 9 17 14 26 3095.70000 9.55000000 213.09000 43.85000 14.59200 150.60900
16 9 17 14 27 3095.00000 9.55000000 212.70000 43.85000 14.59200 150.60900
16 9 17 14 27 3095.00000 9.55000000 212.70000 43.79000 14.59200 150.60900
16 9 17 14 27 3095.00000 9.55000000 212.58000 43.79000 14.59200 150.60900
16 9 17 14 28 3095.00000 9.54200000 212.70000 43.79000 14.59200 150.60900
16 9 17 14 28 3095.00000 9.54200000 212.69000 44.06000 14.59200 150.60900
16 9 17 14 29 3094.60000 9.50000000 212.62000 44.06000 14.59200 150.60900
16 9 17 14 29 3094.60000 9.50000000 212.41000 44.06000 14.59200 150.60900
16 9 17 14 29 3094.60000 9.50000000 212.46000 44.06000 14.31500 150.60900
16 9 17 14 30 3094.60000 9.50000000 211.42000 44.06000 14.31500 150.60900
16 9 17 14 30 3094.60000 9.50000000 211.81000 44.06000 14.31500 150.60900
16 9 17 14 31 3094.60000 9.50000000 211.72000 44.06000 14.31500 150.60900
16 9 17 14 31 3091.00000 9.50000000 211.47000 44.06000 14.31500 150.60900
16 9 17 14 31 3091.00000 9.50000000 211.47000 44.06000 14.31500 150.60900
16 9 17 14 32 3094.50000 9.50000000 210.85000 44.06000 14.31500 150.60900
16 9 17 14 32 3094.60000 9.50000000 210.82000 44.06000 14.31500 150.60900
16 9 17 14 33 3095.00000 9.50000000 211.72000 44.06000 14.31500 150.60900
16 9 17 14 33 3095.00000 9.50000000 212.46000 43.95000 14.31500 150.60900
16 9 17 14 34 3095.00000 9.50000000 212.46000 43.95000 14.31500 150.60900
16 9 17 14 34 3106.60000 9.50000000 212.00000 43.94000 14.31500 150.60900
16 9 17 14 35 3106.60000 9.50000000 212.00000 43.94000 14.31500 150.60900
16 9 17 14 35 3106.60000 9.50000000 212.02000 44.00000 14.31500 150.60900
16 9 17 14 35 3106.60000 9.50000000 212.00000 44.00000 14.31500 150.60900
16 9 17 14 36 3106.60000 9.50000000 212.46000 43.68000 14.31500 150.60900
16 9 17 14 36 3106.60000 9.50000000 212.45000 43.68000 14.55000 150.60900
16 9 17 14 37 3106.60000 9.60000000 212.45000 43.97000 14.55000 150.22900
16 9 17 14 37 3096.00000 9.50000000 212.42000 44.00000 14.55000 150.22900
16 9 17 14 37 3112.90000 9.50000000 212.42000 43.77000 14.55000 150.22900
16 9 17 14 38 3107.80000 9.50000000 212.46000 43.77000 14.55000 150.22900
16 9 17 14 38 3107.80000 9.50000000 212.45000 43.77000 14.55000 150.22900
16 9 17 14 39 3100.00000 9.50000000 212.40000 43.77000 14.55000 150.22900
16 9 17 14 39 3100.00000 9.50000000 212.40000 43.77000 14.55000 150.22900
16 9 17 14 40 3107.00000 9.64700000 211.90000 43.80000 14.55000 150.22900
16 9 17 14 40 3100.00000 9.63900000 212.43000 43.80000 14.55000 150.22900
16 9 17 14 41 3099.80000 9.63900000 212.46000 43.80000 14.55000 150.22900
16 9 17 14 41 3099.80000 9.60000000 212.42000 43.80000 14.55000 150.22900
16 9 17 14 41 3095.50000 9.60000000 212.44000 43.80000 14.55000 150.22900
16 9 17 14 42 3096.00000 9.60000000 212.35000 43.97000 14.55000 150.22900
16 9 17 14 42 3098.40000 9.60000000 212.35000 43.97000 14.55000 150.22900
16 9 17 14 43 3100.00000 9.60000000 212.41000 43.97000 14.55000 150.00000
16 9 17 14 43 3096.10000 9.60000000 212.41000 43.97000 14.55000 150.00000
16 9 17 14 44 3096.10000 9.60000000 212.41000 43.97000 14.55000 150.00000
16 9 17 14 44 3100.00000 9.60000000 212.46000 43.97000 14.55000 150.00000
16 9 17 14 44 3099.90000 9.60000000 212.46000 43.97000 14.55000 150.00000
16 9 17 14 45 3100.00000 9.60000000 212.46000 43.97000 14.55000 150.00000
16 9 17 14 45 3099.90000 9.57500000 212.45000 43.97000 14.55000 150.00000
16 9 17 14 46 3099.90000 9.57500000 212.36000 44.00000 14.55000 150.00000
16 9 17 14 46 3098.20000 9.57500000 212.36000 44.21000 14.55000 150.00000
16 9 17 14 47 3098.10000 9.57500000 211.22000 44.18000 14.55000 150.00000
16 9 17 14 47 3096.00000 9.57500000 211.22000 44.00000 14.55000 150.00000
16 9 17 14 47 3096.00000 9.57500000 211.22000 43.77000 14.55000 150.00000
16 9 17 14 48 3095.50000 9.57500000 211.89000 43.77000 14.55000 150.00000
16 9 17 14 48 3095.50000 9.57500000 210.74000 43.77000 14.55000 150.00000
16 9 17 14 49 3090.00000 9.57500000 211.30000 43.80000 14.55000 150.00000
16 9 17 14 49 3089.90000 9.57500000 210.46000 43.82000 14.55000 150.00000
16 9 17 14 50 3089.70000 9.57500000 210.64000 43.81000 14.50800 150.00000
16 9 17 14 50 3089.70000 9.50000000 210.00000 43.81000 14.50800 150.00000
16 9 17 14 50 3089.70000 9.54700000 210.00000 43.78000 14.50800 150.00000
16 9 17 14 51 3089.70000 9.54700000 210.00000 43.80000 14.50800 150.00000
16 9 17 14 51 3089.70000 9.54900000 210.00000 43.80000 14.50800 150.00000
16 9 17 14 52 3089.70000 9.54900000 210.00000 43.80000 14.50800 150.00000
16 9 17 14 52 3089.70000 9.54900000 210.00000 43.80000 14.50800 150.00000
16 9 17 14 53 3089.00000 9.54900000 210.00000 43.80000 14.50800 150.00000
16 9 17 14 53 3089.00000 9.54900000 209.99000 43.80000 14.50800 150.00000
16 9 17 14 53 3089.00000 9.54900000 210.00000 43.92000 14.50800 150.00000
16 9 17 14 54 3089.00000 9.54900000 210.00000 43.90000 14.50800 150.00000
16 9 17 14 54 3089.00000 9.54900000 210.00000 43.90000 14.50800 148.50000
16 9 17 14 55 3088.40000 9.54900000 210.00000 43.97000 14.50800 148.50000
16 9 17 14 55 3084.40000 9.54900000 210.00000 43.99000 14.50800 148.50000
16 9 17 14 56 3082.80000 9.54900000 210.00000 43.99000 14.50800 148.50000
16 9 17 14 56 3082.80000 9.54900000 209.78000 43.86000 14.50800 148.50000
16 9 17 14 56 3065.00000 9.54900000 208.00000 43.78000 14.50800 148.50000
16 9 17 14 57 3062.10000 9.54900000 208.00000 43.60000 14.50800 148.50000
16 9 17 14 57 3050.00000 9.50000000 208.00000 43.60000 14.50800 148.50000
16 9 17 14 58 3049.60000 9.40100000 207.06000 43.03000 14.50800 148.50000
16 9 17 14 58 3045.00000 9.26200000 207.96000 43.03000 14.50800 148.50000
16 9 17 14 59 3040.10000 9.41000000 207.92000 43.09000 14.50800 148.50000
16 9 17 14 59 3036.20000 9.41000000 207.85000 43.13000 14.50800 148.50000
16 9 17 14 59 3063.70000 9.41000000 207.00000 43.00000 14.50800 148.50000
16 9 17 15 00 3047.00000 9.41000000 207.00000 43.00000 14.50800 148.50000
16 9 17 15 00 3043.10000 9.41000000 209.70000 43.43000 14.50800 148.50000
16 9 17 15 01 3047.00000 9.41000000 209.78000 43.43000 14.50800 148.50000
16 9 17 15 01 3047.00000 9.41000000 209.78000 43.43000 14.50800 148.50000
16 9 17 15 01 3062.30000 9.41000000 209.70000 43.43000 14.50800 148.50000
16 9 17 15 02 3062.30000 9.41000000 209.55000 43.43000 14.50800 148.50000
16 9 17 15 02 3055.00000 9.41000000 209.55000 43.43000 14.50800 148.50000
16 9 17 15 03 3055.00000 9.40000000 209.55000 43.04000 14.50800 148.50000
16 9 17 15 03 3062.00000 9.40000000 209.55000 43.04000 14.50800 148.50000
16 9 17 15 04 3062.00000 9.40000000 208.55000 43.13000 14.50800 148.50000
16 9 17 15 04 3062.00000 9.40000000 209.64000 43.28000 14.50800 148.50000
16 9 17 15 04 3051.20000 9.40000000 209.47000 43.30000 14.50800 148.50000
16 9 17 15 05 3052.50000 9.40000000 209.47000 43.30000 14.50800 148.50000
16 9 17 15 05 3052.50000 9.40000000 209.47000 43.30000 14.50800 148.50000
16 9 17 15 06 3052.50000 9.40000000 209.47000 43.28000 14.50800 148.50000
16 9 17 15 06 3051.50000 9.40000000 208.31000 43.28000 14.32100 148.50000
16 9 17 15 07 3050.50000 9.40000000 209.00000 43.28000 14.32100 148.50000
16 9 17 15 07 3050.00000 9.40000000 208.06000 43.28000 14.32100 148.50000
16 9 17 15 07 3047.00000 9.40000000 208.01000 43.28000 14.32100 148.50000
16 9 17 15 08 3047.00000 9.40000000 208.06000 43.28000 14.32100 148.50000
16 9 17 15 08 3050.70000 9.40000000 208.05000 43.28000 14.32100 148.50000
16 9 17 15 09 3051.00000 9.40000000 208.91000 43.27000 14.32100 148.50000
16 9 17 15 09 3051.00000 9.40000000 209.28000 43.27000 14.32100 147.07300
16 9 17 15 10 3051.00000 9.40000000 209.00000 43.71000 14.32100 147.09300
16 9 17 15 10 3051.00000 9.40000000 209.00000 43.27000 14.32100 147.09300
16 9 17 15 10 3078.90000 9.40000000 209.04000 43.27000 14.31800 147.09300
16 9 17 15 11 3051.10000 9.40000000 208.34000 43.23000 14.31800 147.09300
16 9 17 15 11 3063.00000 9.40000000 209.00000 43.23000 14.31800 147.09300
16 9 17 15 12 3078.60000 9.40000000 210.00000 43.66000 14.31800 147.09300
16 9 17 15 12 3078.60000 9.40000000 210.00000 43.66000 14.31800 147.09300
16 9 17 15 13 3088.50000 9.40000000 210.00000 43.66000 14.31800 147.09300
16 9 17 15 13 3080.00000 9.40000000 210.02000 43.66000 14.31800 147.09300
16 9 17 15 13 3084.60000 9.40000000 211.70000 43.66000 14.31800 147.09300
16 9 17 15 14 3084.60000 9.40000000 211.64000 43.66000 14.31800 147.09300
16 9 17 15 14 3084.50000 9.40000000 211.70000 43.66000 14.31800 147.09300
16 9 17 15 15 3084.50000 9.40000000 211.00000 43.66000 14.31800 147.09300
16 9 17 15 15 3084.50000 9.40000000 211.03000 43.66000 14.31800 147.09300
16 9 17 15 16 3079.90000 9.40000000 211.06000 43.60000 14.31800 147.09300
16 9 17 15 16 3084.50000 9.40000000 211.70000 43.60000 14.31800 147.09300
16 9 17 15 16 3078.00000 9.40000000 211.06000 43.65000 14.31800 147.09300
16 9 17 15 17 3073.20000 9.40000000 211.00000 43.65000 14.31800 147.09300
16 9 17 15 17 3070.30000 9.40000000 211.00000 43.65000 14.31800 147.09300
16 9 17 15 18 3074.90000 9.40000000 211.00000 43.66000 14.31800 147.09300
16 9 17 15 18 3074.90000 9.35000000 210.70000 43.65000 14.31800 147.09300
16 9 17 15 19 3070.60000 9.35000000 210.07000 43.65000 14.31800 147.09300
16 9 17 15 19 3068.00000 9.35000000 210.34000 43.63000 14.31800 147.09300
16 9 17 15 19 3070.30000 9.40000000 208.64000 43.50000 14.31800 147.09300
16 9 17 15 20 3063.20000 9.40000000 210.96000 43.65000 14.31800 147.09300
16 9 17 15 20 3063.20000 9.40000000 209.27000 43.65000 14.31800 147.09300
16 9 17 15 21 3063.20000 9.33000000 209.27000 43.65000 14.31800 147.09300
16 9 17 15 21 3070.00000 9.33000000 209.49000 43.50000 14.31800 147.09300
16 9 17 15 21 3059.40000 9.33000000 209.55000 43.50000 14.31800 147.09300
16 9 17 15 22 3057.50000 9.33000000 209.31000 43.48000 14.31800 147.09300
16 9 17 15 22 3058.40000 9.33700000 209.31000 43.48000 14.31800 147.09300
16 9 17 15 23 3065.20000 9.33700000 209.31000 43.35000 14.31800 147.09300
16 9 17 15 23 3070.00000 9.33300000 209.59000 43.35000 14.31800 147.09300
16 9 17 15 24 3066.80000 9.33300000 209.54000 43.35000 14.31800 147.09300
16 9 17 15 24 3069.60000 9.33500000 209.54000 43.12000 14.31800 147.09300
16 9 17 15 25 3070.00000 9.33500000 209.54000 43.01000 14.31800 147.09300
16 9 17 15 25 3067.00000 9.33600000 209.55000 43.03000 14.31800 147.09300
16 9 17 15 25 3067.00000 9.33600000 209.90000 43.10000 14.31800 147.09300
16 9 17 15 26 3060.00000 9.33600000 209.63000 43.08000 14.31800 147.09300
16 9 17 15 26 3059.90000 9.33700000 209.64000 43.06000 14.31800 147.09300
16 9 17 15 27 3070.00000 9.33700000 209.65000 43.10000 14.31800 147.09300
16 9 17 15 27 3059.90000 9.33700000 209.92000 43.00000 14.31800 147.09300
16 9 17 15 28 3059.90000 9.32800000 209.65000 43.00000 14.31800 147.09300
16 9 17 15 28 3055.00000 9.38000000 209.65000 42.92000 14.31800 147.09300
16 9 17 15 28 3055.10000 9.38000000 209.66000 42.89000 14.31800 147.50000
16 9 17 15 29 3056.00000 9.38000000 209.60000 42.89000 14.31800 147.50000
16 9 17 15 29 3051.00000 9.32500000 209.00000 43.00000 14.35000 147.50000
16 9 17 15 30 3051.10000 9.32500000 209.13000 42.88000 14.35000 147.50000
16 9 17 15 30 3054.80000 9.32500000 209.00000 42.97000 14.35000 147.50000
16 9 17 15 31 3044.60000 9.32500000 209.00000 42.96000 14.35000 147.50000
16 9 17 15 31 3044.40000 9.32500000 208.97000 42.97000 14.35000 147.50000
16 9 17 15 31 3043.80000 9.32500000 208.97000 42.97000 14.35000 147.50000
16 9 17 15 32 3043.60000 9.32500000 208.95000 42.95000 14.35000 147.50000
16 9 17 15 32 3040.50000 9.32500000 209.00000 43.00000 14.35000 147.50000
16 9 17 15 33 3043.60000 9.32500000 208.95000 43.00000 14.35000 147.00000
16 9 17 15 33 3035.80000 9.38000000 207.50000 42.97000 14.35000 147.00000
16 9 17 15 33 3043.00000 9.40000000 207.10000 42.98000 14.35000 147.00000
16 9 17 15 34 3037.00000 9.40000000 207.09000 42.95000 14.35000 147.00000
16 9 17 15 34 3042.00000 9.40000000 208.49000 42.95000 14.35000 147.00000
16 9 17 15 35 3043.60000 9.40000000 207.57000 42.98000 14.35000 147.00000
16 9 17 15 35 3036.10000 9.40000000 208.39000 43.30000 14.35000 147.41800
16 9 17 15 36 3036.40000 9.40000000 207.65000 43.32000 14.32600 146.79000
16 9 17 15 36 3035.80000 9.40000000 207.62000 43.32000 14.32600 146.79000
16 9 17 15 36 3043.00000 9.40000000 208.03000 43.32000 14.32600 146.79000
16 9 17 15 37 3042.90000 9.40000000 207.53000 42.97000 14.32600 146.79000
16 9 17 15 37 3043.00000 9.40000000 208.00000 42.96000 14.35100 146.79000
16 9 17 15 38 3043.00000 9.40000000 207.61000 43.17000 14.22685 146.79000
16 9 17 15 38 3043.00000 9.40000000 207.68000 43.18000 14.22685 146.79000
16 9 17 15 39 3043.60000 9.40000000 208.00000 43.18000 14.22685 146.79000
16 9 17 15 39 3039.00000 9.40000000 208.00000 43.18000 14.22685 146.79000
16 9 17 15 39 3039.10000 9.40000000 207.98000 43.13000 14.22685 146.79000
16 9 17 15 40 3039.10000 9.40000000 207.61000 43.13000 14.22685 146.79000
16 9 17 15 40 3039.10000 9.40000000 207.97000 42.79000 14.22685 146.79000
16 9 17 15 41 3056.10000 9.40000000 207.75000 42.77000 14.22685 146.79000
16 9 17 15 41 3054.30000 9.40000000 207.95000 43.09000 14.22685 146.79000
16 9 17 15 42 3054.20000 9.40000000 208.00000 43.08000 14.22685 146.79000
16 9 17 15 42 3043.10000 9.40000000 207.80000 43.08000 14.22685 146.79000
16 9 17 15 42 3043.20000 9.40000000 207.70000 43.08000 14.22685 146.79000
16 9 17 15 43 3035.80000 9.45900000 207.08000 43.09000 14.32000 146.79000
16 9 17 15 43 3035.00000 9.45900000 206.50000 43.09000 14.17100 146.79000
16 9 17 15 44 3030.00000 9.45900000 206.10000 43.09000 14.17100 146.21000
16 9 17 15 44 3026.00000 9.45900000 206.66000 42.89000 14.17100 146.78900
16 9 17 15 45 3029.90000 9.45900000 206.51000 42.63000 14.17100 146.78900
16 9 17 15 45 3029.90000 9.45900000 206.51000 42.63000 14.17100 146.78900
16 9 17 15 45 3026.00000 9.45900000 206.30000 43.13000 14.17100 146.78900
16 9 17 15 46 3020.00000 9.46500000 207.26000 42.60000 14.17100 146.78900
16 9 17 15 46 3032.60000 9.32400000 207.26000 42.65000 14.26500 146.78900
16 9 17 15 47 3032.60000 9.32400000 207.65000 42.44000 14.26500 146.78900
16 9 17 15 47 3033.20000 9.32400000 207.65000 42.94000 14.26500 146.78900
16 9 17 15 48 3030.10000 9.34000000 206.61000 42.92000 14.26500 146.78900
16 9 17 15 48 3030.20000 9.34000000 207.53000 42.57000 14.26500 146.78900
16 9 17 15 48 3027.80000 9.32000000 206.53000 42.57000 14.26500 146.78900
16 9 17 15 49 3027.80000 9.32000000 207.46000 42.57000 14.26500 145.65900
16 9 17 15 49 3021.00000 9.32000000 207.43000 42.57000 14.26500 145.65900
16 9 17 15 50 3021.00000 9.32000000 207.44000 42.57000 14.26500 145.65900
16 9 17 15 50 3023.80000 9.32000000 207.67000 42.60000 14.26500 145.65900
16 9 17 15 51 3021.00000 9.32000000 207.51000 42.64000 14.26500 145.65900
16 9 17 15 51 3029.60000 9.32000000 207.51000 42.64000 14.26500 145.50000
16 9 17 15 51 3024.50000 9.32000000 206.45000 42.64000 14.26500 145.50000
16 9 17 15 52 3026.00000 9.32000000 207.51000 42.60000 14.26500 145.00000
16 9 17 15 52 3021.00000 9.32000000 207.51000 42.60000 14.26500 145.49800
16 9 17 15 53 3022.10000 9.32000000 206.10000 42.60000 14.26500 145.49800
16 9 17 15 53 3022.10000 9.32000000 206.81000 42.44000 14.26500 145.49800
16 9 17 15 54 3022.10000 9.32000000 206.13000 42.44000 14.26500 145.00000
16 9 17 15 54 3022.30000 9.32000000 207.08000 42.44000 14.26500 145.00000
16 9 17 15 54 3022.20000 9.32000000 206.01000 42.44000 14.26500 145.00000
16 9 17 15 55 3023.00000 9.32000000 206.00000 42.44000 14.26500 145.00000
16 9 17 15 55 3023.00000 9.32000000 206.12000 42.44000 14.26500 145.00000
16 9 17 15 56 3023.00000 9.32000000 206.95000 42.43000 14.26500 145.00000
16 9 17 15 56 3022.40000 9.32000000 206.95000 42.43000 14.26500 145.00000
16 9 17 15 57 3022.10000 9.32000000 206.95000 42.45000 14.26500 145.00000
16 9 17 15 57 3020.10000 9.32000000 206.95000 42.45000 14.26500 145.00000
16 9 17 15 57 3020.10000 9.32000000 206.87000 42.46000 14.26500 145.00000
16 9 17 15 58 3020.10000 9.25700000 206.87000 42.76000 14.26500 145.00000
16 9 17 15 58 3020.50000 9.25700000 206.93000 42.76000 14.13700 145.00000
16 9 17 15 59 3022.90000 9.25700000 206.42000 42.76000 14.13700 145.00000
16 9 17 15 59 3022.70000 9.25700000 206.90000 42.78000 14.13700 145.00000
16 9 17 16 00 3022.70000 9.25700000 206.91000 42.78000 14.13700 145.00000
16 9 17 16 00 3022.70000 9.25700000 207.00000 42.95000 14.13700 145.00000
16 9 17 16 00 3024.50000 9.25700000 206.81000 42.95000 14.13700 145.00000
16 9 17 16 01 3023.10000 9.25300000 206.95000 42.65000 14.13700 145.00000
16 9 17 16 01 3024.00000 9.25700000 207.59000 43.00000 14.13700 145.00000
16 9 17 16 02 3047.00000 9.25700000 207.59000 42.50000 14.13700 145.00700
16 9 17 16 02 3035.70000 9.25700000 207.55000 42.83000 14.13700 145.00000
16 9 17 16 03 3044.20000 9.25600000 207.78000 43.40000 14.13700 145.00000
16 9 17 16 03 3044.30000 9.25600000 207.78000 43.13000 14.13700 145.00000
16 9 17 16 03 3044.30000 9.25600000 207.78000 43.13000 14.13700 145.00000
16 9 17 16 04 3043.20000 9.25700000 207.78000 43.13000 14.13700 145.00000
16 9 17 16 04 3044.70000 9.25700000 207.78000 43.13000 14.13700 145.00000
16 9 17 16 05 3044.50000 9.25700000 207.78000 43.04000 14.13700 145.00000
16 9 17 16 05 3045.00000 9.25700000 207.79000 43.04000 14.13700 145.00000
16 9 17 16 05 3044.50000 9.25700000 207.76000 43.04000 14.13700 145.00000
16 9 17 16 06 3044.50000 9.25700000 207.76000 42.76000 14.13700 145.00000
16 9 17 16 06 3045.00000 9.25700000 207.76000 42.76000 14.13700 145.00000
16 9 17 16 07 3044.50000 9.25700000 207.76000 42.76000 14.13700 145.00000
16 9 17 16 07 3044.90000 9.25700000 207.70000 42.78000 14.13700 145.00000
16 9 17 16 08 3044.90000 9.25700000 207.76000 42.78000 14.13700 145.00000
16 9 17 16 08 3044.50000 9.25700000 207.79000 42.78000 14.13700 145.00000
16 9 17 16 09 3037.80000 9.25700000 207.79000 42.77000 14.13800 145.00000
16 9 17 16 09 3025.20000 9.25700000 207.79000 42.76000 14.13800 145.00000
16 9 17 16 09 3041.20000 9.25700000 207.78000 42.76000 14.13800 145.00000
16 9 17 16 10 3041.00000 9.31000000 207.78000 42.86000 14.13800 145.00000
16 9 17 16 10 3035.10000 9.31000000 207.78000 42.75000 14.13800 145.00000
16 9 17 16 11 3036.00000 9.31000000 207.76000 42.75000 14.13800 146.52900
16 9 17 16 11 3035.00000 9.31000000 207.22000 42.75000 14.13800 146.52900
16 9 17 16 12 3031.90000 9.31000000 207.77000 42.51000 14.13800 145.00000
16 9 17 16 12 3028.10000 9.31000000 207.79000 42.51000 14.13800 145.00000
16 9 17 16 12 3024.00000 9.30000000 207.78000 42.51000 14.13800 145.00000
16 9 17 16 13 3024.70000 9.30000000 207.76000 42.52000 14.13800 145.00000
16 9 17 16 13 3024.10000 9.30000000 207.50000 42.52000 14.13800 145.00000
16 9 17 16 14 3024.30000 9.30000000 207.50000 42.52000 14.13800 144.04100
16 9 17 16 14 3024.60000 9.30000000 207.45000 42.52000 14.13800 146.24000
16 9 17 16 15 3023.00000 9.30000000 207.45000 42.63000 14.13800 146.24000
16 9 17 16 15 3024.60000 9.30000000 207.45000 42.55000 14.13800 146.24000
16 9 17 16 15 3023.10000 9.30000000 207.45000 42.45000 14.13800 146.24000
16 9 17 16 16 3023.40000 9.30000000 207.45000 42.45000 14.13800 146.24000
16 9 17 16 16 3019.50000 9.25300000 207.44000 42.51000 14.13800 146.24000
16 9 17 16 17 3024.90000 9.25300000 207.30000 42.44000 14.13800 146.24000
16 9 17 16 17 3027.80000 9.25300000 207.30000 42.46000 14.13800 146.24000
16 9 17 16 18 3025.10000 9.25300000 207.30000 42.46000 14.13800 146.24000
16 9 17 16 18 3025.10000 9.25300000 207.30000 42.44000 14.13800 146.24000
16 9 17 16 18 3024.10000 9.25300000 207.50000 42.46000 14.13800 146.24000
16 9 17 16 19 3025.00000 9.25300000 207.50000 42.46000 14.13800 146.24000
16 9 17 16 19 3027.10000 9.25300000 207.80000 42.46000 14.36900 146.24000
16 9 17 16 20 3027.70000 9.25300000 207.79000 42.41000 14.36900 146.24000
16 9 17 16 20 3028.00000 9.25300000 207.80000 42.49000 14.36900 146.24000
16 9 17 16 21 3028.00000 9.25300000 207.80000 42.60000 14.36900 146.24000
16 9 17 16 21 3028.00000 9.25300000 207.80000 42.60000 14.36900 146.24000
16 9 17 16 21 3039.90000 9.25300000 207.80000 42.60000 14.36900 146.24000
16 9 17 16 22 3039.90000 9.25300000 207.80000 42.59000 14.36900 146.24000
16 9 17 16 22 3039.90000 9.25300000 207.80000 42.60000 14.36900 146.24000
16 9 17 16 23 3031.50000 9.25300000 207.80000 42.58000 14.33300 146.24000
16 9 17 16 23 3030.00000 9.25300000 207.80000 42.58000 14.33300 146.24000
16 9 17 16 24 3030.00000 9.25300000 207.62000 42.44000 14.33300 146.24000
16 9 17 16 24 3030.00000 9.25300000 207.80000 42.44000 14.33300 146.24000
16 9 17 16 24 3030.00000 9.25300000 207.50000 42.46000 14.16200 146.24000
16 9 17 16 25 3030.00000 9.25300000 207.50000 42.46000 14.16200 146.24000
16 9 17 16 25 3040.30000 9.25300000 207.50000 42.46000 14.16200 146.24000
16 9 17 16 26 3036.70000 9.25300000 207.49000 42.81000 14.16200 146.24000
16 9 17 16 26 3037.10000 9.27500000 207.50000 42.73000 14.16200 146.24000
16 9 17 16 27 3037.20000 9.27500000 207.50000 42.71000 14.16200 146.24000
16 9 17 16 27 3037.00000 9.27500000 207.50000 42.75000 14.16200 146.24000
16 9 17 16 27 3032.60000 9.27500000 207.40000 42.75000 14.16200 146.24000
16 9 17 16 28 3033.00000 9.27500000 207.80000 42.75000 14.16200 146.24000
16 9 17 16 28 3036.80000 9.27500000 207.80000 42.70000 14.16200 146.24000
16 9 17 16 29 3037.00000 9.27500000 207.80000 43.00000 14.16200 146.24000
16 9 17 16 29 3045.20000 9.27500000 207.87000 42.71000 14.16200 146.24000
16 9 17 16 30 3049.20000 9.27500000 208.10000 42.71000 14.16200 145.73600
16 9 17 16 30 3059.20000 9.27500000 209.99000 43.14000 14.16200 145.73600
16 9 17 16 30 3059.20000 9.27500000 210.20000 43.14000 14.16200 145.73600
16 9 17 16 31 3057.70000 9.27250800 209.96000 43.14000 14.16200 145.73600
16 9 17 16 31 3057.70000 9.27250800 209.98000 43.14000 14.16200 145.73600
16 9 17 16 32 3055.00000 9.27250800 210.00000 43.14000 14.28800 145.73600
16 9 17 16 32 3064.70000 9.31000000 210.17000 43.23000 14.28800 145.73600
16 9 17 16 32 3068.90000 9.30800000 210.20000 43.14000 14.28800 145.73600
16 9 17 16 33 3062.10000 9.30800000 210.09000 43.14000 14.28800 145.73600
16 9 17 16 33 3069.30000 9.30800000 209.55000 42.80000 14.28800 145.73600
16 9 17 16 34 3058.50000 9.30800000 208.54000 42.80000 14.28800 145.73600
16 9 17 16 34 3062.00000 9.31000000 208.63000 42.80000 14.28800 145.73600
16 9 17 16 35 3069.90000 9.31000000 208.63000 42.80000 14.28800 145.73600
16 9 17 16 35 3069.70000 9.31000000 209.30000 43.09000 14.28800 145.73600
16 9 17 16 35 3066.10000 9.31254200 208.62000 43.09000 14.28800 146.00000
16 9 17 16 36 3068.70000 9.32000000 210.00000 43.14000 14.28800 146.00000
16 9 17 16 36 3069.00000 9.31800000 210.62000 43.10000 14.28800 146.00000
16 9 17 16 37 3068.70000 9.31800000 210.76000 43.12000 14.28800 146.00000
16 9 17 16 37 3067.20000 9.31800000 210.66000 43.14000 14.28800 146.00000
16 9 17 16 37 3066.90000 9.32000000 210.00000 43.14000 14.28800 146.00000
16 9 17 16 38 3063.40000 9.32000000 210.00000 43.12000 14.28800 146.00000
16 9 17 16 38 3060.10000 9.30600000 209.12000 43.14000 14.28800 146.00000
16 9 17 16 39 3060.00000 9.30600000 208.55000 43.11000 14.28800 146.00000
16 9 17 16 39 3060.00000 9.30600000 209.00000 43.24000 14.28800 146.00000
16 9 17 16 40 3055.00000 9.30600000 207.61000 43.38000 14.20100 146.00000
16 9 17 16 40 3052.90000 9.30600000 207.53000 43.40000 14.20100 146.00000
16 9 17 16 41 3047.30000 9.30600000 208.55000 43.40000 14.20100 146.00000
16 9 17 16 41 3057.30000 9.30600000 208.55000 43.40000 14.20100 146.00000
16 9 17 16 41 3058.50000 9.27600000 208.55000 43.12000 14.20100 146.00000
16 9 17 16 42 3055.20000 9.37600000 208.98000 43.30000 14.20100 146.00000
16 9 17 16 42 3055.30000 9.44100000 208.98000 43.30000 14.20100 146.00000
16 9 17 16 43 3048.50000 9.44100000 208.78000 43.30000 14.20100 146.00000
16 9 17 16 43 3057.00000 9.44100000 208.78000 43.30000 14.20100 146.00000
16 9 17 16 44 3057.00000 9.44100000 209.40000 43.30000 14.20100 146.00000
16 9 17 16 44 3056.10000 9.44100000 209.40000 43.30000 14.20100 146.00000
16 9 17 16 44 3056.30000 9.44100000 209.40000 43.30000 14.20100 146.00000
16 9 17 16 45 3060.00000 9.44100000 209.40000 43.06000 14.27600 146.00000
16 9 17 16 45 3060.00000 9.44100000 209.40000 43.06000 14.27600 146.00000
16 9 17 16 46 3060.00000 9.44100000 209.30000 43.06000 14.41800 146.00000
16 9 17 16 46 3057.30000 9.44100000 209.71000 43.06000 14.41200 146.00000
16 9 17 16 47 3059.90000 9.44100000 208.50000 43.06000 14.41200 146.00000
16 9 17 16 47 3059.90000 9.44100000 208.50000 43.06000 14.41200 146.00000
16 9 17 16 47 3059.80000 9.39900000 208.50000 43.23000 14.41200 146.80000
16 9 17 16 48 3060.00000 9.39900000 208.50000 43.24000 14.41200 146.80000
16 9 17 16 48 3060.50000 9.39900000 208.50000 43.24000 14.41200 146.80000
16 9 17 16 49 3060.60000 9.39900000 209.25000 43.24000 14.41200 146.80000
16 9 17 16 49 3060.10000 9.39900000 209.25000 43.24000 14.41200 146.80000
16 9 17 16 50 3062.90000 9.39900000 208.30000 43.24000 14.41200 146.80000
16 9 17 16 50 3062.90000 9.39900000 208.30000 43.14000 14.41200 146.80000
16 9 17 16 50 3060.10000 9.39900000 208.54000 43.38000 14.41200 146.80000
16 9 17 16 51 3062.90000 9.39900000 208.50000 43.15000 14.41200 146.80000
16 9 17 16 51 3060.90000 9.39900000 208.50000 43.10000 14.41200 146.80000
16 9 17 16 52 3062.00000 9.39900000 208.50000 43.12000 14.41200 146.80000
16 9 17 16 52 3061.10000 9.39900000 208.50000 43.11000 14.41200 146.80000
16 9 17 16 53 3060.90000 9.42800000 208.50000 43.11000 14.41200 146.80000
16 9 17 16 53 3060.90000 9.42800000 208.95000 43.25000 14.41200 146.80000
16 9 17 16 53 3060.90000 9.42800000 208.95000 43.25000 14.41200 146.80000
16 9 17 16 54 3062.30000 9.30200000 208.95000 43.10000 14.41200 146.80000
16 9 17 16 54 3062.00000 9.30200000 208.89000 43.10000 14.41200 146.80000
16 9 17 16 55 3060.90000 9.30200000 208.79000 43.10000 14.41200 146.80000
16 9 17 16 55 3062.90000 9.30200000 209.00000 43.10000 14.41200 147.37000
16 9 17 16 56 3063.10000 9.30200000 209.00000 43.10000 14.41200 147.37000
16 9 17 16 56 3068.00000 9.30200000 209.53000 43.10000 14.41200 147.37000
16 9 17 16 56 3072.20000 9.30200000 209.10000 43.10000 14.41200 147.37000
16 9 17 16 57 3070.20000 9.30200000 209.10000 43.33000 14.41200 147.37000
16 9 17 16 57 3072.20000 9.30200000 209.10000 43.33000 14.41200 147.37000
16 9 17 16 58 3074.40000 9.30200000 209.10000 43.33000 14.41200 147.37000
16 9 17 16 58 3077.70000 9.30200000 209.53000 43.33000 14.41200 147.37000
16 9 17 16 59 3079.90000 9.30200000 209.85000 43.33000 14.41200 147.37000
16 9 17 16 59 3072.30000 9.30200000 209.91000 43.33000 14.41200 147.37000
16 9 17 16 59 3072.60000 9.30200000 209.82000 43.33000 14.41200 147.37000
16 9 17 17 00 3079.50000 9.30200000 209.88000 43.29000 14.25300 147.37000
16 9 17 17 00 3074.20000 9.30200000 209.10000 43.29000 14.25300 147.37000
16 9 17 17 01 3079.30000 9.30200000 209.25000 43.30000 14.25300 147.37000
16 9 17 17 01 3074.30000 9.30200000 209.74000 43.30000 14.25300 147.37000
16 9 17 17 02 3074.20000 9.30200000 209.73000 43.30000 14.25300 147.37000
16 9 17 17 02 3079.00000 9.30200000 209.10000 43.30000 14.25300 147.37000
16 9 17 17 02 3079.00000 9.30200000 209.10000 43.30000 14.25300 147.37000
16 9 17 17 03 3079.00000 9.30200000 209.10000 43.30000 14.25300 147.37000
16 9 17 17 03 3074.30000 9.30200000 209.70000 43.44000 14.25300 147.37000
16 9 17 17 04 3074.30000 9.30200000 209.69000 43.44000 14.25300 147.37000
16 9 17 17 04 3074.20000 9.30200000 209.85000 43.44000 14.25300 147.37000
16 9 17 17 05 3076.00000 9.30200000 209.96000 43.44000 14.25300 147.37000
16 9 17 17 05 3076.00000 9.30200000 209.96000 43.44000 14.25300 147.37000
16 9 17 17 05 3075.90000 9.30200000 209.85000 43.44000 14.25300 147.37000
16 9 17 17 06 3075.90000 9.30200000 209.89000 43.44000 14.25300 147.37000
16 9 17 17 06 3075.90000 9.30200000 209.85000 43.44000 14.25300 147.37000
16 9 17 17 07 3075.90000 9.30200000 209.85000 43.44000 14.25300 147.37000
16 9 17 17 07 3072.60000 9.30200000 209.85000 43.44000 14.25300 147.37000
16 9 17 17 08 3072.70000 9.30200000 209.74000 43.44000 14.25300 147.50000
16 9 17 17 08 3075.20000 9.30200000 209.42000 43.23000 14.25300 146.90000
16 9 17 17 08 3074.00000 9.30200000 209.73000 43.25000 14.25300 146.90000
16 9 17 17 09 3072.20000 9.30200000 209.98000 43.23000 14.25300 146.90000
16 9 17 17 09 3072.50000 9.33900000 209.32000 43.42000 14.25300 146.90000
16 9 17 17 10 3071.90000 9.33900000 209.32000 43.42000 14.25300 146.90000
16 9 17 17 10 3062.30000 9.33900000 209.32000 43.42000 14.25300 146.90000
16 9 17 17 11 3057.60000 9.33900000 209.32000 43.42000 14.25300 146.90000
16 9 17 17 11 3058.00000 9.33900000 209.30000 43.42000 14.25300 146.90000
16 9 17 17 11 3069.70000 9.33900000 209.30000 43.37000 14.25300 146.90000
16 9 17 17 12 3068.00000 9.33900000 208.94000 43.37000 14.25300 146.90000
16 9 17 17 12 3049.90000 9.33900000 208.94000 43.37000 14.25300 146.90000
16 9 17 17 13 3066.80000 9.33900000 208.94000 43.37000 14.25300 146.90000
16 9 17 17 13 3061.90000 9.33900000 208.94000 43.37000 14.25300 146.90000
16 9 17 17 13 3057.90000 9.33900000 208.94000 43.37000 14.25300 146.90000
16 9 17 17 14 3048.20000 9.33900000 208.93000 43.37000 14.25300 146.90000
16 9 17 17 14 3044.80000 9.33900000 208.94000 43.23000 14.25300 146.90000
16 9 17 17 15 3044.80000 9.33900000 208.92000 43.22000 14.25300 146.90000
16 9 17 17 15 3044.80000 9.33900000 208.92000 43.26000 14.25300 146.90000
16 9 17 17 16 3044.80000 9.33900000 208.92000 43.00000 14.25300 146.90000
16 9 17 17 16 3043.70000 9.33900000 208.88000 43.00000 14.25300 146.90000
16 9 17 17 16 3043.70000 9.33900000 208.40000 42.96000 14.25300 146.90000
16 9 17 17 17 3043.50000 9.33900000 208.40000 42.96000 14.25300 146.90000
16 9 17 17 17 3050.70000 9.33900000 208.89000 42.96000 14.25300 146.90000
16 9 17 17 18 3045.40000 9.33900000 208.89000 42.80000 14.25300 146.90000
16 9 17 17 18 3050.20000 9.33900000 208.89000 42.80000 14.25300 146.90000
16 9 17 17 19 3038.50000 9.33900000 208.76000 42.80000 14.25300 146.90000
16 9 17 17 19 3038.50000 9.33900000 208.77000 42.80000 14.25300 146.90000
16 9 17 17 19 3038.50000 9.33900000 208.80000 42.80000 14.25300 146.90000
16 9 17 17 20 3038.50000 9.33900000 208.75000 42.80000 14.25300 146.90000
16 9 17 17 20 3038.50000 9.33900000 208.75000 42.80000 14.25300 146.90000
16 9 17 17 21 3044.70000 9.33900000 208.73000 42.80000 14.25300 146.90000
16 9 17 17 21 3051.00000 9.33900000 208.52000 42.80000 14.25300 146.90000
16 9 17 17 22 3050.90000 9.33900000 208.52000 42.80000 14.25300 146.90000
16 9 17 17 22 3052.90000 9.30000000 208.48000 42.80000 14.25300 146.90000
16 9 17 17 22 3050.90000 9.30000000 208.40000 42.80000 14.25300 146.90000
16 9 17 17 23 3048.00000 9.30000000 208.69000 42.80000 14.25300 146.90000
16 9 17 17 23 3057.40000 9.30000000 208.69000 42.80000 14.25300 146.90000
16 9 17 17 24 3057.30000 9.30000000 208.75000 42.80000 14.25300 146.90000
16 9 17 17 24 3050.60000 9.30000000 210.41000 42.80000 14.25300 146.90000
16 9 17 17 25 3059.00000 9.30000000 209.80000 43.16000 14.25300 146.90000
16 9 17 17 25 3056.90000 9.30000000 209.80000 43.16000 14.25300 146.90000
16 9 17 17 25 3060.30000 9.30000000 209.80000 43.14000 14.25300 146.90000
16 9 17 17 26 3061.90000 9.30000000 209.80000 43.14000 14.25300 146.90000
16 9 17 17 26 3060.60000 9.30000000 209.80000 43.14000 14.25300 146.90000
16 9 17 17 27 3056.80000 9.30000000 209.27000 43.14000 14.25300 146.90000
16 9 17 17 27 3060.50000 9.37000000 209.29000 43.18000 14.25300 146.90000
16 9 17 17 28 3060.00000 9.37000000 209.29000 43.24000 14.25300 146.90000
16 9 17 17 28 3059.50000 9.37000000 209.31000 43.24000 14.25300 146.90000
16 9 17 17 28 3056.80000 9.37000000 209.31000 43.24000 14.25300 146.90000
16 9 17 17 29 3056.80000 9.37000000 209.68000 43.24000 14.25300 146.90000
16 9 17 17 29 3056.80000 9.37000000 209.33000 43.24000 14.25300 146.90000
16 9 17 17 30 3057.10000 9.37000000 209.67000 43.24000 14.25300 146.90000
16 9 17 17 30 3060.30000 9.37000000 209.67000 43.24000 14.25300 146.90000
16 9 17 17 31 3060.30000 9.37000000 209.67000 43.24000 14.25300 146.90000
16 9 17 17 31 3059.50000 9.37000000 209.67000 43.24000 14.25300 146.90000
16 9 17 17 31 3059.50000 9.37000000 209.67000 43.24000 14.25300 146.90000
16 9 17 17 32 3059.10000 9.37000000 209.77000 43.24000 14.25300 146.90000
16 9 17 17 32 3058.50000 9.37000000 209.93000 43.24000 14.25300 146.90000
16 9 17 17 33 3062.00000 9.37000000 209.93000 42.98000 14.25300 146.90000
16 9 17 17 33 3062.00000 9.37000000 209.93000 43.29000 14.25300 146.90000
16 9 17 17 34 3061.00000 9.37000000 209.98000 42.95000 14.25300 146.90000
16 9 17 17 34 3061.10000 9.37000000 210.17000 43.45000 14.25300 146.90000
16 9 17 17 35 3060.80000 9.37000000 210.17000 43.45000 14.25300 146.90000
16 9 17 17 35 3062.00000 9.37000000 210.11000 43.45000 14.25300 146.90000
16 9 17 17 35 3062.00000 9.37000000 210.11000 43.45000 14.25300 146.90000
16 9 17 17 36 3062.00000 9.37000000 210.11000 43.45000 14.25300 146.90000
16 9 17 17 36 3062.00000 9.37000000 210.11000 43.45000 14.25300 146.90000
16 9 17 17 37 3066.20000 9.37000000 210.11000 43.45000 14.25300 146.90000
16 9 17 17 37 3066.00000 9.37000000 210.17000 43.38000 14.25300 146.90000
16 9 17 17 37 3065.90000 9.37000000 210.45000 43.38000 14.25300 146.90000
16 9 17 17 38 3065.20000 9.37000000 210.50000 43.44000 14.25300 146.90000
16 9 17 17 38 3064.70000 9.37000000 210.50000 43.44000 14.25300 146.90000
16 9 17 17 39 3064.30000 9.37000000 210.20000 43.44000 14.25300 146.90000
16 9 17 17 39 3064.30000 9.37000000 210.92000 43.44000 14.25300 146.90000
16 9 17 17 39 3063.40000 9.37000000 210.79000 43.24000 14.25300 146.90000
16 9 17 17 40 3063.40000 9.43600000 210.79000 43.24000 14.25300 146.90000
16 9 17 17 40 3063.50000 9.43600000 210.79000 43.42000 14.25300 146.90000
16 9 17 17 41 3063.50000 9.43600000 210.79000 43.42000 14.25300 146.90000
16 9 17 17 41 3062.10000 9.43600000 210.94000 43.42000 14.25300 146.90000
16 9 17 17 42 3063.00000 9.43600000 210.94000 43.40000 14.25300 146.90000
16 9 17 17 42 3062.10000 9.43600000 210.93000 43.16000 14.25300 147.69900
16 9 17 17 43 3061.10000 9.43600000 210.99000 43.16000 14.25300 147.69900
16 9 17 17 43 3061.10000 9.43600000 210.99000 43.16000 14.25300 147.69900
16 9 17 17 43 3061.20000 9.43600000 210.90000 43.16000 14.25300 147.65700
16 9 17 17 44 3061.20000 9.43600000 210.88000 43.16000 14.39500 147.65700
16 9 17 17 44 3061.10000 9.43600000 210.85000 43.16000 14.39500 147.65700
16 9 17 17 45 3061.10000 9.43600000 210.82000 43.34000 14.39500 147.65700
16 9 17 17 45 3061.10000 9.43600000 210.82000 43.34000 14.39500 147.65700
16 9 17 17 46 3061.80000 9.43600000 210.85000 43.14000 14.39500 147.65700
16 9 17 17 46 3061.10000 9.43600000 210.83000 43.14000 14.39500 147.65700
16 9 17 17 46 3067.90000 9.43600000 211.00000 43.11000 14.39500 147.65700
16 9 17 17 47 3068.00000 9.43600000 210.23000 43.11000 14.39500 147.65700
16 9 17 17 47 3067.20000 9.43600000 210.99000 43.11000 14.39500 147.65700
16 9 17 17 48 3067.90000 9.43600000 210.95000 43.32000 14.48900 147.40000
16 9 17 17 48 3067.90000 9.43500000 210.97000 43.34000 14.48900 146.80000
16 9 17 17 49 3068.00000 9.43500000 210.97000 43.34000 14.48900 146.80000
16 9 17 17 49 3068.00000 9.43500000 210.97000 43.34000 14.48900 146.80000
16 9 17 17 49 3069.70000 9.43500000 210.95000 43.34000 14.48900 146.80000
16 9 17 17 50 3070.30000 9.43500000 210.97000 43.34000 14.48900 146.80000
16 9 17 17 50 3068.20000 9.43500000 210.97000 43.28000 14.45900 146.80000
16 9 17 17 51 3068.00000 9.43500000 211.98000 43.30000 14.45900 146.51100
16 9 17 17 51 3069.30000 9.43500000 210.46000 43.30000 14.45900 146.51100
16 9 17 17 52 3070.10000 9.31500000 210.52000 43.22000 14.45900 146.51100
16 9 17 17 52 3069.90000 9.31500000 210.76000 43.30000 14.45900 146.51100
16 9 17 17 52 3065.20000 9.31500000 210.74000 43.30000 14.44500 146.51100
16 9 17 17 53 3069.90000 9.31500000 210.80000 43.34000 14.44500 146.51100
16 9 17 17 53 3069.70000 9.31500000 210.77000 43.32000 14.44500 146.51100
16 9 17 17 54 3065.60000 9.31500000 210.80000 43.32000 14.44500 146.51100
16 9 17 17 54 3065.00000 9.31500000 211.00000 43.34000 14.44500 146.51100
16 9 17 17 54 3065.00000 9.31500000 211.49000 43.34000 14.44500 146.51100
16 9 17 17 55 3065.00000 9.31500000 211.01000 43.34000 14.44500 146.51100
16 9 17 17 55 3065.00000 9.31500000 211.01000 43.34000 14.44500 146.51100
16 9 17 17 56 3063.50000 9.31500000 211.50000 43.34000 14.44500 146.51100
16 9 17 17 56 3063.50000 9.31500000 211.10000 43.34000 14.44500 146.51100
16 9 17 17 57 3065.00000 9.40800000 211.50000 43.34000 14.44500 146.51100
16 9 17 17 57 3062.00000 9.40800000 211.11000 43.34000 14.44500 146.51100
16 9 17 17 58 3064.90000 9.40800000 211.11000 43.34000 14.44500 146.51100
16 9 17 17 58 3065.00000 9.40800000 211.13000 43.34000 14.44500 146.51100
16 9 17 17 58 3070.30000 9.40800000 212.72000 43.34000 14.44500 146.51100
16 9 17 17 59 3067.40000 9.40800000 211.06000 43.34000 14.44500 146.51100
16 9 17 17 59 3074.00000 9.40800000 212.39000 43.34000 14.44500 146.51100
16 9 17 18 00 3075.50000 9.40800000 212.39000 43.34000 14.44500 146.51100
16 9 17 18 00 3084.90000 9.40800000 212.39000 43.40000 14.44500 146.51100
16 9 17 18 01 3085.00000 9.40800000 213.00000 43.35000 14.44500 146.51100
16 9 17 18 01 3086.40000 9.40000000 213.00000 43.75000 14.44500 146.51100
16 9 17 18 01 3092.50000 9.45000000 213.00000 43.75000 14.44500 147.98900
16 9 17 18 02 3086.40000 9.45000000 213.00000 43.75000 14.44500 147.98900
16 9 17 18 02 3089.90000 9.45000000 212.39000 43.75000 14.44500 147.98900
16 9 17 18 03 3086.90000 9.40000000 212.39000 43.71000 14.44500 147.98900
16 9 17 18 03 3089.50000 9.46300000 212.39000 43.70000 14.44500 147.90800
16 9 17 18 04 3089.50000 9.46300000 212.39000 43.70000 14.44500 147.90800
16 9 17 18 04 3089.40000 9.46300000 212.39000 43.71000 14.44500 147.90800
16 9 17 18 04 3086.90000 9.46300000 212.39000 43.50000 14.44500 147.90800
16 9 17 18 05 3087.20000 9.46300000 212.39000 43.50000 14.44500 146.50100
16 9 17 18 05 3086.20000 9.46300000 212.39000 43.50000 14.57500 146.50100
16 9 17 18 06 3088.00000 9.46300000 212.39000 43.50000 14.57500 149.05000
16 9 17 18 06 3086.90000 9.46300000 212.39000 43.60000 15.00100 149.05000
16 9 17 18 07 3088.00000 9.46300000 210.50000 43.50000 15.00100 149.05000
16 9 17 18 07 3086.90000 9.46300000 210.50000 43.50000 15.00100 149.05000
16 9 17 18 07 3086.90000 9.46300000 210.50000 43.43000 15.00100 149.05000
16 9 17 18 08 3093.50000 9.46300000 210.50000 43.48000 15.00100 149.05000
16 9 17 18 08 3094.10000 9.46300000 213.00000 43.48000 15.00100 149.01900
16 9 17 18 09 3100.60000 9.46400000 213.00000 43.60000 15.00100 148.99900
16 9 17 18 09 3114.00000 9.46400000 213.00000 43.36000 15.00100 148.99900
16 9 17 18 10 3121.70000 9.46400000 213.00000 43.55000 15.00100 148.99900
16 9 17 18 10 3122.00000 9.46400000 213.00000 43.96000 15.00100 148.99900
16 9 17 18 10 3124.60000 9.63200000 213.00000 43.80000 15.00100 148.99900
16 9 17 18 11 3124.60000 9.52100000 213.00000 44.42000 15.00100 148.99900
16 9 17 18 11 3125.50000 9.63000000 213.00000 44.38000 15.00100 148.99900
16 9 17 18 12 3124.00000 9.52000000 213.00000 44.40000 14.98300 148.99900
16 9 17 18 12 3136.50000 9.52000000 213.00000 44.42000 14.98300 148.99900
16 9 17 18 13 3132.90000 9.52000000 213.00000 44.02000 14.98300 151.98900
16 9 17 18 13 3132.90000 9.52000000 213.00000 44.37000 14.98300 151.98900
16 9 17 18 13 3131.10000 9.52000000 213.00000 44.37000 14.98300 151.98900
16 9 17 18 14 3130.00000 9.52000000 213.00000 44.02000 14.98300 151.94000
16 9 17 18 14 3130.00000 9.63200000 213.00000 44.06000 14.98300 151.94000
16 9 17 18 15 3130.10000 9.63200000 213.00000 44.10000 14.98300 151.94000
16 9 17 18 15 3130.00000 9.63200000 213.00000 43.80000 14.98300 151.98000
16 9 17 18 15 3130.30000 9.63200000 213.00000 44.07000 14.70000 151.98000
16 9 17 18 16 3130.10000 9.63200000 214.10000 44.00000 14.70000 151.98000
16 9 17 18 16 3137.80000 9.63200000 215.86000 43.91000 14.70000 151.98000
16 9 17 18 17 3137.70000 9.63200000 215.75000 44.09000 14.70000 151.98000
16 9 17 18 17 3137.80000 9.63200000 216.05000 44.09000 14.70000 151.95900
16 9 17 18 18 3137.80000 9.63200000 215.97000 44.09000 14.70000 151.95900
16 9 17 18 18 3131.10000 9.63000000 216.05000 44.10000 14.70000 151.95900
16 9 17 18 18 3134.80000 9.63000000 216.05000 44.79000 14.70000 151.95900
16 9 17 18 19 3131.10000 9.63000000 215.98000 44.79000 14.70000 151.95900
16 9 17 18 19 3131.10000 9.60000000 215.98000 44.74000 14.70000 151.95900
16 9 17 18 20 3131.10000 9.60000000 215.98000 44.76000 14.70000 151.95900
16 9 17 18 20 3131.10000 9.60000000 215.98000 44.76000 14.70000 151.93000
16 9 17 18 21 3131.10000 9.60000000 215.98000 44.76000 14.70000 151.93000
16 9 17 18 21 3131.00000 9.60000000 215.98000 44.76000 14.70000 151.93000
16 9 17 18 21 3131.00000 9.59000000 215.96000 44.76000 14.70000 151.93000
16 9 17 18 22 3130.80000 9.59000000 215.98000 44.76000 14.70000 151.93000
16 9 17 18 22 3130.80000 9.59000000 215.80000 44.18000 14.70000 151.93000
16 9 17 18 23 3130.80000 9.59000000 215.60000 44.60000 14.70000 151.90900
16 9 17 18 23 3130.80000 9.59000000 215.73000 44.16000 14.70000 151.90900
16 9 17 18 24 3130.80000 9.59000000 215.22000 44.15000 14.70000 151.90900
16 9 17 18 24 3130.80000 9.59000000 214.56000 44.15000 14.70000 151.90900
16 9 17 18 24 3130.80000 9.51300000 215.18000 44.10000 14.70000 149.90000
16 9 17 18 25 3121.80000 9.51300000 215.18000 44.10000 14.70000 149.90000
16 9 17 18 25 3118.90000 9.51300000 215.18000 44.18000 14.70000 149.90000
16 9 17 18 26 3120.80000 9.51300000 215.15000 44.18000 14.70000 149.90000
16 9 17 18 26 3114.30000 9.51300000 215.10000 44.40000 14.70000 151.70000
16 9 17 18 26 3120.70000 9.51300000 214.70000 44.22000 14.70000 151.70000
16 9 17 18 27 3121.10000 9.51300000 214.71000 44.34000 14.70000 151.70000
16 9 17 18 27 3124.40000 9.52000000 214.33000 44.18000 14.70000 151.70000
16 9 17 18 28 3124.20000 9.52000000 214.73000 44.18000 14.70000 151.70000
16 9 17 18 28 3123.80000 9.52000000 214.68000 44.18000 14.70000 151.70000
16 9 17 18 29 3124.60000 9.52000000 214.90000 44.18000 14.89800 149.88000
16 9 17 18 29 3124.60000 9.51100000 214.90000 44.17000 14.89800 149.88100
16 9 17 18 30 3124.20000 9.51100000 215.49000 44.13000 14.89800 149.54000
16 9 17 18 30 3124.50000 9.51100000 215.49000 44.13000 14.89800 149.54000
16 9 17 18 30 3124.20000 9.51000000 215.49000 44.17000 14.89800 149.54000
16 9 17 18 31 3124.50000 9.51000000 215.45000 44.16000 14.89800 150.00000
16 9 17 18 31 3131.10000 9.51000000 215.76000 44.21000 14.89800 150.00000
16 9 17 18 32 3134.70000 9.57800000 216.05000 44.21000 14.89800 150.00000
16 9 17 18 32 3137.40000 9.57800000 216.00000 44.31000 14.89800 150.00000
16 9 17 18 32 3137.30000 9.57800000 216.00000 44.52000 14.86700 150.00000
16 9 17 18 33 3143.20000 9.57800000 216.06000 44.52000 14.86700 150.00000
16 9 17 18 33 3145.00000 9.57800000 217.55000 44.51000 14.86700 151.29800
16 9 17 18 34 3149.00000 9.57800000 217.04000 44.51000 14.86700 150.10000
16 9 17 18 34 3150.00000 9.57800000 217.52000 44.51000 14.86700 150.10000
16 9 17 18 35 3150.00000 9.57800000 217.04000 44.47000 14.86700 150.10000
16 9 17 18 35 3154.00000 9.57800000 217.53000 44.52000 14.86700 151.29700
16 9 17 18 36 3152.00000 9.51500000 217.50000 44.52000 14.86700 151.29700
16 9 17 18 36 3162.00000 9.51500000 217.50000 44.52000 14.86700 151.29700
16 9 17 18 36 3155.90000 9.68100000 217.14000 44.52000 14.86700 151.29700
16 9 17 18 37 3155.90000 9.68100000 217.13000 44.51000 14.86700 151.29700
16 9 17 18 37 3154.00000 9.68100000 217.00000 44.51000 14.86700 151.29600
16 9 17 18 38 3155.00000 9.68100000 217.00000 44.50000 14.86700 151.29600
16 9 17 18 38 3155.00000 9.68100000 217.00000 44.84000 14.86700 151.29600
16 9 17 18 39 3155.00000 9.68100000 217.00000 44.84000 14.86700 151.87500
16 9 17 18 39 3155.00000 9.68100000 217.05000 44.70000 14.86700 151.87500
16 9 17 18 39 3155.00000 9.68000000 217.05000 44.70000 14.86700 151.87600
16 9 17 18 40 3155.00000 9.76700000 217.10000 44.70000 14.86700 151.87600
16 9 17 18 40 3156.00000 9.66300000 217.10000 44.52000 14.86700 151.87600
16 9 17 18 41 3159.60000 9.66300000 217.11000 44.52000 14.86700 151.87600
16 9 17 18 41 3156.00000 9.66500000 217.12000 44.52000 14.86700 151.93700
16 9 17 18 42 3159.00000 9.66500000 217.13000 44.70000 14.86700 151.93700
16 9 17 18 42 3159.50000 9.53400000 217.13000 44.52000 14.86700 151.93600
16 9 17 18 42 3159.60000 9.53400000 217.14000 44.52000 14.86700 151.93600
16 9 17 18 43 3159.60000 9.53400000 217.14000 44.52000 14.86700 151.97000
16 9 17 18 43 3161.80000 9.53400000 217.13000 44.65000 14.86700 151.98000
16 9 17 18 44 3161.80000 9.53400000 217.10000 44.65000 14.86700 151.97900
16 9 17 18 44 3159.60000 9.53400000 217.10000 44.65000 14.86700 151.97900
16 9 17 18 45 3159.70000 9.53400000 217.00000 44.65000 14.86700 151.97900
16 9 17 18 45 3160.00000 9.53400000 217.00000 44.65000 14.86700 151.97900
16 9 17 18 45 3161.40000 9.53400000 217.00000 44.50000 14.86700 151.98000
16 9 17 18 46 3160.00000 9.53400000 217.00000 44.31000 14.86700 151.98000
16 9 17 18 46 3159.60000 9.53400000 217.00000 44.32000 14.86700 151.98000
16 9 17 18 47 3159.80000 9.53400000 216.98000 44.32000 14.86700 151.98000
16 9 17 18 47 3159.60000 9.53400000 217.00000 44.32000 14.86700 151.98000
16 9 17 18 47 3155.10000 9.53400000 217.05000 44.32000 14.86700 151.98000
16 9 17 18 48 3155.10000 9.53400000 217.14000 44.58000 14.86700 151.98000
16 9 17 18 48 3155.10000 9.53400000 216.80000 44.58000 14.86700 150.64300
16 9 17 18 49 3155.10000 9.53400000 216.80000 44.58000 14.86700 151.96000
16 9 17 18 49 3140.10000 9.53400000 217.10000 44.58000 14.86700 151.96000
16 9 17 18 50 3120.40000 9.53400000 216.53000 44.58000 14.86700 151.96000
16 9 17 18 50 3121.00000 9.60900000 216.29000 44.58000 14.86700 151.96000
16 9 17 18 50 3120.00000 9.60900000 216.01000 44.36000 14.86700 151.96000
16 9 17 18 51 3120.00000 9.54500000 216.01000 44.22000 14.86700 150.70000
16 9 17 18 51 3116.80000 9.54500000 215.99000 44.22000 14.86700 150.68000
16 9 17 18 52 3120.00000 9.54500000 215.82000 44.22000 14.86700 150.68000
16 9 17 18 52 3120.00000 9.54500000 215.80000 44.22000 14.86700 150.66400
16 9 17 18 52 3140.00000 9.54500000 215.80000 44.22000 14.86700 150.68000
16 9 17 18 53 3140.00000 9.54500000 215.81000 44.22000 14.86700 150.68000
16 9 17 18 53 3131.90000 9.54500000 215.99000 44.22000 14.86700 150.68000
16 9 17 18 54 3135.10000 9.54500000 215.99000 44.02000 14.86700 150.68000
16 9 17 18 54 3140.00000 9.54500000 216.01000 44.40000 14.86700 151.76400
16 9 17 18 55 3139.80000 9.54000000 216.29000 44.00000 14.86700 150.68200
16 9 17 18 55 3143.00000 9.54000000 216.29000 44.00000 14.86700 150.68200
16 9 17 18 56 3148.00000 9.54000000 215.76000 44.00000 14.86700 151.72000
16 9 17 18 56 3148.00000 9.54000000 215.94000 44.12000 14.86700 151.72000
16 9 17 18 56 3148.00000 9.54000000 215.94000 44.12000 14.86700 151.76400
16 9 17 18 57 3148.00000 9.57700000 215.94000 44.12000 14.86700 152.00000
16 9 17 18 57 3148.00000 9.57700000 216.00000 44.12000 14.86700 152.00000
16 9 17 18 58 3148.00000 9.57700000 217.00000 44.40000 14.86700 152.00000
16 9 17 18 58 3148.00000 9.57700000 217.00000 44.23000 14.86700 152.03678
16 9 17 18 58 3148.00000 9.57700000 217.00000 44.23000 15.00000 153.99900
16 9 17 18 59 3148.00000 9.57700000 217.10000 44.40000 15.00000 153.99900
16 9 17 18 59 3148.00000 9.57700000 217.08000 44.40000 15.00000 153.99900
16 9 17 19 00 3148.00000 9.57700000 217.10000 44.40000 15.00000 153.99900
16 9 17 19 00 3148.00000 9.57700000 217.00000 44.28000 15.00000 153.99900
16 9 17 19 01 3148.00000 9.57700000 216.54000 44.25000 15.00000 153.99900
16 9 17 19 01 3149.00000 9.58200000 216.98000 44.25000 15.00000 153.99900
16 9 17 19 02 3149.00000 9.60200000 216.59000 44.52000 14.73000 153.99900
16 9 17 19 02 3149.00000 9.60200000 216.95000 44.56000 14.73000 153.99900
16 9 17 19 02 3149.00000 9.54000000 216.97000 44.56000 14.73000 153.99900
16 9 17 19 03 3149.00000 9.59800000 216.95000 44.56000 14.73000 153.99900
16 9 17 19 03 3149.00000 9.59800000 216.95000 44.56000 14.73000 153.99900
16 9 17 19 04 3149.00000 9.60000000 216.56000 44.56000 14.73000 152.07100
16 9 17 19 04 3149.00000 9.54000000 216.56000 44.56000 14.73000 152.07100
