20 5 17 00 00 1750.00000 6.56233000 110.79941 24.35991 15.09999 93.23424
20 5 17 00 00 1749.52600 6.56233000 110.90000 24.35991 15.09998 92.30594
20 5 17 00 01 1749.50800 6.56233000 110.90000 24.30000 15.09998 92.30594
20 5 17 00 02 1749.50800 6.56233000 110.90000 24.30000 15.09998 92.30594
20 5 17 00 02 1749.50800 6.56233000 110.15052 24.30000 15.09998 92.30594
20 5 17 00 03 1748.18900 6.56233000 110.69989 24.30000 15.09998 92.30594
20 5 17 00 03 1747.02300 6.56233000 110.69989 24.30000 15.09998 92.30594
20 5 17 00 04 1747.02400 6.67325000 110.69995 24.34499 15.09998 92.30594
20 5 17 00 04 1749.11100 6.67325000 110.58925 24.34499 15.09998 92.20146
20 5 17 00 05 1749.11300 6.67325000 110.69969 24.34499 15.09998 92.20146
20 5 17 00 05 1747.21500 6.67325000 110.47685 24.30002 15.09998 92.20146
20 5 17 00 06 1747.25000 6.67325000 110.18927 24.30002 15.09998 92.20146
20 5 17 00 06 1747.25000 6.67325000 110.18927 24.30000 15.09988 92.20146
20 5 17 00 07 1750.90400 6.67325000 110.00000 24.30000 15.09988 92.20146
20 5 17 00 07 1750.90400 6.67325000 110.48170 24.30000 15.09988 92.20146
20 5 17 00 08 1749.99800 6.67325000 110.48170 24.30724 15.09988 92.20146
20 5 17 00 08 1749.99800 6.67325000 110.48170 24.30724 15.09988 92.20146
20 5 17 00 09 1750.00000 6.67325000 110.00013 24.32801 15.09999 92.20146
20 5 17 00 09 1750.18000 6.67325000 110.01504 24.25800 15.09998 92.20146
20 5 17 00 10 1750.18000 6.69472000 110.35000 24.25800 15.09999 92.20146
20 5 17 00 10 1750.00000 6.70676000 110.47083 24.25800 15.09999 92.20146
20 5 17 00 11 1750.00000 6.70683000 110.46988 24.25800 15.10000 92.20146
20 5 17 00 11 1751.13200 6.70683000 110.25001 24.25800 15.03032 92.20146
20 5 17 00 12 1750.03100 6.70683000 110.68000 24.25800 15.00565 92.20146
20 5 17 00 12 1750.03100 6.71520000 110.35986 24.25800 15.09998 92.20146
20 5 17 00 13 1750.03100 6.71520000 110.35986 24.25800 15.09998 92.20146
20 5 17 00 13 1750.03100 6.71520000 110.35986 24.25800 15.09998 92.20146
20 5 17 00 14 1749.99900 6.71533000 111.12129 24.25800 15.09998 92.20146
20 5 17 00 14 1751.20600 6.71533000 111.12129 24.34000 15.09998 92.20146
20 5 17 00 15 1751.20600 6.73499000 110.50000 24.36000 15.09998 92.20559
20 5 17 00 15 1751.00000 6.74940000 111.00000 24.32600 15.09998 92.20559
20 5 17 00 16 1751.99900 6.74940000 111.11109 24.33000 15.09999 92.20559
20 5 17 00 16 1751.99900 6.74830000 111.39991 24.33000 15.09999 92.20559
20 5 17 00 17 1751.99900 6.74830000 111.40000 24.33000 15.09999 92.20559
20 5 17 00 17 1751.99900 6.74813000 111.40000 24.33000 15.09999 92.20559
20 5 17 00 18 1752.00000 6.74813000 111.40000 24.33000 15.09999 92.20559
20 5 17 00 18 1752.00000 6.74813000 111.40000 24.35800 15.09999 93.22645
20 5 17 00 19 1750.23800 6.74813000 111.40000 24.35800 15.09999 93.22645
20 5 17 00 20 1748.16300 6.76441000 111.40000 24.35800 15.09999 93.22645
20 5 17 00 20 1748.16300 6.74720000 111.52253 24.27000 15.09999 93.22645
20 5 17 00 20 1748.16300 6.74720000 111.66600 24.27000 15.09998 93.22645
20 5 17 00 21 1751.65800 6.74720000 111.76685 24.27000 15.09998 93.22645
20 5 17 00 22 1748.84900 6.74720000 111.99000 24.27000 15.09998 93.22645
20 5 17 00 22 1749.07200 6.74720000 111.99000 24.25000 15.09998 93.22657
20 5 17 00 22 1748.86600 6.77479000 111.99000 24.25000 15.09998 93.22657
20 5 17 00 23 1747.00000 6.77479000 112.49876 24.25000 15.09999 93.22657
20 5 17 00 23 1749.16500 6.77479000 112.52843 24.25300 15.09999 93.22705
20 5 17 00 24 1751.97800 6.77479000 112.52843 24.25300 15.09990 93.22705
20 5 17 00 25 1751.84900 6.77479000 112.50000 24.25300 15.09990 93.22705
20 5 17 00 25 1751.00700 6.77479000 112.74999 24.25300 15.09990 93.22705
20 5 17 00 25 1751.95900 6.78516000 112.49995 24.25100 15.09999 93.22705
20 5 17 00 26 1748.38100 6.79516000 113.12085 24.25100 15.10000 93.22705
20 5 17 00 27 1748.76300 6.80000000 112.69345 24.25100 15.14057 93.22816
20 5 17 00 27 1751.94100 6.78322000 112.69347 24.25100 15.12383 93.22816
20 5 17 00 28 1751.94100 6.80592000 112.16613 24.25100 15.12383 93.22816
20 5 17 00 28 1751.32800 6.81734000 112.99998 24.25100 15.11867 93.22816
20 5 17 00 29 1751.32800 6.81899000 112.99996 24.25100 15.11530 93.22816
20 5 17 00 29 1751.32800 6.81899000 112.54211 24.25000 15.11530 93.22816
20 5 17 00 30 1751.97800 6.81734000 113.00000 24.25000 15.11530 93.22816
20 5 17 00 30 1748.92200 6.81734000 113.00000 24.25000 15.11530 93.22816
20 5 17 00 31 1751.20500 6.82877000 112.54491 24.31900 15.11530 93.22816
20 5 17 00 31 1751.98200 6.82949000 112.99599 24.30300 15.11530 93.22816
20 5 17 00 32 1751.11000 6.81736000 112.54323 24.25000 15.11530 93.22816
20 5 17 00 32 1752.00000 6.81736000 112.48072 24.28695 15.11530 93.22816
20 5 17 00 33 1753.52500 6.83502000 112.48072 24.28695 15.11530 93.23069
20 5 17 00 33 1753.90100 6.83502000 112.54233 24.25000 15.11530 93.23069
20 5 17 00 34 1753.90100 6.83502000 112.05000 24.24900 15.11530 93.23069
20 5 17 00 34 1754.88900 6.83502000 112.05000 24.20000 15.11530 93.23069
20 5 17 00 35 1754.42900 6.84097000 112.05004 24.20000 15.11530 93.23069
20 5 17 00 35 1755.82500 6.84097000 112.53963 24.09400 15.11530 93.23069
20 5 17 00 36 1756.24300 6.84097000 112.50000 24.11964 15.11530 93.23069
20 5 17 00 36 1756.24400 6.81736000 112.40000 24.17899 15.11530 93.23069
20 5 17 00 37 1756.27100 6.81736000 112.64687 24.00091 15.11530 93.23069
20 5 17 00 37 1757.00100 6.83000000 112.81992 24.00090 15.11530 93.23069
20 5 17 00 38 1756.32100 6.83043000 112.99594 24.00092 15.11530 93.23069
20 5 17 00 38 1757.40000 6.83042000 113.12090 24.00092 15.11530 93.23069
20 5 17 00 39 1756.39000 6.84000000 113.32282 24.00092 15.11530 93.23069
20 5 17 00 39 1757.38200 6.84000000 113.49998 23.96300 15.11530 93.23069
20 5 17 00 40 1757.35100 6.84000000 113.49999 23.99500 15.11530 93.23069
20 5 17 00 40 1757.35100 6.81735000 113.49999 23.99500 15.11530 93.23069
20 5 17 00 41 1757.35100 6.81735000 114.04998 23.99500 15.11530 93.23069
20 5 17 00 41 1757.35100 6.81735000 114.05809 24.02299 15.11530 93.74970
20 5 17 00 42 1756.60600 6.78032000 114.05987 24.02299 15.11530 93.74970
20 5 17 00 42 1756.64100 6.78032000 114.05999 24.02299 15.11530 93.74970
20 5 17 00 43 1756.66000 6.78032000 114.10000 24.02299 15.11530 93.74970
20 5 17 00 43 1756.65100 6.78032000 114.10000 24.09699 15.11530 93.74970
20 5 17 00 44 1756.65100 6.78032000 113.70001 24.09700 15.11530 93.74970
20 5 17 00 44 1757.35000 6.78032000 114.27890 24.09700 15.11530 93.74970
20 5 17 00 45 1757.35100 6.83500000 114.34908 24.09700 15.11530 93.74970
20 5 17 00 45 1757.35100 6.83500000 114.34830 24.09700 15.11530 93.74970
20 5 17 00 46 1757.34800 6.83500000 114.33975 24.09700 15.11530 93.74970
20 5 17 00 47 1756.66500 6.76665000 114.33975 24.09700 15.11530 93.74970
20 5 17 00 47 1757.33200 6.76666000 114.29991 24.09700 15.11530 93.74970
20 5 17 00 48 1757.33300 6.70761000 114.22998 24.09700 15.11530 93.74970
20 5 17 00 48 1757.39700 6.70761000 114.00000 24.09700 15.11530 93.74970
20 5 17 00 49 1757.40000 6.77496000 114.22967 24.09700 15.11530 93.74970
20 5 17 00 49 1757.40000 6.77495000 114.14998 24.09700 15.11530 93.74970
20 5 17 00 49 1757.39000 6.78018000 113.50019 24.09700 15.11530 93.74970
20 5 17 00 50 1757.39000 6.78018000 113.99989 24.09700 15.11530 93.74970
20 5 17 00 51 1757.33400 6.77808000 113.99999 24.09700 15.11530 93.74970
20 5 17 00 51 1757.33300 6.77808000 113.50044 24.09700 15.11530 93.74970
20 5 17 00 52 1757.39000 6.77808000 113.50044 24.09603 15.11530 93.74970
20 5 17 00 52 1757.39000 6.77808000 113.99987 24.09603 15.11530 93.74970
20 5 17 00 53 1757.39000 6.77808000 114.15000 24.09603 15.11530 93.74970
20 5 17 00 53 1757.39000 6.77808000 114.25000 24.20794 15.11530 93.74970
20 5 17 00 54 1757.38100 6.79828000 113.99992 24.20794 15.11530 93.74970
20 5 17 00 54 1757.40000 6.79828000 113.99992 24.20794 15.11530 93.74970
20 5 17 00 55 1758.00200 6.79828000 114.34938 24.09801 15.11530 93.74970
20 5 17 00 55 1759.09700 6.79828000 114.34938 24.09801 15.11530 93.74970
20 5 17 00 56 1759.90900 6.79828000 114.34999 24.09801 15.11530 93.74970
20 5 17 00 56 1759.90800 6.79828000 114.10000 24.09801 15.11530 93.74970
20 5 17 00 57 1758.34600 6.79828000 114.10000 24.09801 15.11530 93.74970
20 5 17 00 57 1758.00000 6.79828000 113.60000 24.09801 15.15366 93.74970
20 5 17 00 58 1756.84800 6.79828000 113.84948 24.09801 15.19898 93.74970
20 5 17 00 58 1756.84900 6.79450000 113.50000 24.09801 15.19898 93.74970
20 5 17 00 59 1753.92000 6.79450000 113.99988 24.08000 14.93948 93.74970
20 5 17 00 59 1756.95900 6.71088000 113.50004 24.11800 14.93948 93.74970
20 5 17 01 00 1754.52100 6.71088000 113.49995 24.11800 14.93948 93.74970
20 5 17 01 00 1755.66000 6.71088000 113.50000 24.11800 14.93948 93.74970
20 5 17 01 01 1756.83100 6.71088000 113.50000 24.16800 14.93948 93.74970
20 5 17 01 01 1756.81300 6.71088000 113.84860 24.16800 14.93948 93.74970
20 5 17 01 02 1756.81100 6.71088000 113.00000 24.21732 14.93948 94.33865
20 5 17 01 02 1756.79500 6.71088000 113.84843 24.21732 14.93948 94.33868
20 5 17 01 03 1757.31600 6.71088000 113.84822 24.22300 14.93948 94.33868
20 5 17 01 03 1757.31600 6.71088000 113.84822 24.22779 14.93948 93.74963
20 5 17 01 04 1757.99900 6.72000000 113.67980 24.22779 14.93948 93.74963
20 5 17 01 04 1759.89800 6.70000000 113.67980 24.22779 14.93948 93.74963
20 5 17 01 05 1757.32200 6.70000000 113.67934 24.22779 14.93948 93.74963
20 5 17 01 05 1759.90000 6.68495000 113.67915 24.22705 14.93948 93.74963
20 5 17 01 06 1757.33400 6.70001000 113.32281 24.26520 14.93948 93.74963
20 5 17 01 06 1759.89600 6.70001000 113.32281 24.32705 14.93948 93.74963
20 5 17 01 07 1757.33300 6.70001000 113.29988 24.33490 14.93948 93.74963
20 5 17 01 07 1757.37000 6.70001000 113.29972 24.36080 14.93948 93.00250
20 5 17 01 08 1757.99900 6.70001000 113.29972 24.36080 14.93948 93.00250
20 5 17 01 09 1757.99900 6.70001000 113.29983 24.36080 14.93948 93.00250
20 5 17 01 09 1757.99900 6.70001000 113.28999 24.40600 14.93948 93.00250
20 5 17 01 10 1757.50000 6.76029000 112.46361 24.48374 14.93948 93.00250
20 5 17 01 10 1757.35200 6.76029000 112.46361 24.48600 14.93948 93.00250
20 5 17 01 11 1756.81200 6.70131000 113.28972 24.50901 14.93948 93.00250
20 5 17 01 11 1756.26200 6.70082000 113.28970 24.52495 14.93948 93.00250
20 5 17 01 12 1757.35000 6.70000000 113.28947 24.56615 15.29901 93.00250
20 5 17 01 12 1755.00000 6.70000000 113.00008 24.56616 15.29901 93.00250
20 5 17 01 13 1755.00000 6.70000000 113.28940 24.56600 15.29901 93.00250
20 5 17 01 13 1755.00000 6.70000000 113.28940 24.56600 15.29901 93.00250
20 5 17 01 14 1755.00000 6.70000000 113.28940 24.56600 15.29901 93.00250
20 5 17 01 14 1754.64000 6.66723000 113.28916 24.56600 15.29901 93.00250
20 5 17 01 15 1754.63300 6.66723000 113.59988 24.56600 15.06577 93.00250
20 5 17 01 15 1754.80000 6.66723000 113.28907 24.59002 15.06577 92.82150
20 5 17 01 16 1754.80000 6.66723000 113.28907 24.58900 15.06565 92.82149
20 5 17 01 16 1754.74200 6.66723000 113.28907 24.58900 15.06565 92.82149
20 5 17 01 17 1754.80000 6.66723000 113.28907 24.58900 15.21590 92.82149
20 5 17 01 17 1754.98500 6.66723000 113.28903 24.58900 15.21590 92.82149
20 5 17 01 18 1754.98500 6.66723000 113.59941 24.58900 15.18463 92.82149
20 5 17 01 18 1757.33200 6.66723000 113.60000 24.56601 15.21625 92.82149
20 5 17 01 19 1755.11000 6.66723000 113.60000 24.56601 15.21625 92.82149
20 5 17 01 19 1755.12000 6.66723000 113.13420 24.55000 15.21625 92.82149
20 5 17 01 20 1757.33300 6.66723000 113.13420 24.52900 15.21625 92.82149
20 5 17 01 21 1757.35200 6.66723000 113.40399 24.52303 15.21625 92.82149
20 5 17 01 21 1757.35200 6.66723000 113.59900 24.56601 15.21625 92.82149
20 5 17 01 21 1757.35200 6.75472000 114.16698 24.54900 15.21627 92.82149
20 5 17 01 22 1757.35200 6.75472000 114.08299 24.54903 15.21627 92.82149
20 5 17 01 23 1757.35200 6.75472000 113.35489 24.54903 15.21627 92.82149
20 5 17 01 23 1757.35200 6.75267000 113.11603 24.54903 15.21627 92.82149
20 5 17 01 24 1757.35200 6.75267000 113.11603 24.54903 15.09127 92.82149
20 5 17 01 24 1757.35200 6.75267000 113.11603 24.54903 15.09127 92.82149
20 5 17 01 25 1757.48200 6.75267000 113.11603 24.54903 15.09125 92.82149
20 5 17 01 25 1759.96600 6.75267000 113.11603 24.58697 15.09125 92.82149
20 5 17 01 26 1757.56000 6.75267000 113.11618 24.60399 15.09125 92.82149
20 5 17 01 26 1759.99900 6.75267000 114.05291 24.60397 15.09125 92.82149
20 5 17 01 27 1759.99900 6.75267000 114.05291 24.60397 15.09125 92.82149
20 5 17 01 27 1760.00000 6.75267000 114.05291 24.60397 15.09125 92.82149
20 5 17 01 28 1760.17100 6.75267000 114.05273 24.60397 15.09125 92.82149
20 5 17 01 28 1757.78000 6.75267000 114.05273 24.53603 15.09125 92.82149
20 5 17 01 29 1757.78000 6.75267000 114.05273 24.60593 15.09125 92.82149
20 5 17 01 29 1759.99500 6.74119000 113.99989 24.59394 15.09125 92.82149
20 5 17 01 30 1759.99900 6.66951000 113.99966 24.59394 15.09125 92.82149
20 5 17 01 30 1760.00000 6.66951000 113.29719 24.59390 15.09125 92.82149
20 5 17 01 31 1760.00000 6.66951000 113.29719 24.59390 15.09125 92.82149
20 5 17 01 31 1758.08000 6.66951000 113.29727 24.59390 15.09125 92.82149
20 5 17 01 32 1760.40900 6.74044000 113.94993 24.59390 15.09125 92.82149
20 5 17 01 32 1763.40400 6.74044000 113.94993 24.59390 15.09125 92.82149
20 5 17 01 33 1763.00000 6.70000000 113.94993 24.65000 15.09125 92.82149
20 5 17 01 33 1762.74400 6.70000000 113.29763 24.55702 15.09125 92.82149
20 5 17 01 34 1762.01700 6.70000000 113.29763 24.60000 15.09125 92.82149
20 5 17 01 34 1762.00000 6.70000000 113.30033 24.60000 15.09125 92.82149
20 5 17 01 35 1763.38400 6.70000000 113.55853 24.57101 15.09125 92.82149
20 5 17 01 36 1763.36500 6.70000000 113.55854 24.57101 15.09125 92.82149
20 5 17 01 36 1763.36500 6.70000000 113.55854 24.57407 15.09125 92.82149
20 5 17 01 36 1763.36500 6.70000000 113.29634 24.57408 15.09125 92.82149
20 5 17 01 37 1763.40400 6.70000000 113.01560 24.53301 15.09125 92.82149
20 5 17 01 37 1763.50400 6.70000000 113.01560 24.53301 15.09125 92.82149
20 5 17 01 38 1763.50400 6.70000000 112.99999 24.53300 15.09125 92.82149
20 5 17 01 39 1763.50400 6.70000000 112.99990 24.46400 15.09125 92.82149
20 5 17 01 39 1762.99900 6.70000000 112.99990 24.46400 15.09125 92.82149
20 5 17 01 40 1762.99900 6.70000000 112.99990 24.40600 15.09125 92.82149
20 5 17 01 40 1763.00000 6.70000000 112.99619 24.40601 15.09125 92.82149
20 5 17 01 41 1762.09800 6.70000000 112.99619 24.34002 15.09125 92.82149
20 5 17 01 41 1762.09800 6.70000000 112.67847 24.34002 15.09125 92.82149
20 5 17 01 42 1762.01000 6.70000000 112.50000 24.34002 15.09125 92.82149
20 5 17 01 42 1761.99900 6.70000000 112.58000 24.34002 15.09125 92.82149
20 5 17 01 43 1762.00000 6.66000000 112.49993 24.40601 15.09125 92.82149
20 5 17 01 43 1762.00000 6.66000000 112.50000 24.42500 15.09125 92.82149
20 5 17 01 44 1762.00000 6.66000000 112.50000 24.42496 15.09125 92.82149
20 5 17 01 44 1762.00000 6.66000000 112.67740 24.42496 15.09125 92.82149
20 5 17 01 45 1761.15400 6.65953000 112.50000 24.40500 15.09125 92.82149
20 5 17 01 45 1760.74700 6.65953000 112.50000 24.40599 15.09125 92.82149
20 5 17 01 46 1761.98100 6.62996000 111.90165 24.40599 15.09125 92.82149
20 5 17 01 46 1762.00000 6.62001000 111.65387 24.40599 15.09125 92.82149
20 5 17 01 47 1761.98100 6.62001000 111.65372 24.40599 15.09125 92.82149
20 5 17 01 47 1761.99900 6.60756000 112.00793 24.40592 14.94637 92.82149
20 5 17 01 48 1760.78200 6.60756000 111.65372 24.41000 14.94637 92.82149
20 5 17 01 48 1760.81800 6.60756000 111.65372 24.42600 14.94638 92.82149
20 5 17 01 49 1761.99000 6.60756000 111.45804 24.41000 14.94638 92.82149
20 5 17 01 49 1762.09800 6.60000000 111.30759 24.41000 14.94638 92.82149
20 5 17 01 50 1762.89800 6.60000000 111.32985 24.41000 14.94651 92.82149
20 5 17 01 50 1763.50500 6.60000000 111.32985 24.41000 14.94657 92.82149
20 5 17 01 51 1764.49596 6.60000000 111.32985 24.41000 14.94657 92.82149
20 5 17 01 51 1762.14100 6.60000000 111.83000 24.41000 14.86531 92.82149
20 5 17 01 52 1765.00000 6.60000000 111.83000 24.41000 14.86531 92.82149
20 5 17 01 53 1765.60100 6.60001000 111.32987 24.41000 14.86531 92.82149
20 5 17 01 53 1766.00000 6.60001000 111.82894 24.41000 14.86531 92.82149
20 5 17 01 53 1766.18000 6.60001000 111.11069 24.41000 14.86531 92.82149
20 5 17 01 54 1765.40500 6.60002000 111.11069 24.41000 14.86531 92.82149
20 5 17 01 54 1765.40500 6.60002000 111.11069 24.40400 14.86531 92.82149
20 5 17 01 55 1766.10300 6.60002000 111.11132 24.40400 14.86531 92.82149
20 5 17 01 56 1765.40500 6.60002000 111.34317 24.51496 14.86531 92.82149
20 5 17 01 56 1765.40500 6.60002000 111.34293 24.42206 14.89547 92.82149
20 5 17 01 57 1766.16200 6.60002000 111.34293 24.42206 14.93273 92.82149
20 5 17 01 57 1766.16100 6.60002000 111.89585 24.42206 14.93273 92.82149
20 5 17 01 57 1763.13000 6.60002000 111.89585 24.42206 14.93273 92.82149
20 5 17 01 58 1765.42200 6.60002000 111.15841 24.42206 14.93273 92.82149
20 5 17 01 58 1765.42200 6.60002000 111.15841 24.42206 14.93273 92.82149
20 5 17 01 59 1765.42100 6.69490000 110.70001 24.42206 14.93273 92.82149
20 5 17 01 59 1763.18000 6.60000000 111.79041 24.42206 14.93273 92.82149
20 5 17 02 00 1765.41500 6.60000000 111.79041 24.42206 14.93273 92.82149
20 5 17 02 01 1765.41000 6.60000000 112.15169 24.34003 14.93273 92.82149
20 5 17 02 01 1765.40600 6.59597000 112.15169 24.34003 14.93273 92.82149
20 5 17 02 02 1765.40300 6.59597000 112.03220 24.34003 14.93273 92.82149
20 5 17 02 02 1765.39700 6.59597000 112.83880 24.41799 14.93273 92.82149
20 5 17 02 03 1765.39800 6.59597000 112.83830 24.34701 15.05983 92.82149
20 5 17 02 03 1763.26000 6.59597000 112.83829 24.41799 15.05984 92.82149
20 5 17 02 04 1763.27200 6.57292000 112.83829 24.41799 15.05984 92.82149
20 5 17 02 04 1763.31200 6.57292000 112.80000 24.41799 15.05984 92.82149
20 5 17 02 05 1763.28800 6.57292000 112.80000 24.41799 15.05984 92.82149
20 5 17 02 05 1763.31100 6.57292000 112.80000 24.41799 15.06009 92.82149
20 5 17 02 06 1763.30200 6.57292000 112.72545 24.41799 15.06009 92.82149
20 5 17 02 06 1765.36200 6.57294000 112.72548 24.41799 15.10931 92.82149
20 5 17 02 07 1763.04900 6.57294000 112.72548 24.41799 15.10931 92.82149
20 5 17 02 07 1763.06400 6.57294000 112.99943 24.41799 15.11155 92.82149
20 5 17 02 08 1764.00000 6.69287000 113.04804 24.34002 15.11155 92.82149
20 5 17 02 08 1763.06400 6.69287000 113.49799 24.31994 15.11154 92.82149
20 5 17 02 09 1763.06200 6.69287000 113.49650 24.31994 15.11151 92.82149
20 5 17 02 09 1763.06400 6.69287000 113.49650 24.31994 15.06385 92.82149
20 5 17 02 10 1763.06400 6.69287000 113.49400 24.31994 15.11155 92.82149
20 5 17 02 10 1763.06400 6.56160000 113.49400 24.31994 15.11155 92.82149
20 5 17 02 11 1763.06400 6.56160000 113.43270 24.31994 15.11147 92.82149
20 5 17 02 11 1763.06400 6.55145000 113.43270 24.31994 15.21617 92.82149
20 5 17 02 12 1763.06400 6.55000000 113.43269 24.31994 15.11149 92.82149
20 5 17 02 13 1763.98100 6.56000000 113.43269 24.31994 15.11149 92.82149
20 5 17 02 13 1764.00000 6.56000000 113.43269 24.22704 15.11149 92.82149
20 5 17 02 13 1762.11200 6.56000000 113.49959 24.17601 15.11149 92.82149
20 5 17 02 14 1764.00000 6.58000000 113.49959 24.17601 15.11149 92.82149
20 5 17 02 15 1765.31100 6.58000000 113.00000 24.23645 15.11149 92.82149
20 5 17 02 15 1765.19900 6.58000000 113.00000 24.23645 15.11149 92.39661
20 5 17 02 16 1764.97700 6.58000000 113.43969 24.23645 15.11149 92.39661
20 5 17 02 16 1764.88500 6.58000000 113.49959 24.23645 15.11149 92.39661
20 5 17 02 17 1764.99700 6.58000000 112.90090 24.23645 15.11149 92.39661
20 5 17 02 17 1764.99600 6.58000000 112.90095 24.23645 15.17596 92.39661
20 5 17 02 18 1764.65000 6.58000000 112.90099 24.23645 15.17596 92.39661
20 5 17 02 18 1762.35100 6.58000000 112.90000 24.23645 15.17596 92.39661
20 5 17 02 19 1760.60000 6.59000000 112.72545 24.23645 15.17596 92.39661
20 5 17 02 19 1764.97900 6.59000000 112.86999 24.23645 15.17596 92.39661
20 5 17 02 20 1764.75400 6.59001000 112.86999 24.23645 14.97203 92.39661
20 5 17 02 20 1764.96100 6.59001000 112.73400 24.23645 14.97203 92.39661
20 5 17 02 21 1764.99700 6.59001000 112.53809 24.23645 14.97203 92.39661
20 5 17 02 21 1764.99700 6.62000000 112.53809 24.27365 14.97203 92.39661
20 5 17 02 22 1763.65300 6.62000000 112.53809 24.27365 14.97203 92.39661
20 5 17 02 22 1764.99700 6.62000000 112.53809 24.27362 14.97203 92.39661
20 5 17 02 23 1764.99700 6.62000000 112.03361 24.27362 14.97203 92.39661
20 5 17 02 23 1765.00000 6.62000000 112.03361 24.27359 14.97203 92.39661
20 5 17 02 24 1764.99500 6.62000000 111.48904 24.32199 14.97203 92.39661
20 5 17 02 24 1763.40700 6.62000000 111.48904 24.32199 14.97203 92.39661
20 5 17 02 25 1764.41000 6.62049000 111.48904 24.32199 14.97203 93.29422
20 5 17 02 25 1763.52000 6.62000000 111.63607 24.32199 14.97203 93.29428
20 5 17 02 26 1763.52200 6.54189000 111.63610 24.32199 14.97203 93.29428
20 5 17 02 26 1761.54000 6.54189000 111.63616 24.32199 14.97203 93.29428
20 5 17 02 27 1760.60100 6.54189000 111.63616 24.32199 14.97203 93.29428
20 5 17 02 27 1761.52400 6.54189000 111.63616 24.32199 14.97203 93.29428
20 5 17 02 28 1761.60100 6.61339000 111.63616 24.32199 14.97203 92.24225
20 5 17 02 28 1760.54300 6.61339000 111.63616 24.32199 14.97203 92.24225
20 5 17 02 29 1764.20000 6.61339000 111.63616 24.32199 14.97203 92.24225
20 5 17 02 29 1764.20000 6.61339000 111.63616 24.32199 14.97203 92.24225
20 5 17 02 30 1764.20000 6.67902000 112.30396 24.32199 14.97203 92.24225
20 5 17 02 30 1761.14000 6.67902000 111.75645 24.32199 14.97203 92.24225
20 5 17 02 31 1764.20000 6.67902000 111.75645 24.32199 14.97203 92.24225
20 5 17 02 31 1764.20000 6.67902000 111.75645 24.32199 14.97203 92.24225
20 5 17 02 32 1761.20000 6.67902000 111.75645 24.32199 14.97203 92.24225
20 5 17 02 32 1764.20100 6.67902000 111.75645 24.32199 15.21612 92.24225
20 5 17 02 33 1761.24900 6.67902000 112.40024 24.32199 15.21612 92.24225
20 5 17 02 34 1761.25100 6.67902000 112.40024 24.32199 15.21612 92.24225
20 5 17 02 34 1764.30200 6.67902000 112.40024 24.32199 15.21612 92.24225
20 5 17 02 35 1764.30200 6.67902000 112.83180 24.32199 15.21612 92.24225
20 5 17 02 35 1764.30200 6.67902000 112.83180 24.32199 15.21612 92.24225
20 5 17 02 36 1764.30200 6.67902000 113.32281 24.32199 15.21612 92.24225
20 5 17 02 36 1764.18800 6.67902000 113.33000 24.32199 15.21612 92.24225
20 5 17 02 37 1760.88700 6.67902000 113.33002 24.25499 15.21612 92.24225
20 5 17 02 37 1760.88700 6.67902000 113.33002 24.27594 15.21612 92.24225
20 5 17 02 38 1763.46500 6.67902000 113.49329 24.27594 15.21612 92.24225
20 5 17 02 38 1763.46500 6.67902000 113.33003 24.27594 15.21612 92.24225
20 5 17 02 39 1760.88700 6.67902000 113.33003 24.27594 15.21612 92.24225
20 5 17 02 39 1760.00000 6.67902000 113.33003 24.27594 15.21612 92.24225
20 5 17 02 40 1760.00000 6.67902000 113.33000 24.27594 15.21612 92.24225
20 5 17 02 40 1760.00000 6.67902000 113.33000 24.27594 15.21612 92.24225
20 5 17 02 41 1760.00000 6.67902000 113.33000 24.18101 15.21612 92.24225
20 5 17 02 41 1758.25000 6.67902000 113.49935 24.22300 15.21612 92.24225
20 5 17 02 42 1763.44600 6.67902000 113.49943 24.22300 15.21612 94.04140
20 5 17 02 42 1763.44600 6.67902000 113.49943 24.22300 15.21612 94.04140
20 5 17 02 43 1764.05700 6.67902000 113.49999 24.22300 15.21612 94.04140
20 5 17 02 43 1764.29000 6.67902000 113.49999 24.22300 15.21612 94.04140
20 5 17 02 44 1764.25900 6.67902000 113.49999 24.22300 15.19988 94.04140
20 5 17 02 44 1759.08200 6.67902000 113.49999 24.31185 15.19988 94.13412
20 5 17 02 45 1764.24000 6.67902000 113.49999 24.31185 15.19988 94.13412
20 5 17 02 45 1762.90600 6.67902000 113.49999 24.31185 15.19988 94.13412
20 5 17 02 46 1762.90600 6.67902000 113.49548 24.31185 15.19988 94.13412
20 5 17 02 46 1763.66300 6.67902000 113.49533 24.40595 15.19988 94.13412
20 5 17 02 47 1763.66000 6.67902000 112.50000 24.40594 15.19988 94.61014
20 5 17 02 47 1763.66100 6.67902000 112.50000 24.40595 15.19988 94.61014
20 5 17 02 48 1763.66300 6.67902000 112.50000 24.40595 15.19988 94.61014
20 5 17 02 48 1759.94800 6.67902000 112.50000 24.44820 15.19988 94.61014
20 5 17 02 49 1760.05900 6.67902000 112.50015 24.41000 15.19988 94.61014
20 5 17 02 49 1763.66300 6.67902000 112.50015 24.40594 15.19988 94.61014
20 5 17 02 50 1760.28300 6.67902000 113.45609 24.40594 15.19988 94.61014
20 5 17 02 50 1763.66300 6.67902000 113.45609 24.39000 15.19988 94.61014
20 5 17 02 51 1763.66200 6.67902000 113.29984 24.39000 15.19988 94.61014
20 5 17 02 51 1765.00000 6.67902000 113.45000 24.39000 15.19988 94.41251
20 5 17 02 52 1764.30200 6.67902000 113.45000 24.39002 15.19988 94.41251
20 5 17 02 52 1763.33000 6.67902000 113.38743 24.39004 15.19988 94.41251
20 5 17 02 53 1763.58900 6.67902000 113.38743 24.31805 15.19988 94.41251
20 5 17 02 53 1763.69900 6.67902000 113.29984 24.31805 15.19988 94.41251
20 5 17 02 54 1764.30200 6.67902000 113.29984 24.18301 15.19988 94.41251
20 5 17 02 55 1766.00700 6.67902000 113.29984 24.32800 15.19988 94.41251
20 5 17 02 55 1763.04200 6.67902000 113.29984 24.32800 15.19988 94.41251
20 5 17 02 56 1764.94000 6.67902000 113.29984 24.32800 15.19988 94.41251
20 5 17 02 56 1764.54000 6.67902000 113.00000 24.32800 15.19998 94.41251
20 5 17 02 57 1764.53900 6.67902000 113.00000 24.22404 15.19999 94.41251
20 5 17 02 57 1763.46600 6.67902000 113.00000 24.22404 15.19999 94.41251
20 5 17 02 58 1760.26000 6.67902000 112.98999 24.22404 15.19999 94.41251
20 5 17 02 58 1763.33500 6.67902000 112.98997 24.22404 15.19999 94.41251
20 5 17 02 59 1764.50300 6.67902000 112.90000 24.22404 15.20000 92.81502
20 5 17 02 59 1764.94000 6.67902000 112.89998 24.22404 15.20000 92.81502
20 5 17 03 00 1764.94000 6.67902000 112.60990 24.22404 15.20000 92.81502
20 5 17 03 00 1764.94000 6.67902000 112.89997 24.22404 15.20000 94.68709
20 5 17 03 01 1764.73100 6.67902000 113.13370 24.22404 15.20000 94.68709
20 5 17 03 01 1764.94000 6.67902000 112.78098 24.22404 15.20000 94.68709
20 5 17 03 02 1764.94000 6.67902000 113.19529 24.21902 15.20000 94.68709
20 5 17 03 02 1764.94000 6.67902000 113.19529 24.21902 15.20000 94.68709
20 5 17 03 03 1764.74300 6.67902000 113.19495 24.31596 15.20000 94.68709
20 5 17 03 03 1764.94000 6.67902000 113.19478 24.31596 15.20000 94.68709
20 5 17 03 04 1764.94000 6.67902000 113.19475 24.19800 15.20000 95.03369
20 5 17 03 04 1764.94000 6.67902000 113.19475 24.21900 15.20000 95.03369
20 5 17 03 05 1764.71200 6.67902000 113.19475 24.21900 15.20000 95.03369
20 5 17 03 05 1764.94000 6.67902000 113.19431 24.21900 15.20000 95.03369
20 5 17 03 06 1764.94000 6.67902000 113.00001 24.21900 15.05320 95.03369
20 5 17 03 06 1766.16100 6.67902000 113.00001 24.21900 15.05320 95.03369
20 5 17 03 07 1766.16200 6.67902000 113.00006 24.21900 15.05320 95.03369
20 5 17 03 07 1766.17800 6.67902000 113.19378 24.21900 15.05320 95.03369
20 5 17 03 08 1766.18000 6.67902000 113.19384 24.21900 15.05320 95.19000
20 5 17 03 08 1766.17900 6.67902000 113.19384 24.23703 15.05687 95.19000
20 5 17 03 09 1766.17900 6.67902000 113.00003 24.23703 15.05687 95.18986
20 5 17 03 09 1766.17900 6.67902000 113.00005 24.28096 15.05687 95.18986
20 5 17 03 10 1766.18000 6.67902000 113.00000 24.28096 15.05687 93.75221
20 5 17 03 10 1766.17900 6.67902000 113.00003 24.28096 15.05687 93.75221
20 5 17 03 11 1766.17900 6.67902000 113.00003 24.28096 15.05687 93.75221
20 5 17 03 11 1766.18000 6.67902000 113.19338 24.28096 15.05327 93.75221
20 5 17 03 12 1766.18000 6.67902000 113.19338 24.28096 15.05325 93.75221
20 5 17 03 12 1766.18000 6.67902000 112.99999 24.28096 15.05325 93.75221
20 5 17 03 13 1766.18000 6.67902000 112.61129 24.28096 15.05323 93.75221
20 5 17 03 14 1766.18000 6.67902000 112.61146 24.28096 15.05284 93.75221
20 5 17 03 14 1766.18000 6.67902000 112.61146 24.28096 15.05284 93.75221
20 5 17 03 14 1766.18000 6.67902000 112.61146 24.28096 15.05284 93.75221
20 5 17 03 15 1766.17900 6.67902000 112.61146 24.28096 15.05284 93.75415
20 5 17 03 16 1766.17900 6.67902000 112.61146 24.28096 15.05284 93.75415
20 5 17 03 16 1766.18000 6.67902000 112.61146 24.28096 15.05284 93.75415
20 5 17 03 17 1766.18000 6.64828000 113.14977 24.28096 15.05284 93.75415
20 5 17 03 17 1766.18000 6.64828000 113.14977 24.28096 15.05284 93.75415
20 5 17 03 18 1766.17900 6.64828000 113.14977 24.28096 15.05284 93.75415
20 5 17 03 18 1765.42400 6.64828000 113.09998 24.28096 15.05284 93.75415
20 5 17 03 19 1765.42400 6.64828000 113.09998 24.28096 15.21396 93.75415
20 5 17 03 19 1766.17900 6.64828000 113.10000 24.28096 15.21396 93.75415
20 5 17 03 20 1765.36900 6.64828000 112.61329 24.28096 15.21396 93.75415
20 5 17 03 20 1766.16200 6.64828000 113.45609 24.28096 15.21396 93.75415
20 5 17 03 21 1765.48000 6.64828000 113.45609 24.28096 15.21396 95.63069
20 5 17 03 21 1765.48000 6.64828000 113.45609 24.28096 15.21396 95.63069
20 5 17 03 22 1765.48000 6.64828000 113.45609 24.28096 15.21396 95.63069
20 5 17 03 22 1765.48000 6.64828000 113.45609 24.28096 15.21396 95.63069
20 5 17 03 23 1765.47900 6.64828000 113.45609 24.28096 15.21396 95.63069
20 5 17 03 23 1761.24500 6.64828000 113.45609 24.28096 15.21396 95.63069
20 5 17 03 24 1761.24500 6.56799000 113.45609 24.28096 15.21396 95.63069
20 5 17 03 24 1765.46200 6.56799000 113.45609 24.28096 15.21396 95.63069
20 5 17 03 25 1762.65500 6.56799000 113.45609 24.28096 15.21396 95.63069
20 5 17 03 25 1765.48000 6.64492000 113.32309 24.28096 15.21396 95.63069
20 5 17 03 26 1765.48000 6.64492000 113.32449 24.28096 15.21396 95.63069
20 5 17 03 26 1765.48000 6.64492000 113.32449 24.28096 15.14193 95.63069
20 5 17 03 27 1763.23100 6.64492000 112.80554 24.28096 15.14193 95.63069
20 5 17 03 27 1765.48000 6.64492000 112.80572 24.28000 15.14193 95.63069
20 5 17 03 28 1765.48000 6.64492000 112.80572 24.28000 15.14193 95.63069
20 5 17 03 28 1765.48000 6.64492000 112.80572 24.28000 15.14193 95.63069
20 5 17 03 29 1765.48000 6.64492000 113.45609 24.28000 15.14193 95.63069
20 5 17 03 29 1765.47900 6.64492000 113.45609 24.28000 15.14193 95.63069
20 5 17 03 30 1765.47900 6.64492000 113.47999 24.28000 15.14193 95.63069
20 5 17 03 30 1764.59800 6.64492000 113.47999 24.28000 15.14193 95.63069
20 5 17 03 31 1763.24900 6.64492000 113.48000 24.28000 15.14193 95.63069
20 5 17 03 32 1765.46200 6.64492000 113.48000 24.29901 15.14193 95.63069
20 5 17 03 32 1765.46200 6.64492000 113.48000 24.29901 15.14193 95.63069
20 5 17 03 32 1763.26700 6.64492000 113.47999 24.29901 15.14193 95.63069
20 5 17 03 33 1763.26600 6.64492000 113.46125 24.29901 15.14193 95.63069
20 5 17 03 34 1763.28500 6.64492000 113.50000 24.29901 15.14193 95.63069
20 5 17 03 34 1763.28700 6.64492000 113.68052 24.29901 15.14193 95.63069
20 5 17 03 35 1760.26100 6.64492000 113.68053 24.29901 15.14193 95.63069
20 5 17 03 35 1760.26000 6.64492000 113.68053 24.29901 15.14193 95.63069
20 5 17 03 36 1758.60900 6.64492000 113.68053 24.29901 15.14193 95.63069
20 5 17 03 36 1755.30100 6.64492000 113.67499 24.29901 15.14193 95.63069
20 5 17 03 37 1755.60100 6.64492000 113.69401 24.29901 15.14193 95.63069
20 5 17 03 37 1761.91200 6.64492000 113.70950 24.29901 15.14193 95.63069
20 5 17 03 38 1756.04800 6.64492000 113.70950 24.29901 15.14193 95.63069
20 5 17 03 38 1756.00200 6.64492000 113.96667 24.29901 15.14193 95.63069
20 5 17 03 38 1756.27300 6.64492000 113.83388 24.29901 15.14193 95.63069
20 5 17 03 39 1761.77400 6.64492000 114.28999 24.29901 15.14193 95.63069
20 5 17 03 40 1756.41000 6.64492000 114.34902 24.29901 15.14193 95.63069
20 5 17 03 40 1761.40000 6.64492000 114.34903 24.29901 15.14193 94.00987
20 5 17 03 41 1756.51000 6.64492000 114.34901 24.29901 15.14193 94.00987
20 5 17 03 41 1761.75500 6.64492000 114.34900 24.32000 15.14193 94.00987
20 5 17 03 42 1761.75500 6.64492000 114.49996 24.32000 15.14193 94.00987
20 5 17 03 42 1761.75400 6.64492000 114.30000 24.32000 15.14073 94.00987
20 5 17 03 43 1761.75600 6.64492000 113.97357 24.32000 15.14073 94.00987
20 5 17 03 43 1761.28400 6.64492000 113.97357 24.34100 15.14073 94.00987
20 5 17 03 44 1761.89400 6.64492000 113.49038 24.34100 15.14073 94.00987
20 5 17 03 44 1761.80000 6.64492000 113.49038 24.34100 15.14073 94.00987
20 5 17 03 45 1763.14400 6.64492000 113.49038 24.34100 15.14073 94.00987
20 5 17 03 45 1761.42000 6.64492000 113.50013 24.34100 15.14073 94.00987
20 5 17 03 46 1761.42000 6.64492000 114.10661 24.34100 15.14073 94.00987
20 5 17 03 46 1761.50100 6.64492000 114.39243 24.34100 15.14073 94.00987
20 5 17 03 47 1763.00000 6.64492000 114.39230 24.34100 15.14073 94.00987
20 5 17 03 47 1763.26400 6.64492000 114.39230 24.34100 15.14073 94.00987
20 5 17 03 48 1763.26400 6.64492000 114.39230 24.34100 15.14073 94.00987
20 5 17 03 48 1765.43000 6.64492000 114.39230 24.34100 15.14073 94.00987
20 5 17 03 49 1765.47900 6.64492000 114.39230 24.34100 15.14073 94.00987
20 5 17 03 49 1763.28600 6.64492000 114.49891 24.34100 15.14073 94.13230
20 5 17 03 50 1765.48000 6.64492000 114.30000 24.31997 15.14073 94.13230
20 5 17 03 50 1765.44000 6.64492000 114.30000 24.31997 15.14073 94.13230
20 5 17 03 51 1763.32300 6.72584000 114.30000 24.31997 15.14073 94.13230
20 5 17 03 52 1763.30400 6.60000000 114.30000 24.31997 15.14073 94.13230
20 5 17 03 52 1763.28100 6.60000000 114.30000 24.34100 15.14073 95.56148
20 5 17 03 53 1763.27100 6.58715000 114.30003 24.32200 15.14073 95.56148
20 5 17 03 53 1763.26300 6.58715000 114.49768 24.34000 15.14073 95.56148
20 5 17 03 54 1763.26300 6.58715000 114.49760 24.33900 15.14073 95.56148
20 5 17 03 54 1763.26300 6.58715000 114.49760 24.35800 15.14073 95.56148
20 5 17 03 55 1762.03700 6.58715000 113.82863 24.35798 15.14073 95.56148
20 5 17 03 55 1763.49400 6.58715000 113.86135 24.35800 15.14073 95.56148
20 5 17 03 56 1762.04200 6.57560000 113.70000 24.35800 15.14073 95.56148
20 5 17 03 56 1764.15600 6.57560000 114.00392 24.35800 15.14073 95.56148
20 5 17 03 57 1764.13900 6.57560000 114.00390 24.35800 15.14073 95.56148
20 5 17 03 57 1765.48000 6.57560000 114.12945 24.35800 15.14073 95.56148
20 5 17 03 58 1766.18000 6.57560000 114.12945 24.37398 15.14073 95.56148
20 5 17 03 58 1766.18000 6.57560000 113.37395 24.37400 15.14073 95.56148
20 5 17 03 59 1766.18000 6.57560000 113.99993 24.37400 15.14073 95.56148
20 5 17 03 59 1766.18000 6.57560000 113.99993 24.37400 15.14073 95.56148
20 5 17 04 00 1765.95700 6.57560000 113.80003 24.37400 15.14073 93.75067
20 5 17 04 00 1763.98500 6.57560000 113.99730 24.39700 15.14073 93.75067
20 5 17 04 01 1766.06700 6.57560000 113.99730 24.39700 15.14073 93.75067
20 5 17 04 01 1764.00000 6.57560000 113.80001 24.39700 15.14073 93.75067
20 5 17 04 02 1762.09600 6.57560000 113.80000 24.43096 15.14073 93.75067
20 5 17 04 03 1762.05500 6.57560000 113.80000 24.43099 15.14073 93.75067
20 5 17 04 03 1766.16100 6.57560000 113.70000 24.43099 15.14073 93.75067
20 5 17 04 04 1762.16600 6.57560000 113.41999 24.43098 14.88544 93.75067
20 5 17 04 04 1766.16200 6.67116000 113.24992 24.43098 14.88544 93.75067
20 5 17 04 05 1766.18000 6.67116000 113.24992 24.43098 14.88544 93.75067
20 5 17 04 05 1766.16200 6.67116000 113.24932 24.43098 14.88544 93.75067
20 5 17 04 06 1766.16100 6.67116000 113.24932 24.43098 14.88544 93.75067
20 5 17 04 06 1766.16200 6.67116000 113.19789 24.43098 14.88544 93.75067
20 5 17 04 06 1766.18000 6.67116000 112.98975 24.43098 14.88544 93.75067
20 5 17 04 07 1766.63200 6.67116000 112.98975 24.43098 14.88544 93.75067
20 5 17 04 08 1766.63200 6.67116000 112.98975 24.43098 14.88544 93.75067
20 5 17 04 08 1765.28900 6.67116000 112.70000 24.33200 14.88544 93.75067
20 5 17 04 09 1765.28900 6.67116000 112.80596 24.33200 14.88544 93.75067
20 5 17 04 09 1767.17900 6.67116000 112.95000 24.33200 14.94205 93.75067
20 5 17 04 10 1767.21000 6.67116000 112.70009 24.33200 14.94205 93.75067
20 5 17 04 10 1768.11400 6.67116000 112.95000 24.33200 14.94205 93.75067
20 5 17 04 11 1768.64800 6.67116000 112.95000 24.33200 14.94205 93.75067
20 5 17 04 11 1769.00000 6.67116000 112.70023 24.33200 14.94205 93.75067
20 5 17 04 12 1768.64800 6.67116000 112.70019 24.33200 14.94205 93.75067
20 5 17 04 12 1769.00000 6.67116000 112.94690 24.33200 14.94205 93.75067
20 5 17 04 13 1769.36200 6.67116000 112.94999 24.33200 14.94205 93.75067
20 5 17 04 13 1769.36200 6.67116000 112.94999 24.33200 14.94205 93.75067
20 5 17 04 14 1769.36200 6.67116000 112.94999 24.31089 14.91433 93.75067
20 5 17 04 14 1770.43000 6.57725000 112.94993 24.31089 14.91433 93.75067
20 5 17 04 15 1769.37900 6.57725000 112.71010 24.35196 14.91433 93.75067
20 5 17 04 15 1769.38700 6.57725000 112.96997 24.38454 14.91433 93.75067
20 5 17 04 16 1769.37900 6.57725000 113.00000 24.38454 14.91433 93.75067
20 5 17 04 16 1769.37000 6.57725000 113.00000 24.38454 14.91433 93.75067
20 5 17 04 17 1769.37900 6.57725000 113.00000 24.38454 14.91433 93.75067
20 5 17 04 17 1769.01000 6.57725000 112.99998 24.38454 14.91433 93.75067
20 5 17 04 18 1770.21100 6.56579000 113.09998 24.38454 14.91433 93.75067
20 5 17 04 18 1769.02000 6.56579000 113.20000 24.41400 14.91433 93.75067
20 5 17 04 19 1769.02000 6.56579000 113.20000 24.43501 14.91433 93.75067
20 5 17 04 19 1768.49700 6.56579000 113.19999 24.43501 14.91433 93.75067
20 5 17 04 20 1769.02700 6.56579000 113.20000 24.44484 14.91433 93.75067
20 5 17 04 20 1769.02000 6.56579000 113.20000 24.44484 14.91433 93.75847
20 5 17 04 21 1770.18000 6.56579000 113.57660 24.44484 14.91433 93.75847
20 5 17 04 22 1768.52000 6.56584000 113.57660 24.44484 14.91433 93.75847
20 5 17 04 22 1770.18000 6.56584000 113.00000 24.44484 14.91433 93.75847
20 5 17 04 23 1768.55000 6.56584000 113.00000 24.44484 14.91433 93.75847
20 5 17 04 23 1768.55000 6.56568000 113.00000 24.44484 14.91433 93.75847
20 5 17 04 24 1770.16200 6.56568000 113.36260 24.44484 14.91433 93.75847
20 5 17 04 24 1770.19300 6.56568000 113.36260 24.44484 14.91433 93.75847
20 5 17 04 25 1770.49100 6.56568000 113.14750 24.44484 14.91433 93.75847
20 5 17 04 25 1770.96900 6.59969000 113.14750 24.44484 14.91433 95.24468
20 5 17 04 26 1770.20400 6.59969000 113.14750 24.44484 14.91433 95.24468
20 5 17 04 26 1770.20400 6.59969000 113.14398 24.42886 14.91433 95.24468
20 5 17 04 27 1770.20400 6.59969000 113.14398 24.42300 14.91433 95.24468
20 5 17 04 27 1770.37600 6.59969000 113.14140 24.42500 14.91433 95.24468
20 5 17 04 28 1768.56700 6.59969000 111.90027 24.42500 14.91433 95.24468
20 5 17 04 28 1767.98500 6.56568000 112.40000 24.44488 14.91433 95.24427
20 5 17 04 29 1767.15400 6.56000000 112.82948 24.45000 14.91433 95.24460
20 5 17 04 29 1765.73900 6.56000000 112.40000 24.41501 14.91433 95.24464
20 5 17 04 30 1768.00000 6.56000000 112.37411 24.41501 14.91433 95.24464
20 5 17 04 30 1769.98100 6.56000000 112.39998 24.45000 14.91433 95.24464
20 5 17 04 31 1770.00000 6.56000000 111.90037 24.45000 14.91433 95.24464
20 5 17 04 32 1768.04000 6.56000000 111.52910 24.45000 14.91433 95.24464
20 5 17 04 32 1768.06000 6.56000000 111.52910 24.51800 14.91433 95.24464
20 5 17 04 32 1766.05000 6.56000000 111.52910 24.51800 14.94175 95.24464
20 5 17 04 33 1769.49900 6.56000000 111.52910 24.51800 14.94175 95.24464
20 5 17 04 33 1766.14000 6.56000000 111.20007 24.51800 14.94175 95.24464
20 5 17 04 34 1766.08100 6.56000000 111.20007 24.51800 14.94175 95.24464
20 5 17 04 35 1768.07800 6.56000000 111.20007 24.51800 14.94175 95.24464
20 5 17 04 35 1768.07800 6.56000000 111.20007 24.51800 14.94175 95.24464
20 5 17 04 36 1769.49900 6.56000000 111.87334 24.51800 14.94175 95.24464
20 5 17 04 36 1769.49600 6.56000000 111.87334 24.51800 14.94175 95.24464
20 5 17 04 37 1766.13000 6.56000000 111.35000 24.51800 14.94175 95.24464
20 5 17 04 37 1766.07700 6.56000000 111.87339 24.49000 14.94175 95.24464
20 5 17 04 38 1767.96000 6.56000000 111.87339 24.53287 14.94175 95.24464
20 5 17 04 38 1767.95600 6.56000000 111.87339 24.53287 14.94175 95.24464
20 5 17 04 39 1765.00100 6.56000000 111.35279 24.53287 14.94175 95.24464
20 5 17 04 39 1761.39500 6.58904000 111.35279 24.53287 14.94175 95.24464
20 5 17 04 40 1764.99900 6.58904000 111.35279 24.53287 14.94175 95.24464
20 5 17 04 40 1765.00100 6.53893000 112.27537 24.53287 14.94175 95.24464
20 5 17 04 41 1765.00100 6.53893000 111.35318 24.53287 14.94175 95.24464
20 5 17 04 41 1764.99900 6.53893000 111.98796 24.53287 14.94175 95.24464
20 5 17 04 42 1765.00100 6.53893000 111.98592 24.58398 14.94175 95.24464
20 5 17 04 42 1767.04500 6.53893000 111.00000 24.58398 14.94175 95.24464
20 5 17 04 43 1767.04500 6.53893000 110.62627 24.58398 14.94175 95.24464
20 5 17 04 43 1767.93700 6.50000000 110.51000 24.58398 14.94175 94.18080
20 5 17 04 44 1762.35900 6.49325000 110.10000 24.58398 14.94175 94.18080
20 5 17 04 44 1767.08700 6.49325000 111.01887 24.48500 15.06103 94.18080
20 5 17 04 45 1763.48200 6.46855000 110.59219 24.48501 15.06103 94.18080
20 5 17 04 45 1762.23100 6.44651000 110.44216 24.48501 15.06103 94.18080
20 5 17 04 46 1767.06300 6.44642000 110.77814 24.48501 14.76201 94.18080
20 5 17 04 47 1763.46400 6.44642000 110.00022 24.48501 14.77408 94.18080
20 5 17 04 47 1767.04400 6.42150000 110.20000 24.48501 14.72218 94.18080
20 5 17 04 48 1762.00000 6.42150000 110.14000 24.48501 14.72218 94.18080
20 5 17 04 48 1762.00000 6.42150000 109.90280 24.48501 14.72218 94.18080
20 5 17 04 49 1759.40000 6.42151000 109.20000 24.48501 14.71029 94.18080
20 5 17 04 49 1761.99900 6.42150000 109.01000 24.48501 14.69638 94.18080
20 5 17 04 50 1759.40200 6.42150000 109.21002 24.48501 14.69638 94.18350
20 5 17 04 50 1761.99900 6.42150000 109.21002 24.48501 14.69638 94.18350
20 5 17 04 51 1759.39600 6.42150000 109.55414 24.56280 14.69638 94.18394
20 5 17 04 51 1760.12600 6.42150000 109.61775 24.56280 14.69638 94.18394
20 5 17 04 52 1759.40000 6.41234000 109.61770 24.49010 14.91543 94.18394
20 5 17 04 52 1761.99900 6.41234000 109.22000 24.57000 14.68444 94.18394
20 5 17 04 53 1759.40400 6.41234000 109.22001 24.65900 14.68444 94.18394
20 5 17 04 53 1759.39600 6.41234000 109.22008 24.60000 14.68444 94.18394
20 5 17 04 54 1763.69500 6.41234000 109.22008 24.60000 14.68444 94.18394
20 5 17 04 54 1759.42100 6.40000000 109.22000 24.60000 14.68444 94.18394
20 5 17 04 55 1761.62000 6.40000000 109.22000 24.60697 14.68444 94.18394
20 5 17 04 55 1764.99800 6.52527000 109.22000 24.60697 14.68444 94.18394
20 5 17 04 56 1764.99800 6.40005000 109.22000 24.60697 14.68444 94.18394
20 5 17 04 56 1767.04300 6.40005000 109.22007 24.60697 14.68444 94.18394
20 5 17 04 57 1761.85900 6.40005000 109.70531 24.57734 14.68444 94.18394
20 5 17 04 57 1764.99300 6.41000000 109.93016 24.57734 14.68444 95.57112
20 5 17 04 58 1764.99700 6.41000000 109.99643 24.57734 14.68444 95.57112
20 5 17 04 58 1764.99900 6.41000000 109.99643 24.57734 14.68444 95.57112
20 5 17 04 59 1764.99900 6.41000000 109.99480 24.57734 14.68444 94.18663
20 5 17 05 00 1764.11500 6.41000000 109.99480 24.65500 14.68444 94.18663
20 5 17 05 00 1764.99700 6.41000000 109.99528 24.65500 14.68444 94.18663
20 5 17 05 00 1764.99500 6.41000000 110.00000 24.65500 14.68444 94.18663
20 5 17 05 01 1764.88900 6.41000000 110.05044 24.65500 14.68444 94.18663
20 5 17 05 02 1761.56300 6.40000000 110.25352 24.65500 14.68444 94.18663
20 5 17 05 02 1765.00000 6.39896000 110.73266 24.65500 14.68444 94.18663
20 5 17 05 03 1765.00000 6.40690000 110.76982 24.65500 14.68444 94.18663
20 5 17 05 03 1761.91400 6.40690000 110.76982 24.65500 14.68444 94.18663
20 5 17 05 04 1765.34900 6.40690000 110.76970 24.69996 14.68444 94.18663
20 5 17 05 04 1763.74200 6.40690000 110.83994 24.68896 14.68468 94.18663
20 5 17 05 05 1763.63100 6.40690000 111.40767 24.68896 14.68468 94.18663
20 5 17 05 05 1767.01700 6.40690000 111.40000 24.68896 14.68468 94.18663
20 5 17 05 06 1767.02400 6.40690000 111.40000 24.68896 14.68468 94.18663
20 5 17 05 06 1763.66000 6.47865000 111.40000 24.68896 14.68468 94.18663
20 5 17 05 07 1767.02100 6.47865000 111.00008 24.68896 14.68468 94.18663
20 5 17 05 07 1767.02400 6.47865000 111.59999 24.70000 14.68468 95.63396
20 5 17 05 08 1767.02100 6.47865000 111.99997 24.70000 14.68468 95.63396
20 5 17 05 08 1767.01700 6.47865000 111.91050 24.70000 14.68468 95.63396
20 5 17 05 08 1767.00000 6.47865000 111.91050 24.70000 14.68468 95.63396
20 5 17 05 09 1766.90300 6.47865000 111.54367 24.70000 14.68468 95.63396
20 5 17 05 10 1766.12100 6.47865000 111.30000 24.70000 14.68468 95.63396
20 5 17 05 10 1766.89200 6.47865000 111.30003 24.70000 14.68468 95.63396
20 5 17 05 11 1766.12100 6.47865000 111.30003 24.70000 14.68468 95.63396
20 5 17 05 11 1766.09500 6.47865000 111.40741 24.70000 14.68468 95.63396
20 5 17 05 12 1766.09800 6.47865000 111.20000 24.70000 14.68468 95.63396
20 5 17 05 12 1766.09700 6.47865000 111.20000 24.70000 14.68468 95.63396
20 5 17 05 13 1765.00800 6.47865000 111.19999 24.70000 14.68535 95.63396
20 5 17 05 13 1765.01000 6.38184000 111.10500 24.70000 14.68535 95.63396
20 5 17 05 14 1766.11900 6.38184000 110.84003 24.69898 14.68535 95.63396
20 5 17 05 14 1766.76200 6.38184000 110.72909 24.69898 14.68535 95.63229
20 5 17 05 15 1767.06700 6.38184000 110.72909 24.69898 14.68535 94.19197
20 5 17 05 15 1764.39500 6.38184000 110.03200 24.69898 14.68535 94.19197
20 5 17 05 16 1764.39500 6.38184000 110.99900 24.69898 14.68535 94.19197
20 5 17 05 16 1764.60100 6.38184000 110.99900 24.68896 14.68535 94.19197
20 5 17 05 17 1765.78000 6.38184000 110.99680 24.68896 14.68522 94.19197
20 5 17 05 17 1767.04900 6.38184000 110.99680 24.68896 14.68522 94.19197
20 5 17 05 18 1767.04900 6.38184000 110.99350 24.68896 14.68522 94.19197
20 5 17 05 18 1768.28500 6.38184000 110.99290 24.68896 14.68553 94.19197
20 5 17 05 19 1766.91000 6.38184000 110.99290 24.68896 14.68553 94.19197
20 5 17 05 19 1763.72800 6.38184000 110.50000 24.62444 14.68553 94.19197
20 5 17 05 20 1761.94200 6.38184000 110.88750 24.62442 14.85817 94.19197
20 5 17 05 20 1766.91100 6.38184000 110.88650 24.57400 14.71812 94.19197
20 5 17 05 21 1766.91100 6.38184000 110.88650 24.57400 14.71812 94.19197
20 5 17 05 21 1764.02700 6.38184000 110.88390 24.57400 14.72550 94.19197
20 5 17 05 22 1764.02700 6.38184000 110.88390 24.57400 14.72550 94.19197
20 5 17 05 23 1764.00800 6.38184000 110.88390 24.69890 14.72550 95.63077
20 5 17 05 23 1764.00800 6.38184000 110.50005 24.69890 14.72550 95.63077
20 5 17 05 24 1766.29300 6.38184000 110.79983 24.69898 14.72550 95.63077
20 5 17 05 24 1764.18500 6.38184000 110.50000 24.69898 14.72550 95.63077
20 5 17 05 25 1764.18500 6.38184000 110.10049 24.69898 14.72550 94.20137
20 5 17 05 25 1763.43200 6.38184000 110.79384 24.59401 14.72550 94.20137
20 5 17 05 26 1763.43200 6.38184000 110.79365 24.59401 14.72550 94.20137
20 5 17 05 26 1762.64000 6.38184000 110.79365 24.59401 14.64100 94.20137
20 5 17 05 27 1761.95900 6.39528000 110.30001 24.65000 14.63267 94.20137
20 5 17 05 27 1761.43100 6.39528000 110.10060 24.65000 14.63271 94.20137
20 5 17 05 28 1761.43000 6.39528000 110.10060 24.65000 14.63271 94.20137
20 5 17 05 28 1761.43100 6.39528000 108.71212 24.65000 14.63271 94.20137
20 5 17 05 29 1761.43100 6.39528000 109.88993 24.65000 14.63271 94.20137
20 5 17 05 29 1760.00000 6.39528000 109.04678 24.65000 14.63271 94.20137
20 5 17 05 30 1760.00000 6.39528000 109.04678 24.65000 14.66414 94.20137
20 5 17 05 30 1759.17100 6.39528000 109.79975 24.65000 14.63853 94.20137
20 5 17 05 31 1761.31900 6.39528000 109.78999 24.65600 14.63853 94.20137
20 5 17 05 31 1761.42900 6.39528000 109.33000 24.65600 14.63853 94.20137
20 5 17 05 32 1761.43100 6.39528000 109.33000 24.64100 14.64227 94.20137
20 5 17 05 32 1761.41200 6.39528000 109.20000 24.64100 14.62572 94.20137
20 5 17 05 33 1761.41600 6.39528000 108.99993 24.64100 14.62572 94.20137
20 5 17 05 34 1758.95600 6.39528000 108.99993 24.64100 14.62572 94.20137
20 5 17 05 34 1761.41500 6.39528000 108.99983 24.52047 14.62572 94.20137
20 5 17 05 35 1761.43100 6.40453000 108.83860 24.51000 14.62572 94.20137
20 5 17 05 35 1761.43100 6.40453000 108.30002 24.51000 14.62572 94.20137
20 5 17 05 36 1762.00000 6.40453000 108.58911 24.59499 14.65805 94.20137
20 5 17 05 36 1761.54300 6.40453000 107.85111 24.51000 14.65082 94.20137
20 5 17 05 37 1761.45000 6.43000000 108.00001 24.51000 14.65082 94.20137
20 5 17 05 37 1763.41400 6.43000000 108.65783 24.51000 14.65082 94.20137
20 5 17 05 38 1764.95300 6.43000000 108.58911 24.51000 14.65082 94.20137
20 5 17 05 38 1764.10000 6.43000000 108.55878 24.51000 14.65082 94.20137
20 5 17 05 39 1764.10000 6.43000000 108.55820 24.51000 14.65082 94.20137
20 5 17 05 39 1764.10000 6.43000000 108.55713 24.51000 14.65082 94.20137
20 5 17 05 40 1765.15000 6.43000000 108.00000 24.51000 14.65082 94.20198
20 5 17 05 40 1766.89300 6.43000000 108.99384 24.51000 14.65082 94.20220
20 5 17 05 41 1765.21000 6.43000000 109.24994 24.51000 14.65082 94.20220
20 5 17 05 41 1768.38000 6.43000000 109.17730 24.57776 14.65082 94.20220
20 5 17 05 42 1768.38000 6.43000000 109.14950 24.57776 14.65082 94.20220
20 5 17 05 42 1768.38000 6.43000000 109.14849 24.57776 14.65082 94.20220
20 5 17 05 43 1768.38000 6.43000000 109.14790 24.57776 14.65082 94.20220
20 5 17 05 43 1765.27800 6.43000000 109.14000 24.57776 14.65082 94.20220
20 5 17 05 44 1767.49800 6.43000000 109.14000 24.57776 14.65082 94.20220
20 5 17 05 44 1767.49800 6.43000000 109.14000 24.57776 14.65082 94.20220
20 5 17 05 45 1765.77000 6.43000000 108.60001 24.53705 14.65082 94.20220
20 5 17 05 45 1769.47400 6.43000000 108.60001 24.69898 14.65082 94.20220
20 5 17 05 46 1769.47400 6.43000000 108.60001 24.69898 14.65082 94.20220
20 5 17 05 46 1769.47800 6.43000000 108.89316 24.69898 14.65082 94.20220
20 5 17 05 47 1769.47700 6.43000000 108.59992 24.69898 14.65082 94.20220
20 5 17 05 47 1769.47700 6.43000000 108.84700 24.69898 14.65082 94.20220
20 5 17 05 48 1769.47700 6.40001000 108.34402 24.55411 14.65082 94.20220
20 5 17 05 48 1769.99900 6.40001000 108.34402 24.55411 14.65082 94.20220
20 5 17 05 49 1769.99900 6.40001000 108.59997 24.55411 14.65158 94.20220
20 5 17 05 49 1767.01700 6.40001000 108.02520 24.55411 14.65158 94.20220
20 5 17 05 50 1769.99700 6.40001000 109.05996 24.55411 14.65158 94.20220
20 5 17 05 50 1767.35300 6.40001000 108.88492 24.55411 14.65158 94.20220
20 5 17 05 51 1767.35300 6.40001000 109.05951 24.63742 14.65158 94.20220
20 5 17 05 51 1769.79000 6.44259000 109.31486 24.63742 14.83245 94.20220
20 5 17 05 52 1767.80300 6.44259000 109.31484 24.65194 14.65081 94.20220
20 5 17 05 53 1769.76000 6.44259000 109.49989 24.67299 14.65081 94.20220
20 5 17 05 53 1767.71900 6.44259000 109.50000 24.67299 14.65081 94.20220
20 5 17 05 54 1771.05400 6.44259000 109.49993 24.52200 14.65081 94.20220
20 5 17 05 54 1772.99900 6.44259000 109.50000 24.52200 14.65081 94.20220
20 5 17 05 55 1772.99800 6.44259000 109.50000 24.52200 14.65081 94.20220
20 5 17 05 55 1771.59200 6.44259000 108.04575 24.52200 14.65081 94.20220
20 5 17 05 56 1771.65100 6.44259000 108.04575 24.58600 14.65081 94.20220
20 5 17 05 56 1771.67100 6.44259000 109.20001 24.58600 14.65081 94.20220
20 5 17 05 57 1773.01000 6.44259000 109.20010 24.58600 14.65081 94.20220
20 5 17 05 57 1771.67100 6.44259000 108.08190 24.56399 14.65081 94.20220
20 5 17 05 58 1773.96000 6.44259000 109.39000 24.56399 14.65081 94.20220
20 5 17 05 58 1771.64800 6.44259000 109.38994 24.56399 14.65081 94.20220
20 5 17 05 59 1772.98900 6.45000000 109.39001 24.56399 14.65081 94.20220
20 5 17 05 59 1772.98700 6.45000000 109.19998 24.56399 14.65081 94.20220
20 5 17 06 00 1772.99100 6.45000000 109.19998 24.56399 14.65081 94.20220
20 5 17 06 00 1772.99100 6.46817000 109.19998 24.56399 14.65081 94.20220
20 5 17 06 01 1771.11100 6.46817000 109.19998 24.56399 14.65081 94.20220
20 5 17 06 01 1771.11100 6.46817000 109.19998 24.56399 14.65081 94.20220
20 5 17 06 02 1771.01000 6.46509000 109.19993 24.56399 14.65081 94.20220
20 5 17 06 02 1771.11100 6.46509000 109.19992 24.54891 14.69573 94.20220
20 5 17 06 03 1771.99900 6.46509000 109.19992 24.51497 14.69573 94.20220
20 5 17 06 03 1772.99200 6.46509000 109.19992 24.51497 14.69573 94.20220
20 5 17 06 04 1773.89900 6.47727000 109.20000 24.51497 14.69573 94.20220
20 5 17 06 05 1773.91000 6.45001000 109.20000 24.51497 14.69573 94.20220
20 5 17 06 05 1773.99900 6.45001000 109.19999 24.51497 14.69573 94.20220
20 5 17 06 06 1774.00000 6.45001000 109.51890 24.56800 14.69573 94.59239
20 5 17 06 06 1772.05000 6.45001000 109.49947 24.50006 14.69573 94.59239
20 5 17 06 07 1774.35500 6.49329000 109.49947 24.50006 14.69573 94.59239
20 5 17 06 07 1774.35500 6.49230000 109.19890 24.50409 14.69573 94.59239
20 5 17 06 07 1774.00000 6.49230000 109.19939 24.50409 14.69573 94.59239
20 5 17 06 08 1772.04000 6.49230000 109.46964 24.50409 14.69573 95.62912
20 5 17 06 09 1774.00000 6.49230000 109.46860 24.50409 14.69573 95.62925
20 5 17 06 09 1772.15000 6.49230000 108.85000 24.50409 14.69573 95.62925
20 5 17 06 10 1772.15000 6.49250000 108.85000 24.50409 14.69573 95.62925
20 5 17 06 10 1773.00000 6.49250000 109.46050 24.50409 14.69573 95.62925
20 5 17 06 11 1772.16800 6.49210000 109.45992 24.50409 14.69573 95.62925
20 5 17 06 11 1772.16800 6.47500000 108.86007 24.50409 14.69573 95.62925
20 5 17 06 12 1772.16800 6.47500000 108.86005 24.50409 14.69573 95.62925
20 5 17 06 12 1770.38200 6.47500000 109.41579 24.50004 14.69573 95.88811
20 5 17 06 13 1769.93800 6.47500000 109.41419 24.50004 14.69573 95.88811
20 5 17 06 13 1769.93700 6.47500000 109.25069 24.50004 14.65581 95.88811
20 5 17 06 14 1770.35600 6.47500000 108.30003 24.50004 14.65581 95.88811
20 5 17 06 14 1770.07100 6.47500000 108.77690 24.50004 14.65581 95.88811
20 5 17 06 15 1772.14900 6.47500000 108.69950 24.50004 14.65581 95.88811
20 5 17 06 15 1770.32100 6.47500000 108.69949 24.50004 14.65581 94.80419
20 5 17 06 16 1770.45000 6.47500000 107.90015 24.50004 14.65581 94.80419
20 5 17 06 16 1772.15000 6.47500000 108.69739 24.50004 14.83949 94.80419
20 5 17 06 17 1773.71900 6.48599000 108.00000 24.50004 14.83949 94.80419
20 5 17 06 17 1773.74000 6.48599000 108.00000 24.57118 14.83949 94.80419
20 5 17 06 18 1772.36700 6.48547000 108.43625 24.62800 14.83949 94.80419
20 5 17 06 18 1773.74000 6.48547000 108.09380 24.61100 14.83949 94.80419
20 5 17 06 19 1772.41000 6.48547000 108.44105 24.61100 14.83949 94.80419
20 5 17 06 19 1772.42700 6.48547000 108.00000 24.62899 14.83949 94.80419
20 5 17 06 20 1772.41000 6.48547000 108.08438 24.62899 14.83949 94.80419
20 5 17 06 20 1772.37000 6.45007000 108.20000 24.61299 14.83949 94.80419
20 5 17 06 21 1772.00000 6.45007000 108.38920 24.59000 14.83949 94.80419
20 5 17 06 21 1772.00000 6.45007000 108.20000 24.57199 14.83949 94.80419
20 5 17 06 22 1772.00000 6.45007000 108.21000 24.59900 14.83949 94.80419
20 5 17 06 22 1770.60000 6.45007000 108.21000 24.59900 14.83949 94.80419
20 5 17 06 23 1770.35900 6.45007000 108.02003 24.59500 14.83949 94.80419
20 5 17 06 23 1770.00000 6.45007000 108.00000 24.59600 14.83949 94.80419
20 5 17 06 24 1770.35600 6.45007000 108.38390 24.61500 14.71852 94.80419
20 5 17 06 24 1769.95400 6.45007000 108.00001 24.63300 14.69711 94.80419
20 5 17 06 25 1770.36000 6.45007000 108.00005 24.63300 14.69711 94.80419
20 5 17 06 25 1770.35700 6.45007000 108.00008 24.63300 14.88995 94.80838
20 5 17 06 26 1770.34200 6.45007000 107.60000 24.63300 14.88995 94.80838
20 5 17 06 26 1770.30000 6.45007000 107.99977 24.63300 14.88995 94.80838
20 5 17 06 27 1770.30000 6.45007000 107.99969 24.63300 14.88995 94.80838
20 5 17 06 28 1770.30000 6.45101000 107.99960 24.63300 14.88995 94.80838
20 5 17 06 28 1770.30000 6.45101000 107.99830 24.63300 14.88995 94.80838
20 5 17 06 29 1769.21100 6.45101000 107.88998 24.63300 14.88995 94.80838
20 5 17 06 29 1770.29800 6.45101000 107.51937 24.63700 14.88995 94.80838
20 5 17 06 30 1770.29700 6.45101000 107.51937 24.61400 14.88995 94.80838
20 5 17 06 30 1770.28000 6.45101000 107.36079 24.54000 14.88995 94.80838
20 5 17 06 31 1770.28000 6.45000000 107.35000 24.54000 14.88995 94.80838
20 5 17 06 31 1769.28000 6.45000000 107.49999 24.59300 14.88995 94.81066
20 5 17 06 32 1770.00000 6.45000000 107.49996 24.59300 14.88995 94.81066
20 5 17 06 32 1770.78000 6.45000000 107.33001 24.59300 14.88995 94.81066
20 5 17 06 33 1770.78000 6.41000000 107.48000 24.59300 14.88995 94.81066
20 5 17 06 33 1770.79800 6.41000000 107.47881 24.59300 14.88995 94.81066
20 5 17 06 33 1771.00700 6.41000000 107.46992 24.59300 14.88995 94.81066
20 5 17 06 34 1772.70000 6.41000000 107.46988 24.59300 14.88995 94.81066
20 5 17 06 35 1772.70000 6.40099000 107.32999 24.59300 14.88995 94.81066
20 5 17 06 35 1773.62800 6.40099000 107.71639 24.59300 14.88995 94.81066
20 5 17 06 36 1772.71700 6.40099000 107.32600 24.59300 14.88995 94.81066
20 5 17 06 36 1772.71700 6.41800000 107.71667 24.65600 14.88995 94.81066
20 5 17 06 37 1773.63000 6.41800000 107.71667 24.59700 14.88995 94.81066
20 5 17 06 37 1774.30000 6.41800000 107.71667 24.59700 14.88995 94.81066
20 5 17 06 38 1773.63100 6.41800000 107.71580 24.54001 14.88995 94.81066
20 5 17 06 38 1773.50000 6.41800000 107.79950 24.54001 14.88995 94.81066
20 5 17 06 39 1773.40000 6.45101000 107.80003 24.54001 14.88995 94.81066
20 5 17 06 39 1773.41700 6.45101000 108.10663 24.54001 14.88995 94.81066
20 5 17 06 40 1773.40000 6.46637000 108.10663 24.56600 14.88995 94.81066
20 5 17 06 40 1773.64100 6.46637000 108.38207 24.56600 14.88995 94.81066
20 5 17 06 41 1773.41700 6.46000000 108.38207 24.56600 14.88995 94.81066
20 5 17 06 41 1773.41700 6.46000000 108.58291 24.56600 14.88995 94.81066
20 5 17 06 42 1773.41700 6.46000000 108.38190 24.56600 14.88995 94.81066
20 5 17 06 42 1773.41700 6.46336000 108.70571 24.56600 14.88995 94.81066
20 5 17 06 43 1773.41700 6.46336000 108.70573 24.56600 14.88995 94.81066
20 5 17 06 43 1773.49900 6.40102000 109.29121 24.59796 14.88995 95.88821
20 5 17 06 44 1773.41900 6.40102000 109.19819 24.59796 14.88995 95.88821
20 5 17 06 44 1773.49800 6.40102000 109.51916 24.59796 14.88995 95.88808
20 5 17 06 45 1772.73400 6.40000000 109.42709 24.59796 14.88995 95.88808
20 5 17 06 45 1772.73400 6.40000000 109.42708 24.59796 14.88995 95.88808
20 5 17 06 46 1772.75200 6.45889000 109.42458 24.65400 14.88995 95.88808
20 5 17 06 46 1771.02300 6.46136000 109.42458 24.65400 14.88995 95.88808
20 5 17 06 47 1771.35200 6.46136000 109.42458 24.65400 14.88995 95.88808
20 5 17 06 47 1771.34900 6.46136000 109.00016 24.59800 14.88995 95.88808
20 5 17 06 48 1771.34600 6.46136000 109.23024 24.59800 14.88995 95.88808
20 5 17 06 48 1771.02400 6.46136000 109.23020 24.59800 14.88995 95.88808
20 5 17 06 49 1771.34400 6.46136000 109.23020 24.57011 14.88995 95.88808
20 5 17 06 49 1772.75200 6.46136000 109.17806 24.57011 14.88995 95.88808
20 5 17 06 50 1771.36100 6.46136000 108.80233 24.57012 14.88995 95.88808
20 5 17 06 50 1772.73400 6.46136000 109.36998 24.63400 14.88995 95.88808
20 5 17 06 51 1769.77900 6.46136000 109.36998 24.57010 14.88995 95.88808
20 5 17 06 51 1772.73200 6.46136000 109.35000 24.56600 14.87927 95.88808
20 5 17 06 52 1769.80000 6.46136000 108.91000 24.56600 14.87927 95.88808
20 5 17 06 52 1772.73300 6.40412000 109.37000 24.61400 14.87927 95.88808
20 5 17 06 53 1769.93100 6.40412000 109.51000 24.61400 14.87927 95.88808
20 5 17 06 54 1771.95900 6.40412000 109.51000 24.61400 14.87927 94.81933
20 5 17 06 54 1770.01000 6.40412000 109.51000 24.61395 14.87927 95.84989
20 5 17 06 55 1770.03100 6.40412000 109.52000 24.61395 14.87927 95.84989
20 5 17 06 55 1772.00000 6.40412000 110.14981 24.61400 14.87927 95.84989
20 5 17 06 56 1770.54300 6.40412000 109.99995 24.61400 14.87898 95.84989
20 5 17 06 56 1772.73300 6.40412000 109.99995 24.61400 14.87898 95.84989
20 5 17 06 57 1772.73300 6.40412000 110.00000 24.61399 14.87898 95.84989
20 5 17 06 57 1771.01100 6.40412000 109.51000 24.61399 14.87898 95.85000
20 5 17 06 58 1772.73400 6.40412000 109.50999 24.60000 14.87898 95.85000
20 5 17 06 58 1772.73400 6.40412000 109.34999 24.56900 14.87898 95.85000
20 5 17 06 59 1772.73600 6.48989000 109.51000 24.56600 14.87898 95.85000
20 5 17 06 59 1772.74000 6.48989000 109.50998 24.56600 14.87898 95.85000
20 5 17 07 00 1772.77000 6.48989000 109.50999 24.56600 14.87898 95.85000
20 5 17 07 00 1774.34300 6.48989000 109.50999 24.56600 14.87898 95.85000
20 5 17 07 01 1772.00000 6.48989000 109.34998 24.61400 14.87898 95.85000
20 5 17 07 01 1772.00000 6.48989000 109.50992 24.61400 14.87898 95.85000
20 5 17 07 02 1771.00000 6.48989000 109.35004 24.61400 14.87898 95.85000
20 5 17 07 02 1770.67000 6.48989000 109.35004 24.61400 14.87898 95.84993
20 5 17 07 03 1771.90000 6.40000000 109.51000 24.61400 14.87898 95.97000
20 5 17 07 03 1772.00000 6.43191000 110.00000 24.61400 14.87898 95.96969
20 5 17 07 04 1772.00000 6.43191000 109.63470 24.61400 14.87898 95.96969
20 5 17 07 04 1772.00000 6.43191000 110.17821 24.61400 14.87898 95.96969
20 5 17 07 05 1770.72000 6.43191000 110.20533 24.61400 14.87898 95.96969
20 5 17 07 05 1772.00000 6.43191000 110.27159 24.61400 14.87898 95.96969
20 5 17 07 06 1772.00000 6.43191000 109.87291 24.60201 14.87898 96.00000
20 5 17 07 06 1771.50000 6.43191000 109.87282 24.60201 14.87898 95.06485
20 5 17 07 07 1771.01700 6.43191000 110.28805 24.63507 14.73163 95.06485
20 5 17 07 07 1771.50000 6.42000000 109.87280 24.63507 14.73163 95.06485
20 5 17 07 08 1771.00000 6.42000000 110.19988 24.63507 14.73163 95.06485
20 5 17 07 08 1770.79000 6.42000000 109.99998 24.63507 14.73163 95.06485
20 5 17 07 09 1770.73700 6.44085000 110.00000 24.63507 14.73163 95.06485
20 5 17 07 09 1770.71800 6.46299000 110.00000 24.63507 14.73163 95.06588
20 5 17 07 10 1770.61000 6.46299000 110.00000 24.63507 14.73163 96.30000
20 5 17 07 10 1770.72000 6.46690000 110.20000 24.64501 14.73163 96.30000
20 5 17 07 11 1770.61700 6.46689000 110.20000 24.66000 14.73163 96.05915
20 5 17 07 11 1769.29700 6.46689000 110.20000 24.66000 14.73163 96.05915
20 5 17 07 12 1771.77600 6.46689000 110.20000 24.66000 14.73163 96.05915
20 5 17 07 12 1770.00000 6.46788000 110.29191 24.66000 14.73163 96.05915
20 5 17 07 13 1770.61200 6.46788000 110.65421 24.66000 14.73163 96.05915
20 5 17 07 13 1768.80000 6.46788000 110.65694 24.66000 14.73163 96.05915
20 5 17 07 14 1771.00000 6.46788000 110.87411 24.66000 14.73163 96.05915
20 5 17 07 14 1767.55100 6.46788000 110.90000 24.66000 14.73163 96.05915
20 5 17 07 15 1770.59300 6.46788000 111.00000 24.66000 14.73163 95.06839
20 5 17 07 15 1770.47700 6.46788000 110.81064 24.66000 14.73163 95.06839
20 5 17 07 16 1770.36500 6.46788000 111.19941 24.65999 14.73163 95.06839
20 5 17 07 17 1768.00000 6.45000000 111.19942 24.65999 14.73163 95.06839
20 5 17 07 17 1770.46000 6.45000000 111.19940 24.66000 14.73163 95.06839
20 5 17 07 18 1770.58900 6.45000000 111.19940 24.69000 14.73163 95.06839
20 5 17 07 18 1768.26300 6.45000000 111.39138 24.69000 14.73163 95.06839
20 5 17 07 19 1768.26300 6.45000000 111.93814 24.69000 14.73163 95.06839
20 5 17 07 19 1769.00000 6.45000000 111.93816 24.69000 14.87740 95.06839
20 5 17 07 20 1770.53000 6.45000000 111.25022 24.69000 14.87740 95.06839
20 5 17 07 20 1770.22600 6.45000000 111.28005 24.70000 14.87740 95.06839
20 5 17 07 21 1769.99900 6.45000000 111.90997 24.70000 14.87740 95.06839
20 5 17 07 21 1767.48100 6.45000000 111.91000 24.68900 14.87740 95.06839
20 5 17 07 22 1769.99100 6.45000000 111.90999 24.58700 14.87740 95.06839
20 5 17 07 22 1769.98100 6.41592000 111.89699 24.58700 14.87740 95.06839
20 5 17 07 23 1768.00000 6.41592000 111.89699 24.58700 14.87740 95.06839
20 5 17 07 23 1768.00000 6.41592000 111.49418 24.69100 14.87740 95.06839
20 5 17 07 24 1767.48100 6.41592000 111.85382 24.68895 14.87740 95.06839
20 5 17 07 24 1767.01100 6.41592000 111.85381 24.68895 14.87740 95.06839
20 5 17 07 25 1767.00100 6.45000000 111.85382 24.68895 14.87740 95.06839
20 5 17 07 25 1767.04000 6.45000000 111.85382 24.68895 14.87740 95.07256
20 5 17 07 26 1767.04000 6.45000000 112.01394 24.68895 14.87740 95.07256
20 5 17 07 26 1767.04100 6.45000000 112.00001 24.68895 14.87740 95.07256
20 5 17 07 27 1767.98300 6.41607000 112.10000 24.68895 14.87740 95.07256
20 5 17 07 27 1767.98000 6.38263000 112.74147 24.68895 14.87740 95.07256
20 5 17 07 28 1766.13200 6.39616000 112.44888 24.68895 14.87740 95.07256
20 5 17 07 28 1765.03100 6.45999000 112.10499 24.68895 14.87740 95.07256
20 5 17 07 29 1764.70800 6.46197000 112.52000 24.66983 14.87740 95.07256
20 5 17 07 29 1767.96200 6.39626000 111.55379 24.66983 14.87740 95.07256
20 5 17 07 30 1767.88000 6.40001000 111.55390 24.66983 14.87740 95.07256
20 5 17 07 30 1767.87000 6.47023000 111.93621 24.69500 14.87740 94.20011
20 5 17 07 31 1767.88000 6.47023000 111.93480 24.69500 14.87677 96.16191
20 5 17 07 31 1767.88000 6.47023000 111.93379 24.69500 14.87677 96.16191
20 5 17 07 32 1768.99900 6.47023000 111.09998 24.69500 14.87677 95.63403
20 5 17 07 32 1769.00000 6.47023000 110.60000 24.69800 14.87677 96.16178
20 5 17 07 33 1769.94400 6.47023000 110.42802 24.69800 14.87677 96.16178
20 5 17 07 33 1770.57800 6.47023000 110.32000 24.69800 14.87666 96.16178
20 5 17 07 34 1771.77900 6.47023000 110.10100 24.66000 14.87666 96.16178
20 5 17 07 35 1770.71000 6.47023000 110.31889 24.66000 14.87666 96.16178
20 5 17 07 35 1770.70000 6.47023000 110.29999 24.61999 14.87666 95.63390
20 5 17 07 36 1770.72700 6.47023000 110.31887 24.61999 14.87666 95.63390
20 5 17 07 36 1770.74000 6.47023000 110.31886 24.61999 14.87666 95.63390
20 5 17 07 37 1770.71700 6.47023000 110.23991 24.61999 14.87666 95.63390
20 5 17 07 37 1772.72000 6.47023000 110.11001 24.70000 14.87648 95.63390
20 5 17 07 38 1772.72000 6.47023000 110.10105 24.70000 14.73160 95.63390
20 5 17 07 38 1770.75000 6.44000000 110.10104 24.70000 14.73160 95.63390
20 5 17 07 39 1771.97000 6.44000000 110.22982 24.70000 14.73160 95.63390
20 5 17 07 39 1771.97000 6.44000000 110.20000 24.67800 14.73160 95.63390
20 5 17 07 40 1771.97000 6.44000000 110.00000 24.67800 14.73160 95.63390
20 5 17 07 40 1770.74000 6.44000000 110.19775 24.67800 14.73160 95.63390
20 5 17 07 41 1770.75700 6.44000000 109.91410 24.67800 14.73160 95.63390
20 5 17 07 41 1770.75700 6.44000000 109.07230 24.67800 14.73160 95.63390
20 5 17 07 42 1770.75700 6.44000000 110.19900 24.67800 14.73160 95.63390
20 5 17 07 42 1771.79900 6.44000000 110.07231 24.67900 14.73160 95.63390
20 5 17 07 43 1771.29400 6.43999000 110.07231 24.67900 14.73160 95.63390
20 5 17 07 43 1769.50500 6.43999000 110.30001 24.67900 14.73160 95.63390
20 5 17 07 44 1771.67000 6.43999000 110.29999 24.67900 14.73160 95.63390
20 5 17 07 44 1771.80000 6.43999000 110.07231 24.67900 14.73160 95.63390
20 5 17 07 45 1771.80200 6.43999000 110.37990 24.67800 14.73160 95.63390
20 5 17 07 45 1770.04100 6.43999000 110.37989 24.67800 14.89934 95.63390
20 5 17 07 46 1771.00000 6.43999000 110.40000 24.67800 14.89934 95.63390
20 5 17 07 46 1771.99000 6.43999000 110.39990 24.67806 14.89934 95.63390
20 5 17 07 47 1770.00000 6.43999000 110.02000 24.67806 14.89934 95.63390
20 5 17 07 47 1771.96000 6.44000000 110.00000 24.67900 14.89934 95.63390
20 5 17 07 48 1771.98200 6.44000000 110.00001 24.67900 14.89934 95.63390
20 5 17 07 48 1770.04200 6.44000000 110.00001 24.67800 14.89934 95.63390
20 5 17 07 49 1770.05900 6.44000000 110.00000 24.67800 14.89934 94.69334
20 5 17 07 49 1770.00000 6.44000000 110.00000 24.67800 14.89934 94.69334
20 5 17 07 50 1771.99900 6.41101000 110.00000 24.67800 14.89934 94.69334
20 5 17 07 51 1771.98200 6.41101000 110.00000 24.59000 14.89934 94.69334
20 5 17 07 51 1770.07000 6.41101000 109.50010 24.59000 14.89934 96.30000
20 5 17 07 52 1771.98000 6.41101000 109.68999 24.59000 14.89934 96.30000
20 5 17 07 52 1771.97900 6.41101000 109.50100 24.63200 14.89877 96.30000
20 5 17 07 53 1770.33000 6.41101000 109.99998 24.64901 14.89877 96.30000
20 5 17 07 53 1770.34000 6.41101000 109.59000 24.65100 14.70000 96.05915
20 5 17 07 54 1772.00000 6.46419000 109.99895 24.70000 14.70000 96.05915
20 5 17 07 54 1773.34000 6.46419000 109.50000 24.69997 14.70000 94.76984
20 5 17 07 55 1774.36100 6.46419000 109.40359 24.69997 14.70000 94.76984
20 5 17 07 55 1774.36200 6.46574000 109.40297 24.69997 14.70000 94.76984
20 5 17 07 56 1774.36200 6.46574000 109.40295 24.69997 14.70000 94.76984
20 5 17 07 56 1774.40000 6.41301000 109.39997 24.69997 14.70000 96.32000
20 5 17 07 57 1774.99900 6.41301000 109.54330 24.63402 14.70000 96.32000
20 5 17 07 57 1774.99900 6.41301000 109.50000 24.70000 14.70000 96.32000
20 5 17 07 58 1774.40100 6.41301000 109.07425 24.70000 14.70000 96.07913
20 5 17 07 58 1775.00000 6.41301000 109.34996 24.70000 14.70000 96.07913
20 5 17 07 59 1775.00000 6.41301000 109.34992 24.70000 14.70000 96.07913
20 5 17 07 59 1774.99900 6.41301000 109.34992 24.70000 14.70000 96.31989
20 5 17 08 00 1773.98900 6.41301000 109.34496 24.70000 14.70000 96.31989
20 5 17 08 00 1774.98100 6.41301000 109.34996 24.70000 14.70000 96.31989
20 5 17 08 01 1774.99900 6.41301000 109.13000 24.70000 14.70000 96.31989
20 5 17 08 01 1773.93700 6.41301000 109.34992 24.70000 14.70000 96.31989
20 5 17 08 02 1774.58000 6.41301000 109.34989 24.70000 14.70000 96.31989
20 5 17 08 02 1774.58000 6.41301000 109.34992 24.70000 14.70051 96.31989
20 5 17 08 03 1774.58000 6.41301000 109.48999 24.69999 14.70041 96.31989
20 5 17 08 03 1774.57900 6.41301000 109.41766 24.70000 14.70000 96.31989
20 5 17 08 04 1774.11000 6.41301000 109.99039 24.70000 14.70000 96.32000
20 5 17 08 04 1774.58000 6.41301000 109.99039 24.69994 14.70000 96.32000
20 5 17 08 05 1774.58000 6.41301000 109.89980 24.69996 14.70000 96.32000
20 5 17 08 05 1774.58000 6.41301000 109.89880 24.69996 14.70000 96.32000
20 5 17 08 06 1774.98200 6.46998000 109.89880 24.69996 14.70000 96.32000
20 5 17 08 06 1774.75500 6.46998000 109.90028 24.69999 14.70000 96.32000
20 5 17 08 07 1774.57000 6.46998000 109.90029 24.70000 14.70000 96.32000
20 5 17 08 07 1774.57900 6.46998000 109.90029 24.69996 14.88680 94.92902
20 5 17 08 08 1774.57900 6.46998000 109.90029 24.69996 14.88680 94.92902
20 5 17 08 08 1774.57000 6.46998000 109.99138 24.70000 14.88680 94.92902
20 5 17 08 09 1774.57900 6.46998000 110.00000 24.69996 14.88680 94.92902
20 5 17 08 09 1774.57900 6.46998000 109.99145 24.65066 14.88680 94.92902
20 5 17 08 10 1774.57900 6.46998000 110.00000 24.59800 14.88680 96.53009
20 5 17 08 10 1774.57900 6.46998000 110.40148 24.69989 14.88680 96.53009
20 5 17 08 11 1774.57900 6.46998000 110.40148 24.69989 14.88680 95.32554
20 5 17 08 11 1773.98400 6.46688000 110.20007 24.69995 14.88680 95.32554
20 5 17 08 12 1773.96700 6.46688000 110.39998 24.69994 14.88680 95.32554
20 5 17 08 13 1773.98400 6.46688000 110.49843 24.69994 14.88680 95.32554
20 5 17 08 13 1773.98400 6.46688000 110.21026 24.69994 14.88680 95.32554
20 5 17 08 14 1773.98400 6.46688000 110.49999 24.69994 14.88680 95.32554
20 5 17 08 14 1773.96700 6.46688000 110.21053 24.69995 14.88680 95.32554
20 5 17 08 14 1773.98100 6.46688000 110.49999 24.69995 14.86670 95.32554
20 5 17 08 15 1773.98300 6.46688000 110.49999 24.69995 14.86670 95.32554
20 5 17 08 16 1773.97800 6.46688000 110.40000 24.68297 14.86670 95.32554
20 5 17 08 16 1773.97800 6.46688000 110.49999 24.68297 14.86670 95.32554
20 5 17 08 16 1773.97800 6.46688000 110.49999 24.68296 14.86670 95.32554
20 5 17 08 17 1773.97800 6.42008000 110.49999 24.61513 14.86670 95.32554
20 5 17 08 18 1773.96700 6.42008000 110.49999 24.61513 14.86670 95.32554
20 5 17 08 18 1773.96700 6.42008000 110.49999 24.61513 14.86670 95.32554
20 5 17 08 19 1773.96700 6.42008000 110.49998 24.65000 14.86670 95.32554
20 5 17 08 19 1773.97700 6.42008000 110.41000 24.65000 14.86670 95.32554
20 5 17 08 20 1773.96700 6.42008000 110.49999 24.65000 14.86670 95.32554
20 5 17 08 20 1773.96700 6.42008000 110.41002 24.65000 14.86670 95.32554
20 5 17 08 21 1773.96700 6.42008000 110.49890 24.65000 14.86640 95.32784
20 5 17 08 21 1773.96700 6.49699000 110.22173 24.65000 14.86642 95.32784
20 5 17 08 22 1773.97800 6.49699000 110.49983 24.65000 14.86385 95.32784
20 5 17 08 22 1773.97800 6.42016000 110.41003 24.65000 14.89999 95.32784
20 5 17 08 23 1773.97800 6.42016000 110.22178 24.61000 14.90000 95.32784
20 5 17 08 24 1773.97700 6.42102000 110.22171 24.61000 14.93705 95.32784
20 5 17 08 24 1773.77600 6.42102000 109.99138 24.61000 14.93724 95.32784
20 5 17 08 25 1773.59200 6.42102000 109.94328 24.61001 14.93724 95.32784
20 5 17 08 25 1773.59200 6.42102000 110.22137 24.60100 14.93724 95.32784
20 5 17 08 26 1773.59200 6.42102000 110.20000 24.55872 14.93724 95.32784
20 5 17 08 26 1773.59200 6.42102000 110.22137 24.55872 14.93724 95.32784
20 5 17 08 27 1772.98800 6.48900000 109.99999 24.55872 14.93724 95.32784
20 5 17 08 27 1772.98800 6.48900000 110.00000 24.55872 14.93724 95.32784
20 5 17 08 28 1773.57400 6.48900000 110.00000 24.60000 14.93724 95.32784
20 5 17 08 28 1772.50000 6.48900000 110.22179 24.60000 14.86642 95.32784
20 5 17 08 29 1773.59200 6.48900000 110.00001 24.60000 14.86642 95.32784
20 5 17 08 29 1773.98000 6.48900000 110.00001 24.61900 14.86642 95.32784
20 5 17 08 30 1774.71000 6.48900000 110.41868 24.61900 14.86642 95.39509
20 5 17 08 30 1774.84000 6.48900000 110.41868 24.61900 14.86642 95.39509
20 5 17 08 31 1774.01900 6.48900000 110.41868 24.61900 14.86642 95.39509
20 5 17 08 31 1774.02000 6.48900000 110.46996 24.61900 14.86642 95.39509
20 5 17 08 32 1774.84000 6.52145000 110.00001 24.61900 14.86642 95.39509
20 5 17 08 32 1774.21400 6.52145000 110.46970 24.55000 14.93724 95.39509
20 5 17 08 33 1774.81000 6.52145000 110.46850 24.54900 14.93723 95.39509
20 5 17 08 33 1774.00000 6.52145000 110.46843 24.54900 14.93723 95.39509
20 5 17 08 34 1773.99500 6.52145000 110.00001 24.56700 14.93723 95.39509
20 5 17 08 34 1774.79100 6.52145000 110.46498 24.54800 14.93723 95.39509
20 5 17 08 35 1773.98200 6.45028000 110.45000 24.54799 14.93723 95.39509
20 5 17 08 35 1773.06200 6.45028000 110.45001 24.54798 14.93723 95.39509
20 5 17 08 36 1773.08100 6.45005000 110.45000 24.58095 14.93723 95.39509
20 5 17 08 37 1775.00300 6.45005000 110.45000 24.58095 14.93723 95.39509
20 5 17 08 37 1773.24100 6.45005000 110.45999 24.58095 14.93723 95.39509
20 5 17 08 37 1773.28100 6.45005000 110.45999 24.49282 14.93723 95.39509
20 5 17 08 38 1773.30000 6.45005000 110.45200 24.49282 14.93723 95.39509
20 5 17 08 38 1775.01000 6.45010000 110.22019 24.46259 14.95000 95.39509
20 5 17 08 39 1773.33000 6.45008000 110.22027 24.46259 14.95000 95.61389
20 5 17 08 40 1775.01000 6.45010000 110.22027 24.46257 14.95000 95.61389
20 5 17 08 40 1773.41100 6.45000000 110.40000 24.49900 14.94992 95.61389
20 5 17 08 40 1775.01000 6.45000000 110.45500 24.46257 14.94992 95.61389
20 5 17 08 41 1775.00900 6.45000000 110.45499 24.46300 14.94992 95.61389
20 5 17 08 42 1775.01000 6.45000000 110.48000 24.46300 14.94992 95.61389
20 5 17 08 42 1773.53000 6.45000000 110.99999 24.46300 14.94992 95.61442
20 5 17 08 43 1774.99200 6.43009000 110.99999 24.52554 14.94992 95.61453
20 5 17 08 43 1775.00900 6.52938000 110.97000 24.52554 14.94992 95.61453
20 5 17 08 44 1775.00900 6.52938000 110.96997 24.52554 14.94992 95.61453
20 5 17 08 44 1774.99200 6.43506000 110.39125 24.52554 14.94992 95.61453
20 5 17 08 45 1775.01000 6.49999000 110.99991 24.52997 14.94992 95.61453
20 5 17 08 45 1775.00900 6.49999000 110.99991 24.52997 14.94992 95.61453
20 5 17 08 46 1775.01000 6.49999000 110.40166 24.46300 14.94992 95.61453
20 5 17 08 46 1775.00900 6.49999000 110.99965 24.46300 14.94998 95.61453
20 5 17 08 47 1773.70800 6.49999000 110.39012 24.47000 14.95000 95.61453
20 5 17 08 47 1774.99200 6.49999000 110.39012 24.47000 14.95000 95.61453
20 5 17 08 48 1774.99200 6.49999000 110.97984 24.47000 14.95000 96.53009
20 5 17 08 48 1775.00000 6.49999000 110.70000 24.46146 14.95000 96.53009
20 5 17 08 49 1775.00000 6.49999000 110.78000 24.46146 14.94993 96.53009
20 5 17 08 49 1775.01000 6.49999000 110.97110 24.46000 14.94993 96.53009
20 5 17 08 50 1775.01000 6.49999000 110.97110 24.46000 14.94985 96.53009
20 5 17 08 50 1775.01000 6.49999000 110.40105 24.46000 14.94985 96.53009
20 5 17 08 51 1775.00900 6.49200000 110.40126 24.38200 14.94985 96.53009
20 5 17 08 51 1775.00900 6.49200000 110.41449 24.38200 14.94985 96.53009
20 5 17 08 52 1775.00900 6.44000000 110.95156 24.38200 14.94962 96.53009
20 5 17 08 52 1775.00000 6.44000000 110.95154 24.38200 14.94962 96.53009
20 5 17 08 53 1775.01000 6.44000000 110.95152 24.38200 14.94962 96.53009
20 5 17 08 53 1775.00000 6.44000000 110.95152 24.46295 14.94962 96.53009
20 5 17 08 54 1775.01000 6.44000000 110.95152 24.46295 14.80742 96.53009
20 5 17 08 54 1775.01000 6.44000000 110.51795 24.50000 14.80742 96.53009
20 5 17 08 55 1774.12100 6.44000000 110.90006 24.50000 14.80742 96.00000
20 5 17 08 55 1774.00000 6.44000000 110.90006 24.50000 14.80742 96.00000
20 5 17 08 56 1775.01000 6.44000000 111.00000 24.47100 14.80742 96.00000
20 5 17 08 56 1775.01000 6.44000000 110.99999 24.47100 14.80742 96.00000
20 5 17 08 57 1773.74100 6.44000000 110.99999 24.47100 14.80742 96.00000
20 5 17 08 57 1774.99200 6.44000000 110.99999 24.47100 14.80742 96.00000
20 5 17 08 58 1774.56000 6.44000000 110.91000 24.47100 14.94901 96.00000
20 5 17 08 58 1774.99200 6.44000000 111.00000 24.47100 14.94901 96.00000
20 5 17 08 59 1774.99200 6.44000000 111.00000 24.47100 14.94901 96.00000
20 5 17 08 59 1774.99200 6.44000000 110.99999 24.55999 14.94901 96.00000
20 5 17 09 00 1774.95000 6.50000000 110.99999 24.55999 14.94901 96.00000
20 5 17 09 01 1774.95000 6.49999000 110.60176 24.55999 14.94901 96.00000
20 5 17 09 01 1774.97000 6.49999000 110.99999 24.55999 14.94901 96.00000
20 5 17 09 01 1775.01000 6.49999000 110.91002 24.55999 14.94901 96.00000
20 5 17 09 02 1775.01000 6.49999000 110.91004 24.55999 14.94901 96.00000
20 5 17 09 02 1774.11100 6.49999000 111.00000 24.47500 14.94901 96.00000
20 5 17 09 03 1774.99200 6.49999000 111.00000 24.54395 14.94901 96.00000
20 5 17 09 04 1774.99200 6.49999000 111.00000 24.54395 14.94901 96.00000
20 5 17 09 04 1774.99200 6.49999000 111.00000 24.54389 14.94901 96.00000
20 5 17 09 05 1774.00000 6.49999000 110.99999 24.45502 14.94901 96.00000
20 5 17 09 05 1772.01000 6.49999000 110.99999 24.45504 14.94901 96.00000
20 5 17 09 06 1774.99100 6.49999000 111.00000 24.52903 14.94901 95.57643
20 5 17 09 06 1775.63000 6.49999000 111.00000 24.54300 14.94901 95.57643
20 5 17 09 07 1772.21000 6.49999000 111.00000 24.57000 14.94901 96.00000
20 5 17 09 07 1772.25000 6.49999000 111.00000 24.57000 14.94901 96.00000
20 5 17 09 08 1775.62500 6.49999000 111.20000 24.57000 14.94901 95.57673
20 5 17 09 08 1774.99100 6.49999000 111.20000 24.57000 14.94901 95.57673
20 5 17 09 09 1774.99100 6.48500000 111.20000 24.57000 14.94901 95.57673
20 5 17 09 09 1773.34000 6.48500000 111.36912 24.57000 14.99000 96.00000
20 5 17 09 10 1773.46000 6.49000000 111.36912 24.57005 14.99000 96.00000
20 5 17 09 10 1773.46000 6.49000000 111.78000 24.59999 14.99000 96.00000
20 5 17 09 11 1775.62900 6.49000000 111.78000 24.59999 14.99000 96.00000
20 5 17 09 11 1773.46000 6.45016000 111.78900 24.59999 14.99000 96.00000
20 5 17 09 12 1773.64000 6.45016000 111.91933 24.65000 14.99000 96.00000
20 5 17 09 12 1775.60000 6.45016000 111.78001 24.67500 14.99000 96.00000
20 5 17 09 13 1775.59300 6.48000000 111.91999 24.64999 14.99000 96.39996
20 5 17 09 13 1775.58900 6.48000000 111.92000 24.69900 14.99000 96.39996
20 5 17 09 14 1775.57400 6.48000000 111.92000 24.67501 14.99000 96.39996
20 5 17 09 14 1773.64000 6.50000000 111.93673 24.67502 14.99000 96.39996
20 5 17 09 15 1773.90000 6.50000000 111.93673 24.70000 14.99000 95.57755
20 5 17 09 15 1773.90000 6.50000000 111.93674 24.67500 14.99000 95.57755
20 5 17 09 16 1773.90000 6.52457000 112.00000 24.67500 14.99000 95.57755
20 5 17 09 16 1774.00000 6.52457000 112.00002 24.67500 14.99000 95.57641
20 5 17 09 17 1774.00200 6.52457000 112.00001 24.67500 14.99000 95.57641
20 5 17 09 17 1774.00700 6.52457000 112.00001 24.67500 14.99000 95.57641
20 5 17 09 18 1774.00900 6.52457000 112.00001 24.67500 14.99000 95.57641
20 5 17 09 18 1775.93800 6.52457000 111.47806 24.67500 14.99000 95.57641
20 5 17 09 19 1773.67500 6.48003000 111.93999 24.67500 14.99000 95.57641
20 5 17 09 19 1773.90000 6.48011000 111.00000 24.67500 14.99000 95.57641
20 5 17 09 20 1775.89200 6.48011000 111.14003 24.67500 15.09851 95.57641
20 5 17 09 20 1775.92000 6.48011000 111.01028 24.67500 15.09851 95.57641
20 5 17 09 21 1775.99700 6.48011000 111.74881 24.67500 15.09851 95.57641
20 5 17 09 21 1776.73000 6.48011000 111.74869 24.67500 15.09851 95.57641
20 5 17 09 22 1776.72900 6.50000000 111.74725 24.65397 15.09851 95.57641
20 5 17 09 23 1776.72900 6.50004000 111.01072 24.65397 15.09851 95.57641
20 5 17 09 23 1776.02300 6.50002000 111.02017 24.65397 15.09851 95.57641
20 5 17 09 23 1777.00000 6.50002000 111.02033 24.65397 15.09851 95.57641
20 5 17 09 24 1776.99900 6.50002000 111.69523 24.65397 15.09851 95.57641
20 5 17 09 25 1776.04300 6.54166000 111.69523 24.65397 15.09851 95.57641
20 5 17 09 25 1776.98200 6.54180000 111.69523 24.65397 15.09851 95.57641
20 5 17 09 26 1776.05700 6.54719000 111.60000 24.65397 15.09851 95.57641
20 5 17 09 26 1777.77700 6.54719000 111.59996 24.65397 15.09851 95.57641
20 5 17 09 27 1777.09000 6.54719000 111.59993 24.65397 15.09851 95.57641
20 5 17 09 27 1776.02400 6.54720000 111.59998 24.65400 15.09851 95.57641
20 5 17 09 28 1776.02300 6.55000000 111.20006 24.65400 15.09851 95.57641
20 5 17 09 28 1774.19800 6.55000000 111.20006 24.57000 15.09851 95.57641
20 5 17 09 29 1776.00600 6.52588000 111.20009 24.57000 15.09851 95.57641
20 5 17 09 29 1775.98700 6.52588000 111.20009 24.57000 15.09851 95.57641
20 5 17 09 30 1776.00200 6.52588000 111.20009 24.57000 14.99000 95.57641
20 5 17 09 30 1771.58000 6.52588000 111.59156 24.58700 14.99000 95.57641
20 5 17 09 31 1771.50600 6.52588000 111.59156 24.58700 15.05272 95.57641
20 5 17 09 31 1774.32300 6.52588000 111.59155 24.65338 15.05272 95.57641
20 5 17 09 32 1774.89200 6.52588000 111.59155 24.54700 15.05272 95.57641
20 5 17 09 32 1774.87300 6.53005000 111.99978 24.52500 15.05272 96.39529
20 5 17 09 33 1774.78200 6.53005000 111.99999 24.52500 15.05272 96.39529
20 5 17 09 33 1774.79900 6.53005000 111.99999 24.52500 15.05272 96.39529
20 5 17 09 34 1771.52500 6.53026000 111.83706 24.52500 15.05290 96.39529
20 5 17 09 34 1771.75200 6.55000000 111.99999 24.52500 15.05290 96.39529
20 5 17 09 35 1769.20900 6.55000000 112.00000 24.57001 15.05290 96.39529
20 5 17 09 35 1773.78200 6.55000000 112.00000 24.57001 15.05290 96.39420
20 5 17 09 36 1774.76100 6.55000000 112.23783 24.60530 15.05290 96.39420
20 5 17 09 36 1774.76000 6.55000000 112.23783 24.60529 15.05290 96.39420
20 5 17 09 37 1774.00000 6.55000000 112.45876 24.69999 15.05290 96.39420
20 5 17 09 37 1773.77700 6.55000000 112.45876 24.68561 15.05290 96.39420
20 5 17 09 38 1771.77400 6.55000000 112.45876 24.60538 15.05290 96.39420
20 5 17 09 38 1771.77700 6.55000000 112.11002 24.60538 15.05290 96.39420
20 5 17 09 39 1774.89000 6.55000000 112.11000 24.68552 15.05290 95.99995
20 5 17 09 39 1774.42500 6.55000000 112.10992 24.69999 15.14335 95.99995
20 5 17 09 40 1774.28800 6.55000000 112.10976 24.68552 15.14335 95.99995
20 5 17 09 40 1773.99900 6.55000000 112.10976 24.68552 15.14335 95.99995
20 5 17 09 41 1771.80300 6.55000000 112.10941 24.68552 15.14335 95.99995
20 5 17 09 42 1773.72900 6.55000000 111.68876 24.68552 15.14335 95.00001
20 5 17 09 42 1773.50700 6.55000000 112.10910 24.69100 15.14335 95.63407
20 5 17 09 43 1771.77400 6.57470000 111.88991 24.69100 15.14335 95.63407
20 5 17 09 43 1771.75200 6.57461000 111.88974 24.54500 15.14335 95.63407
20 5 17 09 44 1771.75500 6.57461000 111.88959 24.69095 15.18261 95.63407
20 5 17 09 44 1766.18000 6.57461000 111.52788 24.60806 15.18261 95.63407
20 5 17 09 45 1766.18800 6.57461000 111.88930 24.69100 15.18261 95.63407
20 5 17 09 45 1766.71200 6.57461000 111.88908 24.70000 15.18261 95.63407
20 5 17 09 46 1769.99900 6.57461000 111.88898 24.70000 15.18261 95.41364
20 5 17 09 46 1769.99600 6.57461000 111.88874 24.60002 15.18261 95.41364
20 5 17 09 47 1766.18000 6.57189000 111.88855 24.60002 15.18261 94.68950
20 5 17 09 47 1766.82900 6.57189000 111.49014 24.63300 15.18261 94.68950
20 5 17 09 48 1768.98200 6.57189000 111.88831 24.61001 15.18261 94.68950
20 5 17 09 48 1767.12000 6.57189000 111.88806 24.61001 15.18261 94.68950
20 5 17 09 49 1774.84900 6.51103000 111.88806 24.69982 15.18261 94.68950
20 5 17 09 49 1774.84700 6.51103000 111.37858 24.69982 15.19433 94.68950
20 5 17 09 50 1774.89000 6.53001000 111.37858 24.70000 15.18454 94.68769
20 5 17 09 51 1766.13000 6.51100000 111.45000 24.75000 15.18454 94.68769
20 5 17 09 51 1766.13000 6.48010000 111.25011 24.78511 15.18454 95.87389
20 5 17 09 52 1767.13400 6.48010000 111.25011 24.70004 15.18454 95.87389
20 5 17 09 52 1766.02000 6.48010000 111.34589 24.70004 15.18454 95.87389
20 5 17 09 53 1766.00100 6.55000000 111.08990 24.75001 15.18454 95.87389
20 5 17 09 54 1765.13500 6.43062000 110.99996 24.75000 15.00004 95.87389
20 5 17 09 54 1766.00000 6.43062000 110.99996 24.75003 15.00004 95.87389
20 5 17 09 55 1765.00100 6.45097000 110.81158 24.75002 15.00004 95.87389
20 5 17 09 55 1765.88600 6.47649000 110.56914 24.75002 15.00004 95.87389
20 5 17 09 56 1764.71400 6.47649000 110.27002 24.75002 15.00004 95.87389
20 5 17 09 56 1765.86900 6.42404000 110.39992 24.75002 15.00004 94.68733
20 5 17 09 57 1766.87400 6.42400000 110.39990 24.67600 15.00004 94.68733
20 5 17 09 57 1767.08000 6.42111000 110.39981 24.78494 15.00004 94.68733
20 5 17 09 58 1766.76100 6.43037000 110.39972 24.78494 15.00004 94.68733
20 5 17 09 58 1766.73000 6.43037000 110.39972 24.78494 15.00000 94.68733
20 5 17 09 59 1763.85000 6.43037000 110.21432 24.78494 15.00000 94.68733
20 5 17 10 00 1763.72000 6.42110000 110.21422 24.78494 15.00000 94.68723
20 5 17 10 00 1767.07900 6.42110000 110.20000 24.78494 15.00000 94.68723
20 5 17 10 01 1767.09800 6.42110000 110.20000 24.78494 15.00000 94.68723
20 5 17 10 01 1767.11600 6.42110000 110.12999 24.78494 15.00000 94.68723
20 5 17 10 02 1765.00100 6.42111000 110.22341 24.72000 15.00000 94.68723
20 5 17 10 02 1765.00000 6.42111000 110.44972 24.72000 15.00004 94.68723
20 5 17 10 03 1767.70000 6.42111000 110.32542 24.70000 15.00007 94.68723
20 5 17 10 03 1768.64700 6.42111000 110.74996 24.70000 15.00007 94.68724
20 5 17 10 04 1768.94600 6.42111000 110.60000 24.70657 15.00007 94.68724
20 5 17 10 04 1770.00000 6.47481000 110.74979 24.61305 15.00007 94.68724
20 5 17 10 05 1770.11200 6.47481000 110.44999 24.61305 15.00007 94.68724
20 5 17 10 05 1768.98100 6.47481000 110.45009 24.61305 15.00007 94.68724
20 5 17 10 06 1768.94600 6.47481000 109.99999 24.61305 15.00007 94.68724
20 5 17 10 06 1768.94600 6.42012000 110.00000 24.71164 15.00007 94.68724
20 5 17 10 07 1768.94600 6.42012000 110.59968 24.62700 15.00007 94.68724
20 5 17 10 07 1768.94600 6.42013000 110.59968 24.62700 15.00007 94.68752
20 5 17 10 08 1772.00000 6.42013000 110.59962 24.62700 15.19425 94.68725
20 5 17 10 08 1772.00000 6.42013000 110.43235 24.69897 15.19425 94.68725
20 5 17 10 09 1767.88500 6.42013000 110.59951 24.65000 15.19425 94.68725
20 5 17 10 10 1767.88500 6.42013000 110.59945 24.65000 15.00052 94.68725
20 5 17 10 10 1771.65900 6.42013000 110.44997 24.70099 15.00052 95.45323
20 5 17 10 10 1771.49900 6.42013000 110.02089 24.70099 15.00052 95.45323
20 5 17 10 11 1770.88200 6.42013000 110.59906 24.70099 15.00052 95.45323
20 5 17 10 12 1770.70000 6.42013000 110.44994 24.68491 15.00052 95.45323
20 5 17 10 12 1771.08300 6.42013000 110.59740 24.68491 15.00052 95.45323
20 5 17 10 12 1767.80600 6.42013000 109.86900 24.59200 15.00052 95.45323
20 5 17 10 13 1771.17400 6.42013000 110.39210 24.65000 15.00052 95.45323
20 5 17 10 14 1769.99600 6.41677000 110.39042 24.65000 15.00052 95.45323
