28 7 17 05 08 2292.00100 12.30004000 173.39601 36.20000 15.50000 156.70012
28 7 17 05 09 2298.73800 12.30004000 172.94006 36.20002 15.50000 156.70012
28 7 17 05 09 2300.00000 12.30004000 172.94007 36.27214 15.50000 156.70012
28 7 17 05 09 2300.00000 12.30004000 172.94007 36.20001 15.50000 156.70012
28 7 17 05 09 2302.20900 12.30004000 172.94007 36.20001 15.50000 156.70012
28 7 17 05 10 2298.00000 12.30004000 172.94006 36.20001 15.50000 156.70012
28 7 17 05 10 2296.95100 12.30004000 172.94007 36.20001 15.50000 156.70012
28 7 17 05 11 2296.95100 12.30004000 173.39592 36.23241 15.50000 156.70012
28 7 17 05 11 2296.95100 12.30001000 172.94085 36.23241 15.50000 156.70012
28 7 17 05 12 2298.99900 12.30004000 172.94007 36.20002 15.50000 157.41200
28 7 17 05 12 2296.95100 12.30004000 172.94085 36.23241 15.59492 156.99878
28 7 17 05 12 2298.99900 12.30004000 172.94085 36.20000 15.59492 156.99878
28 7 17 05 13 2302.05700 12.30004000 172.94114 36.20000 15.50000 157.41200
28 7 17 05 13 2298.28900 12.30004000 172.94125 36.20001 15.50000 157.18221
28 7 17 05 14 2302.05600 12.30004000 173.39603 36.20001 15.50000 157.41200
28 7 17 05 16 2302.05600 12.30004000 172.94114 36.20001 15.50000 157.41200
28 7 17 05 15 2302.06000 12.30004000 173.39602 36.20001 15.50000 157.41200
28 7 17 05 15 2298.71400 12.30004000 173.39605 36.20001 15.50000 157.41200
28 7 17 05 17 2303.00100 12.30004000 173.39605 36.20001 15.59554 157.41200
28 7 17 05 16 2302.54900 12.30004000 173.39610 36.20000 15.50000 157.41200
28 7 17 05 16 2303.42300 12.30004000 173.39610 36.20000 15.50000 157.18221
28 7 17 05 17 2303.41300 12.30001000 173.39610 36.20000 15.50000 157.41200
28 7 17 05 17 2303.42100 12.30004000 173.39610 36.20000 15.59492 157.41200
28 7 17 05 18 2300.21600 12.30004000 173.39602 36.20000 15.50000 157.41200
28 7 17 05 19 2303.42300 12.30004000 173.39610 36.20000 15.63112 157.41200
28 7 17 05 18 2300.21700 12.30004000 173.39610 36.20000 15.63112 157.41200
28 7 17 05 19 2303.41300 12.30004000 173.39610 36.20000 15.63112 157.50000
28 7 17 05 19 2301.00000 12.43129000 173.39610 36.20000 15.63112 157.50000
28 7 17 05 20 2303.42100 12.43129000 173.39610 36.20000 15.63112 157.50000
28 7 17 05 20 2303.42300 12.30004000 173.39610 36.20000 15.63112 157.50000
28 7 17 05 22 2303.44100 12.43129000 173.39610 36.20000 15.63112 157.50000
28 7 17 05 23 2303.44100 12.30004000 173.39610 36.20000 15.63112 157.18221
28 7 17 05 22 2303.42300 12.43129000 173.39610 36.20000 15.63112 157.50000
28 7 17 05 22 2308.24000 12.30001000 173.39610 36.26780 15.63112 157.50000
28 7 17 05 23 2308.24000 12.43129000 173.39610 36.20001 15.63112 157.50000
28 7 17 05 24 2308.24000 12.43129000 173.39610 36.20001 15.63112 157.50000
28 7 17 05 23 2308.24000 12.43129000 173.39610 36.20001 15.63112 157.50000
28 7 17 05 24 2309.77800 12.43129000 173.54341 36.20001 15.63112 157.50000
28 7 17 05 24 2309.77800 12.30004000 173.54341 36.20001 15.59554 157.50000
28 7 17 05 26 2309.77800 12.43129000 173.79999 36.20001 15.63112 157.50000
28 7 17 05 25 2303.42300 12.30004000 173.79999 36.20001 15.63112 157.41200
28 7 17 05 26 2303.42300 12.30004000 173.79999 36.20001 15.63112 157.50000
28 7 17 05 26 2309.77800 12.43129000 173.79999 36.20001 15.63112 157.50000
28 7 17 05 27 2309.77800 12.43129000 173.79999 36.20001 15.59492 157.50000
28 7 17 05 27 2309.77800 12.35218000 173.79998 36.20001 15.63112 157.18221
28 7 17 05 27 2309.77800 12.35218000 173.79998 36.20001 15.63112 157.50000
28 7 17 05 28 2309.77800 12.35218000 173.75001 36.20001 15.63112 157.50000
28 7 17 05 29 2309.77800 12.35218000 173.80000 36.20001 15.63112 157.50000
28 7 17 05 29 2309.77800 12.35537000 173.80000 36.20001 15.63112 157.50000
28 7 17 05 31 2309.77800 12.35328000 173.80000 36.20001 15.63112 157.50000
28 7 17 05 30 2309.64500 12.35328000 173.80000 36.20000 15.63112 157.50000
28 7 17 05 30 2304.99900 12.35328000 173.80000 36.20000 15.63112 157.50000
28 7 17 05 30 2302.17800 12.35437000 173.80000 36.20001 15.63112 157.50000
28 7 17 05 31 2304.96000 12.35437000 173.80000 36.20000 15.63112 157.50000
28 7 17 05 33 2304.99900 12.35437000 173.79999 36.20000 15.63112 157.50000
28 7 17 05 33 2309.62700 12.44360000 173.80000 36.20000 15.63112 157.50000
28 7 17 05 32 2309.62700 12.44360000 173.80000 36.20000 15.63112 157.41200
28 7 17 05 33 2309.62300 12.44360000 173.80000 36.20000 15.63112 157.50000
28 7 17 05 33 2309.62100 12.44360000 173.99999 36.20000 15.63112 157.50000
28 7 17 05 33 2309.61700 12.44360000 173.80000 36.20000 15.63112 157.50000
28 7 17 05 34 2309.62300 12.44360000 174.00000 36.20000 15.63112 158.19300
28 7 17 05 35 2309.61800 12.44360000 174.00000 36.20000 15.63112 158.19300
28 7 17 05 35 2309.61500 12.44360000 173.99999 36.20000 15.63112 158.19300
28 7 17 05 35 2309.62300 12.40001000 173.99999 36.20000 15.63112 158.19300
28 7 17 05 37 2309.62100 12.40001000 173.99999 36.23002 15.63112 157.18221
28 7 17 05 36 2308.37000 12.44360000 173.99999 36.20001 15.63112 158.19300
28 7 17 05 37 2312.08000 12.40001000 174.00000 36.20000 15.63112 158.19300
28 7 17 05 37 2312.08000 12.40004000 174.00000 36.20002 15.63112 158.19300
28 7 17 05 37 2312.08000 12.40001000 174.00000 36.20001 15.63112 157.50000
28 7 17 05 38 2312.08000 12.40001000 174.29998 36.20000 15.59492 158.19300
28 7 17 05 38 2312.08000 12.40002000 174.29998 36.20702 15.63112 157.18221
28 7 17 05 39 2312.08000 12.40002000 174.29999 36.20702 15.63112 158.19300
28 7 17 05 39 2312.08000 12.40002000 174.30000 36.20000 15.63112 158.19300
28 7 17 05 40 2310.00000 12.40002000 174.30000 36.38442 15.63112 158.19300
28 7 17 05 40 2308.68700 12.40002000 174.34600 36.34891 15.63112 158.19300
28 7 17 05 41 2308.57600 12.40002000 174.34500 36.11020 15.63112 157.50000
28 7 17 05 43 2310.00000 12.40002000 174.30000 36.20000 15.63112 158.19300
28 7 17 05 42 2309.77300 12.40002000 174.29999 36.20000 15.63112 158.19300
28 7 17 05 42 2306.48200 12.40002000 174.34600 36.11020 15.63112 159.99939
28 7 17 05 42 2308.46000 12.40002000 174.50400 36.20000 15.63112 159.99939
28 7 17 05 43 2312.08000 12.40002000 174.13293 36.11967 15.63112 159.99939
28 7 17 05 43 2308.68600 12.40002000 174.29999 36.11967 15.63112 159.99923
28 7 17 05 44 2306.48200 12.40002000 174.32299 36.11967 15.51000 159.99923
28 7 17 05 44 2308.68700 12.40001000 174.29999 36.33426 15.51000 159.99923
28 7 17 05 45 2308.68700 12.40002000 174.29999 36.12696 15.51000 157.63004
28 7 17 05 47 2308.68700 12.49100000 174.30000 36.12696 15.51000 157.63004
28 7 17 05 46 2311.97900 12.49100000 174.32300 36.12285 15.51000 158.19354
28 7 17 05 46 2312.07900 12.40002000 174.32300 36.12285 15.51000 158.19354
28 7 17 05 46 2308.68700 12.40002000 174.30000 36.12914 15.63112 158.19352
28 7 17 05 47 2311.50000 12.49100000 174.32299 36.12915 15.63112 159.99863
28 7 17 05 47 2311.50000 12.49100000 174.52500 36.12919 15.63112 158.19352
28 7 17 05 48 2309.68300 12.40000000 174.52500 36.12919 15.51000 158.19354
28 7 17 05 48 2311.49800 12.40000000 174.10221 36.13129 15.51000 159.99863
28 7 17 05 49 2308.68700 12.49100000 174.49199 36.13127 15.51000 159.99863
28 7 17 05 49 2311.50000 12.40000000 174.49199 36.16419 15.51000 159.99863
28 7 17 05 50 2308.69200 12.40000000 174.10227 36.16419 15.51000 159.99835
28 7 17 05 51 2308.68700 12.40000000 174.49196 36.16419 15.51000 159.99835
28 7 17 05 51 2308.69300 12.40000000 174.49196 36.16419 15.63112 159.99835
28 7 17 05 51 2307.00000 12.40000000 174.49196 36.16419 15.51000 159.99835
28 7 17 05 52 2308.68600 12.40000000 174.10230 36.16419 15.51000 159.99835
28 7 17 05 52 2308.68700 12.40000000 174.10230 36.16419 15.63090 159.99835
28 7 17 05 53 2308.57500 12.40000000 174.10230 36.16419 15.63090 159.99835
28 7 17 05 53 2308.68700 12.35108000 174.10230 36.12701 15.63090 159.99777
28 7 17 05 54 2305.87100 12.35108000 174.10226 36.16419 15.63090 159.99777
28 7 17 05 54 2305.87100 12.35108000 174.10230 36.16419 15.63090 159.99777
28 7 17 05 54 2308.57500 12.35108000 174.10226 36.12701 15.63090 159.99777
28 7 17 05 55 2305.00000 12.35108000 174.10221 36.12701 15.63090 159.99777
28 7 17 05 55 2308.68500 12.35108000 174.10226 36.12701 15.63090 159.99777
28 7 17 05 56 2308.68700 12.35108000 174.10230 36.12810 15.63090 158.00020
28 7 17 05 56 2308.68700 12.35108000 174.10229 36.12917 15.63090 158.00020
28 7 17 05 57 2308.68700 12.35108000 174.10229 36.16000 15.63090 158.00020
28 7 17 05 58 2308.68700 12.35628000 174.10229 36.12917 15.63090 158.00020
28 7 17 05 58 2308.68700 12.35628000 174.10229 36.16282 15.63090 158.00020
28 7 17 05 58 2308.68500 12.35628000 174.00949 36.16282 15.63090 158.00020
28 7 17 05 59 2308.68700 12.35628000 174.10230 36.16800 15.63090 158.00020
28 7 17 05 59 2308.68700 12.35628000 174.00949 36.12700 15.63090 158.00020
28 7 17 06 01 2308.68700 12.35628000 174.10230 36.12700 15.63090 158.00020
28 7 17 06 01 2308.68700 12.35628000 174.10230 36.12700 15.63090 158.00020
28 7 17 06 01 2310.54000 12.35628000 174.10230 36.16282 15.51000 158.19354
28 7 17 06 01 2310.54000 12.44320000 174.10230 36.16282 15.51000 158.19354
28 7 17 06 01 2308.68700 12.44320000 174.00958 36.16800 15.63090 158.00020
28 7 17 06 01 2310.85200 12.44320000 174.10230 36.16282 15.51000 158.19354
28 7 17 06 03 2310.54000 12.44320000 174.10230 36.15931 15.51000 158.50000
28 7 17 06 02 2312.00000 12.49768000 174.10230 36.19588 15.63090 159.99777
28 7 17 06 03 2317.97000 12.44319000 174.24824 36.19588 15.51000 158.50000
28 7 17 06 05 2317.97000 12.49768000 174.12419 36.19588 15.63090 158.50000
28 7 17 06 04 2317.51700 12.49768000 175.20000 36.19588 15.63090 158.50000
28 7 17 06 04 2317.51400 12.49768000 174.30712 36.19588 15.63090 158.50000
28 7 17 06 06 2317.51100 12.49768000 175.20000 36.22484 15.63090 158.50000
28 7 17 06 06 2314.65000 12.49768000 174.83100 36.22484 15.51000 158.50000
28 7 17 06 06 2317.51700 12.49768000 174.97268 36.12705 15.63090 158.50000
28 7 17 06 06 2317.51700 12.49768000 174.97268 36.22484 15.63090 158.50000
28 7 17 06 07 2317.51300 12.49768000 174.50001 36.19588 15.63090 159.99777
28 7 17 06 07 2317.51700 12.49768000 173.72000 36.22484 15.63090 158.60000
28 7 17 06 07 2317.51700 12.48278000 174.97268 36.12705 15.63090 158.60000
28 7 17 06 08 2320.50300 12.49768000 173.64500 36.22484 15.63090 158.50000
28 7 17 06 09 2320.50300 12.48489000 173.72000 36.12705 15.63090 159.99777
28 7 17 06 09 2320.50300 12.48489000 173.99699 36.12705 15.63090 158.60000
28 7 17 06 09 2320.98400 12.48489000 173.99699 36.12705 15.63090 158.60001
28 7 17 06 10 2321.00000 12.48489000 174.69300 36.12705 15.63090 158.60001
28 7 17 06 11 2317.73900 12.48489000 174.40521 36.12705 15.63090 158.60001
28 7 17 06 10 2317.74000 12.48489000 174.40521 36.12705 15.63090 158.60001
28 7 17 06 12 2320.96500 12.48489000 173.95516 36.12705 15.63090 158.60001
28 7 17 06 11 2317.73900 12.48489000 174.51299 36.12705 15.63090 158.60000
28 7 17 06 12 2317.73900 12.48489000 174.51300 36.12705 15.63090 158.60000
28 7 17 06 13 2320.85700 12.48278000 174.51301 36.12705 15.51000 158.60001
28 7 17 06 13 2317.85000 12.48489000 174.51300 36.12705 15.63090 158.60001
28 7 17 06 14 2317.73900 12.48489000 174.51300 36.12705 15.63090 158.60001
28 7 17 06 14 2319.99900 12.48489000 174.51300 36.12705 15.63090 158.60000
28 7 17 06 14 2319.00000 12.48489000 174.51301 36.12705 15.63090 158.60001
28 7 17 06 14 2317.99900 12.48278000 174.51300 36.12705 15.63090 159.99777
28 7 17 06 15 2317.99900 12.48489000 174.51300 36.12705 15.63090 157.77771
28 7 17 06 15 2319.99900 12.48489000 174.51300 36.12705 15.63090 157.77771
28 7 17 06 16 2319.99900 12.48489000 174.51300 36.12705 15.63090 158.60000
28 7 17 06 16 2317.99900 12.48489000 174.51300 36.12705 15.63090 157.77771
28 7 17 06 17 2320.00000 12.48489000 174.51300 36.12705 15.63090 158.60000
28 7 17 06 17 2320.00000 12.48489000 174.51300 36.12705 15.51000 157.77771
28 7 17 06 17 2320.99700 12.49768000 174.51300 36.28297 15.63090 158.60000
28 7 17 06 17 2319.99900 12.49768000 174.51313 36.12705 15.63090 158.60000
28 7 17 06 18 2320.99700 12.49999000 174.51300 36.28297 15.63090 157.77771
28 7 17 06 19 2319.99900 12.49999000 174.51300 36.22484 15.63090 159.99330
28 7 17 06 19 2323.63900 12.49999000 174.89970 36.28297 15.63090 159.99330
28 7 17 06 19 2320.99600 12.49999000 174.51311 36.28297 15.63350 159.99330
28 7 17 06 20 2323.63900 12.49999000 174.89950 36.28297 15.63350 159.99330
28 7 17 06 21 2323.63900 12.49999000 174.89950 36.28297 15.63350 159.99283
28 7 17 06 20 2320.99600 12.49768000 174.89950 36.28297 15.63350 159.99283
28 7 17 06 21 2323.63500 12.49999000 174.51314 36.28297 15.63349 159.99283
28 7 17 06 22 2323.60800 12.48278000 174.51308 36.28297 15.63349 159.99283
28 7 17 06 22 2323.63900 12.49999000 174.69496 36.28297 15.63350 159.99283
28 7 17 06 24 2320.99600 12.49999000 174.89981 36.28297 15.63349 159.99777
28 7 17 06 23 2321.63500 12.49999000 174.54910 36.28297 15.63349 159.99283
28 7 17 06 23 2321.63500 12.49999000 174.54901 36.28297 15.63418 159.99283
28 7 17 06 24 2321.63500 12.49999000 174.72700 36.28296 15.63418 159.99283
28 7 17 06 24 2323.63800 12.49999000 174.72700 36.28296 15.63350 159.99283
28 7 17 06 25 2323.63900 12.49999000 174.72700 36.28296 15.63418 159.99283
28 7 17 06 26 2323.63900 12.49999000 174.86928 36.25920 15.63350 159.99283
28 7 17 06 26 2323.63900 12.49999000 174.86928 36.25920 15.63418 159.99330
28 7 17 06 26 2323.63900 12.37993000 174.86908 36.28520 15.63418 159.99283
28 7 17 06 26 2325.99700 12.37993000 174.86908 36.28520 15.63349 159.99777
28 7 17 06 27 2321.63500 12.49999000 174.72501 36.25920 15.63350 159.99283
28 7 17 06 27 2323.00000 12.37993000 174.89900 36.32470 15.63349 159.99777
28 7 17 06 28 2325.99700 12.37993000 174.89900 36.28520 15.63349 159.99283
28 7 17 06 28 2325.95800 12.37993000 174.89900 36.33425 15.63418 158.60000
28 7 17 06 28 2325.96700 12.37993000 174.89900 36.25919 15.63418 159.99777
28 7 17 06 30 2325.96700 12.37993000 174.72700 36.25920 15.63418 157.96700
28 7 17 06 30 2325.96700 12.37993000 174.89900 36.25920 15.63418 157.96700
28 7 17 06 30 2325.96700 12.37993000 174.99993 36.25920 15.63418 157.96700
28 7 17 06 31 2322.64900 12.37993000 174.67280 36.25920 15.63418 157.96700
28 7 17 06 31 2323.00000 12.37993000 174.67280 36.25920 15.69898 157.96700
28 7 17 06 31 2325.96300 12.37993000 174.67275 36.30300 15.69898 157.96700
28 7 17 06 32 2325.85300 12.37993000 174.51300 36.25920 15.69898 157.96700
28 7 17 06 32 2322.64500 12.49999000 174.51300 36.30436 15.63350 159.99330
28 7 17 06 32 2322.65100 12.49999000 174.51300 36.30436 15.69898 159.99283
28 7 17 06 33 2325.00000 12.49999000 174.67275 36.25920 15.69898 159.99283
28 7 17 06 33 2323.00000 12.37993000 174.67264 36.30436 15.69898 157.96700
28 7 17 06 34 2321.50000 12.37993000 174.51304 36.33113 15.69898 159.99283
28 7 17 06 34 2325.19900 12.49999000 174.51304 36.33113 15.69898 159.99022
28 7 17 06 34 2321.50000 12.37993000 174.67275 36.29259 15.69898 159.99022
28 7 17 06 36 2325.00000 12.37993000 174.85100 36.29259 15.69898 159.99022
28 7 17 06 37 2325.19800 12.37993000 174.51312 36.29259 15.63349 159.99022
28 7 17 06 37 2325.00000 12.37993000 174.85100 36.30000 15.69898 159.99022
28 7 17 06 37 2325.19800 12.49999000 174.99956 36.30000 15.69898 159.99022
28 7 17 06 37 2325.00000 12.49999000 174.85099 36.30000 15.69898 159.99283
28 7 17 06 38 2325.19900 12.37993000 174.51312 36.29998 15.63349 159.99022
28 7 17 06 38 2325.20000 12.37993000 174.52000 36.22882 15.69898 159.99022
28 7 17 06 39 2325.19900 12.49999000 174.51300 36.22882 15.69898 159.99022
28 7 17 06 39 2325.20000 12.37993000 174.51307 36.33426 15.69898 159.99022
28 7 17 06 41 2323.14400 12.37993000 175.00000 36.33426 15.69898 159.99022
28 7 17 06 39 2317.00000 12.37993000 175.03600 36.33426 15.69898 159.99022
28 7 17 06 40 2317.00000 12.37993000 175.00000 36.33426 15.69898 159.99022
28 7 17 06 40 2317.99900 12.37993000 174.63000 36.29996 15.69898 159.99022
28 7 17 06 42 2317.00000 12.37993000 174.51300 36.33426 15.69898 158.76100
28 7 17 06 41 2317.00000 12.49999000 174.85696 36.33565 15.69898 158.76100
28 7 17 06 41 2317.00000 12.37993000 174.63475 36.33565 15.69898 158.76100
28 7 17 06 43 2317.00000 12.49999000 174.85700 36.29996 15.69898 158.76100
28 7 17 06 43 2317.00000 12.37993000 174.51300 36.48628 15.69898 158.76100
28 7 17 06 44 2317.00000 12.37993000 174.51300 36.48628 15.69898 158.76100
28 7 17 06 44 2316.88600 12.37993000 174.02734 36.48628 15.69898 158.76100
28 7 17 06 45 2316.88500 12.37993000 174.02734 36.36868 15.69898 158.76100
28 7 17 06 44 2314.06300 12.37993000 174.51300 36.36868 15.69898 157.96700
28 7 17 06 44 2314.06300 12.41539000 174.51301 36.36868 15.63350 158.76100
28 7 17 06 46 2315.89000 12.41539000 174.00001 36.36868 15.69898 158.76100
28 7 17 06 46 2314.06300 12.49999000 174.00002 36.36868 15.69898 158.76100
28 7 17 06 47 2314.06300 12.41539000 174.00001 36.35400 15.69898 158.76100
28 7 17 06 46 2314.06300 12.43400000 174.00001 36.36868 15.69898 158.76100
28 7 17 06 47 2314.06300 12.43400000 174.00002 36.36868 15.69898 159.98791
28 7 17 06 47 2314.06300 12.43400000 174.00001 36.36868 15.69898 159.98791
28 7 17 06 48 2317.00000 12.43400000 174.00002 36.39391 15.63349 159.98791
28 7 17 06 48 2314.06300 12.43403000 174.00001 36.36193 15.69898 159.98791
28 7 17 06 50 2314.06300 12.43403000 174.00002 36.36193 15.50001 159.98756
28 7 17 06 49 2314.06300 12.43403000 174.00002 36.36193 15.50001 159.98744
28 7 17 06 50 2314.06300 12.41539000 174.00002 36.36193 15.63349 159.98756
28 7 17 06 50 2314.06300 12.43403000 174.53400 36.22403 15.50001 159.98744
28 7 17 06 50 2314.06300 12.43403000 174.00002 36.22403 15.50001 159.98756
28 7 17 06 51 2314.06300 12.43403000 174.00000 36.37297 15.50001 159.98744
28 7 17 06 52 2314.06300 12.43403000 174.00000 36.37233 15.50001 159.98744
28 7 17 06 52 2314.06300 12.41539000 174.00002 36.35599 15.63349 159.98756
28 7 17 06 52 2314.06300 12.43403000 173.82600 36.39080 15.50001 159.98744
28 7 17 06 53 2314.06300 12.41646000 173.82600 36.37231 15.50001 159.98744
28 7 17 06 53 2314.06300 12.43403000 173.70000 36.37231 15.50001 159.98744
28 7 17 06 53 2314.06300 12.43403000 173.64312 36.37231 15.50001 159.98744
28 7 17 06 54 2314.06300 12.43403000 173.64313 36.31900 15.50001 159.98744
28 7 17 06 55 2314.06300 12.41540000 173.68298 36.36057 15.50001 159.98744
28 7 17 06 55 2314.06300 12.43401000 174.45286 36.19098 15.50001 159.98744
28 7 17 06 55 2314.06300 12.41540000 173.84495 36.19098 15.69898 159.98744
28 7 17 06 56 2316.99900 12.43400000 174.52000 36.35409 15.50001 159.98744
28 7 17 06 57 2316.99900 12.43400000 174.52000 36.30401 15.63349 159.98744
28 7 17 06 57 2320.61000 12.43400000 173.84495 36.36057 15.50001 159.98744
28 7 17 06 58 2319.06500 12.43400000 174.00000 36.43900 15.59000 159.98546
28 7 17 06 59 2319.99900 12.41646000 174.52000 36.46077 15.62898 159.98546
28 7 17 06 58 2315.06300 12.41646000 174.00000 36.43941 15.62898 159.98546
28 7 17 06 59 2316.10200 12.43400000 174.34150 36.30711 15.62898 159.98511
28 7 17 06 59 2316.10100 12.43400000 174.34149 36.30505 15.62898 159.98511
28 7 17 07 00 2316.10200 12.43400000 174.34152 36.30505 15.62898 159.98546
28 7 17 07 00 2316.10200 12.43401000 174.34152 36.48629 15.62898 159.98756
28 7 17 07 01 2315.06900 12.43400000 174.34142 36.48629 15.62898 159.98511
28 7 17 07 01 2315.00000 12.43400000 174.34142 36.48629 15.62898 159.98756
28 7 17 07 02 2316.10200 12.43400000 174.40000 36.30608 15.62898 159.98511
28 7 17 07 02 2318.93600 12.43400000 174.40000 36.30608 15.62898 159.98511
28 7 17 07 02 2317.00000 12.43400000 174.40000 36.30608 15.62898 159.98448
28 7 17 07 03 2318.99800 12.43400000 174.40000 36.48629 15.62898 159.00000
28 7 17 07 04 2318.98100 12.41540000 174.00002 36.48629 15.62899 159.00000
28 7 17 07 04 2318.99600 12.41646000 174.00002 36.30608 15.63001 159.00000
28 7 17 07 04 2318.99700 12.41646000 174.52599 36.30608 15.63000 159.98402
28 7 17 07 05 2317.63000 12.43403000 174.35199 36.45098 15.63000 159.98402
28 7 17 07 05 2317.65000 12.41540000 174.00000 36.45098 15.63000 159.98402
28 7 17 07 05 2317.64900 12.43403000 173.74413 36.34101 15.63000 159.98402
28 7 17 07 06 2317.65000 12.43400000 174.40000 36.45100 15.63000 159.00000
28 7 17 07 07 2316.00000 12.48399000 173.74721 36.34101 15.63000 159.98402
28 7 17 07 07 2317.00000 12.48399000 173.99993 36.35190 15.63000 158.07001
28 7 17 07 08 2316.99900 12.48399000 173.99993 36.36499 15.63000 158.07001
28 7 17 07 07 2314.06300 12.48399000 173.99700 36.36499 15.63000 158.07001
28 7 17 07 08 2313.99900 12.41540000 173.76076 36.45098 15.63000 159.98744
28 7 17 07 09 2314.49000 12.48399000 173.74400 36.36499 15.63000 158.07021
28 7 17 07 09 2312.08000 12.41646000 173.64000 36.36499 15.63000 158.07021
28 7 17 07 09 2315.99900 12.48399000 173.64000 36.36499 15.63000 158.07021
28 7 17 07 11 2315.99900 12.48399000 173.64000 36.36499 15.63000 158.07011
28 7 17 07 11 2310.00000 12.48399000 173.74389 36.36499 15.63000 158.07011
28 7 17 07 10 2310.00000 12.43400000 173.64000 36.36499 15.63000 158.00000
28 7 17 07 11 2312.00000 12.43400000 173.53000 36.31498 15.63000 158.00000
28 7 17 07 13 2311.99900 12.43400000 173.64001 36.31498 15.63000 157.51001
28 7 17 07 12 2310.00000 12.43400000 173.29724 36.31500 15.63000 157.51001
28 7 17 07 13 2309.99900 12.43400000 173.64000 36.31498 15.63000 157.51001
28 7 17 07 13 2311.99900 12.43400000 173.64001 36.36499 15.62898 157.51001
28 7 17 07 13 2310.00000 12.43400000 173.63968 36.22316 15.63000 157.51001
28 7 17 07 14 2311.00000 12.43400000 173.63961 36.31900 15.62898 157.98001
28 7 17 07 14 2311.00000 12.43400000 173.63945 36.31900 15.62898 157.98001
28 7 17 07 16 2309.00000 12.43400000 173.20037 36.20839 15.62898 159.11188
28 7 17 07 15 2309.00000 12.43400000 173.20037 36.22316 15.62898 157.51000
28 7 17 07 16 2309.00000 12.40315000 173.63945 36.22316 15.62898 157.51000
28 7 17 07 16 2310.10000 12.40315000 173.20037 36.31900 15.62898 158.07011
28 7 17 07 16 2309.00100 12.48395000 173.50000 36.20840 15.62898 158.07011
28 7 17 07 17 2308.90000 12.48395000 173.63982 36.31900 15.62898 158.07011
28 7 17 07 17 2308.89900 12.48395000 173.63982 36.20840 15.62898 158.07011
28 7 17 07 17 2308.89800 12.40315000 173.16702 36.22316 15.62898 158.07011
28 7 17 07 18 2309.00000 12.48395000 173.33008 36.20000 15.62898 158.07011
28 7 17 07 18 2311.00000 12.48395000 173.33008 36.20000 15.62898 158.07011
28 7 17 07 19 2311.00000 12.48395000 173.16708 36.20001 15.62898 158.07011
28 7 17 07 19 2311.00000 12.48395000 173.63960 36.20001 15.62898 158.07011
28 7 17 07 19 2311.00000 12.43400000 173.64000 36.20001 15.62898 158.07011
28 7 17 07 20 2311.00000 12.48395000 173.64000 36.20001 15.62898 157.97001
28 7 17 07 21 2310.99900 12.48395000 173.64000 36.21001 15.62898 157.97001
28 7 17 07 22 2311.00000 12.48395000 173.63982 36.21001 15.62898 157.97001
28 7 17 07 21 2311.00000 12.48395000 173.64000 36.21001 15.62898 157.97000
28 7 17 07 22 2311.00000 12.48395000 173.50000 36.29999 15.62898 157.97001
28 7 17 07 22 2311.00000 12.48395000 173.50012 36.30000 15.62898 157.97000
28 7 17 07 23 2311.00000 12.48395000 173.50000 36.21001 15.62898 157.97000
28 7 17 07 23 2311.00000 12.48395000 173.50000 36.29999 15.62898 157.97000
28 7 17 07 24 2311.00000 12.48395000 173.35201 36.29999 15.62898 157.97000
28 7 17 07 25 2311.00000 12.48395000 173.50010 36.29999 15.62898 157.97000
28 7 17 07 25 2311.00000 12.40315000 173.50000 36.20001 15.62898 157.97000
28 7 17 07 25 2311.00000 12.48395000 173.35201 36.29999 15.62898 157.97000
28 7 17 07 25 2311.00000 12.40315000 173.50000 36.30000 15.62898 157.97001
28 7 17 07 27 2311.00000 12.48395000 173.35201 36.29995 15.62898 157.97001
28 7 17 07 26 2311.00000 12.49998000 173.35204 36.27500 15.62898 157.97001
28 7 17 07 27 2311.00000 12.49998000 173.35202 36.20000 15.62898 157.97001
28 7 17 07 27 2311.00000 12.49998000 173.63989 36.00000 15.62898 157.97001
28 7 17 07 28 2311.00000 12.48395000 173.35802 36.12452 15.62898 157.97001
28 7 17 07 28 2311.00000 12.48395000 173.35802 36.12452 15.62898 157.97001
28 7 17 07 29 2311.00000 12.49998000 173.63988 36.12448 15.62898 158.96299
28 7 17 07 31 2311.00000 12.40315000 173.63988 36.12448 15.62898 157.97001
28 7 17 07 30 2311.00000 12.49998000 173.63986 35.97699 15.62898 158.96299
28 7 17 07 30 2311.00000 12.49998000 173.35201 35.97699 15.62898 158.96299
28 7 17 07 30 2318.99800 12.48395000 173.35806 36.14427 15.62898 157.97001
28 7 17 07 31 2318.99800 12.49998000 173.23080 36.14427 15.62898 158.96297
28 7 17 07 31 2318.99800 12.49998000 173.21410 36.14427 15.62898 158.00000
28 7 17 07 33 2318.99800 12.47001000 173.07350 35.98017 15.66531 157.50002
28 7 17 07 33 2318.99800 12.47001000 172.82601 36.00000 15.66531 158.96227
28 7 17 07 34 2318.99800 12.47000000 172.82601 36.23980 15.66531 157.49312
28 7 17 07 33 2318.99800 12.40527000 172.82601 36.23979 15.66531 157.96000
28 7 17 07 35 2318.99800 12.40527000 172.94083 36.23980 15.62898 158.00000
28 7 17 07 34 2318.99800 12.40527000 172.60011 36.23979 15.66531 158.00000
28 7 17 07 35 2318.99800 12.40318000 172.30000 36.23979 15.55900 158.00000
28 7 17 07 37 2318.99800 12.40318000 172.50001 36.23979 15.55900 157.50004
28 7 17 07 36 2318.99800 12.40527000 172.18628 36.23976 15.50151 157.50004
28 7 17 07 37 2318.99800 12.40527000 172.02501 36.23976 15.55900 158.98663
28 7 17 07 37 2318.99800 12.40527000 172.10002 36.23979 15.50151 158.98663
28 7 17 07 37 2318.99800 12.40738000 172.02000 35.99100 15.50151 158.37315
28 7 17 07 39 2318.99800 12.40318000 172.10002 35.99100 15.50151 157.50024
28 7 17 07 39 2318.99800 12.40738000 172.18628 35.99001 15.70277 159.77070
28 7 17 07 39 2318.99800 12.40738000 172.09999 35.99100 15.70277 159.77070
28 7 17 07 39 2318.99800 12.40738000 172.43889 35.99210 15.66508 159.77070
28 7 17 07 40 2321.00000 12.40738000 172.28500 35.99210 15.66508 159.77070
28 7 17 07 41 2322.01000 12.40634000 172.43889 36.00000 15.66509 158.98660
28 7 17 07 41 2321.00000 12.40634000 172.43889 36.00000 15.50151 158.98660
28 7 17 07 43 2322.01100 12.40634000 172.49988 36.00000 15.50151 158.98660
28 7 17 07 42 2323.64000 12.40634000 172.43889 36.00000 15.50151 158.98660
28 7 17 07 44 2323.64000 12.49659000 172.43889 36.00001 15.50139 159.77070
28 7 17 07 42 2323.64000 12.49659000 172.20000 36.00000 15.66495 158.98660
28 7 17 07 44 2323.64000 12.49659000 172.47992 36.00000 15.66495 158.98660
28 7 17 07 44 2323.64000 12.49659000 172.49986 35.99100 15.50136 158.98660
28 7 17 07 45 2323.64000 12.49659000 172.49987 35.97699 15.50136 158.98660
28 7 17 07 44 2323.64000 12.40497000 172.40000 35.85066 15.50136 159.77070
28 7 17 07 45 2323.64000 12.40324000 172.10000 35.85065 15.50136 157.50026
28 7 17 07 45 2323.64000 12.49656000 172.30000 35.84401 15.50140 157.50026
28 7 17 07 47 2325.20000 12.49656000 172.39999 35.84401 15.50136 157.50026
28 7 17 07 47 2328.00000 12.49656000 172.40000 35.85066 15.50140 157.50026
28 7 17 07 47 2330.00000 12.40324000 172.00001 35.84401 15.50138 158.98623
28 7 17 07 47 2330.42900 12.40634000 172.39999 35.84401 15.50138 158.98623
28 7 17 07 48 2331.50000 12.40324000 172.49988 35.85001 15.50136 158.98623
28 7 17 07 49 2335.26000 12.40314000 172.20000 35.85066 15.50138 158.98623
28 7 17 07 49 2335.99000 12.40314000 172.49988 35.85066 15.50138 158.98623
28 7 17 07 51 2335.99000 12.40314000 172.49988 35.85066 15.50138 158.98623
28 7 17 07 51 2335.99000 12.40314000 172.20000 35.85066 15.66487 157.50026
28 7 17 07 51 2335.99000 12.40313000 172.49988 35.85066 15.66487 157.99604
28 7 17 07 51 2336.25000 12.40314000 172.49988 35.85066 15.66487 157.99604
28 7 17 07 51 2336.25000 12.30000000 172.49988 35.85066 15.66487 158.00000
28 7 17 07 52 2335.99000 12.40313000 172.55800 35.85066 15.66487 158.00000
28 7 17 07 52 2336.59000 12.32205000 172.60000 35.85066 15.66487 158.00000
28 7 17 07 53 2337.33300 12.29003000 173.17227 35.98700 15.66487 158.00000
28 7 17 07 53 2341.55000 12.29004000 172.99000 36.11000 15.66486 158.00000
28 7 17 07 54 2343.67000 12.29004000 172.77800 36.11000 15.66486 157.99604
28 7 17 07 56 2347.91700 12.29004000 173.00000 36.11000 15.66486 158.00000
28 7 17 07 54 2347.99900 12.32205000 173.13000 35.85003 15.66486 158.00000
28 7 17 07 55 2347.99900 12.32205000 173.13000 35.85066 15.66486 157.99604
28 7 17 07 56 2348.00000 12.32206000 173.13000 35.85424 15.66486 158.00000
28 7 17 07 57 2348.00000 12.32206000 173.13000 35.85321 15.50140 158.00000
28 7 17 07 57 2348.00000 12.29000000 173.13000 35.85321 15.60001 158.00000
28 7 17 07 57 2348.00000 12.29000000 172.98610 35.85324 15.60001 158.00000
28 7 17 07 59 2348.00000 12.29000000 172.98610 35.85003 15.60001 158.00000
28 7 17 07 58 2348.88100 12.29000000 172.77536 36.11948 15.60001 158.00000
28 7 17 07 59 2348.00000 12.29000000 172.77536 36.11948 15.61696 158.98623
28 7 17 07 59 2348.98000 12.29000000 172.77536 36.11948 15.61696 158.00000
28 7 17 07 59 2348.98000 12.32204000 172.77798 36.11946 15.60002 158.00000
28 7 17 08 01 2348.98000 12.29000000 172.70000 36.11946 15.60002 158.00000
28 7 17 08 00 2348.98000 12.29100000 172.22095 36.11946 15.60000 158.00000
28 7 17 08 02 2359.97200 12.29100000 172.22096 36.03008 15.50141 158.98504
28 7 17 08 02 2361.00000 12.29100000 172.20003 36.03008 15.60000 157.99604
28 7 17 08 03 2368.31100 12.34900000 172.20002 36.07246 15.50141 158.98504
28 7 17 08 03 2367.70000 12.29100000 172.22096 36.07246 15.50141 158.98504
28 7 17 08 03 2349.99900 12.29230000 172.22096 36.07245 15.50141 157.99604
28 7 17 08 04 2365.00000 12.34999000 172.22096 36.10000 15.50141 158.98496
28 7 17 08 05 2365.00000 12.40053000 172.20003 36.10000 15.59991 158.98496
28 7 17 08 06 2365.00000 12.40053000 172.22096 36.10001 15.59991 158.98496
28 7 17 08 05 2367.76300 12.34999000 172.20003 36.14883 15.59988 157.99604
28 7 17 08 06 2365.93300 12.40053000 172.22096 36.12183 15.59989 158.80000
28 7 17 08 08 2365.57500 12.40000000 172.68218 36.17982 15.59989 158.80000
28 7 17 08 08 2365.00000 12.34999000 172.97335 36.23394 15.59988 158.40001
28 7 17 08 09 2365.00000 12.40053000 172.98608 36.23394 15.59988 158.40001
28 7 17 08 09 2365.00000 12.34900000 172.97335 36.23000 15.59988 158.40001
28 7 17 08 10 2365.00000 12.40053000 173.13000 36.23394 15.59988 158.40001
28 7 17 08 11 2352.50000 12.40053000 173.30000 36.23394 15.59988 158.80000
28 7 17 08 10 2352.50000 12.34900000 173.30000 36.23000 15.59988 158.40001
28 7 17 08 10 2352.50000 12.30121000 172.76821 36.23000 15.59988 158.79997
28 7 17 08 11 2352.50000 12.29103000 173.30000 36.23000 15.59988 158.79997
28 7 17 08 12 2352.50100 12.29103000 172.80300 36.23000 15.59988 158.79997
28 7 17 08 12 2352.50000 12.30221000 173.30000 36.23000 15.59988 158.40001
28 7 17 08 12 2365.00000 12.30222000 172.90000 36.17982 15.59988 158.79987
28 7 17 08 13 2352.50000 12.30222000 173.00000 36.07900 15.59988 158.40001
28 7 17 08 13 2352.50000 12.30223000 173.05001 36.23000 15.50144 158.40003
28 7 17 08 14 2352.50000 12.30222000 173.05001 36.23000 15.50144 158.40003
28 7 17 08 16 2352.50000 12.30223000 173.05001 36.08961 15.59988 158.40000
28 7 17 08 14 2352.50000 12.30224000 173.74409 36.08961 15.50144 158.40000
28 7 17 08 15 2352.50000 12.30224000 173.29992 36.08961 15.50144 158.40000
28 7 17 08 16 2352.50000 12.31000000 172.90000 36.00312 15.59978 158.40000
28 7 17 08 16 2352.50000 12.31000000 174.18391 36.22572 15.59978 158.40000
28 7 17 08 17 2352.50000 12.31000000 173.74356 36.22369 15.59975 158.40000
28 7 17 08 18 2357.77600 12.31000000 173.40000 36.00312 15.59975 158.79950
28 7 17 08 19 2362.10900 12.31000000 173.72348 36.00312 15.59975 158.79950
28 7 17 08 20 2359.46900 12.36593000 173.42000 36.13101 15.50141 158.79950
28 7 17 08 21 2359.46900 12.36593000 173.49999 36.22397 15.50141 158.79950
28 7 17 08 20 2358.00000 12.33000000 173.50000 36.22400 15.50141 158.79926
28 7 17 08 22 2359.40500 12.33000000 173.10511 36.05550 15.50141 158.79926
28 7 17 08 22 2358.00000 12.33000000 173.48381 36.13099 15.50142 158.00000
28 7 17 08 22 2358.00000 12.33000000 173.50000 36.13090 15.50142 158.00000
28 7 17 08 23 2358.00000 12.33000000 173.50000 36.00312 15.50142 158.00000
28 7 17 08 25 2358.00000 12.33000000 173.50000 36.00312 15.50142 158.79903
28 7 17 08 23 2358.00000 12.36593000 173.50000 36.02130 15.50283 158.79903
28 7 17 08 24 2358.00000 12.36593000 173.50000 36.00312 15.50142 158.00000
28 7 17 08 25 2359.88800 12.36593000 173.54000 36.00312 15.50283 158.00000
28 7 17 08 26 2359.88800 12.36593000 173.50000 36.00312 15.50142 157.99999
28 7 17 08 25 2362.38100 12.36595000 173.54000 35.85002 15.50283 157.99999
28 7 17 08 26 2365.00000 12.36595000 173.48001 35.85002 15.50283 157.99999
28 7 17 08 27 2361.00000 12.36593000 173.77790 35.84998 15.50142 157.99999
28 7 17 08 28 2367.00000 12.38998000 173.72347 35.80000 15.59962 157.99605
28 7 17 08 27 2367.00000 12.36593000 173.64817 35.70500 15.59962 157.99604
28 7 17 08 28 2368.00000 12.38998000 173.54000 35.84500 15.58199 158.25700
28 7 17 08 30 2367.00000 12.38000000 173.64817 35.70999 15.59963 158.25700
28 7 17 08 30 2370.46000 12.38998000 173.47700 35.70004 15.58197 157.99604
28 7 17 08 30 2370.46000 12.38000000 173.64817 35.70004 15.58197 157.99604
28 7 17 08 30 2361.00000 12.38000000 173.30000 35.70005 15.58197 157.99604
28 7 17 08 33 2374.98000 12.38998000 174.00000 35.61947 15.59977 158.18793
28 7 17 08 33 2374.66756 12.38001000 173.99666 35.68818 15.59977 157.99603
28 7 17 08 34 2371.19200 12.36595000 173.97592 35.54146 15.50143 157.99604
28 7 17 08 34 2374.98000 12.38001000 173.99000 35.68818 15.50143 157.99604
28 7 17 08 35 2378.57000 12.38001000 173.87888 35.70003 15.59977 158.08532
28 7 17 08 35 2379.00000 12.36595000 173.21098 35.51934 15.59978 158.00000
28 7 17 08 37 2381.54300 12.38002000 173.68908 35.50000 15.59978 158.00000
28 7 17 08 38 2388.99000 12.38002000 173.50279 35.50997 15.66414 158.00001
28 7 17 08 39 2388.99000 12.39470000 173.51514 35.52099 15.59977 158.08532
28 7 17 08 39 2386.00000 12.32213000 173.51506 35.60000 15.66414 158.08532
28 7 17 08 40 2386.00000 12.32213000 173.51506 35.60000 15.66414 158.08532
28 7 17 08 41 2389.00000 12.32214000 173.11000 35.60000 15.66414 158.79842
28 7 17 08 42 2389.00000 12.32214000 173.63200 35.60000 15.58400 158.79842
28 7 17 08 43 2388.98900 12.39370000 173.89200 35.60000 15.58400 158.50000
28 7 17 08 42 2388.98900 12.32214000 173.63200 35.60000 15.58400 158.08533
28 7 17 08 42 2388.98900 12.39370000 173.63200 35.60000 15.58400 158.08533
28 7 17 08 44 2388.98900 12.39371000 173.89200 35.44065 15.59977 158.08533
28 7 17 08 43 2388.98900 12.39371000 173.20001 35.44065 15.58400 158.49996
28 7 17 08 44 2388.98900 12.39371000 173.60000 35.43849 15.66393 158.08533
28 7 17 08 46 2388.98900 12.39371000 173.20500 35.60000 15.66393 158.08533
28 7 17 08 45 2388.98900 12.39371000 173.59992 35.60000 15.66391 158.08533
28 7 17 08 46 2388.98900 12.39371000 174.08365 35.60000 15.66391 158.49996
28 7 17 08 47 2388.98900 12.39371000 174.10000 35.60000 15.66391 157.97000
28 7 17 08 47 2388.98900 12.39371000 174.10000 35.60000 15.66391 157.97000
28 7 17 08 47 2388.98900 12.39370000 173.70000 35.70001 15.66391 157.97000
28 7 17 08 47 2388.98900 12.40000000 174.08365 35.70004 15.66391 157.97000
28 7 17 08 49 2388.98900 12.39370000 174.07291 35.70001 15.66391 157.97000
28 7 17 08 48 2388.98900 12.39370000 174.10000 35.70004 15.66391 158.49993
28 7 17 08 49 2388.98900 12.40000000 174.07299 35.70004 15.66393 158.49993
28 7 17 08 50 2388.98900 12.40000000 174.10000 35.70004 15.50165 158.49993
28 7 17 08 50 2388.98900 12.40093000 174.10000 35.70004 15.50165 158.49993
28 7 17 08 51 2388.98900 12.40000000 173.95002 35.70004 15.50167 158.49993
28 7 17 08 50 2388.98900 12.40093000 174.07299 35.70004 15.50165 158.49996
28 7 17 08 51 2388.98900 12.40205000 173.91000 35.61101 15.50167 158.49993
28 7 17 08 51 2388.98900 12.40205000 173.91000 35.61101 15.58800 157.96000
28 7 17 08 53 2388.98900 12.31009000 174.10000 35.61101 15.50205 157.96000
28 7 17 08 52 2388.01000 12.31009000 173.99948 35.70004 15.50205 157.96000
28 7 17 08 53 2388.01000 12.31009000 174.10000 35.61000 15.58399 157.96000
28 7 17 08 54 2384.88900 12.31009000 173.80000 35.70003 15.50205 157.96000
28 7 17 08 55 2385.00000 12.40000000 173.91002 35.70003 15.50152 157.96000
28 7 17 08 57 2385.00000 12.31009000 173.10000 35.61990 15.50151 157.96000
28 7 17 08 56 2383.13800 12.31009000 173.15305 35.70000 15.50151 157.96010
28 7 17 08 56 2383.00000 12.31009000 173.20012 35.70004 15.50151 157.96000
28 7 17 08 57 2383.00000 12.31009000 173.50000 35.70000 15.50143 157.96010
28 7 17 08 57 2383.13700 12.31009000 173.50000 35.70004 15.50141 157.96010
28 7 17 08 57 2383.13700 12.40000000 173.49998 35.70004 15.50140 157.96010
28 7 17 08 58 2384.88900 12.40321000 173.45000 35.70004 15.50141 157.96010
28 7 17 08 58 2382.69200 12.40321000 173.20011 35.70004 15.50142 157.96000
28 7 17 08 58 2382.69200 12.40321000 173.18500 35.70004 15.50142 157.96000
28 7 17 08 59 2383.13700 12.40321000 173.32382 35.70004 15.50142 157.79000
28 7 17 09 00 2384.88900 12.40321000 172.68000 35.69999 15.50142 157.79000
28 7 17 09 00 2384.88900 12.40000000 172.53890 35.70004 15.50141 157.90000
28 7 17 09 00 2384.88800 12.40321000 172.61095 35.70004 15.50143 157.90000
28 7 17 09 01 2384.70000 12.40321000 172.79986 35.70000 15.58199 158.00000
28 7 17 09 02 2384.00100 12.40321000 172.79977 35.70000 15.58199 157.90000
28 7 17 09 02 2384.70000 12.40321000 172.79977 35.70000 15.58199 158.00000
28 7 17 09 02 2384.70000 12.31009000 172.80000 35.62000 15.58199 157.96000
28 7 17 09 03 2384.70100 12.40321000 172.79989 35.62000 15.50141 157.90000
28 7 17 09 03 2384.99900 12.40321000 172.79988 35.61000 15.58199 157.90001
28 7 17 09 04 2384.77800 12.40321000 172.79988 35.61000 15.58199 157.90000
28 7 17 09 06 2385.00000 12.40321000 172.80000 35.61000 15.50146 157.90000
28 7 17 09 05 2385.00000 12.40321000 172.79978 35.61893 15.50146 157.90000
28 7 17 09 05 2385.00000 12.40321000 172.62200 35.61893 15.65763 157.90000
28 7 17 09 06 2384.70100 12.40321000 172.70000 35.61000 15.50147 157.90000
28 7 17 09 07 2384.70000 12.40321000 172.70000 35.62001 15.50147 157.90000
28 7 17 09 06 2382.00000 12.40321000 172.99990 35.62001 15.50147 157.90000
28 7 17 09 08 2372.52500 12.40321000 172.62200 35.62001 15.50147 157.90000
28 7 17 09 08 2370.48800 12.40321000 172.70000 35.75271 15.50143 157.90000
28 7 17 09 09 2370.48800 12.40321000 172.99990 35.62000 15.50144 157.90000
28 7 17 09 08 2376.68300 12.34400000 172.99990 35.62000 15.50144 157.90000
28 7 17 09 09 2370.48800 12.40322000 172.98000 35.75271 15.50144 157.69000
28 7 17 09 09 2376.68100 12.31000000 172.98000 35.62000 15.65763 157.90000
28 7 17 09 11 2370.46000 12.31000000 172.98000 35.62001 15.65254 157.69000
28 7 17 09 13 2371.68600 12.30223000 172.80006 35.64852 15.65254 157.90000
28 7 17 09 12 2370.48000 12.29102000 172.69500 35.64852 15.50143 157.90000
28 7 17 09 12 2370.48000 12.29102000 172.62205 35.75200 15.50144 158.39248
28 7 17 09 13 2370.48000 12.29102000 172.79996 35.75200 15.50140 158.39248
28 7 17 09 14 2370.48000 12.29103000 172.79996 35.61999 15.50140 158.39248
28 7 17 09 14 2370.48000 12.29103000 172.80005 35.61999 15.50140 158.39248
28 7 17 09 15 2374.72000 12.29103000 172.80005 35.61999 15.50140 157.50025
28 7 17 09 15 2376.68000 12.29103000 172.97997 35.61999 15.50141 158.39248
28 7 17 09 16 2376.68000 12.29103000 172.80005 35.61000 15.50141 157.50025
28 7 17 09 17 2376.68000 12.29103000 172.98000 35.61999 15.50141 157.50025
28 7 17 09 18 2370.48000 12.29103000 172.53000 35.60001 15.50140 157.50025
28 7 17 09 19 2376.68000 12.29103000 172.53000 35.54381 15.50140 157.50000
28 7 17 09 20 2376.68000 12.29108000 172.53000 35.50000 15.50140 157.50000
28 7 17 09 20 2376.68000 12.29108000 172.89997 35.50000 15.57335 157.50000
28 7 17 09 21 2379.02200 12.29106000 172.91000 35.40100 15.50140 157.50025
28 7 17 09 21 2376.68000 12.29314000 172.66007 35.40107 15.57300 157.50025
28 7 17 09 22 2376.68000 12.29314000 172.66007 35.40100 15.57300 157.50025
28 7 17 09 22 2376.68000 12.29106000 172.89996 35.60001 15.57300 157.50025
28 7 17 09 22 2376.91100 12.29105000 172.66007 35.50106 15.57300 157.50000
28 7 17 09 22 2377.02200 12.29105000 172.89972 35.50106 15.57300 157.50025
28 7 17 09 22 2377.02200 12.29101000 172.56000 35.50106 15.50140 157.50000
28 7 17 09 23 2377.02200 12.29101000 172.60000 35.40107 15.50140 157.50000
28 7 17 09 24 2377.02200 12.29101000 172.60000 35.40061 15.50140 157.50000
28 7 17 09 24 2376.68000 12.29001000 172.96000 35.40060 15.50140 157.50000
28 7 17 09 26 2377.02200 12.29001000 172.89972 35.40060 15.50140 157.50000
28 7 17 09 25 2377.01900 12.29001000 172.84200 35.40000 15.50140 157.50001
28 7 17 09 26 2377.02000 12.29001000 172.86727 35.78998 15.50140 157.50000
28 7 17 09 25 2377.00000 12.29011000 172.86727 35.40060 15.50140 157.50000
28 7 17 09 26 2377.00000 12.29010000 172.85999 35.78996 15.50140 157.50000
28 7 17 09 27 2377.02100 12.29010000 172.87000 35.40107 15.57300 157.50000
28 7 17 09 27 2377.00000 12.29010000 172.74867 35.40003 15.50140 157.50000
28 7 17 09 28 2377.02100 12.29010000 172.96000 35.70000 15.50140 157.10002
28 7 17 09 30 2375.00000 12.29004000 172.76007 35.35500 15.65168 157.10001
28 7 17 09 30 2375.00000 12.29004000 172.96000 35.35500 15.65168 157.10003
28 7 17 09 31 2375.00000 12.29004000 172.99983 35.35500 15.50140 157.10001
28 7 17 09 31 2375.00000 12.29004000 172.96000 35.35010 15.65168 157.10001
28 7 17 09 31 2374.90000 12.29004000 172.89999 35.35010 15.64999 157.10002
28 7 17 09 32 2375.00000 12.29010000 172.67900 35.30100 15.64999 157.10002
28 7 17 09 32 2373.71700 12.29315000 172.66007 35.30000 15.55900 157.10001
28 7 17 09 33 2374.00000 12.29315000 172.69600 35.30000 15.50139 157.10001
28 7 17 09 33 2374.00000 12.29315000 172.60000 35.32605 15.55900 157.10001
28 7 17 09 33 2374.00000 12.29453000 172.55000 35.29823 15.50139 157.10001
28 7 17 09 34 2374.00000 12.29312000 172.87997 35.29823 15.55900 157.10001
28 7 17 09 34 2373.22600 12.29312000 172.58600 35.29823 15.50139 157.10001
28 7 17 09 34 2371.00800 12.29453000 172.60002 35.29823 15.55900 157.10001
28 7 17 09 35 2371.00800 12.29312000 172.61005 35.21000 15.55900 157.10001
28 7 17 09 36 2371.00800 12.29312000 172.61005 35.21000 15.55900 157.10001
28 7 17 09 37 2371.00800 12.29312000 172.87997 35.27000 15.55900 157.10001
28 7 17 09 36 2371.00800 12.29004000 172.61004 35.26999 15.55900 157.10001
28 7 17 09 37 2371.00000 12.29453000 172.61004 35.24999 15.50139 157.10001
28 7 17 09 37 2371.00800 12.29453000 172.50000 35.25000 15.50139 157.10001
28 7 17 09 38 2371.00000 12.29004000 172.50000 35.20000 15.64925 158.38981
28 7 17 09 38 2371.00000 12.29004000 172.48000 35.15000 15.64925 158.38970
28 7 17 09 39 2370.80200 12.29001000 172.40000 35.19999 15.64925 157.10001
28 7 17 09 40 2370.40000 12.29001000 172.40000 35.15000 15.64925 157.10001
28 7 17 09 41 2372.00000 12.29001000 172.40000 35.12000 15.64925 158.38971
28 7 17 09 41 2369.00000 12.29001000 172.40000 35.12000 15.64925 157.10002
28 7 17 09 40 2367.12600 12.29001000 172.40000 35.12000 15.64925 157.10002
28 7 17 09 41 2371.49000 12.29001000 172.40000 35.28000 15.63974 157.10020
28 7 17 09 41 2370.40200 12.29003000 172.40000 35.18000 15.63974 157.10020
28 7 17 09 43 2370.70000 12.29001000 172.40000 35.14997 15.63974 157.10020
28 7 17 09 42 2371.49000 12.29000000 172.40000 35.15499 15.64925 158.38958
28 7 17 09 43 2371.49000 12.31000000 172.49999 35.32597 15.63974 157.10002
28 7 17 09 45 2373.32500 12.29000000 172.50000 35.32597 15.63974 157.10002
28 7 17 09 44 2371.49000 12.29002000 172.50000 35.32597 15.63974 157.10001
28 7 17 09 46 2371.49000 12.29000000 172.39999 35.15499 15.63974 157.10001
28 7 17 09 44 2373.59600 12.29000000 172.21900 35.32597 15.50139 157.10000
28 7 17 09 45 2371.49000 12.28000000 172.21900 35.10000 15.63974 157.10002
28 7 17 09 46 2371.49000 12.29002000 172.29999 35.15500 15.63974 157.10002
28 7 17 09 46 2372.98900 12.28500000 172.28000 35.15500 15.50200 157.10002
28 7 17 09 47 2372.06600 12.28500000 172.20050 35.15499 15.63974 157.10004
28 7 17 09 47 2371.49000 12.28500000 172.20050 35.15500 15.50200 157.10002
28 7 17 09 47 2371.49000 12.28500000 172.22965 35.15499 15.50200 157.10000
28 7 17 09 48 2371.49000 12.28500000 172.20050 35.15500 15.50200 157.10000
28 7 17 09 48 2372.99000 12.25005000 172.20050 35.15500 15.50139 157.10000
28 7 17 09 49 2374.00000 12.25005000 172.20050 35.15499 15.50200 157.10000
28 7 17 09 49 2374.38800 12.25005000 172.20002 35.15500 15.50200 157.10000
28 7 17 09 49 2374.99900 12.25004000 172.20002 35.15500 15.50136 157.10000
28 7 17 09 50 2374.99900 12.25004000 172.27400 35.15500 15.50136 157.10004
28 7 17 09 50 2372.89000 12.25003000 172.50000 35.40000 15.50136 157.10004
28 7 17 09 51 2382.32000 12.25003000 172.20001 35.40000 15.50127 157.10004
28 7 17 09 51 2379.98700 12.30988000 172.50000 35.40687 15.50127 157.10004
28 7 17 09 52 2375.00000 12.30988000 172.50000 35.40687 15.50127 157.10004
28 7 17 09 53 2382.32000 12.30000000 172.49999 35.40687 15.50127 157.10000
28 7 17 09 54 2382.31900 12.30988000 172.30000 35.40687 15.50127 157.10004
28 7 17 09 53 2382.00000 12.30000000 172.20001 35.40686 15.50127 157.10000
28 7 17 09 55 2372.28600 12.30000000 172.20002 35.40686 15.50127 157.10000
28 7 17 09 54 2382.32000 12.30000000 172.20002 35.25426 15.50127 157.72800
28 7 17 09 54 2382.00000 12.30000000 172.50000 35.25426 15.50127 157.72800
28 7 17 09 55 2382.31900 12.30000000 172.20001 35.11000 15.50127 157.72800
28 7 17 09 55 2382.00000 12.30000000 172.31100 35.58798 15.50127 158.38719
28 7 17 09 56 2380.00000 12.30000000 172.06768 35.58798 15.50127 157.50000
28 7 17 09 56 2380.00000 12.30000000 172.06767 35.58798 15.50127 157.50000
28 7 17 09 57 2382.00000 12.30000000 172.07001 35.49220 15.50127 157.50000
28 7 17 09 57 2380.00000 12.25100000 172.49999 35.30000 15.50127 157.50000
28 7 17 09 57 2380.00000 12.25100000 172.07001 35.49220 15.50127 157.10002
28 7 17 09 59 2380.00000 12.25100000 172.10000 35.49220 15.50127 157.10002
28 7 17 09 59 2380.00000 12.25100000 172.20001 35.30000 15.50127 157.10002
28 7 17 09 59 2380.00000 12.25100000 172.20001 35.49220 15.50127 157.10002
28 7 17 09 59 2380.00000 12.25005000 172.11500 35.49220 15.50127 157.10000
28 7 17 10 00 2380.00000 12.25005000 172.20001 35.49220 15.50127 157.50000
28 7 17 10 02 2380.00000 12.25005000 172.10000 35.63253 15.50126 157.49987
28 7 17 10 01 2380.00000 12.25005000 172.10000 35.44059 15.50126 157.08900
28 7 17 10 01 2380.00000 12.25005000 172.10000 35.49220 15.50126 157.50000
28 7 17 10 02 2380.00000 12.25005000 172.00100 35.63253 15.50126 157.08900
28 7 17 10 03 2380.00000 12.25005000 172.11498 35.30000 15.50126 157.10002
28 7 17 10 02 2380.00000 12.25005000 172.31099 35.30000 15.50126 157.10002
28 7 17 10 03 2380.00000 12.25006000 172.20000 35.30000 15.50126 157.10002
28 7 17 10 03 2380.00000 12.25006000 172.00000 35.34151 15.50000 157.10002
28 7 17 10 04 2380.00000 12.25005000 172.11800 35.21374 15.50000 157.10002
28 7 17 10 04 2380.00000 12.25005000 172.00000 35.21020 15.50000 157.10002
28 7 17 10 05 2380.00000 12.25005000 172.00001 35.21020 15.50000 157.10002
28 7 17 10 05 2380.00000 12.25004000 172.00000 35.33000 15.50000 157.10002
28 7 17 10 06 2380.00000 12.25005000 171.91000 35.35000 15.50000 157.10002
28 7 17 10 06 2380.00000 12.25003000 171.70000 35.32999 15.41976 157.00088
28 7 17 10 08 2380.00000 12.25004000 171.70000 35.47541 15.41976 157.00025
28 7 17 10 07 2380.00000 12.25004000 171.70000 35.47541 15.41976 157.00025
28 7 17 10 09 2380.00000 12.25004000 171.74500 35.56302 15.41976 157.00025
28 7 17 10 08 2380.00000 12.25004000 171.74500 35.33000 15.41976 157.00025
28 7 17 10 08 2380.00000 12.25004000 171.74500 35.56302 15.41976 157.00025
28 7 17 10 11 2380.00000 12.25004000 171.60000 35.47541 15.50000 157.00000
28 7 17 10 12 2380.00000 12.25004000 171.54000 35.45629 15.41976 157.00000
28 7 17 10 12 2380.00000 12.25004000 171.50001 35.47541 15.41976 157.00000
28 7 17 10 12 2380.00000 12.25004000 171.50001 35.47541 15.41976 157.00000
28 7 17 10 14 2380.00000 12.25004000 171.70000 35.63253 15.41976 157.00000
28 7 17 10 14 2380.00000 12.25004000 171.50001 35.50997 15.41976 157.00000
28 7 17 10 15 2380.00000 12.26000000 171.50001 35.58119 15.41976 157.00000
28 7 17 10 15 2380.00000 12.27000000 171.50001 35.47544 15.41976 157.00000
28 7 17 10 15 2380.00000 12.27000000 171.50001 35.78253 15.41976 157.00000
28 7 17 10 17 2380.00000 12.27000000 171.50001 35.78253 15.41976 156.82641
28 7 17 10 18 2380.00000 12.27001000 171.57280 35.60155 15.50126 156.82640
28 7 17 10 20 2380.00000 12.27001000 171.57280 35.60155 15.42000 156.82641
28 7 17 10 20 2373.00000 12.27001000 171.50002 35.60155 15.50126 156.82640
28 7 17 10 21 2372.00200 12.27000000 171.80001 35.60155 15.42002 156.70000
28 7 17 10 20 2374.00000 12.27000000 171.99950 35.60155 15.42002 156.70000
28 7 17 10 21 2376.53900 12.27000000 171.70000 35.94870 15.42002 156.70000
28 7 17 10 22 2373.87000 12.27000000 172.08300 35.94870 15.42002 156.50000
28 7 17 10 22 2372.11000 12.27000000 172.08300 35.65003 15.42002 156.99940
28 7 17 10 24 2373.80000 12.26000000 172.26765 35.65003 15.42002 156.50000
28 7 17 10 24 2372.11100 12.26000000 172.23067 35.65003 15.42002 156.99940
28 7 17 10 23 2373.45100 12.25003000 172.23067 35.89998 15.42002 156.50000
28 7 17 10 24 2376.53800 12.25003000 172.05000 35.89998 15.42002 156.50000
28 7 17 10 25 2372.11000 12.25003000 172.43950 35.89998 15.42002 156.50000
28 7 17 10 25 2378.42700 12.25003000 172.46996 35.61426 15.41902 156.50000
28 7 17 10 27 2373.20000 12.25003000 172.43943 35.89999 15.41902 156.33703
28 7 17 10 27 2378.51000 12.25003000 172.23127 35.61426 15.41902 156.33703
28 7 17 10 27 2377.99900 12.25003000 172.43943 35.89999 15.41243 156.50000
