 1 8 17 06 58 2476.50000 12.38000000 194.40400 37.33496 15.35850 158.76042
 1 8 17 06 59 2479.29000 12.38000000 194.49000 37.33496 15.35850 158.76042
 1 8 17 06 59 2461.75100 12.48996000 185.29819 37.38688 15.35850 158.76042
 1 8 17 07 00 2479.50000 12.30000000 187.01000 36.99999 15.35850 158.76042
 1 8 17 07 00 2461.75100 12.30000000 187.01000 36.99999 15.35850 158.76042
 1 8 17 07 01 2479.50000 12.35118000 193.50000 37.14000 15.35850 158.00000
 1 8 17 07 03 2480.10000 12.36001000 188.50000 37.21001 15.35850 158.75000
 1 8 17 07 02 2480.10000 12.36001000 193.50000 36.99999 15.35850 160.29921
 1 8 17 07 04 2479.50000 12.38000000 193.50000 37.29998 15.35850 160.29921
 1 8 17 07 02 2480.10000 12.38000000 192.00000 37.21001 15.35850 160.29921
 1 8 17 07 03 2479.50000 12.35000000 191.12403 37.33000 15.64995 160.29921
 1 8 17 07 03 2479.50000 12.35000000 186.12010 37.35000 15.64995 160.29921
 1 8 17 07 04 2479.50000 12.30000000 187.01000 36.99999 15.64995 160.29921
 1 8 17 07 04 2479.50000 12.35000000 186.12010 37.33496 15.35850 160.00000
 1 8 17 07 05 2480.00000 12.35000000 185.29819 37.35000 15.64995 160.29921
 1 8 17 07 05 2479.50000 12.34999000 186.12010 37.34000 15.64996 160.29921
 1 8 17 07 06 2480.00000 12.37997000 190.41007 37.34000 15.64996 160.29921
 1 8 17 07 06 2479.00000 12.30000000 187.01000 37.34000 15.35850 160.29921
 1 8 17 07 08 2481.80200 12.30000000 190.66958 37.34000 15.64991 160.29910
 1 8 17 07 07 2480.10000 12.34999000 190.66958 37.21001 15.35850 160.29921
 1 8 17 07 07 2479.29000 12.37000000 193.50000 37.34000 15.64991 160.00000
 1 8 17 07 08 2486.96200 12.37000000 190.66958 37.15859 15.64991 160.00000
 1 8 17 07 08 2484.00000 12.30010000 190.66958 37.15859 15.64991 160.00000
 1 8 17 07 09 2461.75100 12.35000000 185.29819 37.35000 15.64995 160.29921
 1 8 17 07 09 2479.29000 12.35000000 187.01000 37.21001 15.64995 160.29900
 1 8 17 07 10 2479.00000 12.30117000 186.12010 37.35000 15.31711 160.29900
 1 8 17 07 10 2490.00000 12.30117000 190.66958 37.30000 15.31711 158.00101
 1 8 17 07 10 2490.00000 12.30117000 190.66958 37.35000 15.35850 160.29920
 1 8 17 07 11 2490.00000 12.30209000 190.66958 37.30000 15.31711 160.29920
 1 8 17 07 13 2479.29000 12.30209000 190.66958 37.29998 15.31711 160.29921
 1 8 17 07 12 2479.00000 12.30000000 187.01000 37.21001 15.35850 160.29921
 1 8 17 07 12 2479.00000 12.30209000 191.00000 36.99999 15.35850 160.29920
 1 8 17 07 13 2490.11700 12.30209000 188.50000 37.29997 15.35850 159.99999
 1 8 17 07 13 2479.50000 12.30000000 186.12010 37.33496 15.35850 158.00101
 1 8 17 07 13 2479.00000 12.30000000 191.99979 37.29997 15.31711 159.99999
 1 8 17 07 14 2480.10000 12.30000000 191.99980 37.29997 15.35850 158.00101
 1 8 17 07 14 2492.00000 12.40980000 192.96140 37.29997 15.31711 160.29921
 1 8 17 07 15 2479.00000 12.41000000 192.99992 37.29997 15.31711 160.29921
 1 8 17 07 15 2461.75100 12.41000000 192.99885 37.21001 15.35850 160.29921
 1 8 17 07 15 2479.29000 12.35000000 193.50000 37.29998 15.35850 160.29943
 1 8 17 07 16 2480.10000 12.35005000 188.50000 37.30000 15.31711 160.00000
 1 8 17 07 16 2493.00000 12.35000000 187.01000 37.33496 15.35850 160.29943
 1 8 17 07 17 2494.40000 12.30000000 188.50000 37.33496 15.35850 160.00000
 1 8 17 07 17 2479.29000 12.41000000 185.29819 37.35000 15.31711 160.29921
 1 8 17 07 20 2480.10000 12.40990000 188.50000 37.21001 15.35850 160.29921
 1 8 17 07 18 2461.75100 12.30000000 193.50000 36.99999 15.35850 160.00000
 1 8 17 07 19 2479.29000 12.44996000 193.50000 37.32998 15.35850 160.29921
 1 8 17 07 19 2493.00000 12.30209000 186.12010 37.17001 15.64995 160.29921
 1 8 17 07 19 2480.10000 12.40990000 188.50000 37.21001 15.35850 160.29921
 1 8 17 07 20 2480.10000 12.40990000 188.50000 37.21001 15.35850 160.29921
 1 8 17 07 20 2479.50000 12.35000000 192.99681 37.17001 15.31711 163.30000
 1 8 17 07 21 2493.73000 12.35000000 186.12010 37.38502 15.35850 160.29943
 1 8 17 07 21 2493.01000 12.44999000 186.12010 37.21001 15.35850 160.29921
 1 8 17 07 21 2493.01000 12.30000000 187.01000 37.32999 15.64995 160.29921
 1 8 17 07 22 2479.29000 12.47760000 188.50000 37.32999 15.35850 160.29921
 1 8 17 07 22 2493.01000 12.45000000 192.50000 37.00005 15.64911 160.29943
 1 8 17 07 23 2493.01000 12.45000000 192.49806 37.37000 15.64916 162.71536
 1 8 17 07 25 2493.00200 12.45000000 192.50000 37.37000 15.64916 162.71536
 1 8 17 07 24 2493.00000 12.30000000 192.50000 36.99999 15.35850 160.29921
 1 8 17 07 24 2479.00000 12.45000000 192.50000 36.99999 15.64916 160.29921
 1 8 17 07 24 2493.00000 12.45000000 192.50000 37.29998 15.64918 160.00000
 1 8 17 07 25 2493.00000 12.45000000 186.12010 37.32999 15.64918 160.00000
 1 8 17 07 25 2480.10000 12.35006000 192.50000 37.25890 15.35850 160.29921
 1 8 17 07 26 2492.99000 12.35009000 192.49998 37.32999 15.64918 162.71536
 1 8 17 07 26 2461.75100 12.45000000 186.12010 37.32999 15.64995 160.29921
 1 8 17 07 27 2492.64700 12.45000000 192.49804 37.32999 15.64995 160.29921
 1 8 17 07 27 2480.10000 12.35009000 185.29819 37.32999 15.31714 162.71536
 1 8 17 07 28 2491.69000 12.44996000 192.20000 36.51000 15.35850 160.29943
 1 8 17 07 28 2479.29000 12.45000000 187.01000 36.99999 15.64909 160.29921
 1 8 17 07 29 2491.69100 12.35005000 187.01000 36.99999 15.64909 162.71536
 1 8 17 07 30 2491.69000 12.35005000 192.19999 37.35988 15.64909 162.71536
 1 8 17 07 30 2491.44000 12.35000000 185.29819 37.00013 15.64909 162.71536
 1 8 17 07 31 2485.01000 12.33700000 192.01000 37.32999 15.64909 162.71536
 1 8 17 07 32 2479.00000 12.33700000 188.50000 37.14908 15.64909 162.71536
 1 8 17 07 32 2479.00000 12.35014000 192.01000 37.14907 15.64909 162.71536
 1 8 17 07 33 2485.00000 12.30001000 188.50000 37.32492 15.64909 162.71536
 1 8 17 07 33 2485.00000 12.35005000 186.12010 36.99999 15.64909 160.00000
 1 8 17 07 34 2485.00000 12.30001000 186.12010 37.33496 15.60000 162.71536
 1 8 17 07 34 2479.50000 12.35014000 186.12010 37.29998 15.64909 160.29921
 1 8 17 07 34 2479.29000 12.44996000 187.01000 37.14908 15.60000 160.29943
 1 8 17 07 35 2479.29000 12.34500000 186.12010 37.33496 15.60000 160.00000
 1 8 17 07 35 2479.29000 12.30000000 190.66958 37.14909 15.60000 160.13002
 1 8 17 07 36 2480.50300 12.35014000 187.01000 37.22491 15.60000 160.29921
 1 8 17 07 36 2479.85100 12.35014000 190.10000 37.35986 15.64909 160.13002
 1 8 17 07 37 2479.50000 12.35014000 187.01000 37.35986 15.64909 160.29921
 1 8 17 07 37 2479.30000 12.45000000 188.50000 37.35986 15.60000 160.13000
 1 8 17 07 37 2479.30000 12.34500000 188.50000 37.00000 15.64904 160.29921
 1 8 17 07 38 2479.50000 12.44996000 188.50000 37.35986 15.60000 160.01201
 1 8 17 07 38 2480.10000 12.45000000 188.50000 37.00000 15.45850 160.01200
 1 8 17 07 39 2461.75100 12.30000000 189.99994 37.00013 15.45850 160.00000
 1 8 17 07 41 2480.10000 12.44996000 189.99000 37.00000 15.53000 160.13002
 1 8 17 07 40 2479.29000 12.30000000 186.12010 37.33496 15.53000 160.01201
 1 8 17 07 40 2477.80000 12.34500000 189.99886 37.32999 15.53000 160.00000
 1 8 17 07 40 2479.00000 12.35014000 193.50000 36.99999 15.64909 160.29921
 1 8 17 07 41 2481.00000 12.34500000 188.50000 37.00016 15.60000 160.29921
 1 8 17 07 41 2476.50000 12.44996000 193.50000 37.00017 15.64909 160.13002
 1 8 17 07 42 2479.29000 12.44996000 189.60000 37.00017 15.52996 160.29921
 1 8 17 07 42 2474.00000 12.30000000 187.01000 37.00017 15.64909 160.01201
 1 8 17 07 43 2479.00000 12.44996000 187.01000 36.99999 15.31700 160.13002
 1 8 17 07 43 2480.10000 12.45000000 188.50000 37.29998 15.53000 160.13002
 1 8 17 07 43 2480.10000 12.44996000 189.70000 37.29998 15.52996 160.13002
 1 8 17 07 44 2479.00000 12.45000000 187.01000 37.29998 15.31700 160.01201
 1 8 17 07 45 2474.00000 12.35014000 187.01000 37.00017 15.31700 160.29921
 1 8 17 07 45 2474.00000 12.45000000 188.50000 37.00000 15.53000 160.29921
 1 8 17 07 45 2479.29000 12.34500000 189.70000 37.32999 15.60000 160.29921
 1 8 17 07 46 2461.75100 12.34500000 193.50000 37.32999 15.60000 160.01201
 1 8 17 07 46 2461.75100 12.45000000 189.70000 37.00017 15.53000 160.29921
 1 8 17 07 49 2474.00000 12.35014000 189.70000 37.00017 15.64909 160.01200
 1 8 17 07 47 2461.75100 12.34500000 187.01000 37.32999 15.60000 160.29921
 1 8 17 07 48 2479.00000 12.35014000 187.01000 37.32999 15.60000 160.29921
 1 8 17 07 48 2479.00000 12.30000000 188.50000 37.00017 15.31700 160.01201
 1 8 17 07 49 2474.00000 12.30000000 189.70000 37.00017 15.31700 160.01201
 1 8 17 07 49 2474.00000 12.44996000 189.70000 37.00017 15.52996 160.29921
 1 8 17 07 50 2474.00000 12.34500000 189.70000 37.32999 15.60000 160.29921
 1 8 17 07 50 2474.00000 12.30000000 189.70000 37.32999 15.31700 160.01201
 1 8 17 07 51 2461.75100 12.34500000 192.01000 37.32999 15.60000 160.29921
 1 8 17 07 51 2474.00000 12.30000000 189.70000 37.00017 15.31700 160.01201
 1 8 17 07 52 2480.10000 12.44996000 188.50000 37.00000 15.52996 160.29921
 1 8 17 07 52 2474.00000 12.34500000 192.01000 37.32999 15.60000 160.01201
 1 8 17 07 53 2474.00000 12.30000000 193.50000 37.00017 15.31700 160.01201
 1 8 17 07 55 2474.00000 12.45000000 189.70000 37.00017 15.31700 160.01200
 1 8 17 07 53 2480.10000 12.30000000 189.70000 37.00000 15.31700 160.01201
 1 8 17 07 54 2474.00000 12.30000000 189.70000 37.00017 15.53000 160.01201
 1 8 17 07 54 2474.00000 12.30000000 189.70000 37.00017 15.31700 160.01200
 1 8 17 07 57 2474.00000 12.30000000 189.70000 37.00017 15.31700 160.01201
 1 8 17 07 55 2461.75100 12.34500000 189.70000 37.32999 15.31700 160.29921
 1 8 17 07 56 2474.00000 12.44996000 189.70000 37.00017 15.52996 160.01201
 1 8 17 07 56 2479.29000 12.35014000 189.70000 36.99999 15.64909 160.29921
 1 8 17 07 57 2480.10000 12.45000000 189.70000 37.00000 15.60000 160.29921
 1 8 17 07 57 2474.00000 12.30000000 189.70000 37.00017 15.31700 160.01201
 1 8 17 07 57 2470.00000 12.30000000 189.00010 37.00000 15.31700 160.01200
 1 8 17 07 58 2479.50000 12.44996000 186.12010 37.29998 15.52996 160.13002
 1 8 17 07 58 2480.10000 12.34476000 187.01000 37.00021 15.20419 158.23000
 1 8 17 07 59 2466.00000 12.30000000 186.12010 37.00000 15.53000 160.29921
 1 8 17 07 59 2460.52000 12.30000000 189.00100 37.33496 15.53000 160.01200
 1 8 17 08 00 2455.28900 12.44996000 193.50000 37.00023 15.53000 160.29921
 1 8 17 08 00 2480.10000 12.44996000 189.00004 37.00023 15.20000 158.23000
 1 8 17 08 00 2479.29000 12.44996000 193.50000 37.29998 15.52987 159.98000
 1 8 17 08 01 2461.75100 12.34500000 192.01000 37.32999 15.19240 160.29921
 1 8 17 08 01 2447.28800 12.18655000 189.00004 37.28999 15.19240 158.71200
 1 8 17 08 02 2479.50000 12.30000000 188.55000 37.00000 15.19240 158.71200
 1 8 17 08 02 2479.50000 12.34486000 192.01000 37.00000 15.19240 157.50000
 1 8 17 08 03 2440.00000 12.34486000 188.50000 37.00000 15.19240 158.71200
 1 8 17 08 03 2442.00000 12.29999000 188.50000 37.00000 15.19240 158.71200
 1 8 17 08 03 2479.00000 12.29999000 187.01000 37.00000 15.19240 158.71200
 1 8 17 08 04 2461.75100 12.18862000 192.01000 37.00022 15.19240 158.71200
 1 8 17 08 06 2479.50000 12.30000000 186.12010 36.99999 15.53000 158.71200
 1 8 17 08 05 2461.75100 12.30000000 186.12010 37.00000 15.53000 160.01201
 1 8 17 08 05 2479.00000 12.18652000 187.01000 37.32999 15.19240 158.71200
 1 8 17 08 06 2449.95000 12.18652000 188.50000 37.29998 15.19240 158.71200
 1 8 17 08 08 2479.29000 12.44996000 193.50000 37.29998 15.52996 158.23000
 1 8 17 08 06 2479.29000 12.44996000 187.01000 37.29998 15.19240 158.23000
 1 8 17 08 07 2440.20000 12.20000000 189.60001 36.77000 15.19240 155.61599
 1 8 17 08 07 2479.29000 12.18652000 193.50000 36.99999 15.19240 158.23000
 1 8 17 08 10 2461.75100 12.44996000 189.60001 36.88000 15.19240 158.23000
 1 8 17 08 08 2479.50000 12.20000000 189.60000 36.77000 15.19240 158.71202
 1 8 17 08 09 2461.75100 12.44996000 186.12010 36.51000 15.52996 160.01201
 1 8 17 08 09 2455.00000 12.20000000 189.59995 37.29998 15.19240 158.71202
 1 8 17 08 09 2479.29000 12.20000000 193.50000 36.51001 15.19240 158.71202
 1 8 17 08 10 2479.50000 12.20000000 192.00000 36.51001 15.19240 158.71202
 1 8 17 08 10 2458.34000 12.30000000 186.12010 36.87997 15.53000 160.01201
 1 8 17 08 11 2459.91300 12.20000000 191.24901 36.87997 15.19240 158.71202
 1 8 17 08 11 2457.22500 12.30000000 189.95000 36.51001 15.19240 158.71202
 1 8 17 08 12 2466.95900 12.20000000 192.00000 36.51001 15.19240 158.71222
 1 8 17 08 12 2455.00000 12.34350000 189.70000 36.73700 15.19240 158.71222
 1 8 17 08 12 2459.91100 12.20000000 189.95000 36.51001 15.49960 158.71202
 1 8 17 08 13 2455.00100 12.40000000 191.89990 36.87997 15.19241 158.71222
 1 8 17 08 13 2455.00000 12.20000000 191.70000 36.73700 15.19240 158.71222
 1 8 17 08 14 2466.96000 12.20000000 191.65145 36.51000 15.19240 158.71222
 1 8 17 08 14 2465.00000 12.35224000 191.50000 36.87997 15.19241 158.71222
 1 8 17 17 44 2284.00000 11.99999000 190.50009 36.32299 14.77201 161.55159
 1 8 17 17 44 2296.00000 11.92002000 190.80000 36.17247 15.02395 161.61001
 1 8 17 17 45 2312.00000 11.93100000 191.00000 36.17100 15.02395 160.00012
 1 8 17 17 45 2292.99900 12.00002000 190.50009 36.17246 14.99915 161.61001
 1 8 17 17 46 2284.00000 11.99999000 189.50000 36.07210 15.02395 161.84319
 1 8 17 17 46 2300.58000 12.00000000 190.79999 36.12099 15.02395 161.61001
 1 8 17 17 47 2302.44600 12.00000000 189.50192 36.12098 15.07457 161.61001
 1 8 17 17 48 2296.00000 11.92101000 190.29992 36.07209 15.02395 161.61001
 1 8 17 17 50 2308.88900 12.00000000 189.50192 36.17244 15.07457 161.61001
 1 8 17 17 49 2292.99900 12.00000000 187.07000 36.17247 15.07456 161.00000
 1 8 17 17 49 2302.55700 11.95857000 190.00001 36.17248 15.07456 161.00000
 1 8 17 17 49 2284.00000 11.95857000 190.91998 36.17243 15.07455 160.00012
 1 8 17 17 50 2296.00000 12.00000000 188.90000 36.15000 14.99912 159.80000
 1 8 17 17 50 2300.58100 12.02978000 188.90000 36.17247 15.07455 161.84319
 1 8 17 17 51 2305.80000 12.00000000 191.00000 36.14999 15.07455 160.00012
 1 8 17 17 51 2284.00000 12.04600000 188.09188 36.14999 15.02395 159.90000
 1 8 17 17 52 2307.80000 11.99999000 187.18000 36.14998 14.97800 161.84237
 1 8 17 17 52 2308.90000 12.02978000 188.00000 36.14998 15.02395 160.00000
 1 8 17 17 53 2278.50000 12.00000000 191.00000 36.14999 14.97800 161.84237
 1 8 17 17 53 2312.08000 12.00000000 188.00000 36.00167 14.97800 160.00000
 1 8 17 17 54 2278.50000 12.00000000 191.00000 36.15000 14.97800 160.00000
 1 8 17 17 54 2292.99900 12.00000000 188.00000 36.00167 14.97800 160.00000
 1 8 17 17 55 2270.00000 12.00000000 188.00000 36.28133 14.92032 160.00060
 1 8 17 17 55 2278.50000 12.02979000 190.91998 36.15000 15.02395 161.84237
 1 8 17 17 56 2310.00000 11.93253000 188.00000 36.04800 14.92032 161.82997
 1 8 17 17 56 2296.00000 11.93253000 188.00000 36.15000 14.92032 161.81000
 1 8 17 17 57 2284.00000 12.02979000 187.99999 36.04800 15.02395 160.00012
 1 8 17 17 57 2312.08000 11.93310000 187.07000 36.07209 14.99912 161.81000
 1 8 17 17 59 2304.68900 11.93310000 187.07000 36.07209 15.07455 159.80000
 1 8 17 17 58 2278.50000 12.00000000 187.30410 36.04800 14.97800 160.00000
 1 8 17 17 58 2270.00000 11.93310000 188.00000 36.06397 14.97800 160.00000
 1 8 17 17 59 2305.00000 11.93310000 188.70832 36.19000 15.02580 160.00000
 1 8 17 17 59 2310.00000 12.00000000 188.89998 36.28124 14.97800 160.00000
 1 8 17 18 00 2292.99900 11.93310000 188.90000 36.07000 15.02580 160.00000
 1 8 17 18 00 2270.00000 11.93310000 190.91998 36.00167 14.92114 159.90010
 1 8 17 18 01 2292.99900 12.00000000 188.00000 36.19000 14.97800 160.00000
 1 8 17 18 01 2310.00000 12.02979000 188.80000 36.09104 15.02395 161.75975
 1 8 17 18 02 2309.00000 11.93691000 189.00000 36.28113 15.02600 160.00010
 1 8 17 18 02 2296.00000 11.93691000 188.80000 36.15000 14.97800 161.34200
 1 8 17 18 03 2310.00000 12.10269000 189.68082 36.28109 15.02600 160.00010
 1 8 17 18 03 2311.80000 11.93842000 188.89999 36.21800 15.02600 159.90010
 1 8 17 18 04 2284.00000 12.10269000 189.00006 36.21800 14.97800 160.00010
 1 8 17 18 04 2292.99900 12.07839000 189.60000 36.28109 15.07455 160.00010
 1 8 17 18 05 2270.00000 11.93842000 188.00000 36.39048 14.92114 159.80000
 1 8 17 18 05 2312.08000 12.10269000 188.00000 36.28109 14.97800 160.00000
 1 8 17 18 06 2278.50000 12.07796000 190.91998 36.17247 14.97800 160.00000
 1 8 17 18 06 2316.45300 12.07796000 188.89999 36.32130 15.07468 161.31360
 1 8 17 18 06 2296.00000 11.93691000 187.07000 36.15000 15.02395 161.75975
 1 8 17 18 07 2316.60000 12.10256000 190.91998 36.49620 15.07468 161.00000
 1 8 17 18 07 2319.99800 11.93691000 189.00000 36.15000 15.11458 160.34100
 1 8 17 18 08 2270.00000 12.10256000 190.91998 36.00167 15.01292 160.99988
 1 8 17 18 08 2310.00000 12.07796000 188.00000 36.28109 14.99912 159.80000
 1 8 17 18 09 2329.78900 12.01031000 190.00001 36.15000 15.11458 160.99988
 1 8 17 18 09 2296.00000 12.10258000 187.07000 36.28133 15.11458 160.01386
 1 8 17 18 10 2333.28500 12.10258000 188.00000 36.28133 15.01292 160.01388
 1 8 17 18 10 2333.28700 12.07839000 189.00007 36.00167 14.92114 160.01388
 1 8 17 18 11 2284.00000 12.10269000 188.89999 36.21800 14.92114 160.00010
 1 8 17 18 12 2284.00000 12.10269000 188.80000 36.21800 15.07455 160.00010
 1 8 17 18 12 2333.28000 12.10269000 188.09188 36.21800 15.07455 160.00010
 1 8 17 18 13 2334.11000 12.01031000 188.89999 36.49616 15.01292 160.99988
 1 8 17 18 13 2284.00000 12.10269000 188.89999 36.21800 15.07455 160.00010
 1 8 17 18 14 2334.10100 12.12694000 189.50000 36.28132 15.12297 160.01403
 1 8 17 18 14 2334.10000 12.10259000 189.59811 36.14999 15.01292 160.01386
 1 8 17 18 15 2337.29600 12.12694000 189.59811 36.28109 15.12297 160.01403
 1 8 17 18 17 2337.20000 12.12695000 189.50000 36.49610 15.12297 160.01403
 1 8 17 18 16 2296.00000 12.10269000 189.59811 36.28109 15.01292 160.01403
 1 8 17 18 16 2342.39700 12.12695000 188.00000 36.14999 15.01292 160.01386
 1 8 17 18 17 2270.00000 12.07839000 188.00000 36.49610 14.92114 160.01386
 1 8 17 18 17 2345.00000 12.17562000 189.59811 36.49610 14.99912 160.00010
 1 8 17 18 18 2292.99900 12.12695000 189.59811 36.14999 15.10467 161.61989
 1 8 17 18 20 2284.00000 12.10269000 188.89999 36.21800 15.07455 160.00010
 1 8 17 18 18 2296.00000 11.93691000 188.09188 36.15000 15.02395 160.01403
 1 8 17 18 19 2312.08000 12.10259000 189.59811 36.17247 14.99912 160.99988
 1 8 17 18 19 2284.00000 12.07839000 189.21000 36.21800 14.92114 159.90010
 1 8 17 18 20 2343.89000 12.20000000 189.90000 36.69998 15.10000 159.90010
 1 8 17 18 21 2342.39700 12.21438000 187.07000 36.48888 15.12297 161.61989
 1 8 17 18 21 2341.99900 12.21438000 188.89999 36.50000 15.07455 161.61989
 1 8 17 18 22 2341.89000 12.01031000 188.89999 36.69982 15.12297 161.61989
 1 8 17 18 22 2292.99900 12.01031000 189.50000 36.28134 14.97800 160.00000
 1 8 17 18 22 2278.50000 12.21438000 189.50000 36.48888 14.97800 160.00000
 1 8 17 18 23 2340.99800 12.21438000 188.89999 36.21800 15.12297 161.61970
 1 8 17 18 24 2312.08000 12.10259000 189.50000 36.50000 14.99912 161.61989
 1 8 17 18 24 2337.69000 12.21438000 188.89999 36.48888 14.92114 159.90010
 1 8 17 18 24 2339.00000 12.21438000 190.00000 36.48888 15.12297 160.07675
 1 8 17 18 27 2337.64000 12.01031000 189.50000 36.48888 15.10000 160.01386
 1 8 17 18 25 2335.35200 12.21438000 189.50000 36.15000 15.12297 160.07675
 1 8 17 18 26 2312.08000 12.12531000 189.70598 36.21800 15.10000 160.07675
 1 8 17 18 26 2296.00000 12.12531000 190.35757 36.15000 15.02395 160.07675
 1 8 17 18 27 2330.00000 12.12531000 189.71081 36.50000 15.15812 160.07675
 1 8 17 18 27 2323.70200 12.12531000 190.49989 36.69967 15.17154 160.07675
 1 8 17 18 28 2328.98000 12.12531000 190.45600 36.49002 15.17154 160.07675
 1 8 17 18 28 2278.50000 12.01031000 190.00001 36.17247 15.10000 161.61970
 1 8 17 18 28 2329.10000 11.93691000 188.09188 36.49001 15.02395 160.01403
 1 8 17 18 29 2330.00000 12.10259000 190.49989 36.50000 15.18557 160.07675
 1 8 17 18 31 2330.00000 12.22717000 189.00000 36.67994 15.10000 161.61970
 1 8 17 18 30 2330.00000 11.93691000 190.00001 36.67994 15.18557 161.61989
 1 8 17 18 30 2284.00000 12.20000000 189.50000 36.49001 15.18556 160.07675
 1 8 17 18 31 2330.00000 12.20000000 190.91183 36.67994 15.18556 160.07675
 1 8 17 18 31 2296.00000 12.20000000 190.50192 36.67994 15.18555 160.51000
 1 8 17 18 32 2312.08000 12.01031000 189.00000 36.17247 15.10000 161.33668
 1 8 17 18 32 2329.99800 12.10269000 190.00001 36.39054 15.19105 161.61970
 1 8 17 18 34 2312.08000 12.01031000 189.50000 36.50000 15.19215 161.61989
 1 8 17 18 33 2296.00000 12.24562000 188.09188 36.49002 15.18629 161.33668
 1 8 17 18 33 2270.00000 12.07839000 190.91998 36.17247 15.19214 161.61970
 1 8 17 18 34 2310.00000 12.18042000 189.50000 36.49001 15.19214 161.61989
 1 8 17 18 34 2270.00000 12.20000000 189.71081 36.17247 15.17154 161.61970
 1 8 17 18 35 2330.00000 12.24562000 192.02508 36.54906 15.19214 161.61970
 1 8 17 18 35 2310.00000 12.22717000 189.71081 36.49001 15.19105 160.00000
 1 8 17 18 36 2278.50000 12.24553000 192.00979 36.48888 15.19213 161.61970
 1 8 17 18 38 2278.50000 12.20000000 192.00001 36.48888 15.19214 161.61970
 1 8 17 18 37 2341.99900 12.22000000 190.91998 36.65988 15.19213 161.61970
 1 8 17 18 37 2342.00000 12.20000000 192.00979 36.65988 15.19213 160.00010
 1 8 17 18 38 2292.99900 12.07839000 192.00785 36.65988 15.10355 160.51052
 1 8 17 18 39 2296.00000 12.22000000 192.00000 36.65988 15.10355 161.61970
 1 8 17 18 39 2284.00000 12.22000000 191.99999 36.67994 15.19105 161.61970
 1 8 17 18 40 2335.00400 12.01031000 189.50000 36.67994 15.17956 161.61970
 1 8 17 18 40 2335.00000 12.07839000 192.00000 36.48888 15.19214 161.61970
 1 8 17 18 40 2292.99900 12.22000000 192.00000 36.17247 15.17956 161.61970
 1 8 17 18 41 2334.99900 12.18042000 188.00000 36.49001 15.18556 161.61989
 1 8 17 18 41 2284.00000 12.24553000 189.71081 36.50003 15.18556 161.61970
 1 8 17 18 42 2292.99900 12.22000000 190.00001 36.17247 15.17956 161.61970
 1 8 17 18 42 2278.50000 12.22000000 188.00000 36.48888 15.19105 160.01386
 1 8 17 18 43 2334.99900 12.22000000 192.18000 36.39061 15.23147 161.61989
 1 8 17 18 43 2335.00100 12.22000000 193.00000 36.67990 15.23147 161.61970
 1 8 17 18 44 2335.00100 12.22000000 193.00000 36.68153 15.20823 160.51147
 1 8 17 18 44 2292.99900 12.22000000 192.90000 36.67992 15.24054 160.51147
 1 8 17 18 45 2335.00100 12.22000000 192.40000 36.67992 15.24054 160.51147
 1 8 17 18 45 2310.00000 12.24756000 189.00000 36.49001 15.24196 160.00000
 1 8 17 18 46 2335.00000 12.24756000 192.30000 36.17247 15.24196 160.51147
 1 8 17 18 46 2334.62600 12.24756000 189.71081 36.50947 15.20039 160.51147
 1 8 17 18 47 2330.00000 12.24756000 191.48901 36.67991 15.18984 161.61970
 1 8 17 18 47 2270.00000 12.24756000 190.00001 36.67991 15.12099 160.00000
 1 8 17 18 48 2334.50300 12.24756000 188.09188 36.65999 15.09733 161.61989
 1 8 17 18 50 2278.50000 12.22000000 192.40000 36.48888 15.24054 160.01386
 1 8 17 18 49 2278.50000 12.22000000 188.00000 36.53000 15.12099 161.61970
 1 8 17 18 49 2292.99900 12.24752000 192.49988 36.83094 15.12099 160.00009
 1 8 17 18 50 2337.09500 12.24756000 192.49988 36.83094 15.12099 160.01386
 1 8 17 18 50 2336.98800 12.22000000 188.09188 36.65999 15.12099 160.00009
 1 8 17 18 51 2284.00000 12.24756000 193.01000 36.48888 15.24196 160.00009
 1 8 17 18 51 2337.09400 12.24756000 193.19998 36.83093 15.24499 161.61989
 1 8 17 18 52 2310.00000 12.22000000 193.30000 36.65999 15.24499 161.33668
 1 8 17 18 52 2310.00000 12.22000000 190.00001 36.65988 15.12099 160.00009
 1 8 17 18 53 2337.09300 12.22000000 193.29000 36.83093 15.20490 161.61970
 1 8 17 18 53 2337.09300 12.28029000 193.50000 36.54406 15.24790 161.99921
 1 8 17 18 54 2296.00000 12.22000000 188.09188 36.54409 15.25959 161.33668
 1 8 17 18 54 2312.08000 12.24756000 190.00001 36.48888 15.12099 160.01386
 1 8 17 18 55 2312.08000 12.22000000 190.00001 36.80000 15.26742 162.00000
 1 8 17 18 55 2292.99900 12.22000000 190.00001 36.69879 15.25959 161.99921
 1 8 17 18 56 2336.99800 12.30743000 193.70000 36.80000 15.27336 162.00000
 1 8 17 18 56 2335.09300 12.30743000 193.70000 36.80000 15.27428 162.00000
 1 8 17 18 57 2335.09300 12.30743000 193.70000 36.65999 15.27428 161.33668
 1 8 17 18 57 2270.00000 12.26815000 190.91998 36.80000 15.24499 161.61970
 1 8 17 18 58 2335.09300 12.32479000 193.50000 36.80000 15.27428 162.00000
 1 8 17 18 58 2310.00000 12.30743000 193.70000 36.65988 15.12099 160.00000
 1 8 17 18 58 2335.00000 12.24756000 188.00000 36.48888 15.12099 160.01386
 1 8 17 18 59 2335.00000 12.21612000 192.40000 36.80000 15.12099 162.00000
 1 8 17 18 59 2336.99900 12.36382000 193.80960 36.80000 15.33996 162.00000
 1 8 17 19 00 2335.00000 12.24756000 188.00000 36.80000 15.12099 161.61970
 1 8 17 19 01 2335.09300 12.21612000 189.71081 36.69879 15.25959 162.00000
 1 8 17 19 01 2320.52900 12.36382000 189.71081 36.83000 15.33996 162.00000
 1 8 17 19 02 2330.12000 12.21612000 189.71081 36.69879 15.33996 161.99921
 1 8 17 19 02 2335.09300 12.21612000 188.09188 36.69879 15.33996 161.99921
 1 8 17 19 05 2292.99900 12.44999000 190.00001 36.82998 15.33996 162.08751
 1 8 17 19 03 2335.09300 12.21612000 188.09188 36.65999 15.25959 161.99921
 1 8 17 19 04 2278.50000 12.40340000 188.00000 36.83093 15.33996 162.00000
 1 8 17 19 04 2325.22100 12.35526000 189.71081 36.83000 15.33996 162.38020
 1 8 17 19 05 2270.00000 12.35526000 190.00001 36.83093 15.33996 161.61970
 1 8 17 19 05 2335.09300 12.21612000 190.91998 36.70000 15.25959 161.99921
 1 8 17 19 06 2326.24800 12.35526000 196.00000 36.83000 15.33996 162.00000
 1 8 17 19 06 2330.00300 12.36381000 193.70000 36.80000 15.12099 162.39000
 1 8 17 19 07 2330.56000 12.32840000 196.00000 36.65988 15.33996 162.99999
 1 8 17 19 07 2296.00000 12.32840000 190.00001 36.82990 15.34432 162.99999
 1 8 17 19 08 2292.99900 12.40340000 193.70000 36.80000 15.33996 162.00000
 1 8 17 19 08 2330.56000 12.34035000 196.23450 36.70076 15.34432 162.99999
 1 8 17 19 09 2330.42500 12.26357000 188.00000 36.83093 15.24499 162.00000
 1 8 17 19 09 2278.50000 12.36857000 188.09188 36.65999 15.34432 162.99999
 1 8 17 19 10 2330.56000 12.26357000 196.75000 36.71076 15.24499 162.00000
 1 8 17 19 10 2327.42200 12.38029000 196.75000 36.71076 15.24499 162.00000
 1 8 17 19 11 2330.56000 12.38029000 196.80000 36.83093 15.34432 162.50010
 1 8 17 19 11 2335.09300 12.26357000 190.91998 36.80000 15.24499 162.00000
 1 8 17 19 11 2329.00000 12.38198000 192.40000 36.70001 15.34432 162.50010
 1 8 17 19 12 2329.00000 12.44000000 188.00000 36.80000 15.34432 162.39000
 1 8 17 19 13 2329.00000 12.38195000 190.91998 36.71076 15.34432 162.50010
 1 8 17 19 13 2326.30000 12.43414000 197.00000 36.79072 15.34432 162.50010
 1 8 17 19 14 2327.80000 12.26360000 197.03000 36.82100 15.25959 162.50010
 1 8 17 19 14 2296.00000 12.26360000 189.71081 36.65999 15.25500 161.33668
 1 8 17 19 15 2328.00000 12.26360000 192.40000 36.80000 15.24499 162.00000
 1 8 17 19 15 2328.24800 12.36857000 197.29999 36.46601 15.33996 161.99921
 1 8 17 19 16 2328.24800 12.45900000 196.99998 36.69997 15.25500 163.00000
 1 8 17 19 18 2328.24700 12.36857000 188.09188 36.50107 15.33996 163.00000
 1 8 17 19 17 2328.24800 12.43414000 196.75010 36.57370 15.25500 163.00000
 1 8 17 19 18 2329.00000 12.45000000 193.70000 36.61803 15.12099 163.00000
 1 8 17 19 20 2335.09300 12.43414000 188.00000 36.79072 15.25959 161.99921
 1 8 17 19 19 2328.24000 12.50000000 196.00000 36.82100 15.34431 162.39003
 1 8 17 19 19 2328.99000 12.50000000 195.00000 36.82100 15.12099 161.33668
 1 8 17 19 19 2330.55900 12.43414000 189.71081 36.65999 15.25959 162.50010
 1 8 17 19 20 2296.00000 12.50000000 188.09188 36.65999 15.25500 161.33668
 1 8 17 19 20 2296.00000 12.50000000 190.00001 36.61902 15.25500 161.33668
 1 8 17 19 21 2270.00000 12.50000000 196.21000 36.51600 15.12099 163.00000
 1 8 17 19 21 2296.00000 12.45000000 196.69998 36.71000 15.25959 163.00000
 1 8 17 19 22 2329.45000 12.50000000 190.00001 36.61903 15.25500 161.33668
 1 8 17 19 22 2328.51100 12.45205000 192.40000 36.65999 15.24499 163.00000
 1 8 17 19 23 2292.99900 12.45205000 188.00000 36.65999 15.25959 162.39000
 1 8 17 19 23 2328.24000 12.45900000 196.99990 36.75000 15.17429 163.00000
 1 8 17 19 24 2312.08000 12.50000000 190.00001 36.75000 15.17429 163.00000
 1 8 17 19 24 2296.00000 12.49652000 193.70000 36.75000 15.17429 163.00000
 1 8 17 19 25 2333.01600 12.49652000 189.71081 36.75000 15.17429 163.00000
 1 8 17 19 25 2334.87700 12.49652000 190.91998 36.50107 15.24499 163.00000
 1 8 17 19 26 2334.87700 12.49652000 196.29863 36.81199 15.24499 163.00000
 1 8 17 19 26 2270.00000 12.49652000 190.00001 36.81199 15.24499 163.00000
 1 8 17 19 27 2270.00000 12.45900000 193.70000 36.50107 15.25500 162.39000
 1 8 17 19 28 2278.50000 12.45205000 188.00000 36.71000 15.24499 162.39000
 1 8 17 19 28 2310.00000 12.45537000 188.09188 36.61903 15.17429 163.00000
 1 8 17 19 29 2270.00000 12.49652000 197.10000 36.82100 15.24499 163.00013
 1 8 17 19 29 2270.00000 12.49652000 190.91998 36.71000 15.17429 163.00013
 1 8 17 19 29 2310.00000 12.45205000 197.00000 36.81180 15.17429 163.00000
 1 8 17 19 30 2339.99900 12.45537000 188.09188 36.65999 15.25500 163.78405
 1 8 17 19 32 2312.08000 12.45205000 190.91998 36.80000 15.24499 163.00000
 1 8 17 19 31 2292.99900 12.45206000 196.30000 36.75000 15.12099 163.78405
 1 8 17 19 31 2270.00000 12.43414000 196.30000 36.65999 15.17429 163.00000
 1 8 17 19 32 2341.57100 12.45537000 196.30000 36.69000 15.25500 161.33668
 1 8 17 19 32 2342.00000 12.45537000 188.09188 36.65999 15.25500 161.33668
 1 8 17 19 33 2343.00000 12.45205000 192.40000 36.69000 15.24499 163.99990
 1 8 17 19 33 2335.09300 12.45205000 192.40000 36.71000 15.24499 163.00000
 1 8 17 19 34 2342.39700 12.46000000 196.50199 36.69002 15.34470 164.00000
 1 8 17 19 34 2342.00100 12.46000000 188.00000 36.50107 15.34470 164.00000
 1 8 17 19 35 2292.99900 12.46000000 188.09188 36.61903 15.34470 164.00000
 1 8 17 19 35 2278.50000 12.45205000 188.00000 36.81642 15.34470 164.00000
 1 8 17 19 36 2346.95400 12.43414000 189.71081 36.81648 15.34470 163.45000
 1 8 17 19 36 2296.00000 12.43414000 189.71081 36.81648 15.34470 163.45000
 1 8 17 19 37 2270.00000 12.46000000 192.40000 36.61906 15.34391 163.20074
 1 8 17 19 37 2344.00000 12.46000000 196.00206 36.80998 15.27409 163.20074
 1 8 17 19 38 2342.99900 12.43414000 189.71081 36.80998 15.27409 163.20074
 1 8 17 19 38 2292.99900 12.50000000 190.00001 36.61903 15.34390 163.20074
 1 8 17 19 39 2348.90000 12.46000000 196.30000 36.61903 15.34470 163.20074
 1 8 17 19 39 2296.00000 12.50000000 188.00000 36.61909 15.27409 163.20074
 1 8 17 19 40 2355.00000 12.50000000 196.00000 36.56400 15.27409 163.20074
 1 8 17 19 40 2350.00000 12.46000000 196.00000 36.56400 15.27409 164.10000
 1 8 17 19 41 2350.00000 12.46000000 196.00000 36.78998 15.27409 164.10000
 1 8 17 19 41 2350.11000 12.46000000 196.00000 36.78996 15.34470 164.47900
 1 8 17 19 42 2355.37500 12.46000000 190.00001 36.61903 15.34390 163.20074
 1 8 17 19 42 2355.52400 12.37975000 195.89999 36.61909 15.27409 163.00000
 1 8 17 19 45 2355.37400 12.38071000 196.00000 36.74999 15.27409 164.47900
 1 8 17 19 43 2355.37500 12.38071000 195.25207 36.56400 15.27409 164.47900
 1 8 17 19 44 2350.47000 12.46000000 196.00000 36.62789 15.27409 164.72548
 1 8 17 19 44 2292.99900 12.46000000 195.89803 36.62789 15.34390 163.20074
 1 8 17 19 45 2355.37500 12.45999000 195.89796 36.60000 15.27409 164.47901
 1 8 17 19 45 2350.15000 12.46000000 195.89801 36.80999 15.25500 163.20294
 1 8 17 19 46 2358.29500 12.46000000 195.89799 36.72000 15.39978 163.20294
 1 8 17 19 46 2358.67000 12.46000000 195.25600 36.56400 15.39978 163.20074
 1 8 17 19 46 2357.00000 12.46000000 196.00000 36.69002 15.34470 163.20074
 1 8 17 19 49 2357.00000 12.46000000 195.80000 36.60006 15.39979 163.20294
 1 8 17 19 48 2357.00000 12.45459000 190.00001 36.69002 15.39979 164.47900
 1 8 17 19 48 2292.99900 12.46000000 195.89000 36.72435 15.39979 163.20074
 1 8 17 19 49 2292.99900 12.46000000 190.00001 36.80999 15.34390 163.20074
 1 8 17 19 50 2270.00000 12.46000000 194.75183 36.80999 15.24499 163.00000
 1 8 17 19 51 2335.09300 12.49999000 194.00000 36.60019 15.39979 163.43753
 1 8 17 19 51 2351.92300 12.46000000 188.09188 36.61909 15.34470 163.20074
 1 8 17 19 54 2356.49800 12.46000000 188.00000 36.80999 15.34470 164.47900
 1 8 17 19 53 2292.99900 12.46000000 190.00001 36.89693 15.40000 163.20074
 1 8 17 19 53 2358.00000 12.46000000 194.29997 36.77046 15.40000 163.43794
 1 8 17 19 54 2335.09300 12.46000000 194.75182 36.77046 15.40000 163.43794
 1 8 17 19 54 2310.00000 12.46000000 194.75182 36.90069 15.40000 163.43794
 1 8 17 19 55 2270.00000 12.46000000 194.75182 36.62789 15.35000 164.47900
 1 8 17 19 55 2352.10500 12.38134000 190.00001 36.90069 15.35000 163.43794
 1 8 17 19 56 2335.09300 12.46000000 194.95000 36.90066 15.35000 164.47900
 1 8 17 19 56 2358.67000 12.46000000 194.75182 36.90066 15.35000 163.20074
 1 8 17 19 57 2296.00000 12.46000000 188.09188 36.90065 15.25500 163.43794
 1 8 17 19 57 2278.50000 12.46000000 189.71081 36.80998 15.24499 163.00000
 1 8 17 20 00 2312.08000 12.46000000 188.00000 36.80999 15.35000 164.47900
 1 8 17 19 58 2312.08000 12.48899000 194.75182 36.90066 15.35000 163.43753
 1 8 17 19 59 2367.40200 12.38134000 194.75182 36.90069 15.35000 165.00000
 1 8 17 19 59 2367.41100 12.38134000 194.71280 36.78995 15.40000 165.00000
 1 8 17 20 00 2369.44500 12.46000000 190.91998 36.77046 15.40000 164.47900
 1 8 17 20 00 2335.09300 12.38134000 194.98543 36.90000 15.40000 165.00000
 1 8 17 20 01 2369.56200 12.46000000 189.71081 36.78995 15.40000 165.00000
 1 8 17 20 01 2296.00000 12.46000000 188.09188 36.90066 15.40000 165.18603
 1 8 17 20 01 2310.00000 12.48899000 190.91998 36.56400 15.35000 164.47900
 1 8 17 20 02 2292.99900 12.48812000 194.98543 36.90066 15.40000 165.18603
 1 8 17 20 02 2364.00000 12.48812000 190.91998 36.90064 15.40000 166.49973
 1 8 17 20 03 2335.09300 12.48812000 196.50000 36.61013 15.40000 166.49973
 1 8 17 20 03 2312.08000 12.47000000 194.99999 36.90066 15.40000 166.49964
 1 8 17 20 04 2312.08000 12.48799000 188.00000 36.61013 15.24499 165.00000
 1 8 17 20 04 2361.40000 12.46000000 194.55693 36.61013 15.48253 166.49964
 1 8 17 20 04 2312.08000 12.48799000 194.55893 36.89693 15.40000 165.00000
 1 8 17 20 05 2292.99900 12.47000000 188.00000 36.89693 15.35000 166.49964
 1 8 17 20 05 2310.00000 12.46000000 194.75182 36.90069 15.34470 164.60000
 1 8 17 20 06 2292.99900 12.46000000 188.00000 36.80999 15.40000 164.60000
 1 8 17 20 06 2296.00000 12.48799000 195.50000 36.62500 15.48253 164.60000
 1 8 17 20 07 2335.09300 12.46000000 195.00040 36.64977 15.34470 166.49964
 1 8 17 20 07 2356.49100 12.49899000 196.48504 36.90066 15.24499 165.00000
 1 8 17 20 08 2359.37300 12.49900000 188.09188 36.90066 15.40000 164.60000
 1 8 17 20 08 2312.08000 12.48799000 196.50000 36.80999 15.48253 164.60000
 1 8 17 20 09 2360.50000 12.46000000 195.99803 36.50003 15.40000 166.49964
 1 8 17 20 09 2360.86200 12.48799000 195.01562 36.89693 15.35000 166.49964
 1 8 17 20 09 2292.99900 12.47000000 188.09188 36.50003 15.35000 166.49964
 1 8 17 20 10 2353.61000 12.47000000 195.01614 36.50003 15.34470 166.49973
 1 8 17 20 12 2357.35300 12.46000000 188.09188 36.50003 15.25500 164.60000
 1 8 17 20 11 2353.00000 12.53344000 188.09188 36.50003 15.34470 166.49973
 1 8 17 20 12 2270.00000 12.46000000 195.78893 36.78995 15.35000 166.49964
 1 8 17 20 13 2278.50000 12.46000000 188.00000 36.50003 15.40000 166.49964
 1 8 17 20 13 2278.50000 12.47000000 195.99991 36.80999 15.35000 166.49964
 1 8 17 20 14 2335.09300 12.47000000 195.97000 36.89693 15.40000 164.60000
 1 8 17 20 14 2352.99900 12.59943000 196.50000 36.80999 15.48253 164.60000
 1 8 17 20 15 2352.68700 12.59943000 195.99569 36.90063 15.48253 165.00000
 1 8 17 20 15 2296.00000 12.48799000 196.00000 36.90066 15.24499 166.49896
 1 8 17 20 16 2312.08000 12.52900000 195.11565 36.64977 15.40000 166.49973
 1 8 17 20 18 2335.09300 12.52900000 195.77300 36.90063 15.48253 166.49896
 1 8 17 20 17 2350.03000 12.46000000 195.97000 36.80999 15.40000 166.49891
 1 8 17 20 17 2270.00000 12.52900000 190.91998 36.90063 15.35000 166.49889
 1 8 17 20 17 2270.00000 12.59957000 195.10000 36.61013 15.35000 166.49889
 1 8 17 20 18 2292.99900 12.53344000 195.97000 36.89693 15.48253 166.49964
 1 8 17 20 18 2330.00000 12.52900000 196.00000 36.80200 15.48253 166.49889
 1 8 17 20 19 2339.78300 12.52900000 196.00000 36.50000 15.48253 166.49896
 1 8 17 20 19 2278.50000 12.52900000 196.00001 36.80198 15.48253 165.00000
 1 8 17 20 20 2342.53300 12.63796000 196.00000 36.80198 15.48253 165.00000
 1 8 17 20 20 2345.48600 12.63796000 188.00000 36.75300 15.48253 165.00000
 1 8 17 20 21 2278.50000 12.46000000 188.00000 36.78995 15.40000 166.49964
 1 8 17 20 21 2342.42100 12.47000000 195.99991 36.64977 15.35000 166.49964
 1 8 17 20 21 2312.08000 12.48799000 190.91998 36.90066 15.35000 166.49896
 1 8 17 20 22 2296.00000 12.63869000 196.00000 36.77529 15.48253 165.00000
 1 8 17 20 22 2339.99900 12.63869000 194.75182 36.77529 15.48253 165.00000
 1 8 17 20 23 2292.99900 12.61000000 190.91998 36.61013 15.48253 166.49896
 1 8 17 20 23 2310.00000 12.46000000 188.00000 36.90066 15.48253 166.49964
 1 8 17 20 24 2278.50000 12.53344000 195.99992 36.63600 15.34470 166.00000
 1 8 17 20 24 2312.08000 12.61000000 190.91998 36.63600 15.35000 164.60000
 1 8 17 20 26 2339.99900 12.63783000 196.00000 36.80800 15.35000 166.11380
 1 8 17 20 25 2336.00000 12.63781000 190.91998 36.80800 15.34470 166.11380
 1 8 17 20 25 2340.98700 12.57021000 195.99993 36.80800 15.40000 166.11368
 1 8 17 20 26 2341.04000 12.57021000 188.00000 36.80800 15.40000 166.11356
 1 8 17 20 26 2336.00000 12.63783000 196.00000 36.80999 15.40000 166.49916
 1 8 17 20 27 2335.00000 12.57021000 195.10102 36.89693 15.40000 166.49964
 1 8 17 20 27 2342.99900 12.48799000 195.99990 36.90066 15.40000 165.00000
 1 8 17 20 28 2278.50000 12.56000000 194.75182 36.85600 15.35000 166.49916
 1 8 17 20 28 2345.20000 12.56000000 188.09188 36.80200 15.35000 165.00000
 1 8 17 20 29 2343.51600 12.56000000 193.88881 36.80800 15.35000 166.49964
 1 8 17 20 30 2346.12900 12.52604000 193.99999 36.80800 15.35000 166.49964
 1 8 17 20 31 2346.12900 12.55999000 188.09188 36.80999 15.35000 166.49973
 1 8 17 20 31 2346.12900 12.55999000 193.99999 36.89900 15.35000 166.49964
 1 8 17 20 32 2340.00000 12.55999000 188.00000 36.89693 15.35000 166.49964
 1 8 17 20 33 2296.00000 12.56549000 194.75182 36.80200 15.40000 165.00000
 1 8 17 20 33 2346.93900 12.56549000 193.90579 36.69339 15.35000 166.49960
 1 8 17 20 34 2296.00000 12.56549000 193.99998 36.64338 15.35000 165.00000
 1 8 17 20 35 2346.93900 12.47000000 195.97000 36.64338 15.35000 166.49964
 1 8 17 20 35 2346.93700 12.55999000 193.99999 36.80200 15.35000 166.49960
 1 8 17 20 36 2346.93700 12.56549000 188.09188 36.80200 15.40000 165.00000
 1 8 17 20 37 2346.93700 12.57021000 194.00000 36.77529 15.35000 166.49960
 1 8 17 20 37 2340.39100 12.52604000 193.99992 36.77529 15.40000 166.49916
 1 8 17 20 38 2343.55100 12.55999000 193.99999 36.64339 15.35000 166.49960
 1 8 17 20 39 2340.39100 12.55999000 188.09188 36.80200 15.35000 166.49960
 1 8 17 20 40 2345.03000 12.55999000 195.97000 36.77529 15.40000 166.49960
 1 8 17 20 40 2312.08000 12.55999000 193.99999 36.64339 15.40000 166.49960
 1 8 17 20 41 2312.08000 12.47000000 193.99999 36.64339 15.35000 166.49960
 1 8 17 20 41 2346.93700 12.52604000 188.00000 36.64339 15.35000 166.49960
 1 8 17 20 41 2345.03000 12.55999000 194.00000 36.64339 15.35000 166.49960
 1 8 17 20 42 2312.08000 12.55999000 193.99999 36.64339 15.34470 166.49973
 1 8 17 20 43 2346.94000 12.55999000 193.99999 36.83626 15.35000 166.49960
 1 8 17 20 43 2345.03000 12.55999000 194.63051 36.80200 15.35000 166.49960
 1 8 17 20 44 2345.00400 12.57021000 195.00000 36.64339 15.40000 166.49960
 1 8 17 20 46 2345.00000 12.55999000 188.09188 36.80200 15.35000 166.49960
 1 8 17 20 45 2345.10000 12.56000000 195.00000 36.64339 15.35000 166.49960
 1 8 17 20 45 2345.00000 12.56549000 188.09188 36.80200 15.40000 166.49960
 1 8 17 20 46 2345.10200 12.47000000 195.71500 36.64339 15.35000 166.49960
 1 8 17 20 47 2345.03000 12.56000000 195.00000 36.77529 15.40000 166.49960
 1 8 17 20 47 2345.39900 12.55999000 195.00000 36.64339 15.40000 166.49916
 1 8 17 20 47 2345.00000 12.56000000 195.00195 36.64339 15.35000 166.49973
 1 8 17 20 48 2334.34000 12.52604000 195.00000 36.98089 15.40000 166.49960
 1 8 17 20 48 2343.16400 12.55999000 194.30000 36.86004 15.58055 166.49960
 1 8 17 20 49 2333.50000 12.55999000 194.50000 36.98085 15.58055 166.49960
 1 8 17 20 49 2345.10200 12.55999000 194.50000 36.98085 15.58055 166.49960
 1 8 17 20 50 2345.00000 12.55999000 195.00391 36.80200 15.58055 166.49916
 1 8 17 20 50 2345.03000 12.55999000 195.00000 36.83626 15.58055 166.49960
 1 8 17 20 51 2345.03000 12.56000000 195.00001 36.80200 15.58055 166.49960
 1 8 17 20 53 2342.97200 12.49999000 194.99413 36.70000 15.45800 166.49960
 1 8 17 20 51 2342.96900 12.47000000 195.00195 36.83626 15.45800 166.49960
 1 8 17 20 52 2345.10200 12.50000000 194.72900 36.92100 15.35034 166.49960
 1 8 17 20 52 2345.03000 12.56000000 195.00000 36.86004 15.35034 166.49960
 1 8 17 20 53 2345.03000 12.57021000 195.00001 36.89900 15.40000 166.49960
 1 8 17 20 53 2345.10200 12.56000000 194.63019 36.86004 15.40000 166.49960
 1 8 17 20 56 2345.00000 12.52604000 194.30000 36.90066 15.45800 166.49916
 1 8 17 20 54 2345.03000 12.40110000 195.00195 36.83626 15.35034 166.49960
 1 8 17 20 55 2333.92000 12.40110000 194.50408 36.98089 15.45800 166.49916
 1 8 17 20 55 2341.74000 12.44050000 194.80000 36.98089 15.45800 165.53400
 1 8 17 20 55 2346.94000 12.50000000 195.00000 36.64339 15.45800 165.53400
 1 8 17 20 56 2346.94000 12.40110000 195.00000 37.00000 15.40000 164.40033
 1 8 17 20 56 2345.00000 12.57021000 194.63019 36.89900 15.45800 166.49916
 1 8 17 20 57 2333.14000 12.44050000 194.30000 36.92205 15.58034 164.40033
 1 8 17 20 57 2345.00000 12.50000000 194.63019 36.64339 15.45800 165.53400
 1 8 17 20 58 2336.50700 12.47000000 195.00001 37.04603 15.45800 166.49960
 1 8 17 20 58 2332.21000 12.44150000 195.50000 36.64339 15.58034 166.49960
 1 8 17 20 59 2346.93900 12.44150000 194.30000 36.90066 15.45800 166.00000
 1 8 17 20 59 2345.00400 12.50000000 194.63019 36.64339 15.58034 165.53400
 1 8 17 20 59 2327.51000 12.44150000 195.00195 36.64339 15.58034 166.49973
 1 8 17 21 00 2345.00400 12.56000000 194.63019 36.64339 15.40000 165.53400
 1 8 17 21 00 2330.00000 12.44150000 195.00000 37.04603 15.40000 166.40000
 1 8 17 21 01 2345.00400 12.57021000 195.00195 37.04603 15.40000 166.40000
 1 8 17 21 03 2346.93900 12.44304000 194.72277 36.89900 15.50997 166.49960
 1 8 17 21 02 2345.00400 12.40110000 195.50000 37.00000 15.40000 166.49960
 1 8 17 21 04 2324.67700 12.57021000 194.76313 37.04603 15.50997 166.49964
 1 8 17 21 02 2324.81100 12.40110000 195.44000 37.09998 15.50997 166.49973
 1 8 17 21 03 2345.03000 12.57021000 194.63019 37.10000 15.40000 166.49960
 1 8 17 21 03 2345.03000 12.44304000 195.00195 37.04607 15.40000 166.49960
 1 8 17 21 04 2323.87500 12.44304000 195.00000 36.86004 15.35063 165.00000
 1 8 17 21 04 2345.00000 12.44304000 195.29900 36.83626 15.35063 166.49960
 1 8 17 21 05 2313.58100 12.44000000 195.53300 37.16107 15.35063 165.00000
 1 8 17 21 05 2345.03000 12.47000000 195.93990 36.83626 15.35063 165.00000
 1 8 17 21 05 2323.40000 12.44000000 196.23617 37.16100 15.35063 166.00000
 1 8 17 21 06 2345.00000 12.52604000 195.29900 37.30000 15.45800 166.00000
 1 8 17 21 06 2325.88900 12.44000000 195.00009 37.30701 15.35063 165.00000
 1 8 17 21 07 2345.00400 12.44000000 195.00009 37.30701 15.35063 165.00000
 1 8 17 21 07 2345.00000 12.44000000 195.93778 37.40000 15.35063 165.00000
 1 8 17 21 08 2345.00000 12.40100000 195.29900 37.42501 15.48000 165.00000
 1 8 17 21 09 2324.37500 12.40100000 195.10000 37.37200 15.48000 165.00000
 1 8 17 21 11 2326.00000 12.40100000 195.00000 36.86004 15.40000 166.49964
 1 8 17 21 10 2346.93900 12.47000000 195.29900 37.33168 15.35063 166.49960
 1 8 17 21 10 2346.94000 12.52604000 195.00000 37.42501 15.48000 166.00000
 1 8 17 21 10 2320.14000 12.40101000 194.91407 37.47900 15.48000 165.00000
 1 8 17 21 11 2320.40400 12.40101000 195.88618 37.37200 15.48000 165.00000
 1 8 17 21 11 2345.00400 12.40100000 195.00000 36.64339 15.48000 165.00000
 1 8 17 21 12 2346.93900 12.40100000 195.00195 36.64339 15.36600 169.77998
 1 8 17 21 12 2345.00000 12.50000000 195.10000 37.47900 15.48000 165.53400
 1 8 17 21 13 2323.00000 12.40100000 188.09188 37.47900 15.40000 166.49964
 1 8 17 21 13 2345.10200 12.40101000 188.09188 36.64339 15.48000 165.00000
 1 8 17 21 13 2323.00000 12.47000000 194.91407 37.47900 15.50000 165.00000
 1 8 17 21 14 2345.00400 12.50000000 194.63019 37.50000 15.48000 165.53400
 1 8 17 21 14 2325.39800 12.40100000 195.00000 37.60000 15.40000 166.49964
 1 8 17 14 15 2345.03000 12.47000000 195.39350 37.47900 15.48000 165.00000
 1 8 17 21 15 2325.39800 12.44304000 195.00002 37.50000 15.40000 167.89000
 1 8 17 21 15 2326.00000 12.52604000 195.10000 37.70000 15.48000 165.00000
 1 8 17 14 16 2345.00400 12.35010000 195.00003 37.60000 15.50000 164.40296
 1 8 17 21 16 2345.10200 12.35010000 196.49745 37.71000 15.40000 167.89000
 1 8 17 21 17 2326.00000 12.52604000 194.91407 37.61237 15.48000 166.00000
 1 8 17 21 17 2346.93900 12.35010000 195.00195 37.50000 15.48000 167.40896
 1 8 17 21 18 2330.00000 12.35010000 196.00000 37.75000 15.50000 167.40896
 1 8 17 14 19 2330.00000 12.35010000 194.91407 37.75000 15.50000 167.40896
 1 8 17 21 18 2325.39800 12.35010000 195.00000 37.71000 15.50000 167.40896
 1 8 17 21 19 2345.10200 12.35010000 195.00000 37.71000 15.50000 167.40896
 1 8 17 21 19 2330.00000 12.35010000 195.00000 37.71000 15.40000 167.40896
 1 8 17 21 20 2330.00000 12.35010000 195.99993 37.75000 15.50000 165.00000
 1 8 17 21 20 2332.99000 12.35010000 196.00000 37.70000 15.50000 167.40896
 1 8 17 21 21 2333.00000 12.39470000 195.00000 37.75000 15.50000 167.40896
 1 8 17 21 21 2345.00400 12.39470000 194.63019 37.69200 15.50000 167.40896
 1 8 17 14 22 2333.00000 12.35384000 195.71279 37.57300 15.50000 167.40884
 1 8 17 21 22 2345.00000 12.35384000 188.09188 37.71000 15.50000 166.30800
 1 8 17 21 22 2333.00000 12.35384000 194.98000 37.57000 15.50000 166.30800
 1 8 17 21 23 2345.00000 12.40100000 194.10001 37.57000 15.45800 164.40296
 1 8 17 21 23 2345.00000 12.36000000 194.89990 37.31000 15.50000 166.30800
 1 8 17 21 25 2326.00000 12.35384000 194.98798 37.45200 15.60000 166.00000
 1 8 17 21 24 2345.03000 12.49589000 194.49806 37.35000 15.60000 166.00000
 1 8 17 21 24 2345.10200 12.49589000 194.03000 37.33100 15.60000 169.99997
 1 8 17 21 25 2346.93900 12.49589000 194.50000 37.35000 15.60000 166.00010
 1 8 17 21 25 2325.39800 12.35384000 188.09188 37.35000 15.60000 166.00020
 1 8 17 21 26 2326.00000 12.49589000 194.91407 37.11802 15.48000 166.00000
 1 8 17 21 26 2346.93900 12.35384000 194.50001 37.57000 15.60000 166.00010
 1 8 17 21 27 2345.03000 12.49589000 194.50000 37.18927 15.60000 166.00000
 1 8 17 14 27 2325.39800 12.49589000 188.09188 37.18927 15.50000 166.49960
 1 8 17 21 27 2325.39800 12.36000000 188.09188 37.57000 15.50000 166.49960
 1 8 17 21 28 2336.40000 12.36000000 194.44056 37.51298 15.60000 166.00020
 1 8 17 21 28 2345.00000 12.39470000 194.44056 37.57000 15.45800 165.53400
 1 8 17 21 29 2335.60000 12.36000000 194.10001 37.35000 15.35929 166.00010
 1 8 17 21 29 2336.40000 12.36000000 194.91407 37.35000 15.59988 166.00020
 1 8 17 21 29 2336.40000 12.50000000 194.50000 37.35000 15.60000 166.00010
 1 8 17 14 30 2345.10200 12.49589000 194.90000 37.11802 15.50000 166.00020
 1 8 17 21 30 2335.60000 12.50000000 194.98798 37.35000 15.59987 168.41721
 1 8 17 21 31 2333.00000 12.50000000 193.50008 37.80730 15.59987 168.41721
 1 8 17 21 31 2330.09900 12.55888000 194.90000 37.80730 15.59987 168.41721
 1 8 17 21 32 2345.03000 12.50000000 193.83700 37.80730 15.50000 166.49960
 1 8 17 21 32 2329.38500 12.50000000 193.83700 37.35000 15.59987 168.41688
 1 8 17 21 32 2325.39800 12.39470000 193.83700 37.79991 15.45800 165.53400
 1 8 17 21 33 2345.00400 12.36000000 194.90000 37.79991 15.50000 168.00000
 1 8 17 21 33 2329.04900 12.39470000 195.00000 37.57000 15.59987 165.53400
 1 8 17 21 34 2346.93900 12.50000000 194.91407 37.81200 15.44835 165.00244
 1 8 17 21 34 2328.88800 12.40216000 193.99806 37.86863 15.59987 165.00244
 1 8 17 21 35 2328.88700 12.38100000 193.70001 37.75098 15.44835 165.00244
 1 8 17 21 35 2323.64000 12.38100000 194.27083 37.79700 15.50000 166.00020
 1 8 17 21 35 2323.08600 12.38100000 194.27082 37.68000 15.57578 165.00304
 1 8 17 21 36 2345.00000 12.55645000 195.71279 37.39708 15.50000 168.41688
 1 8 17 21 36 2346.93900 12.55645000 194.98798 37.68000 15.60000 166.00010
 1 8 17 21 39 2323.64000 12.36000000 194.98798 37.86863 15.50000 166.49960
 1 8 17 21 37 2326.00000 12.36000000 194.00000 37.39708 15.57578 165.00304
 1 8 17 21 38 2346.93900 12.49589000 194.00001 37.68004 15.45800 165.00294
 1 8 17 21 38 2321.10800 12.39001000 194.90000 37.79700 15.57578 166.00020
 1 8 17 21 38 2325.39800 12.50000000 188.09188 37.38700 15.50000 166.00000
 1 8 17 14 39 2345.00000 12.39001000 194.91407 37.68006 15.57578 165.00000
 1 8 17 21 39 2319.99000 12.39021000 194.30000 37.79690 15.57578 165.00000
 1 8 17 21 40 2325.39800 12.50000000 188.09188 37.38700 15.50000 166.49960
 1 8 17 21 40 2345.00400 12.39470000 193.83700 37.86863 15.45800 166.31480
 1 8 17 21 40 2326.79500 12.36000000 194.00000 37.39708 15.50000 165.00000
 1 8 17 21 41 2316.19000 12.36000000 193.83700 37.75000 15.59987 166.00020
 1 8 17 21 41 2325.39800 12.39470000 193.83700 37.75000 15.57578 166.00000
 1 8 17 21 42 2320.16400 12.39021000 193.99990 37.38700 15.57578 166.49960
 1 8 17 21 42 2345.03000 12.39025000 193.99984 37.75000 15.57578 165.00000
 1 8 17 21 43 2324.89500 12.49569000 193.83700 37.79690 15.59987 166.00000
 1 8 17 21 45 2326.00000 12.39025000 194.91407 37.75000 15.57578 165.00000
 1 8 17 21 44 2324.98100 12.39025000 193.49975 37.70000 15.59987 165.00000
 1 8 17 21 44 2346.93900 12.49569000 194.98798 37.79690 15.59987 166.00000
 1 8 17 21 44 2321.27500 12.50000000 193.49767 37.70000 15.57578 165.00000
 1 8 17 21 45 2321.27600 12.36000000 194.90000 37.75000 15.50000 165.00000
 1 8 17 21 45 2323.49300 12.49569000 194.90000 37.75000 15.46400 166.00000
 1 8 17 21 46 2323.49100 12.49589000 195.71279 37.68007 15.35929 165.00000
 1 8 17 21 46 2346.93900 12.55888000 194.98798 37.75000 15.36167 166.00010
 1 8 17 21 46 2313.70900 12.39025000 193.09781 37.75000 15.36167 166.00000
 1 8 17 21 47 2319.99100 12.39025000 193.83700 37.75000 15.46400 164.40160
 1 8 17 21 47 2325.39800 12.50000000 192.55951 37.75000 15.36167 164.40160
 1 8 17 21 48 2326.00000 12.49569000 194.98798 37.75000 15.59987 164.40160
 1 8 17 21 48 2321.39900 12.39025000 188.09188 37.79690 15.36167 164.40160
 1 8 17 21 49 2320.21900 12.39025000 194.98798 37.79690 15.50000 164.40160
 1 8 17 21 49 2345.00400 12.39025000 188.09188 37.79680 15.36167 164.40160
 1 8 17 21 50 2325.39800 12.39025000 195.00000 37.50000 15.36167 164.40160
 1 8 17 21 50 2313.85500 12.54088000 192.07889 37.50000 15.46400 164.40160
 1 8 17 21 50 2319.99100 12.36000000 192.05762 37.79690 15.50000 165.00000
 1 8 17 21 51 2346.93900 12.35000000 192.05760 37.50001 15.45800 166.23731
 1 8 17 21 51 2319.00000 12.23363000 194.91407 37.50001 15.56267 165.00000
 1 8 17 21 52 2313.00000 12.23363000 192.00030 37.50001 15.36177 166.49960
 1 8 17 21 52 2346.93900 12.42643000 192.00000 37.50001 15.36177 166.23731
 1 8 17 21 52 2318.43100 12.42643000 192.00029 37.50001 15.36179 166.23731
 1 8 17 21 53 2318.99900 12.55888000 195.00000 37.50001 15.36179 166.23731
 1 8 17 21 53 2345.00400 12.42643000 192.00030 37.50001 15.50000 166.23731
 1 8 17 14 54 2325.39800 12.50000000 188.09188 37.79690 15.36179 166.00000
 1 8 17 21 54 2319.00000 12.49589000 192.96768 37.50001 15.36179 166.00000
 1 8 17 21 55 2325.39800 12.50000000 188.09188 37.76937 15.36167 166.49960
 1 8 17 21 55 2319.00000 12.39000000 192.14317 37.76937 15.36179 166.00000
 1 8 17 21 56 2318.99900 12.49589000 193.83700 37.75000 15.36179 165.00000
 1 8 17 14 57 2320.58900 12.39000000 193.09391 37.75000 15.36179 166.23731
 1 8 17 21 58 2320.50000 12.39000000 194.91407 37.76937 15.36179 166.23731
 1 8 17 21 57 2318.99900 12.42643000 193.08508 37.76937 15.50000 165.00000
 1 8 17 21 57 2319.00000 12.39000000 193.08508 37.53602 15.36179 164.40091
 1 8 17 21 58 2322.39800 12.39000000 192.59128 37.76937 15.56267 165.00000
 1 8 17 22 00 2318.99900 12.33588000 192.59128 37.76937 15.36179 166.23731
 1 8 17 21 59 2322.10000 12.33588000 192.59128 37.76937 15.36179 166.23731
 1 8 17 21 59 2320.50000 12.50000000 193.08508 37.53602 15.36167 166.00000
 1 8 17 15 00 2322.74400 12.33588000 192.14317 37.76937 15.36179 166.00000
 1 8 17 22 00 2319.00000 12.50000000 192.92515 37.76937 15.59987 166.49960
 1 8 17 22 01 2318.99900 12.49589000 193.08508 37.76913 15.36179 166.00000
 1 8 17 15 01 2322.70000 12.33588000 192.14317 37.23711 15.36179 166.49960
 1 8 17 22 01 2320.50000 12.33588000 192.07889 37.65336 15.36179 166.00000
 1 8 17 22 02 2322.39800 12.33588000 192.10000 37.76937 15.59987 166.00000
 1 8 17 22 02 2320.00000 12.33588000 192.00100 37.65336 15.36179 164.40091
 1 8 17 22 03 2320.00000 12.33588000 193.83700 37.65336 15.36179 164.90000
 1 8 17 22 05 2320.00700 12.49589000 193.08508 37.65336 15.36179 166.00000
 1 8 17 22 04 2324.79900 12.33588000 192.25202 37.65336 15.36179 164.90000
 1 8 17 22 04 2324.60000 12.33588000 192.25202 37.76879 15.36179 164.90000
 1 8 17 22 05 2322.39800 12.33588000 192.25202 37.76879 15.36179 164.90000
 1 8 17 22 05 2324.19900 12.33588000 192.07889 37.76879 15.36179 164.90000
 1 8 17 22 05 2322.39800 12.48205000 193.08508 37.76879 15.36179 164.90000
 1 8 17 22 06 2320.34600 12.48205000 192.25580 37.76879 15.36179 165.00000
 1 8 17 22 06 2322.39800 12.39000000 192.25580 37.75000 15.59987 165.00000
 1 8 17 22 07 2320.00000 12.48205000 193.08508 37.76879 15.36179 166.00000
 1 8 17 22 07 2320.00000 12.48205000 192.12000 37.76879 15.36179 164.90000
 1 8 17 22 08 2320.00000 12.48205000 192.14317 37.76879 15.36167 166.00010
 1 8 17 22 08 2322.94300 12.48205000 192.25580 37.76879 15.36167 166.00010
 1 8 17 22 08 2322.89300 12.48205000 192.92515 37.76879 15.36179 164.90000
 1 8 17 22 09 2320.35300 12.39000000 192.00100 37.76913 15.36179 164.90000
 1 8 17 22 09 2320.50000 12.48205000 193.08508 37.76879 15.36179 164.90000
 1 8 17 22 10 2324.65900 12.48205000 192.25202 37.65336 15.36179 164.90000
 1 8 17 22 10 2320.10000 12.48205000 192.25128 37.65336 15.36179 164.50000
 1 8 17 22 11 2322.20000 12.48205000 192.00105 37.76879 15.36179 164.50000
 1 8 17 22 11 2324.40000 12.48205000 192.00104 37.76879 15.36179 166.00010
 1 8 17 22 11 2320.00000 12.48205000 192.25202 37.70000 15.36179 164.50000
 1 8 17 22 12 2322.94300 12.48205000 192.12000 37.76879 15.36179 166.00010
 1 8 17 22 14 2322.94300 12.48205000 192.25200 37.76879 15.36167 166.00010
 1 8 17 22 13 2324.79900 12.48205000 192.25199 37.76879 15.36167 166.00010
 1 8 17 22 13 2320.58900 12.29418000 192.11371 37.76937 15.36179 164.50000
 1 8 17 22 14 2315.69300 12.29418000 192.11371 37.40861 15.36179 164.50000
 1 8 17 22 14 2315.69400 12.29418000 192.25202 37.40861 15.56267 164.50000
 1 8 17 22 14 2320.47000 12.29418000 192.00105 37.49997 15.36179 164.50000
 1 8 17 22 17 2320.50000 12.50000000 192.00000 37.76879 15.36167 166.00000
 1 8 17 22 15 2322.40000 12.29418000 192.12000 37.40872 15.36179 164.90000
 1 8 17 22 16 2322.20000 12.29418000 192.00000 37.40872 15.36179 164.50000
 1 8 17 22 16 2324.39900 12.29445000 192.00000 37.40874 15.36179 164.50000
 1 8 17 22 18 2320.58900 12.29445000 192.14317 37.70000 15.36179 164.50000
 1 8 17 15 17 2320.58900 12.29445000 192.00000 37.40877 15.36179 164.50000
 1 8 17 15 18 2322.39800 12.29452000 192.00000 37.40872 15.36179 164.50000
 1 8 17 22 18 2322.20000 12.50000000 192.25202 37.40874 15.36167 164.90000
 1 8 17 22 18 2322.94300 12.29452000 192.19998 37.61188 15.36179 164.50000
 1 8 17 22 19 2327.20000 12.29452000 192.25202 37.76937 15.36167 166.23000
 1 8 17 22 19 2327.20000 12.49589000 192.12000 37.65336 15.36179 166.00000
 1 8 17 22 20 2327.50700 12.29452000 192.50000 37.40885 15.50000 166.00000
 1 8 17 22 20 2322.94300 12.48205000 192.25202 37.40875 15.36167 165.00000
 1 8 17 22 20 2322.94300 12.50000000 192.12000 37.40875 15.36167 165.00000
 1 8 17 22 21 2322.20000 12.29452000 192.14317 37.70000 15.50000 166.23000
 1 8 17 22 21 2322.39800 12.49589000 191.74000 37.65336 15.36179 166.23000
 1 8 17 22 22 2320.58900 12.29445000 191.10000 37.76937 15.59987 166.00000
 1 8 17 22 22 2324.50000 12.29452000 191.68572 37.11108 15.48700 166.99881
 1 8 17 15 23 2324.00000 12.29452000 192.00000 37.11110 15.48700 166.99881
 1 8 17 22 23 2327.20000 12.49589000 190.85235 37.11110 15.56267 166.99881
 1 8 17 22 23 2327.20000 12.29445000 192.00003 37.76937 15.59987 166.00000
 1 8 17 22 24 2319.11100 12.25541000 192.12000 37.20000 15.50000 166.99881
 1 8 17 22 24 2320.00000 12.25541000 191.01000 37.20000 15.50000 166.99881
 1 8 17 22 25 2318.19700 12.50000000 192.00003 37.61188 15.56267 164.90000
 1 8 17 15 26 2318.19700 12.25541000 192.25202 37.61188 15.56267 166.00000
 1 8 17 15 26 2322.39800 12.25541000 191.50000 37.20000 15.50000 166.99891
 1 8 17 22 26 2326.20000 12.25541000 191.50000 37.33184 15.50000 166.99881
 1 8 17 22 26 2326.57800 12.29452000 192.99999 37.11121 15.50000 165.00000
 1 8 17 22 27 2327.20000 12.25541000 192.00000 37.11123 15.50000 166.99772
 1 8 17 22 27 2322.39800 12.48205000 190.63896 37.33187 15.36167 166.99772
 1 8 17 22 28 2324.79900 12.20050000 191.00000 37.23222 15.35000 166.99772
 1 8 17 22 28 2323.16000 12.25541000 192.00000 37.11123 15.35000 165.00000
 1 8 17 15 29 2322.94300 12.20050000 190.51000 37.33187 15.36167 166.99750
 1 8 17 22 29 2323.29800 12.20000000 192.00000 37.33187 15.36167 166.99750
 1 8 17 22 29 2323.29800 12.20250000 190.63896 37.23223 15.35000 166.99750
 1 8 17 22 30 2326.69000 12.20250000 190.50000 37.23223 15.35000 166.99750
 1 8 17 22 30 2323.43900 12.20250000 190.62000 37.11135 15.35000 166.99750
 1 8 17 22 31 2318.19700 12.20453000 191.00000 37.23223 15.48700 166.99750
 1 8 17 22 31 2323.30800 12.20453000 190.60000 37.11547 15.50000 165.00000
 1 8 17 22 31 2322.39800 12.20250000 192.99999 37.11547 15.50000 166.99750
 1 8 17 22 32 2326.00000 12.20751000 190.47000 37.20000 15.35000 166.99750
 1 8 17 22 32 2322.20000 12.20851000 192.00000 37.20000 15.48700 166.99881
 1 8 17 15 33 2329.20000 12.20851000 191.00000 37.20000 15.48700 166.99750
 1 8 17 22 33 2322.94300 12.49589000 192.12000 37.20000 15.36167 166.99881
 1 8 17 22 34 2329.10000 12.20952000 192.00000 37.33187 15.36167 166.99750
 1 8 17 22 34 2330.00000 12.28099000 191.33270 37.20000 15.35000 166.99750
 1 8 17 22 34 2320.58900 12.20250000 191.00000 37.20000 15.50000 164.90000
 1 8 17 22 35 2318.19700 12.20250000 192.99999 37.70000 15.56267 165.00000
 1 8 17 22 35 2335.00000 12.28100000 192.00000 37.43079 15.56267 165.00000
 1 8 17 22 36 2331.43400 12.28099000 192.00001 37.43079 15.35000 164.40545
 1 8 17 22 36 2318.19700 12.46237000 190.51000 37.43079 15.35000 164.40545
 1 8 17 22 36 2331.98900 12.46235000 191.96825 37.31046 15.48700 164.40545
 1 8 17 22 37 2320.58900 12.46233000 192.88852 37.31046 15.35000 164.40545
 1 8 17 22 37 2330.00000 12.27002000 192.88835 37.70000 15.56267 165.00000
 1 8 17 22 38 2322.20000 12.46233000 192.88852 37.43067 15.35000 166.99514
 1 8 17 22 38 2326.00000 12.25541000 192.88835 37.70000 15.48700 165.00000
 1 8 17 22 39 2324.79900 12.46233000 190.51000 37.43067 15.48700 164.40576
 1 8 17 22 39 2318.19700 12.46233000 192.89982 37.20000 15.35000 166.99514
 1 8 17 22 39 2324.98800 12.46233000 192.24306 37.15109 15.48700 164.40576
 1 8 17 22 40 2327.20000 12.27002000 190.51000 37.20000 15.48700 164.90000
 1 8 17 22 40 2327.20000 12.46235000 190.51000 37.20000 15.35000 166.99514
 1 8 17 15 41 2322.20000 12.46233000 193.09391 37.44993 15.35000 166.99425
 1 8 17 15 42 2329.35100 12.46233000 193.10000 37.44993 15.35000 166.99425
 1 8 17 22 42 2322.20000 12.27002000 192.12000 37.43079 15.48700 164.90000
 1 8 17 22 42 2329.72400 12.46233000 191.00000 37.15120 15.35000 166.99425
 1 8 17 22 42 2322.20000 12.46233000 192.12000 37.20000 15.36167 164.90000
 1 8 17 22 43 2322.20000 12.46233000 193.31565 37.44982 15.35000 166.99425
 1 8 17 22 43 2327.20000 12.46233000 193.10002 37.44982 15.35000 166.99425
 1 8 17 15 44 2320.58900 12.37500000 191.00000 37.44993 15.56267 165.00000
 1 8 17 15 45 2324.79900 12.27002000 193.10002 37.15122 15.56267 164.40576
 1 8 17 22 45 2326.99900 12.27002000 192.22501 37.43079 15.56267 166.99750
 1 8 17 22 45 2322.20000 12.27002000 193.01000 37.43079 15.48700 166.99425
 1 8 17 22 45 2321.62200 12.23141000 190.51000 37.44982 15.35000 166.00000
 1 8 17 22 46 2316.65900 12.39981000 193.01000 37.12042 15.56267 164.50000
 1 8 17 22 46 2322.20000 12.39981000 192.12000 37.12042 15.35000 164.50000
 1 8 17 22 47 2330.00000 12.30000000 192.22501 37.44982 15.48700 164.50000
 1 8 17 22 47 2322.39800 12.30000000 192.88835 37.44982 15.35000 164.50000
 1 8 17 22 47 2315.00000 12.25541000 190.51000 37.44993 15.59987 164.40121
 1 8 17 15 48 2315.00000 12.30000000 192.96100 37.12356 15.49983 166.99514
 1 8 17 22 48 2313.80000 12.30000000 192.20005 37.12668 15.50000 164.40576
 1 8 17 22 49 2322.20000 12.27002000 192.01863 37.20000 15.48700 164.90000
 1 8 17 22 49 2313.20000 12.30000000 192.01863 37.20000 15.35000 164.40121
 1 8 17 22 50 2322.39800 12.46233000 192.00000 37.44982 15.36167 166.00000
 1 8 17 15 51 2330.00000 12.46233000 192.00000 37.44982 15.36167 164.40121
 1 8 17 22 50 2322.39800 12.30000000 192.02003 37.28297 15.49983 164.40000
 1 8 17 22 51 2318.15700 12.27002000 193.10000 37.44993 15.49983 164.40000
 1 8 17 22 51 2317.27200 12.38700000 192.03000 37.44982 15.49983 164.40000
 1 8 17 22 52 2324.79900 12.38700000 192.03209 37.44982 15.35000 164.50000
 1 8 17 22 52 2315.43300 12.46233000 193.10000 37.34200 15.56267 164.39999
 1 8 17 22 53 2330.00000 12.25541000 192.22501 37.44982 15.56267 164.50000
 1 8 17 22 53 2312.53500 12.45813000 192.88835 37.13422 15.50000 164.40576
 1 8 17 22 53 2313.49300 12.30000000 192.20001 37.20000 15.35000 166.99514
 1 8 17 22 54 2322.20000 12.45813000 191.50032 37.10000 15.35000 165.99728
 1 8 17 22 54 2318.19700 12.25541000 192.22501 37.44993 15.56267 165.00000
 1 8 17 22 55 2315.00000 12.30000000 192.88835 37.20000 15.48700 164.40576
 1 8 17 22 57 2312.08000 12.30000000 193.10000 37.05311 15.35000 165.00000
 1 8 17 22 56 2313.80100 12.25541000 191.21711 37.20000 15.59987 164.50000
 1 8 17 22 56 2324.79900 12.30000000 192.12000 37.13198 15.35000 165.99728
 1 8 17 22 56 2318.19700 12.30000000 191.99806 37.44993 15.50000 164.40576
 1 8 17 22 57 2318.19700 12.30000000 191.99804 37.05311 15.35000 165.99728
 1 8 17 22 57 2314.08800 12.30000000 193.10000 37.44982 15.35000 165.99728
 1 8 17 22 58 2313.49300 12.30000000 191.00329 37.05311 15.35000 163.11345
 1 8 17 22 58 2312.53500 12.30000000 192.22501 37.10000 15.59987 166.00000
 1 8 17 22 58 2312.08000 12.30620000 192.12000 37.13200 15.48700 164.90000
 1 8 17 22 59 2315.00000 12.30000000 192.02003 37.13200 15.48700 163.11345
 1 8 17 22 59 2324.79900 12.30000000 193.00000 37.20000 15.35000 164.50000
 1 8 17 23 00 2312.17900 12.30000000 191.01698 37.05311 15.35000 163.11345
 1 8 17 16 01 2315.00000 12.30620000 192.02003 37.20000 15.35000 164.50000
 1 8 17 23 03 2309.00000 12.30000000 193.10000 37.16909 15.35000 164.89968
 1 8 17 23 01 2322.39800 12.30620000 191.99997 37.05000 15.35003 164.89935
 1 8 17 23 02 2322.39800 12.30000000 191.00329 36.87487 15.35000 166.00000
 1 8 17 23 02 2304.20600 12.45036000 191.12700 36.87487 15.35000 163.11345
 1 8 17 23 02 2302.00000 12.45558000 191.50000 36.78291 15.35000 164.89935
 1 8 17 23 03 2304.00000 12.30000000 191.60952 36.78291 15.35000 163.11345
 1 8 17 23 05 2304.20600 12.30620000 192.88835 37.05000 15.35003 164.90000
 1 8 17 23 04 2322.39800 12.45558000 192.22501 36.87395 15.49902 163.11397
 1 8 17 16 05 2306.75200 12.45036000 192.49122 36.88200 15.59987 163.11397
 1 8 17 16 05 2302.51700 12.45036000 191.60952 37.10000 15.59987 166.00000
 1 8 17 23 05 2302.51700 12.23841000 191.00329 36.92704 15.35000 164.50000
 1 8 17 23 05 2309.00000 12.45036000 193.10000 36.92704 15.59987 166.00000
 1 8 17 23 06 2300.00000 12.23841000 191.53000 36.87487 15.48700 164.51200
 1 8 17 23 06 2300.00000 12.23841000 191.60940 36.92704 15.35000 164.51200
 1 8 17 23 06 2299.20500 12.30620000 191.50209 36.92704 15.35000 164.51200
 1 8 17 23 07 2322.20000 12.29000000 191.52995 36.92704 15.35000 164.51200
 1 8 17 23 07 2295.71300 12.29000000 193.00000 36.92704 15.56267 164.51200
 1 8 17 23 08 2299.00000 12.25000000 190.50000 36.87395 15.49902 164.89909
 1 8 17 23 08 2299.20400 12.25000000 191.00000 36.80520 15.35000 162.39000
 1 8 17 23 09 2320.58900 12.30620000 191.50209 36.92704 15.35000 164.51200
 1 8 17 23 09 2309.00000 12.19104000 190.50000 36.70157 15.35000 164.89909
 1 8 17 23 09 2296.00000 12.18409000 190.50000 36.70157 15.35000 164.51200
 1 8 17 23 10 2299.00000 12.25000000 192.88835 36.70157 15.35000 163.11397
 1 8 17 23 10 2322.20000 12.30000000 191.23700 36.92704 15.35000 164.50000
 1 8 17 23 11 2322.39800 12.44577000 190.89904 36.87395 15.56267 164.50000
 1 8 17 23 11 2309.00000 12.25000000 192.88835 36.80157 15.35000 164.50000
 1 8 17 23 12 2322.39800 12.17378000 190.79941 36.92704 15.56267 163.11372
 1 8 17 23 12 2322.39800 12.17378000 190.50000 36.79999 15.35000 163.11372
 1 8 17 23 12 2309.00000 12.18409000 190.89904 36.98089 15.56267 163.11397
 1 8 17 23 13 2324.79900 12.30000000 191.52995 36.79999 15.35000 163.11345
 1 8 17 23 13 2309.00000 12.18409000 193.00000 36.61023 15.49902 163.11372
 1 8 17 23 14 2322.39800 12.23738000 190.90000 36.80157 15.56267 163.11397
 1 8 17 23 16 2309.09000 12.18409000 192.22501 36.92704 15.35000 164.51200
 1 8 17 23 15 2309.09000 12.17500000 190.50000 36.61023 15.59987 164.51200
 1 8 17 16 16 2299.20400 12.17806000 190.50000 36.70159 15.35000 163.11345
 1 8 17 23 17 2309.19000 12.30000000 190.45458 36.87395 15.35000 163.11345
 1 8 17 23 18 2322.20000 12.18409000 190.50000 36.83701 15.35000 162.37037
 1 8 17 23 16 2302.51700 12.30000000 192.88835 36.83701 15.35000 162.37037
 1 8 17 23 17 2312.08000 12.44577000 190.99994 36.83701 15.56267 164.51200
 1 8 17 16 18 2312.08000 12.17702000 190.99988 36.83100 15.35000 162.37037
 1 8 17 23 18 2312.08000 12.18019000 190.90000 36.78810 15.35000 162.37037
 1 8 17 23 20 2310.00100 12.18019000 190.50000 36.78810 15.35000 164.51200
 1 8 17 23 19 2312.08000 12.18019000 190.90000 36.78810 15.35000 162.37037
 1 8 17 23 19 2312.99800 12.18019000 190.20999 36.69900 15.35000 162.37037
 1 8 17 23 19 2315.00000 12.17594000 190.99994 36.69900 15.35000 162.37037
 1 8 17 23 20 2318.07700 12.17594000 192.88835 36.83100 15.35000 163.11372
 1 8 17 23 20 2302.51700 12.30000000 193.00000 36.83100 15.35000 163.11345
 1 8 17 23 21 2302.51700 12.18171000 190.89904 36.92704 15.48700 162.37066
 1 8 17 23 21 2302.51700 12.30000000 190.90000 36.83100 15.35000 163.11345
 1 8 17 23 22 2322.39800 12.41308000 190.99993 36.70007 15.35000 164.51200
 1 8 17 23 22 2308.50100 12.17594000 190.90000 36.83701 15.48700 162.37066
 1 8 17 23 22 2323.64000 12.41308000 191.00000 36.86900 15.35000 162.37066
 1 8 17 23 23 2322.20000 12.17500000 190.99994 36.86900 15.35000 164.51200
 1 8 17 23 23 2322.39800 12.30000000 190.99994 36.78810 15.35000 162.37066
 1 8 17 23 24 2299.20400 12.17500000 190.90000 36.86900 15.59987 164.50000
 1 8 17 23 24 2320.00000 12.18171000 190.99994 36.83100 15.35000 163.11372
 1 8 17 23 24 2324.79900 12.41308000 190.90000 36.71012 15.35000 163.11372
 1 8 17 23 25 2322.39800 12.30000000 190.90000 36.92704 15.35000 163.11345
 1 8 17 16 26 2324.79900 12.17500000 192.07369 36.83100 15.59987 164.51200
 1 8 17 23 26 2322.39800 12.41308000 191.16145 36.65315 15.56267 163.11372
 1 8 17 23 26 2322.20000 12.18019000 190.99994 36.78810 15.35000 162.37066
 1 8 17 23 27 2323.63900 12.33000000 190.99994 36.83701 15.59987 164.51200
 1 8 17 23 27 2322.39800 12.30000000 190.90000 36.74611 15.35000 162.37066
 1 8 17 23 27 2322.10000 12.18019000 190.99994 36.74611 15.35000 164.51200
 1 8 17 23 28 2323.64000 12.33000000 190.90000 36.74611 15.35000 162.37066
 1 8 17 23 28 2308.50100 12.33000000 192.84668 36.92704 15.59987 164.51200
 1 8 17 23 29 2322.20000 12.40429000 192.84666 36.74611 15.35000 162.37066
 1 8 17 23 29 2302.51700 12.40429000 191.48146 36.78300 15.35000 162.37066
 1 8 17 23 30 2309.00000 12.41308000 192.88835 36.65315 15.56267 163.11397
 1 8 17 23 32 2309.00000 12.41308000 191.16145 36.65315 15.56267 163.11397
 1 8 17 23 30 2302.51700 12.30000000 190.90000 36.83100 15.35000 163.99839
 1 8 17 23 31 2322.39800 12.18171000 191.40000 36.61631 15.48700 163.99839
 1 8 17 16 32 2322.39800 12.41308000 190.90000 36.61631 15.48700 163.11372
 1 8 17 23 32 2323.64000 12.41000000 191.52294 36.86900 15.35000 164.51200
 1 8 17 23 32 2323.61500 12.24821000 191.52294 36.62001 15.40000 163.99839
 1 8 17 23 33 2302.51700 12.24769000 191.05502 36.83100 15.40000 163.99839
 1 8 17 23 33 2321.63900 12.24769000 191.05502 36.74611 15.40000 163.11372
 1 8 17 23 33 2324.79900 12.33000000 190.90000 36.83701 15.59987 164.51200
 1 8 17 23 34 2324.79900 12.24769000 191.71216 36.73899 15.40000 164.50000
 1 8 17 23 34 2322.39800 12.25490000 191.86579 36.73899 15.40000 163.99839
 1 8 17 23 35 2323.64000 12.18171000 191.05502 36.61631 15.59987 164.51200
 1 8 17 16 36 2323.64000 12.25490000 191.68900 36.78800 15.40000 163.99839
 1 8 17 23 36 2309.00000 12.41308000 191.99988 36.83701 15.59987 164.51200
 1 8 17 23 36 2308.50100 12.30000000 192.88835 36.83100 15.35000 163.11345
 1 8 17 23 36 2323.64000 12.41000000 191.86581 36.78198 15.49902 163.11345
 1 8 17 23 37 2302.51700 12.30000000 190.90000 36.83100 15.40000 162.37142
 1 8 17 23 37 2308.50100 12.33000000 192.77352 36.83701 15.59987 164.51200
 1 8 17 23 38 2325.10000 12.17594000 190.50000 36.62748 15.35000 162.37150
 1 8 17 23 38 2322.39800 12.25490000 191.05502 36.61631 15.48700 162.37150
 1 8 17 23 38 2322.39800 12.18171000 190.90000 36.61631 15.48700 163.11372
 1 8 17 23 39 2324.79900 12.17806000 193.01244 36.75000 15.40000 163.11372
 1 8 17 23 39 2308.50100 12.25490000 190.90000 36.75000 15.40000 163.99726
 1 8 17 16 40 2324.79900 12.25490000 192.88835 36.62748 15.40000 163.99726
 1 8 17 23 40 2330.24200 12.17806000 193.01246 36.75000 15.40000 164.00000
 1 8 17 23 41 2326.00000 12.18171000 193.01633 36.69027 15.48700 164.00000
 1 8 17 23 41 2325.66100 12.25490000 193.01633 36.69027 15.40000 164.00000
 1 8 17 23 41 2330.28200 12.25490000 192.97869 36.69027 15.40000 164.00000
 1 8 17 16 42 2330.27000 12.25490000 191.05502 36.62748 15.40000 164.00000
 1 8 17 23 44 2299.20400 12.25490000 192.97871 36.69027 15.40000 164.00000
 1 8 17 23 43 2308.50100 12.47893000 190.50000 36.62748 15.35000 164.00000
 1 8 17 23 43 2324.79900 12.30000000 192.88835 36.69027 15.35000 163.11345
 1 8 17 23 44 2299.20400 12.30170000 191.05502 36.62752 15.40000 164.00000
 1 8 17 23 44 2322.39800 12.18171000 192.97876 36.62748 15.48700 164.00000
 1 8 17 23 44 2322.39800 12.30781000 192.97869 36.62751 15.40000 164.00000
 1 8 17 23 47 2309.00000 12.30781000 193.15000 36.62751 15.40000 164.00000
 1 8 17 23 45 2308.50100 12.30781000 192.91107 36.62751 15.48700 164.00000
 1 8 17 23 46 2308.50100 12.30781000 190.90000 36.75000 15.40000 164.00000
 1 8 17 23 46 2308.50100 12.33000000 190.90000 36.75000 15.59987 164.51200
 1 8 17 23 47 2323.25000 12.30781000 192.59022 36.59972 15.40000 164.00000
 1 8 17 23 47 2322.39800 12.18171000 192.88835 36.75000 15.48700 164.00000
 1 8 17 23 47 2323.21100 12.30781000 192.88835 36.59972 15.50000 164.00000
 1 8 17 23 48 2323.64000 12.33000000 193.42199 36.59972 15.50000 162.25203
 1 8 17 23 48 2325.93600 12.30781000 193.00013 36.60000 15.50000 164.00000
 1 8 17 23 49 2308.50100 12.32040000 192.91311 36.60000 15.50000 162.00000
 1 8 17 16 50 2325.93600 12.33000000 190.99994 36.60000 15.50000 162.00000
 1 8 17 23 49 2325.93600 12.32040000 192.91311 36.72998 15.50000 162.00000
 1 8 17 23 50 2323.30000 12.32040000 193.15000 36.73900 15.56267 164.00000
 1 8 17 23 50 2330.28200 12.32040000 192.88835 36.60001 15.50000 162.00000
 1 8 17 23 51 2323.64000 12.41000000 190.99994 36.60000 15.50000 164.00000
 1 8 17 23 51 2325.93600 12.32040000 192.87845 36.60002 15.50000 163.11345
 1 8 17 23 52 2325.91400 12.30000000 192.59096 36.72000 15.35000 163.11345
 1 8 17 23 52 2325.93600 12.41308000 192.59098 36.62752 15.56267 164.00000
 1 8 17 23 53 2324.79900 12.17806000 192.88835 36.74096 15.50000 164.00000
 1 8 17 23 53 2325.91100 12.32040000 192.87600 36.73899 15.50000 162.25203
 1 8 17 23 53 2299.20400 12.32040000 192.88835 36.73899 15.50000 162.00000
 1 8 17 23 54 2325.93700 12.32040000 191.05502 36.73899 15.50000 162.00000
 1 8 17 16 55 2325.93700 12.32040000 190.90000 36.75000 15.59987 164.51200
 1 8 17 23 55 2308.50100 12.30000000 190.90000 36.74096 15.49902 164.00000
 1 8 17 23 55 2325.93700 12.32040000 192.87845 36.72000 15.35000 162.25203
 1 8 17 23 55 2325.93600 12.30000000 190.90000 36.60005 15.50000 162.00000
 1 8 17 16 56 2323.64000 12.32040000 192.88835 36.74096 15.50000 164.00000
 1 8 17 23 56 2327.38100 12.30000000 190.90000 36.60003 15.50000 163.11345
 1 8 17 23 57 2323.64000 12.41000000 190.99994 36.60005 15.35000 164.51200
 1 8 17 23 57 2323.99900 12.32040000 192.90001 36.72000 15.56267 164.51200
 1 8 17 23 57 2327.23600 12.18171000 192.90008 36.72000 15.48700 162.00061
 1 8 17 16 58 2328.99400 12.32040000 193.49829 36.74096 15.50000 162.00061
 1 8 17 23 58 2308.50100 12.32040000 190.90000 36.60003 15.56267 164.00000
 1 8 17 23 59 2327.22000 12.37904000 193.49425 36.98100 15.50000 162.00061
 1 8 17 23 59 2308.50100 12.37904000 193.01600 36.62752 15.49902 164.00000
 1 8 17 17 00 2327.22000 12.37904000 192.87845 36.60003 15.50000 163.73122
 1 8 17 17 04 2324.00100 12.47893000 194.82607 36.69509 15.50000 162.00117
 1 8 17 17 04 2308.50100 12.47893000 190.90000 36.69300 15.50000 162.00117
 1 8 17 17 07 2325.93600 12.33000000 193.17906 36.75000 15.56267 163.11345
 1 8 17 17 09 2328.78900 12.47893000 192.88835 36.72000 15.48700 164.00000
 1 8 17 17 24 2328.24400 12.48000000 195.00000 36.64601 15.35000 162.25203
 1 8 17 17 25 2329.26500 12.48000000 194.90001 36.64601 15.50000 164.00000
 1 8 17 17 28 2323.95300 12.41308000 193.05312 36.64601 15.56267 164.00000
 1 8 17 17 33 2323.95300 12.41308000 195.45991 36.69491 15.56267 164.00000
 1 8 17 17 35 2328.24400 12.48000000 193.82400 36.69491 15.48700 163.05873
 1 8 17 17 44 2325.93600 12.47893000 194.89992 36.66300 15.50000 163.11345
 1 8 17 17 44 2312.08000 12.48000000 195.45990 36.69491 15.50000 164.51200
 1 8 17 17 47 2306.05200 12.47893000 194.00000 36.74600 15.56266 163.05874
 1 8 17 17 52 2318.05700 12.47893000 194.00000 36.69491 15.65000 162.25203
 1 8 17 17 56 2323.95300 12.34362000 193.44591 36.40000 15.65000 161.68358
 1 8 17 18 14 2312.29900 12.34369000 193.50400 36.32102 15.82000 161.50000
 1 8 17 18 15 2312.29900 12.32041000 193.51500 36.41647 15.70200 161.50000
 1 8 17 18 15 2313.49900 12.47893000 192.94998 36.41647 15.70200 161.68360
 1 8 17 18 20 2309.08000 12.48000000 192.60001 36.51380 15.70000 161.50000
 1 8 17 18 21 2303.38800 12.32041000 192.59106 36.32565 15.70200 161.50000
 1 8 17 18 22 2303.38800 12.32041000 192.59106 36.51380 15.70000 161.50000
 1 8 17 18 23 2311.70000 12.32041000 192.59106 36.32565 15.70200 162.05599
 1 8 17 18 24 2303.36500 12.34369000 192.76500 36.31740 15.82000 161.50000
 1 8 17 18 25 2307.05500 12.48000000 192.50280 36.32102 15.70000 161.50000
 1 8 17 18 25 2311.69900 12.48000000 193.50405 36.41647 15.70000 162.25203
 1 8 17 18 31 2303.36500 12.33000000 192.91484 36.31740 15.82000 161.50000
 1 8 17 18 33 2311.69900 12.32378000 192.69113 36.31740 15.82000 161.50000
 1 8 17 18 43 2318.80100 12.34369000 192.60000 36.41647 15.82000 161.68360
 1 8 17 18 44 2320.45700 12.34369000 192.60000 36.41647 15.82000 161.50000
 1 8 17 18 48 2308.50100 12.43874000 192.11000 36.41647 15.70000 161.50000
 1 8 17 18 50 2303.36500 12.32041000 192.11000 36.31740 15.82000 161.50000
 1 8 17 18 54 2314.99700 12.38800000 190.90000 36.41647 15.82000 161.50000
 1 8 17 18 54 2314.99700 12.48000000 190.90000 36.31740 15.70000 162.25203
 1 8 17 18 59 2314.97600 12.48000000 191.58160 36.31740 15.82000 162.25203
 1 8 17 19 00 2321.68300 12.38800000 191.01075 36.56169 15.82000 161.50000
 1 8 17 19 05 2303.36500 12.38800000 191.43795 36.56169 15.82000 162.05599
 1 8 17 19 07 2308.50100 12.34369000 190.97680 36.56169 15.82000 161.50000
 1 8 17 19 08 2323.15400 12.38800000 191.01075 36.56169 15.80000 162.30996
 1 8 17 19 09 2321.18200 12.38800000 192.55200 36.67301 15.82000 162.30996
 1 8 17 19 09 2323.63900 12.38800000 192.55200 36.59876 15.56255 162.30996
 1 8 17 19 19 2314.97600 12.38800000 191.36882 36.63400 15.70000 161.50000
 1 8 17 19 20 2314.97600 12.38800000 190.75075 36.32565 15.80000 162.30996
 1 8 17 19 36 2335.00000 12.34369000 190.80307 36.32102 15.82000 161.50000
 1 8 17 19 37 2335.00000 12.32040000 190.75103 36.53316 15.65000 162.30996
 1 8 17 19 44 2333.76500 12.32040000 192.11100 36.53316 15.82000 160.14371
 1 8 17 19 44 2333.76500 12.32041000 192.11100 36.53316 15.65000 161.50000
 1 8 17 19 46 2333.90000 12.32040000 192.11100 36.63400 15.82000 160.14371
 1 8 17 19 53 2333.76500 12.38800000 192.11100 36.63400 15.80000 161.24308
 1 8 17 19 58 2335.00000 12.32040000 192.11100 36.59876 15.82000 161.24308
 1 8 17 19 59 2333.90000 12.32040000 192.95569 36.74385 15.82000 161.24308
 1 8 17 20 03 2333.90000 12.32040000 190.75075 36.46300 15.82000 161.24308
 1 8 17 20 13 2333.00000 12.38800000 191.01075 36.64400 15.82000 163.10957
 1 8 17 20 16 2331.21300 12.32040000 191.01075 36.32102 15.82000 163.10863
 1 8 17 20 17 2333.00000 12.32040000 192.89122 36.46300 15.82000 163.10863
 1 8 17 20 17 2335.00000 12.32051000 192.89122 36.64400 15.70000 163.10997
 1 8 17 20 24 2334.11800 12.32040000 192.31691 36.32102 15.82000 163.57473
 1 8 17 20 24 2334.11800 12.32040000 192.31691 36.64400 15.65000 163.10957
 1 8 17 20 26 2325.77200 12.32041000 192.33895 36.45241 15.82000 163.57473
 1 8 17 20 30 2335.00000 12.32040000 190.75075 36.45241 15.82000 163.57473
 1 8 17 20 32 2334.11800 12.32040000 192.67200 36.45241 15.82000 163.57473
 1 8 17 20 32 2333.00000 12.32041000 191.01075 36.64400 15.65000 163.10957
 1 8 17 20 35 2331.78600 12.32040000 190.75103 36.43414 15.82000 163.11021
 1 8 17 20 37 2324.06000 12.32041000 191.71684 36.43414 15.65000 163.10957
 1 8 17 20 43 2326.97000 12.46125000 191.82659 36.26116 15.82000 163.57473
 1 8 17 20 44 2326.52100 12.46125000 191.82659 36.26116 15.82000 163.57473
 1 8 17 20 46 2327.91700 12.49989000 192.31691 36.26001 15.82000 163.57473
 1 8 17 20 48 2325.11900 12.32051000 192.31691 36.43414 15.70000 164.51200
 1 8 17 20 52 2325.11900 12.32051000 191.38523 36.26001 15.70000 163.57473
 1 8 17 21 01 2325.11900 12.50000000 192.31691 36.69125 15.65000 164.51200
 1 8 17 21 02 2330.70600 12.49989000 192.00000 36.39539 15.82000 163.54935
 1 8 17 21 03 2330.00000 12.50000000 192.63559 36.46921 15.65000 163.54935
 1 8 17 21 11 2334.11700 12.38800000 192.31691 36.44101 15.80000 163.10957
 1 8 17 21 18 2323.59300 12.54180000 192.73269 36.46921 15.65000 163.54935
 1 8 17 21 25 2334.11700 12.38800000 191.53116 36.44101 15.57300 163.54935
 1 8 17 21 26 2329.99100 12.32051000 191.53116 36.46921 15.57300 163.54708
 1 8 17 21 35 2333.00000 12.60000000 191.01075 36.33958 15.82000 163.54708
 1 8 17 21 35 2327.49900 12.59990000 192.08671 36.33958 15.65000 163.10945
 1 8 17 21 37 2325.11900 12.60000000 192.05741 36.33958 15.57300 163.54708
 1 8 17 21 45 2333.90000 12.59990000 192.05741 36.33958 15.65000 163.10997
 1 8 17 21 53 2328.48400 12.55110000 190.61678 36.24122 15.65000 163.54708
 1 8 17 21 56 2328.42100 12.55110000 193.80285 36.32400 15.65000 163.10957
 1 8 17 22 01 2333.00000 12.51281000 191.00000 36.20311 15.82000 163.54708
 1 8 17 22 12 2324.08000 12.68687000 191.88000 36.20002 15.43224 162.23669
 1 8 17 22 19 2327.49900 12.59990000 192.13940 36.38298 15.43224 164.51200
 1 8 17 22 20 2324.08000 12.51281000 192.33363 36.25000 15.44185 163.10945
 1 8 17 22 36 2319.10700 12.63100000 192.05741 36.32400 15.43224 162.92961
