25 5 17 06 22 2275.00000 15.66203000 169.70025 27.60281 22.33075 204.00000
25 5 17 06 22 2277.00000 15.66208000 169.69990 27.46531 22.43580 204.00000
25 5 17 06 23 2280.00000 15.96994000 169.45603 27.81034 22.46379 204.11625
25 5 17 06 23 2283.10600 15.96991000 169.82105 27.87987 22.50000 204.11625
25 5 17 06 24 2283.00300 15.96991000 170.09999 27.94162 22.50000 204.11625
25 5 17 06 25 2295.00000 15.96991000 170.10000 28.08395 22.50000 204.00001
25 5 17 06 25 2285.89700 15.90997000 170.03626 28.25099 22.50000 204.00001
25 5 17 06 26 2283.02200 15.90997000 170.10000 28.25099 22.50000 204.00001
25 5 17 06 26 2297.96300 15.90997000 169.45600 28.25099 22.50000 204.00001
25 5 17 06 27 2285.27700 15.90997000 169.82105 28.28400 22.50000 204.00001
25 5 17 06 27 2291.50300 15.90990000 169.82102 28.25000 22.55801 202.00000
25 5 17 06 28 2285.27900 15.68028000 168.79545 28.25000 22.99998 202.00000
25 5 17 06 28 2297.84100 15.68000000 169.82095 28.25000 22.99998 202.00010
25 5 17 06 29 2296.99900 15.60023000 169.82087 28.10000 22.99998 202.00000
25 5 17 06 29 2292.00000 15.67000000 170.81972 28.10000 22.99998 202.00000
25 5 17 06 30 2297.80000 15.60000000 170.81981 28.10000 22.99998 202.00000
25 5 17 06 30 2299.99800 15.70000000 170.08266 28.10000 22.99998 208.21508
25 5 17 06 31 2295.00000 15.70000000 172.00000 28.10000 22.55801 208.21508
25 5 17 06 31 2297.05000 15.89953000 170.81978 28.10000 22.55801 208.21508
25 5 17 06 32 2297.05100 15.89953000 172.00004 28.10000 22.55801 203.49990
25 5 17 06 32 2297.05100 15.90000000 172.00007 28.10000 22.55801 203.49989
25 5 17 06 33 2300.00000 15.90000000 172.68610 28.10000 22.55801 204.99927
25 5 17 06 33 2300.00000 15.90000000 172.38797 28.10000 22.55801 204.99927
25 5 17 06 34 2298.00000 15.90000000 173.20001 28.10000 22.99967 204.99927
25 5 17 06 34 2297.99900 15.90000000 173.00000 28.10000 22.99969 204.99913
25 5 17 06 35 2293.13300 15.90000000 172.00119 28.09999 22.99962 203.49987
25 5 17 06 35 2293.04600 15.88000000 172.01111 28.09999 22.55801 203.49987
25 5 17 06 36 2294.78700 15.70022000 173.36482 28.09999 22.78359 203.49987
25 5 17 06 37 2296.00000 15.74785000 173.36482 28.08000 22.55801 203.49987
25 5 17 06 37 2295.64900 15.84523000 173.36482 28.08000 22.55801 203.49987
25 5 17 06 38 2294.78700 15.88000000 173.36482 28.08000 22.55801 203.49987
25 5 17 06 38 2294.00000 15.84813000 172.00110 28.09999 22.55801 203.49987
25 5 17 06 39 2293.06900 15.70051000 172.00110 28.08000 22.43024 203.49987
25 5 17 06 39 2296.50000 15.70054000 172.93844 28.10000 22.43026 203.49987
25 5 17 06 40 2296.50000 15.90000000 173.35000 28.10000 22.43026 202.09560
25 5 17 06 40 2300.55000 15.70057000 172.38507 28.07800 22.99959 204.00000
25 5 17 06 41 2293.28600 15.70028000 172.38510 28.10000 22.99959 204.00000
25 5 17 06 41 2300.40000 15.70000000 173.30876 28.10000 22.99995 204.00000
25 5 17 06 42 2295.00000 15.90000000 173.00000 28.09999 22.99995 204.00000
25 5 17 06 42 2293.04900 15.75087000 173.44999 28.10000 23.01000 204.00000
25 5 17 06 43 2294.00000 15.90000000 173.39999 28.10000 23.01000 204.00000
25 5 17 06 43 2294.00000 15.90000000 173.35440 28.10000 23.00000 206.15716
25 5 17 06 44 2293.99900 15.90000000 173.48087 28.02204 23.00002 206.15716
25 5 17 06 44 2293.00000 15.97000000 173.39999 28.10000 23.00002 206.15716
25 5 17 06 45 2293.00000 15.90000000 173.00000 28.10000 23.00002 206.15716
25 5 17 06 45 2292.88700 15.99998000 172.60000 28.10000 23.00002 206.15716
25 5 17 06 46 2293.99900 16.00000000 172.50011 28.09996 23.24152 206.15650
25 5 17 06 46 2290.00000 15.99999000 172.99987 28.05200 23.24146 206.15650
25 5 17 06 47 2293.99900 15.99999000 172.50102 28.05200 23.24152 206.15650
25 5 17 06 47 2294.29000 15.99999000 172.99981 28.05200 23.24152 202.60805
25 5 17 06 48 2294.29200 15.90000000 172.99981 28.05200 23.24152 202.60805
25 5 17 06 48 2300.49800 15.99995000 172.99997 28.05200 23.25000 202.60805
25 5 17 06 49 2298.99800 15.90000000 172.75101 28.05200 23.25001 202.60862
25 5 17 06 49 2298.11200 15.90000000 172.50101 28.05000 23.47396 202.60898
25 5 17 06 50 2298.99800 15.70122000 172.46091 28.05000 23.47396 202.60898
25 5 17 06 50 2298.11100 15.70122000 172.31002 28.05000 23.47396 202.60898
25 5 17 06 51 2299.00000 15.70170000 172.31000 27.99304 23.47396 202.60898
25 5 17 06 52 2299.00000 15.89995000 172.31000 27.99304 23.47396 202.60898
25 5 17 06 52 2299.00000 15.99998000 172.10001 28.05000 23.47396 202.61010
25 5 17 06 53 2300.00000 15.99982000 172.10003 28.05000 23.50000 202.61033
25 5 17 06 53 2300.00000 15.88600000 172.10001 28.02000 23.50000 202.61033
25 5 17 06 54 2300.00100 15.88586000 172.00000 28.05000 23.50000 202.61062
25 5 17 06 54 2300.44800 15.98977000 172.49179 28.05000 23.99976 202.61062
25 5 17 06 55 2300.44800 15.80000000 171.99900 28.05000 23.70872 202.61062
25 5 17 06 55 2300.49800 15.80013000 169.12683 28.05000 23.70872 202.61062
25 5 17 06 56 2300.58000 15.85000000 172.00121 28.05000 23.70872 202.61062
25 5 17 06 56 2301.33900 15.85000000 171.95000 28.05000 23.70872 202.61062
25 5 17 06 57 2302.52000 15.84929000 171.94992 28.05000 23.70874 202.61062
25 5 17 06 57 2302.00000 15.84919000 171.39899 28.04000 23.26141 205.99754
25 5 17 06 58 2300.50000 15.80000000 170.20376 28.04001 23.00000 205.99742
25 5 17 06 58 2299.35100 15.80000000 170.80000 27.90000 23.00000 205.99715
25 5 17 06 59 2299.35100 15.73177000 170.79997 27.95900 23.00000 205.99715
25 5 17 06 59 2299.38000 15.73177000 170.50000 27.93000 23.00000 205.99715
25 5 17 07 00 2298.11200 15.73177000 170.23135 28.04000 23.47362 205.99715
25 5 17 07 00 2300.57000 15.83999000 170.79157 28.04000 23.24156 205.99715
25 5 17 07 01 2300.54600 15.73181000 170.79992 28.04000 23.29971 205.99715
25 5 17 07 02 2299.00000 15.73181000 169.88001 27.89002 23.35794 205.99715
25 5 17 07 02 2299.99900 15.73181000 170.49990 27.89002 23.09000 202.62234
25 5 17 07 03 2300.00000 15.84000000 170.49981 27.89002 23.09000 202.62221
25 5 17 07 03 2301.97600 15.98940000 170.28047 28.00000 23.09000 202.62221
25 5 17 07 04 2297.02300 15.80029000 170.12998 28.00000 23.09000 202.00011
25 5 17 07 04 2300.00000 16.00000000 170.26597 28.00000 23.09000 202.00034
25 5 17 07 05 2296.97700 15.81012000 169.35165 28.00000 23.09000 202.00034
25 5 17 07 05 2299.99800 15.81012000 169.34754 28.00000 23.47353 202.00034
25 5 17 07 06 2299.97700 16.00000000 169.83200 27.87548 23.47353 202.00109
25 5 17 07 06 2299.86900 16.00000000 169.50000 27.87548 23.47353 202.00109
25 5 17 07 07 2299.86900 16.00000000 169.41278 27.87548 23.47353 202.00109
25 5 17 07 07 2299.86900 16.13176000 169.36138 27.87548 23.47353 202.00109
25 5 17 07 08 2299.86900 16.05000000 169.11993 27.87548 23.47353 202.00000
25 5 17 07 08 2299.86900 16.13167000 168.99999 27.89800 23.44000 202.00000
25 5 17 07 09 2299.86900 15.85007000 168.99998 27.89800 23.47343 202.00000
25 5 17 07 09 2299.86900 15.85007000 168.79542 27.89800 23.47343 202.00000
25 5 17 07 10 2299.87000 16.09987000 168.79542 27.89899 24.00000 202.00000
25 5 17 07 10 2298.41000 16.09987000 168.79542 27.89899 24.00000 204.11378
25 5 17 07 11 2298.41000 16.09985000 168.79542 27.84100 23.70870 204.11378
25 5 17 07 11 2296.00000 16.15891000 169.00000 27.80800 23.29972 202.00012
25 5 17 07 12 2297.64300 16.18090000 169.57479 27.75000 23.29972 204.11309
25 5 17 07 13 2296.52000 16.24628000 170.35685 27.72000 23.80024 204.11309
25 5 17 07 13 2296.40900 16.39999000 169.93308 27.68900 23.80015 202.00047
25 5 17 07 13 2294.91000 16.00021000 169.20009 27.68106 23.80015 202.00048
25 5 17 07 14 2293.86700 16.40000000 170.35681 27.68106 23.80015 202.50500
25 5 17 07 14 2293.75600 16.39997000 170.99889 27.68105 23.80015 202.50500
25 5 17 07 15 2293.32600 16.20101000 170.99873 27.68106 23.80015 202.50500
25 5 17 07 16 2289.13000 16.44000000 170.39998 27.66000 23.80015 202.50501
25 5 17 07 16 2290.69100 16.44000000 170.10001 27.63500 23.80015 202.50501
25 5 17 07 17 2289.13000 16.50000000 170.99786 27.60100 23.80015 202.50501
25 5 17 07 17 2280.90200 16.50000000 170.99474 27.60000 23.80015 202.50501
25 5 17 07 18 2282.13400 16.50000000 170.99474 27.60000 23.80015 204.11476
25 5 17 07 18 2280.00000 16.89963000 170.99899 27.66000 23.79117 202.00000
25 5 17 07 19 2279.99800 16.85000000 171.05713 27.66000 23.30021 202.00020
25 5 17 07 19 2280.00100 16.85000000 170.99907 27.60000 23.30021 202.00000
25 5 17 07 20 2282.10000 16.84992000 172.49178 27.58000 23.30021 202.00000
25 5 17 07 21 2284.97000 16.80000000 172.79993 27.58000 23.30032 202.00000
25 5 17 07 21 2284.97800 16.75435000 171.41001 27.58000 23.30032 202.00000
25 5 17 07 22 2285.46000 16.75430000 172.00000 27.58000 23.30032 202.00000
25 5 17 07 22 2284.96800 16.30800000 173.19115 27.68825 23.50000 202.00000
25 5 17 07 23 2284.96800 16.74426000 172.40001 27.68828 23.50000 202.00000
25 5 17 07 23 2286.46000 16.74426000 172.40000 27.70000 23.50000 202.00000
25 5 17 07 24 2286.46000 16.74418000 172.39999 27.70000 23.50000 202.00000
25 5 17 07 24 2286.46000 16.74418000 172.00001 27.58006 23.50000 202.00000
25 5 17 07 25 2290.00000 16.74418000 171.98744 27.75000 23.77659 202.00000
25 5 17 07 25 2290.00000 16.69981000 171.50001 27.70000 23.77659 202.00047
25 5 17 07 26 2290.00000 16.69981000 171.35202 27.75969 23.77659 204.11641
25 5 17 07 26 2290.00000 16.69981000 170.88511 27.94997 23.77659 202.50534
25 5 17 07 27 2290.00000 16.69981000 170.58298 27.94997 23.77659 202.50534
25 5 17 07 27 2291.00000 16.65000000 170.50001 27.94997 23.77659 205.01547
25 5 17 07 28 2291.00000 16.69981000 171.00002 27.72101 23.77659 205.01547
25 5 17 07 28 2300.00000 16.75000000 171.00002 28.00000 23.77659 202.50614
25 5 17 07 29 2299.11100 16.87450000 171.33986 28.00000 23.77685 202.50614
25 5 17 07 30 2299.11100 16.85196000 171.39000 28.04998 23.60002 202.50614
25 5 17 07 30 2299.11100 16.75000000 171.38997 28.09997 23.80000 202.50614
