 6 6 17 06 26 2506.00000 15.36580000 225.39989 26.73500 27.54505 226.24895
 6 6 17 06 26 2510.00000 15.36536000 225.40000 26.73500 27.54505 226.24895
 6 6 17 06 27 2512.99900 15.36536000 225.67799 26.73500 27.54505 226.91341
 6 6 17 06 28 2507.62200 15.39999000 225.70000 26.85740 27.54505 226.91341
 6 6 17 06 28 2511.96900 15.39999000 225.70000 26.73500 27.54505 224.79059
 6 6 17 06 28 2512.00000 15.39999000 225.69997 26.73500 27.92073 224.79059
 6 6 17 06 29 2515.49800 15.39976000 225.69997 26.73001 27.92073 224.79076
 6 6 17 06 29 2512.00000 15.39976000 225.69996 26.73001 27.92073 224.79099
 6 6 17 06 30 2512.00000 15.39976000 225.69997 26.73001 27.92073 224.79099
 6 6 17 06 31 2512.50000 15.28901000 225.00000 26.73001 27.92073 224.79099
 6 6 17 06 31 2515.00000 15.28901000 225.00000 26.73003 27.92073 224.79099
 6 6 17 06 31 2515.00000 15.28901000 225.68989 26.90999 27.92073 224.79099
 6 6 17 06 32 2514.96900 15.28901000 225.00001 26.90999 27.92073 225.05232
 6 6 17 06 32 2515.49600 15.28901000 225.00002 26.90999 27.92073 225.05232
 6 6 17 06 33 2516.67000 15.28901000 225.00002 26.90997 27.92073 225.05232
 6 6 17 06 34 2516.69400 15.28901000 225.00008 26.90997 27.68706 225.05232
 6 6 17 06 34 2520.00000 15.28901000 225.00016 26.90997 27.68706 225.05232
 6 6 17 06 34 2518.60100 15.38117000 225.40001 26.96496 27.68706 225.05232
 6 6 17 06 35 2521.00000 15.38117000 225.70000 26.90997 27.68706 225.05232
 6 6 17 06 35 2524.55600 15.26012000 225.40001 26.90997 27.68706 225.05232
 6 6 17 06 36 2524.55400 15.26012000 225.70000 26.90997 27.68706 225.05232
 6 6 17 06 37 2524.40900 15.26012000 225.69998 26.91077 27.68706 225.05232
 6 6 17 06 37 2523.11900 15.26017000 225.69998 26.85000 27.68706 225.05232
 6 6 17 06 37 2523.09000 15.26017000 225.69321 26.85000 27.68706 225.05232
 6 6 17 06 38 2521.03000 15.38000000 225.69321 26.86400 27.68706 225.05232
 6 6 17 06 39 2521.34500 15.38000000 225.70000 26.95391 27.92080 227.78950
 6 6 17 06 39 2522.00000 15.38000000 225.70001 26.95391 27.50071 227.78950
 6 6 17 06 40 2522.99000 15.38000000 225.70001 26.85900 27.50080 225.47245
 6 6 17 06 40 2524.57300 15.38000000 225.90000 26.85900 27.97822 227.79000
 6 6 17 06 41 2521.70700 15.38000000 225.69321 26.85900 27.97822 227.79000
 6 6 17 06 41 2522.06300 15.38000000 225.90000 26.85900 27.97817 227.79000
 6 6 17 06 41 2522.31700 15.26245000 225.90000 26.85900 27.97817 227.78864
 6 6 17 06 42 2523.00000 15.38000000 226.00000 26.85900 27.97823 227.78864
 6 6 17 06 43 2523.00100 15.45000000 225.90000 26.85900 28.00000 227.78864
 6 6 17 06 43 2523.00000 15.45000000 225.90000 26.73003 28.00000 225.47389
 6 6 17 06 44 2528.69700 15.45000000 226.59400 26.73002 27.81000 225.47389
 6 6 17 06 44 2523.00000 15.44999000 226.59400 26.85899 27.81000 227.78845
 6 6 17 06 45 2525.00000 15.44995000 226.59376 26.85891 27.81000 227.78990
 6 6 17 06 45 2524.99900 15.44995000 225.70501 26.73001 27.81000 227.78843
 6 6 17 06 46 2523.00000 15.26273000 225.80000 26.85848 27.81000 227.78843
 6 6 17 06 46 2522.35700 15.26273000 225.80003 26.73001 27.97889 227.78843
 6 6 17 06 47 2523.00000 15.26273000 225.00008 26.81444 27.97889 227.78843
 6 6 17 06 47 2522.31600 15.26273000 226.59059 26.81444 27.97889 227.79000
 6 6 17 06 48 2523.00000 15.26273000 225.99288 26.72984 27.97889 227.79000
 6 6 17 06 48 2524.31600 15.26273000 225.60001 26.72984 27.81001 227.79000
 6 6 17 06 49 2523.78000 15.26273000 225.00124 26.72984 27.81001 227.78990
 6 6 17 06 49 2523.00000 15.26273000 226.44495 26.60000 27.81001 227.78990
 6 6 17 06 50 2517.40100 15.26273000 225.99288 26.60000 27.81000 227.78990
 6 6 17 06 50 2520.00000 15.26273000 225.99999 26.60000 27.81000 227.78990
 6 6 17 06 51 2521.56800 15.26273000 225.99994 26.60000 27.81000 227.78990
 6 6 17 06 51 2520.01100 15.44913000 225.08896 26.60000 27.81000 227.78990
 6 6 17 06 52 2517.60200 15.44913000 225.08896 26.60000 27.81000 227.78990
 6 6 17 06 52 2517.07000 15.44913000 225.99992 26.60000 27.59202 227.78996
 6 6 17 06 53 2514.99900 15.44913000 225.09349 26.60000 27.97885 227.78996
 6 6 17 06 53 2517.06800 15.44913000 225.99996 26.60000 27.97885 227.78990
 6 6 17 06 54 2510.32900 15.44913000 225.99766 26.60000 27.97885 227.78990
 6 6 17 06 54 2510.32900 15.44913000 225.99763 26.60000 27.97885 227.78990
 6 6 17 06 55 2509.88800 15.44913000 225.97995 26.67699 27.97885 227.78990
 6 6 17 06 56 2508.99100 15.36400000 225.00201 26.67699 27.97885 227.78990
 6 6 17 06 56 2508.00000 15.36400000 225.00201 26.67699 27.97885 227.78990
 6 6 17 06 57 2508.00000 15.36400000 225.83376 26.67699 27.97885 227.78990
 6 6 17 06 57 2505.00000 15.36400000 225.52340 26.50399 27.97885 227.78990
 6 6 17 06 57 2505.10400 15.36400000 225.94674 26.72393 27.97885 227.78990
 6 6 17 06 58 2505.40300 15.36400000 225.94674 26.72393 27.97885 227.78990
 6 6 17 06 58 2505.41000 15.36400000 225.94674 26.72395 27.97885 227.79000
 6 6 17 06 59 2504.15000 15.36400000 225.97999 26.72395 27.96960 226.34753
 6 6 17 07 00 2504.80700 15.36400000 225.94400 26.72395 27.96960 226.34753
 6 6 17 07 00 2504.15000 15.36400000 225.94400 26.72395 27.96959 227.79000
 6 6 17 07 01 2504.21000 15.36400000 225.95000 26.72395 27.96959 227.79000
 6 6 17 07 01 2504.47000 15.36400000 225.88514 26.72395 27.96959 227.79000
 6 6 17 07 02 2500.00000 15.36400000 225.97993 26.72395 27.96959 226.34795
 6 6 17 07 02 2504.49500 15.36400000 225.97992 26.50405 27.96948 226.34795
 6 6 17 07 03 2505.67900 15.26001000 225.99761 26.50408 27.96948 226.34801
 6 6 17 07 03 2505.67900 15.26001000 225.88514 26.50408 27.96948 226.34801
 6 6 17 07 04 2506.00000 15.26002000 225.99760 26.50408 27.96948 226.34801
 6 6 17 07 04 2506.00000 15.26002000 225.99759 26.73206 27.96948 226.34801
 6 6 17 07 05 2503.15000 15.26002000 225.99999 26.73206 27.96948 226.34801
 6 6 17 07 06 2505.57000 15.26002000 225.99999 26.73206 27.96948 226.34801
 6 6 17 07 06 2505.53900 15.26002000 225.99998 26.73206 27.50017 226.34801
 6 6 17 07 06 2505.97000 15.26002000 226.00000 26.73206 27.50022 226.34801
 6 6 17 07 07 2504.99900 15.26002000 225.99999 26.73206 27.50022 226.34801
 6 6 17 07 07 2504.11700 15.26002000 225.99999 26.58009 27.50022 226.34801
 6 6 17 07 08 2505.00000 15.30000000 225.99999 26.58009 27.50022 226.34801
 6 6 17 07 09 2505.00000 15.39253000 225.90000 26.58009 27.50022 226.34801
 6 6 17 07 09 2504.89900 15.39253000 225.30097 26.59007 27.50022 226.34801
 6 6 17 07 09 2503.55800 15.39253000 225.30330 26.59007 27.50022 227.66599
 6 6 17 07 10 2504.87000 15.32000000 225.30558 26.60009 27.50022 227.66599
 6 6 17 07 10 2508.05700 15.30010000 225.30574 26.60009 27.51020 227.79000
 6 6 17 07 11 2507.95000 15.20003000 226.00090 26.60009 27.99999 227.79000
 6 6 17 07 11 2508.88000 15.45457000 225.30607 26.60009 28.00000 227.79000
 6 6 17 07 12 2511.26400 15.45457000 226.00090 26.60009 28.00000 227.79000
 6 6 17 07 12 2508.88000 15.45457000 226.00090 26.72300 27.95987 227.79000
 6 6 17 07 13 2508.88000 15.45457000 226.00090 26.72300 27.95987 228.97860
 6 6 17 07 14 2508.88000 15.45457000 226.89887 26.60125 27.95987 228.09559
 6 6 17 07 14 2511.11500 15.45457000 226.89887 26.72217 27.95987 228.09559
 6 6 17 07 14 2516.54100 15.45457000 226.90000 26.60159 27.95987 228.09559
 6 6 17 07 15 2516.27300 15.45457000 226.80000 26.60159 27.95987 228.97899
 6 6 17 07 15 2516.00000 15.45457000 226.85000 26.60159 27.95987 228.97900
 6 6 17 07 16 2515.23600 15.43129000 226.85000 26.81268 27.95968 228.97900
 6 6 17 07 17 2514.13200 15.43129000 226.80037 26.81268 27.95968 229.05251
 6 6 17 07 17 2510.00200 15.43129000 226.84999 26.81268 27.95968 229.05251
 6 6 17 07 18 2510.00100 15.43129000 226.85000 26.81268 27.95968 229.05251
 6 6 17 07 18 2511.00600 15.43101000 226.85000 26.81268 27.95985 229.05251
 6 6 17 07 19 2510.10100 15.43101000 226.89996 26.66762 27.88089 229.05251
 6 6 17 07 19 2510.41300 15.43101000 226.89999 26.81202 27.88089 229.05251
 6 6 17 07 20 2510.00100 15.43101000 226.89996 26.81202 27.88089 229.05251
 6 6 17 07 20 2508.00000 15.43101000 226.89999 26.81202 27.68301 227.00466
 6 6 17 07 21 2508.00000 15.43101000 226.89997 26.81268 27.68301 227.00466
 6 6 17 07 21 2511.91300 15.43101000 226.89997 26.66773 27.68301 227.00466
 6 6 17 07 22 2511.50000 15.43101000 226.89998 26.66773 27.68301 227.00466
 6 6 17 07 22 2511.92600 15.43101000 226.90000 26.89271 27.68306 229.12800
 6 6 17 07 23 2512.10000 15.20102000 226.90000 26.89271 27.68306 229.98183
 6 6 17 07 23 2511.80000 15.20102000 226.89998 26.89210 27.68306 229.98181
 6 6 17 07 24 2512.10000 15.20102000 226.89998 26.89182 27.68306 229.98181
 6 6 17 07 24 2511.78200 15.43029000 226.89998 26.89154 27.68306 229.98181
 6 6 17 07 25 2512.12600 15.43029000 226.89998 26.89122 27.68306 229.98181
 6 6 17 07 25 2514.71100 15.40317000 226.90000 26.89122 27.68306 229.98181
 6 6 17 07 26 2511.00000 15.40317000 227.00000 26.89122 27.66513 229.98181
 6 6 17 07 26 2512.10000 15.39662000 227.00000 26.75403 27.66600 229.98185
 6 6 17 07 27 2514.71100 15.27817000 227.00000 26.88999 27.66600 229.98185
 6 6 17 07 27 2512.20200 15.27817000 227.10002 26.88971 27.66600 230.42144
 6 6 17 07 28 2513.56700 15.27817000 227.10002 26.88971 27.66600 230.42144
 6 6 17 07 28 2513.99900 15.27817000 227.20000 26.88971 27.80000 230.42144
 6 6 17 07 29 2515.99100 15.27817000 227.20000 26.88971 27.79998 230.42144
 6 6 17 07 29 2515.98700 15.27817000 227.20000 27.09522 27.79998 230.42144
 6 6 17 07 30 2515.98100 15.27817000 227.22960 27.09522 27.79998 230.42144
 6 6 17 07 30 2516.77800 15.39580000 227.45899 26.95010 27.51176 230.42144
 6 6 17 07 31 2513.99900 15.39580000 227.45898 26.95010 27.87997 230.42144
 6 6 17 07 32 2513.99900 15.39580000 227.54323 26.79501 27.87995 230.42144
 6 6 17 07 32 2518.16000 15.39580000 227.54323 26.79501 27.87993 230.42144
 6 6 17 07 32 2516.33900 15.39580000 227.68492 26.79501 27.87993 230.42144
 6 6 17 07 33 2520.99700 15.39580000 227.50011 26.94946 27.87993 230.42144
 6 6 17 07 33 2520.00000 15.39580000 227.50004 26.94946 27.87993 230.42144
 6 6 17 07 34 2520.99200 15.39580000 227.63785 26.94943 27.87993 230.42144
 6 6 17 07 35 2521.00000 15.39999000 227.70000 26.94973 27.87993 230.42144
 6 6 17 07 35 2520.99200 15.39999000 227.70000 26.94973 27.87993 230.42144
 6 6 17 07 35 2522.50100 15.28007000 227.60000 26.94973 27.87993 230.42144
 6 6 17 07 36 2522.49900 15.40000000 227.70000 26.95700 28.00000 230.42144
 6 6 17 07 36 2522.49900 15.40000000 227.70017 26.82164 27.89009 230.42144
 6 6 17 07 37 2522.50000 15.40000000 227.78000 26.82164 27.89009 230.42144
 6 6 17 07 38 2522.49900 15.40000000 227.90002 26.95665 27.89009 230.42144
 6 6 17 07 38 2522.50100 15.40000000 227.98000 26.95635 27.89009 230.42144
 6 6 17 07 38 2522.50100 15.40000000 227.98000 26.95608 27.89009 230.42144
 6 6 17 07 39 2522.00000 15.40000000 228.09600 26.95607 27.89009 230.42144
 6 6 17 07 39 2522.34700 15.40000000 227.98000 26.95607 27.99994 230.42144
 6 6 17 07 40 2522.41400 15.43910000 228.20695 26.95607 28.09901 230.42144
 6 6 17 07 41 2522.00000 15.30739000 228.10000 26.95607 27.89049 230.42144
 6 6 17 07 41 2522.41400 15.43922000 228.09771 26.95607 27.89049 230.42144
 6 6 17 07 42 2522.24000 15.43922000 228.09999 26.95607 27.89049 230.42144
 6 6 17 07 42 2522.32300 15.43922000 228.09999 26.95607 27.89049 230.42144
 6 6 17 07 43 2522.32300 15.43907000 228.09999 26.95608 27.89049 230.00002
 6 6 17 07 43 2524.69800 15.43899000 228.09771 26.95608 27.89049 230.00000
 6 6 17 07 44 2525.00000 15.43899000 228.10000 26.95608 27.89049 230.00000
 6 6 17 07 44 2524.97900 15.43899000 228.10000 26.95614 27.89049 230.00000
 6 6 17 07 45 2526.41700 15.43899000 228.10000 27.00892 27.81100 230.00000
 6 6 17 07 45 2522.00000 15.43899000 228.31500 27.00892 27.81571 230.00000
 6 6 17 07 46 2525.87400 15.43899000 228.31500 27.00892 27.81571 230.00000
 6 6 17 07 46 2524.97900 15.28000000 228.31500 27.00892 27.81571 230.00000
 6 6 17 07 47 2525.00400 15.28000000 228.32000 27.00000 27.89000 230.00000
 6 6 17 07 47 2525.87300 15.28000000 228.53289 27.00000 27.89000 230.00002
 6 6 17 07 48 2525.87300 15.28000000 228.49999 26.96100 27.89000 230.00003
 6 6 17 07 48 2521.37500 15.36204000 228.49995 26.95634 27.89000 230.00003
 6 6 17 07 49 2522.83500 15.36204000 228.29999 26.95635 27.89000 230.42104
 6 6 17 07 49 2521.06500 15.36204000 228.49988 26.95635 27.89000 230.42104
 6 6 17 07 50 2522.83700 15.36204000 228.49996 26.95635 28.00796 230.00000
 6 6 17 07 50 2520.00000 15.36204000 228.32020 26.86499 28.00796 228.10081
 6 6 17 07 51 2520.00000 15.40050000 228.32020 26.86499 28.00796 228.10081
 6 6 17 07 51 2520.00100 15.43987000 228.49865 26.91496 28.00988 229.97380
 6 6 17 07 52 2522.55300 15.43987000 228.49853 26.91496 28.00988 229.97380
 6 6 17 07 52 2520.25500 15.43987000 228.32000 26.91496 28.00989 228.10109
 6 6 17 07 53 2521.95300 15.43990000 228.35000 26.79900 28.00989 228.10109
 6 6 17 07 53 2519.47400 15.43990000 228.58887 26.79900 28.00989 228.10109
 6 6 17 07 54 2517.93000 15.43498000 228.35001 26.86699 28.00989 228.10135
 6 6 17 07 55 2514.03000 15.36208000 228.32050 26.86699 27.85001 228.10135
 6 6 17 07 55 2515.00000 15.36208000 228.58872 26.86699 27.85001 228.10135
 6 6 17 07 56 2516.36000 15.43482000 228.58642 26.86692 27.85001 229.00000
 6 6 17 07 56 2515.02500 15.43482000 228.58900 26.86697 27.85001 229.00000
 6 6 17 07 56 2517.54000 15.43482000 228.09770 26.86696 27.85001 228.84503
 6 6 17 07 57 2513.99900 15.43129000 228.51000 26.86696 28.09992 228.84503
 6 6 17 07 57 2513.99900 15.43129000 228.10050 26.86696 27.85001 228.84503
 6 6 17 07 58 2517.47100 15.43129000 228.80000 26.86696 27.85001 228.84503
 6 6 17 07 58 2513.84800 15.43129000 228.70000 26.56311 28.01110 228.84503
 6 6 17 07 59 2514.91500 15.43129000 228.95865 26.86680 28.09999 228.84503
 6 6 17 08 00 2512.25200 15.43129000 228.97999 26.86680 28.09999 228.84503
 6 6 17 08 00 2512.50000 15.43129000 228.95864 26.80000 28.09999 228.84503
 6 6 17 08 00 2513.56200 15.43015000 228.97999 26.70000 28.09999 228.84503
 6 6 17 08 01 2513.56400 15.43012000 228.97994 26.70000 28.09999 227.00120
 6 6 17 08 01 2513.48500 15.43012000 228.98000 26.70000 28.48965 227.00120
 6 6 17 08 02 2515.00000 15.43011000 228.98000 26.70000 27.85001 229.97357
 6 6 17 08 02 2513.00000 15.43011000 228.97999 26.70000 27.85001 229.97356
 6 6 17 08 03 2513.00000 15.39001000 228.98000 26.70000 28.69994 229.97356
 6 6 17 08 04 2513.00000 15.43011000 228.98000 26.70000 28.69994 229.97366
 6 6 17 08 04 2516.80000 15.43011000 229.20098 26.79833 28.69994 229.97366
 6 6 17 08 05 2516.99900 15.39004000 229.45075 26.79833 28.69994 230.51939
 6 6 17 08 05 2517.00000 15.44000000 229.10000 26.79800 28.69994 230.52041
 6 6 17 08 06 2523.00000 15.44000000 229.10001 26.79800 28.69994 229.90000
 6 6 17 08 06 2518.12200 15.39009000 228.99316 26.79800 28.69994 230.71615
 6 6 17 08 07 2517.00000 15.39009000 229.39890 26.79800 28.69994 230.71615
 6 6 17 08 07 2518.00000 15.44000000 228.46000 26.79800 28.30000 230.71615
 6 6 17 08 08 2519.00000 15.44000000 227.50000 26.79800 28.30000 230.71615
 6 6 17 08 08 2519.90000 15.44000000 229.05000 26.73300 28.30000 230.71615
 6 6 17 08 09 2519.90000 15.44000000 229.00001 26.73300 28.31198 230.71605
 6 6 17 08 09 2521.00000 15.46889000 229.04890 26.73300 28.08002 230.71605
 6 6 17 08 10 2521.94700 15.46889000 229.00000 26.79683 28.08013 230.71615
 6 6 17 08 10 2521.87700 15.46690000 229.00000 26.70000 28.31201 230.71605
 6 6 17 08 11 2519.30000 15.46690000 228.10003 26.70000 28.31202 230.71605
 6 6 17 08 11 2521.66500 15.46690000 228.10000 26.75000 28.31203 230.71605
 6 6 17 08 12 2521.66500 15.39005000 228.00007 26.71001 28.32001 230.71605
 6 6 17 08 12 2520.00000 15.39005000 228.85260 26.71001 28.32000 230.71606
 6 6 17 08 13 2521.64900 15.46129000 228.99991 26.71001 28.32000 230.71606
 6 6 17 08 13 2519.00000 15.46127000 229.00000 26.79656 28.08033 230.71606
 6 6 17 08 14 2519.00000 15.46127000 228.99999 26.79652 28.08033 230.71606
 6 6 17 08 15 2521.35000 15.46110000 229.00000 26.79653 28.30930 230.71606
 6 6 17 08 15 2521.25000 15.46110000 228.55034 26.79656 28.30930 230.71606
 6 6 17 08 15 2521.25000 15.46110000 228.99000 26.79656 28.30930 230.71606
 6 6 17 08 16 2521.50000 15.46110000 228.98999 26.79656 28.69919 230.71613
 6 6 17 08 16 2519.45500 15.46110000 228.98699 26.79656 28.78900 231.24000
 6 6 17 08 17 2520.00000 15.45922000 228.81001 26.79656 28.75314 230.71613
 6 6 17 08 17 2520.00000 15.45922000 228.81000 26.87697 28.99999 231.24000
 6 6 17 08 18 2520.00000 15.45914000 228.98142 26.87697 29.33308 231.24000
 6 6 17 08 18 2521.30700 15.45909000 228.99991 26.87697 29.33308 231.24000
 6 6 17 08 19 2521.80400 15.45909000 228.50022 26.87705 29.33308 231.24000
 6 6 17 08 19 2519.56200 15.40001000 228.99900 26.87705 29.33308 231.24000
 6 6 17 08 20 2525.67300 15.45900000 228.99770 26.85001 29.30000 231.24000
 6 6 17 08 21 2525.64000 15.45900000 229.14219 26.85001 29.30000 231.24000
 6 6 17 08 21 2523.11400 15.45900000 229.14449 26.85000 28.69000 230.71655
 6 6 17 08 21 2525.87200 15.45900000 229.20000 27.02398 28.40010 231.24000
 6 6 17 08 22 2525.99900 15.45900000 229.00000 27.02398 28.50000 231.24000
 6 6 17 08 22 2527.00000 15.45900000 229.00000 27.02390 28.50000 231.24000
 6 6 17 08 23 2527.70000 15.40001000 228.99990 27.02386 28.50001 231.24000
 6 6 17 08 23 2528.00000 15.40001000 229.00000 26.75000 28.50000 231.24000
 6 6 17 08 24 2528.00000 15.40000000 228.99999 26.75000 28.50000 231.24000
 6 6 17 08 25 2528.00000 15.40000000 229.00000 27.02370 28.50001 231.24000
 6 6 17 08 25 2527.76800 15.40000000 229.00000 27.02362 28.50004 231.24000
 6 6 17 08 26 2528.99000 15.40000000 228.99999 26.99996 28.57375 231.24000
 6 6 17 08 26 2529.00000 15.40000000 229.00000 26.99994 28.57375 231.24000
 6 6 17 08 27 2529.00000 15.40001000 229.00000 26.99994 28.50008 231.24000
 6 6 17 08 27 2529.25000 15.40000000 229.00000 26.99977 28.50010 231.24000
 6 6 17 08 28 2529.25000 15.40000000 228.99999 26.99977 28.50000 232.50000
 6 6 17 08 28 2529.98000 15.40000000 229.00000 26.99977 28.50002 232.50000
 6 6 17 08 29 2530.00000 15.40000000 228.99999 26.99977 28.50004 232.58930
 6 6 17 08 29 2529.24900 15.40000000 229.00000 26.99977 28.50001 233.00000
 6 6 17 08 30 2534.99900 15.41000000 228.99998 26.99979 28.50001 232.58933
 6 6 17 08 30 2536.63300 15.41000000 228.99999 26.99979 28.50001 232.58933
 6 6 17 08 31 2537.88200 15.41000000 229.00000 27.00000 28.50001 232.41750
 6 6 17 08 31 2532.31800 15.41000000 229.00000 27.00002 28.50001 232.41750
 6 6 17 08 32 2531.00500 15.41000000 229.00000 27.00002 28.64851 233.00000
 6 6 17 08 32 2531.06100 15.46000000 229.00000 27.09990 28.68999 233.11366
 6 6 17 08 33 2531.56400 15.46000000 229.00000 27.09990 28.64988 233.27339
 6 6 17 08 33 2532.00400 15.40000000 229.00000 27.09990 28.64988 233.27339
 6 6 17 08 34 2533.00000 15.40000000 229.00000 27.09990 28.64988 233.27339
 6 6 17 08 34 2534.00000 15.40000000 229.00000 27.09990 29.00558 233.27339
 6 6 17 08 35 2534.90600 15.40000000 229.00000 27.09981 29.00555 233.27339
 6 6 17 08 35 2534.90500 15.46000000 229.00000 27.09980 28.64003 233.95746
 6 6 17 08 36 2533.00000 15.46997000 229.00000 27.09973 28.64003 233.95746
 6 6 17 08 36 2533.50000 15.46997000 229.00000 27.09981 28.64003 233.11368
 6 6 17 08 37 2535.00000 15.46997000 229.00000 27.00029 28.99956 232.59000
 6 6 17 08 38 2532.99000 15.46999000 229.00000 27.09999 28.83998 232.59000
 6 6 17 08 38 2532.28000 15.46997000 229.00000 27.09999 28.90000 232.59000
 6 6 17 08 38 2533.51400 15.46997000 229.00000 27.09999 28.99941 232.59000
 6 6 17 08 39 2536.09600 15.47000000 229.20000 27.10000 28.99941 232.59000
 6 6 17 08 39 2539.00000 15.49879000 229.47000 27.07400 28.99941 232.59000
 6 6 17 08 40 2533.59200 15.50182000 229.20006 27.09999 28.99941 232.59000
 6 6 17 08 40 2541.75000 15.53491000 229.70002 27.11178 28.99941 232.59000
 6 6 17 08 41 2537.00000 15.50001000 229.82521 27.13000 28.99941 232.59000
 6 6 17 08 41 2536.39000 15.55199000 229.87998 27.13000 28.99941 232.59000
 6 6 17 08 42 2535.05600 15.55199000 229.80000 27.22000 28.90000 232.41750
 6 6 17 08 43 2533.00000 15.55199000 229.71002 27.22000 28.97986 232.41750
 6 6 17 08 43 2535.84800 15.55199000 229.80000 27.22000 28.90000 232.41750
 6 6 17 08 43 2532.86900 15.51000000 229.79999 27.22000 28.90000 232.41750
 6 6 17 08 44 2535.85000 15.51000000 229.70003 27.22000 28.90000 232.41750
 6 6 17 08 45 2535.99600 15.51000000 229.79999 27.22000 28.90000 232.41752
 6 6 17 08 45 2536.00000 15.51000000 229.79999 27.22438 28.90000 233.50000
 6 6 17 08 46 2537.00000 15.51000000 229.97999 27.22438 28.90000 233.50000
 6 6 17 08 46 2536.36500 15.51000000 229.70002 27.24445 28.97975 233.50000
 6 6 17 08 47 2541.90000 15.51000000 229.97999 27.29740 28.90000 233.50000
 6 6 17 08 47 2539.99100 15.51000000 229.97998 27.28167 28.90000 233.50000
 6 6 17 08 48 2539.99300 15.51000000 229.70002 27.25002 28.90000 233.50000
 6 6 17 08 48 2541.45000 15.51000000 229.98000 27.31776 28.97999 233.50000
 6 6 17 08 49 2541.89900 15.50999000 229.65000 27.25000 28.97999 233.50000
 6 6 17 08 49 2539.99900 15.51000000 229.50999 27.21303 28.97999 233.50000
 6 6 17 08 50 2535.85000 15.51000000 229.50997 27.21303 28.97999 233.50000
 6 6 17 08 50 2535.00000 15.51000000 229.97994 27.21303 28.97999 233.49975
 6 6 17 08 51 2539.49900 15.51100000 229.97995 27.21303 28.97999 232.41750
 6 6 17 08 52 2540.60300 15.53000000 227.61002 27.27495 29.00000 232.41750
 6 6 17 08 52 2542.77400 15.51100000 229.93890 27.27501 28.90000 232.41750
 6 6 17 08 52 2542.00000 15.51101000 229.89999 27.27501 28.90000 233.50000
 6 6 17 08 53 2540.27700 15.52999000 229.89999 27.31757 28.90000 233.50000
 6 6 17 08 53 2542.49600 15.52999000 229.89888 27.31757 28.78400 233.50000
 6 6 17 08 54 2547.74900 15.52999000 229.88100 27.40000 28.78429 233.95714
 6 6 17 08 54 2547.74600 15.51100000 229.70000 27.40000 29.39994 233.95715
 6 6 17 08 55 2542.49600 15.52998000 229.60000 27.45988 29.39993 233.95715
 6 6 17 08 55 2543.02200 15.51100000 229.69996 27.59399 29.39990 233.95715
 6 6 17 08 56 2542.49700 15.52996000 229.69992 27.59399 29.39989 233.95715
 6 6 17 08 57 2546.50000 15.52996000 229.63942 27.40000 29.49998 231.08801
 6 6 17 08 57 2546.28000 15.52898000 229.64999 27.40781 29.49998 231.08813
 6 6 17 08 57 2545.12200 15.52899000 229.64991 27.40781 29.49998 231.08813
 6 6 17 08 58 2543.54900 15.52899000 229.64844 27.54099 29.49998 231.46348
 6 6 17 08 58 2546.30000 15.51100000 229.64831 27.54099 29.49949 234.00000
 6 6 17 08 59 2546.30000 15.52899000 229.64831 27.54100 29.49949 234.00000
 6 6 17 08 59 2546.30000 15.52898000 229.64825 27.54100 29.49949 234.00000
 6 6 17 09 00 2546.30000 15.52995000 229.64819 27.40782 29.49949 234.00000
 6 6 17 09 00 2543.33000 15.52993000 229.64800 27.49800 29.49949 234.00000
 6 6 17 09 01 2543.54500 15.52993000 229.64992 27.49800 28.87606 234.00000
 6 6 17 09 01 2543.75200 15.52990000 229.64994 27.49500 28.87610 234.00000
 6 6 17 09 02 2543.34700 15.52986000 229.64701 27.49500 28.87612 234.00000
 6 6 17 09 03 2543.34700 15.52986000 229.64801 27.49999 28.87606 234.00000
 6 6 17 09 03 2543.73400 15.51000000 229.64801 27.49999 28.87606 234.00000
 6 6 17 09 04 2543.01100 15.52983000 229.64802 27.49999 28.87606 234.00000
 6 6 17 09 04 2543.73400 15.52982000 229.64701 27.49598 29.00000 233.83300
 6 6 17 09 05 2544.89600 15.52980000 229.64700 27.49598 29.00000 234.00000
 6 6 17 09 05 2545.12200 15.52979000 229.70000 27.45001 28.62237 234.00000
 6 6 17 09 06 2545.12200 15.52979000 229.64701 27.45000 28.62237 232.68507
 6 6 17 09 06 2545.10000 15.52979000 229.94996 27.49594 28.62237 232.68507
 6 6 17 09 06 2545.00200 15.52928000 229.94997 27.49594 28.62237 233.99984
 6 6 17 09 07 2545.10000 15.52928000 229.64703 27.49594 28.62268 233.99984
 6 6 17 09 08 2545.12200 15.52928000 229.64702 27.54100 28.62268 233.99984
 6 6 17 09 08 2545.11900 15.50000000 229.92998 27.54100 28.80000 233.99984
 6 6 17 09 09 2545.12400 15.52700000 229.92996 27.41056 28.80000 233.99984
 6 6 17 09 09 2547.22100 15.52700000 229.64706 27.41000 28.80000 233.99984
 6 6 17 09 10 2547.22100 15.52700000 229.90999 27.49633 28.80000 233.99984
 6 6 17 09 10 2546.49800 15.52999000 229.90997 27.41000 28.80000 233.99984
 6 6 17 09 11 2546.49800 15.52899000 229.64707 27.41000 28.80000 233.99984
 6 6 17 09 11 2547.60400 15.52899000 229.64705 27.41000 28.80000 233.99984
 6 6 17 09 12 2547.46700 15.52899000 229.30000 27.41000 28.80000 233.99984
 6 6 17 09 12 2547.46700 15.52899000 229.64699 27.41000 28.79979 233.99984
 6 6 17 09 13 2547.60500 15.52899000 229.64699 27.41000 28.60060 233.99984
 6 6 17 09 13 2547.74900 15.52899000 229.64705 27.41000 28.50106 233.99984
 6 6 17 09 14 2548.29900 15.51999000 229.64693 27.41000 28.50106 233.99984
 6 6 17 09 14 2547.74900 15.51999000 229.53204 27.47855 28.50106 232.68505
 6 6 17 09 15 2547.74900 15.50001000 229.30017 27.47995 28.50001 232.68505
 6 6 17 09 15 2547.97200 15.50001000 229.47000 27.47996 28.50001 232.68505
 6 6 17 09 16 2547.74900 15.50001000 229.47000 27.47996 28.50000 232.68505
 6 6 17 09 16 2546.30000 15.50000000 229.47000 27.31793 28.50000 232.68506
 6 6 17 09 17 2549.00000 15.50000000 229.47000 27.31796 28.50000 232.68506
 6 6 17 09 17 2549.00000 15.50000000 229.47000 27.31796 28.59997 232.68506
 6 6 17 09 18 2548.50000 15.51998000 229.47000 27.31796 28.59997 232.68506
 6 6 17 09 18 2548.50000 15.51998000 229.47000 27.40000 28.59997 232.68506
 6 6 17 09 19 2548.10000 15.51000000 229.47000 27.40000 28.59997 232.68506
 6 6 17 09 19 2548.20100 15.51000000 229.31007 27.58804 28.59997 232.50039
 6 6 17 09 20 2550.00000 15.51000000 229.46997 27.58800 28.50000 232.50039
 6 6 17 09 20 2549.00100 15.50000000 229.46767 27.58795 28.59999 232.80738
 6 6 17 09 21 2550.11200 15.48000000 229.30013 27.58795 28.59999 232.80738
 6 6 17 09 21 2550.00000 15.48000000 229.30013 27.45000 28.59998 232.80738
 6 6 17 09 22 2549.99800 15.48000000 229.30014 27.45000 28.59998 232.80738
 6 6 17 09 23 2548.85400 15.48000000 229.44999 27.45000 28.59998 232.80738
 6 6 17 09 23 2550.00000 15.51964000 229.30013 27.45000 28.59999 232.80738
 6 6 17 09 24 2550.11200 15.48000000 229.30013 27.44972 28.59998 232.81442
 6 6 17 09 24 2550.11100 15.48000000 229.33160 27.44972 28.59998 232.81442
 6 6 17 09 25 2550.11200 15.48000000 229.30000 27.44972 28.59998 232.81442
 6 6 17 09 25 2550.30000 15.48000000 229.00000 27.44967 28.59998 232.49975
 6 6 17 09 25 2554.00000 15.48000000 229.20000 27.44967 28.59998 232.49975
 6 6 17 09 26 2554.61000 15.53000000 228.60001 27.39999 28.59998 232.50001
 6 6 17 09 26 2555.00000 15.53000000 228.60001 27.39999 28.59998 232.50000
 6 6 17 09 27 2557.66200 15.53000000 228.60001 27.40000 28.59998 232.50000
 6 6 17 09 27 2557.66000 15.53000000 228.99996 27.40000 28.59998 232.50000
 6 6 17 09 28 2555.00000 15.50000000 228.10023 27.39999 28.59998 232.50000
 6 6 17 09 29 2557.99900 15.50000000 228.99000 27.39999 28.59998 232.49975
 6 6 17 09 29 2559.19000 15.53000000 228.89998 27.30814 28.50000 232.49975
 6 6 17 09 30 2562.00000 15.50001000 228.11112 27.39999 28.50000 232.49986
 6 6 17 09 31 2562.00000 15.52950000 228.19800 27.30301 28.49000 232.49986
 6 6 17 09 31 2562.00000 15.52950000 228.90000 27.30001 28.48999 231.68300
 6 6 17 09 31 2562.00100 15.52950000 228.80000 27.30301 28.49000 228.00032
 6 6 17 09 32 2562.37700 15.53000000 228.46999 27.30049 28.49000 228.57001
 6 6 17 09 32 2562.11000 15.52950000 228.46999 27.30049 28.49000 228.57001
 6 6 17 09 33 2562.00100 15.52950000 228.47000 27.30049 28.50000 228.96524
 6 6 17 09 33 2564.98000 15.53000000 228.75288 27.30001 28.48900 228.96524
 6 6 17 09 34 2564.97900 15.50003000 228.50000 27.39996 28.48900 228.96524
 6 6 17 09 35 2564.97800 15.50000000 228.50000 27.39996 28.48898 228.96524
 6 6 17 09 35 2562.30200 15.50000000 228.50000 27.39996 28.48896 228.96524
 6 6 17 09 35 2564.71100 15.50000000 228.40000 27.39994 28.48896 228.96524
 6 6 17 09 36 2564.71100 15.50000000 228.49000 27.39994 28.49998 228.96524
 6 6 17 09 36 2564.98000 15.50000000 228.40003 27.39994 28.51000 228.96524
 6 6 17 09 37 2562.29800 15.53000000 228.74000 27.39994 28.51000 228.96524
 6 6 17 09 37 2564.68100 15.53000000 228.73999 27.30000 28.51000 228.96524
 6 6 17 09 38 2562.40000 15.53000000 228.75289 27.39963 28.20872 228.96524
 6 6 17 09 38 2562.99900 15.33458000 228.73998 27.39963 28.20872 228.96524
 6 6 17 09 39 2564.68200 15.33458146 228.73000 27.39963 28.20872 228.96524
 6 6 17 09 39 2564.98800 15.46816000 228.73000 27.39963 28.20872 228.96524
 6 6 17 09 40 2562.00000 15.48828000 228.72500 27.30001 29.04933 228.96524
 6 6 17 09 40 2562.00000 15.48828000 228.79999 27.30001 29.04933 232.49749
 6 6 17 09 41 2563.12700 15.49002000 228.65000 27.30000 29.04933 232.49749
 6 6 17 09 41 2564.35400 15.49892000 228.79998 27.32000 29.04933 232.49749
 6 6 17 09 42 2564.90900 15.49005000 228.79999 27.30200 29.04933 232.00000
 6 6 17 09 42 2565.00000 15.49006000 228.79999 27.30200 29.04933 231.99967
 6 6 17 09 43 2565.99900 15.49009000 228.65011 27.39989 28.40100 231.99977
 6 6 17 09 44 2565.90700 15.52000000 228.89999 27.39989 28.40104 231.99977
 6 6 17 09 44 2567.18000 15.52999000 228.90000 27.39989 28.40104 231.99977
 6 6 17 09 45 2567.37800 15.52999000 228.98000 27.39999 28.40118 230.00001
 6 6 17 09 45 2566.20000 15.53000000 228.98000 27.39989 28.40118 230.00001
 6 6 17 09 45 2566.10000 15.53432000 228.98000 27.39999 28.50000 230.00001
 6 6 17 09 46 2566.99900 15.54000000 228.98000 27.39999 28.50000 230.00001
 6 6 17 09 46 2566.10000 15.54000000 228.98000 27.40000 28.50000 231.94998
 6 6 17 09 47 2566.90700 15.54999000 228.99998 27.40000 28.50000 230.57509
 6 6 17 09 47 2566.88300 15.56900000 228.99998 27.40000 28.50000 230.57509
 6 6 17 09 48 2566.88000 15.56899000 228.99998 27.40000 28.44321 231.94991
 6 6 17 09 49 2566.79900 15.60749000 228.99998 27.50000 28.44321 231.94994
 6 6 17 09 49 2566.18000 15.60749000 228.99998 27.50099 28.44321 231.94994
 6 6 17 09 49 2566.79800 15.60749000 228.90000 27.50099 28.73958 231.94994
 6 6 17 09 50 2567.08800 15.60749000 228.99900 27.50099 28.73958 231.94994
 6 6 17 09 51 2567.37900 15.60049000 228.99900 27.50099 28.73958 231.94994
 6 6 17 09 51 2567.38000 15.60049000 228.99900 27.50099 28.73958 231.94986
 6 6 17 09 51 2566.13800 15.60049000 228.99899 27.49985 28.73958 231.94985
 6 6 17 09 52 2567.24200 15.60049000 228.99999 27.49985 28.73958 231.94985
 6 6 17 09 53 2567.38000 15.60049000 228.91100 27.49985 28.80997 231.94985
 6 6 17 09 53 2567.37900 15.60049000 229.00000 27.49985 28.80997 230.40133
 6 6 17 09 54 2567.37900 15.60049000 228.20002 27.49985 28.80997 230.40133
 6 6 17 09 54 2567.37900 15.60049000 229.00000 27.49985 28.80997 231.94991
 6 6 17 09 55 2566.00000 15.59589000 229.00000 27.43999 28.80997 231.94991
 6 6 17 09 55 2566.61000 15.59589000 229.00000 27.43999 28.80997 230.40460
 6 6 17 09 56 2563.19200 15.59589000 229.00000 27.43999 28.80997 230.40460
 6 6 17 09 56 2563.00100 15.59589000 229.10004 27.43999 29.00000 231.94900
 6 6 17 09 57 2562.50000 15.59589000 229.10004 27.37996 29.00000 230.40536
 6 6 17 09 57 2563.00000 15.59589000 229.00000 27.37998 28.99990 233.44528
 6 6 17 09 58 2562.14100 15.59537000 229.20000 27.37998 28.99990 230.58013
 6 6 17 09 58 2562.00000 15.59489000 229.19999 27.32000 28.99990 233.44478
 6 6 17 09 59 2562.94000 15.59489000 229.19990 27.32000 28.99990 231.60000
 6 6 17 10 00 2560.00000 15.59489000 229.19998 27.32000 28.99990 231.60000
 6 6 17 10 00 2560.00000 15.64868000 229.19997 27.32000 28.99990 230.50201
 6 6 17 10 00 2559.74400 15.58000000 229.10000 27.32000 28.60074 230.50201
 6 6 17 10 01 2559.99900 15.58000000 229.19997 27.32000 28.60064 230.50201
 6 6 17 10 01 2558.00000 15.58000000 229.19999 27.30000 28.61000 230.50201
 6 6 17 10 02 2553.38600 15.58219000 229.00000 27.30028 28.61001 230.50201
 6 6 17 10 03 2559.33500 15.58219000 229.00000 27.30028 28.61001 230.50201
 6 6 17 10 03 2557.53500 15.51856000 229.14999 27.30000 28.61000 231.89950
 6 6 17 10 03 2559.79000 15.51856000 229.00000 27.30000 28.61004 231.89950
 6 6 17 10 04 2555.00000 15.51856000 229.14981 27.29998 28.91198 231.89950
 6 6 17 10 05 2555.48600 15.51868000 229.14972 27.11402 28.61006 231.89950
 6 6 17 10 05 2555.48700 15.52000000 229.15000 27.15003 28.61006 231.89950
 6 6 17 10 05 2558.00000 15.51882000 229.00001 27.32000 28.61006 231.89950
 6 6 17 10 06 2558.05000 15.51882000 229.00000 27.32000 28.61006 231.77267
 6 6 17 10 06 2557.56000 15.51882000 229.00003 27.16004 28.61006 229.30978
 6 6 17 10 07 2557.40000 15.51882000 229.59998 27.28600 28.61006 229.30978
 6 6 17 10 08 2556.20800 15.51900000 229.59994 27.25631 28.61006 229.30978
 6 6 17 10 08 2556.20600 15.51900000 229.59987 27.25631 28.61006 229.88327
 6 6 17 10 08 2557.40000 15.55000000 229.01003 27.25631 28.61006 229.99000
 6 6 17 10 09 2557.40000 15.59000000 229.01003 27.25631 28.61006 229.99000
 6 6 17 10 09 2557.40000 15.59000000 228.61508 27.23000 28.61006 229.33500
 6 6 17 10 10 2558.05000 15.59000000 229.58988 27.20501 28.61006 229.98999
 6 6 17 10 10 2558.05000 15.59000000 229.58986 27.30000 28.61006 229.99000
 6 6 17 10 11 2559.53700 15.59000000 229.59991 27.30000 28.61006 229.99000
 6 6 17 10 12 2556.00000 15.59000000 229.59989 27.30000 28.61006 229.99000
 6 6 17 10 12 2558.00000 15.59000000 229.59989 27.30000 28.61006 229.99000
 6 6 17 10 13 2552.84000 15.59000000 229.59989 27.30000 28.61006 229.99000
 6 6 17 10 13 2552.84000 15.59000000 229.59987 27.30000 28.61006 229.99000
 6 6 17 10 14 2554.00000 15.63299000 229.59997 27.30000 28.61006 229.99000
 6 6 17 10 14 2557.39000 15.60000000 229.59998 27.32000 28.61006 230.87900
 6 6 17 10 15 2554.00100 15.60000000 229.60000 27.32000 28.92950 230.87900
 6 6 17 10 15 2550.00000 15.60000000 229.59997 27.32000 28.92950 230.87000
 6 6 17 10 16 2552.00100 15.60000000 229.59990 27.30000 28.92950 231.25000
 6 6 17 10 17 2554.92300 15.60000000 229.19993 27.30000 28.92950 231.25000
 6 6 17 10 17 2554.99900 15.60000000 229.19987 27.29999 28.79985 231.25000
 6 6 17 10 17 2554.99900 15.60000000 229.59995 27.30000 28.79985 231.25001
 6 6 17 10 18 2550.62500 15.60000000 229.19987 27.30000 28.79985 231.25001
 6 6 17 10 18 2549.31800 15.60000000 229.19988 27.30000 28.79985 231.25001
 6 6 17 10 19 2553.25300 15.60000000 229.57999 27.30000 28.79985 231.25001
 6 6 17 10 19 2546.94300 15.60000000 229.20004 27.30000 28.79985 231.25001
 6 6 17 10 20 2548.77800 15.62120000 229.30001 27.30000 28.79985 231.25001
 6 6 17 10 20 2546.94300 15.60000000 229.59989 27.30000 28.79985 232.41331
 6 6 17 10 21 2546.94300 15.60000000 229.30008 27.30000 28.79985 232.41331
 6 6 17 10 21 2546.94200 15.60000000 229.48000 27.30000 28.79985 232.41331
 6 6 17 10 22 2544.97000 15.60000000 229.30013 27.30000 28.92884 232.41331
 6 6 17 10 22 2547.88300 15.54300000 229.47999 27.30000 28.92884 232.41331
 6 6 17 10 23 2543.50100 15.52469000 229.50000 27.22592 28.92884 232.41331
 6 6 17 10 23 2543.50000 15.52469000 229.59920 27.40356 28.92884 232.41331
 6 6 17 10 24 2546.00000 15.52469000 229.59998 27.40356 28.63887 229.82227
 6 6 17 10 24 2545.99000 15.60000000 229.80719 27.40357 28.63887 230.39656
 6 6 17 10 25 2545.96000 15.60000000 229.80719 27.40357 28.63887 230.39656
 6 6 17 10 25 2545.94000 15.60000000 229.64710 27.40357 28.63887 230.39656
 6 6 17 10 26 2543.50000 15.60000000 229.74999 27.40357 28.63887 230.39700
 6 6 17 10 26 2543.00000 15.60000000 229.60171 27.40357 28.63886 230.39700
 6 6 17 10 27 2545.96700 15.60000000 229.75000 27.40357 28.63886 230.39700
 6 6 17 10 27 2550.48100 15.60000000 229.60193 27.38000 28.63886 230.39700
 6 6 17 10 28 2547.56400 15.60000000 229.60193 27.22784 28.63886 230.39700
 6 6 17 10 28 2547.86500 15.60000000 229.74999 27.22784 28.63886 230.39700
 6 6 17 10 29 2547.86200 15.60000000 229.36708 27.22792 28.63886 230.39700
 6 6 17 10 30 2543.00000 15.60000000 229.20008 27.22792 28.63886 230.39700
 6 6 17 10 30 2543.00000 15.62987000 229.20018 27.22792 28.63886 230.39700
 6 6 17 10 30 2543.00000 15.60000000 229.20018 27.31000 28.63886 230.39700
 6 6 17 10 31 2543.00000 15.62974000 229.20018 27.31000 28.63886 230.39700
 6 6 17 10 32 2543.00000 15.60000000 229.74999 27.31000 28.61000 230.39700
 6 6 17 10 32 2543.19800 15.60000000 229.74997 27.31001 28.58258 230.39700
 6 6 17 10 33 2540.00200 15.60000000 229.80719 27.31001 28.51057 230.39700
 6 6 17 10 33 2540.00000 15.60000000 229.80719 27.30885 28.51057 230.39700
 6 6 17 10 34 2541.80100 15.60000000 229.80727 27.22907 28.51057 230.39700
 6 6 17 10 34 2542.00000 15.60000000 229.82854 27.22907 28.51057 229.82531
 6 6 17 10 35 2544.62000 15.60000000 229.80752 27.22907 28.51057 229.82531
 6 6 17 10 35 2544.61900 15.60000000 229.88888 27.22907 28.51057 229.82559
 6 6 17 10 36 2542.01000 15.60000000 229.98789 27.22907 28.49522 229.82559
 6 6 17 10 36 2538.42900 15.60001000 230.00000 27.16566 28.59999 229.82559
 6 6 17 10 37 2540.09700 15.60000000 230.00000 27.40339 28.59999 229.82621
 6 6 17 10 37 2540.00000 15.60000000 230.05950 27.16576 28.59999 229.82621
 6 6 17 10 38 2540.00000 15.60000000 230.06003 27.16576 28.59999 229.82621
 6 6 17 10 38 2541.00000 15.51110000 230.26980 27.16576 28.59999 229.82621
 6 6 17 10 39 2540.11500 15.51110000 230.26979 27.16576 28.59999 229.82621
 6 6 17 10 39 2541.00000 15.69992000 230.26979 27.16637 28.60000 229.82621
 6 6 17 10 40 2541.00000 15.69992000 230.00001 27.16637 28.60000 229.82621
 6 6 17 10 40 2541.64100 15.53489000 230.00001 27.16002 28.60000 230.50041
 6 6 17 10 41 2541.46000 15.64357000 230.00000 27.16002 28.60000 231.00000
 6 6 17 10 41 2541.97100 15.64357000 230.00001 27.16002 28.60000 231.00000
 6 6 17 10 42 2541.99800 15.64348000 230.00000 27.16002 28.60000 231.00000
 6 6 17 10 42 2542.00000 15.64348000 230.00001 27.16002 28.81235 230.50121
 6 6 17 10 43 2543.99900 15.64348000 230.00000 27.40293 28.81235 230.50121
 6 6 17 10 44 2544.62000 15.64348000 229.96015 27.35795 28.81235 230.50121
 6 6 17 10 44 2544.71500 15.64348000 229.50062 27.35795 28.81235 230.50121
 6 6 17 10 44 2547.26300 15.64348000 229.90521 27.35795 28.81235 230.50121
 6 6 17 10 45 2549.12500 15.69469000 229.50000 27.15628 28.81235 232.00000
 6 6 17 10 45 2547.99400 15.69469000 229.80753 27.11200 28.81235 230.50192
 6 6 17 10 46 2548.78800 15.62200000 230.00000 27.16000 28.49574 230.50192
 6 6 17 10 46 2549.12600 15.62200000 229.79999 27.16000 28.49574 230.50192
 6 6 17 10 47 2549.12400 15.68549000 229.80000 27.16000 28.49574 231.99993
 6 6 17 10 48 2549.12200 15.68549000 229.79999 27.16000 28.49591 231.99993
 6 6 17 10 48 2549.12600 15.68549000 229.79998 27.30996 28.49591 231.99993
 6 6 17 10 48 2548.00000 15.68000000 229.80000 27.30996 28.49591 231.99993
 6 6 17 10 49 2549.31700 15.58045000 229.80000 27.30996 28.49591 231.99993
 6 6 17 10 50 2549.31700 15.58045000 229.80000 27.31000 28.81499 231.99993
 6 6 17 10 50 2549.89100 15.58045000 229.80000 27.31000 28.81499 231.99993
 6 6 17 10 51 2549.89000 15.58045000 229.80000 27.31000 28.81499 232.00000
 6 6 17 10 51 2546.39000 15.58045000 230.26980 27.31000 28.60505 232.00000
 6 6 17 10 51 2549.86000 15.69989000 230.26979 27.31000 28.60505 232.00000
 6 6 17 10 52 2548.00000 15.69989000 230.00000 27.31000 28.60505 232.00000
 6 6 17 10 53 2548.00000 15.69989000 230.49500 27.30992 28.60505 231.50370
 6 6 17 10 53 2549.50000 15.69989000 230.49268 27.30992 28.60505 231.50370
 6 6 17 10 54 2548.00000 15.69989000 230.49500 27.30992 28.60505 231.50370
 6 6 17 10 54 2549.34900 15.69989000 230.49500 27.30992 28.60505 231.50370
 6 6 17 10 55 2549.34900 15.69467000 230.00002 27.20629 28.62200 231.50370
 6 6 17 10 55 2549.43800 15.69467000 230.49499 27.20629 28.54524 230.68475
 6 6 17 10 56 2548.14000 15.69460000 230.49000 27.26600 28.54524 230.68475
 6 6 17 10 56 2546.81000 15.69452000 230.00003 27.20543 28.72000 230.68475
 6 6 17 10 57 2546.52000 15.69288000 230.49000 27.20543 28.72000 232.00000
 6 6 17 10 57 2548.88900 15.69288000 230.48999 27.20543 28.72000 232.00000
 6 6 17 10 58 2548.00000 15.69288000 230.48999 27.20599 28.49538 232.00000
 6 6 17 10 58 2547.00000 15.69288000 230.48900 27.20600 28.49538 232.00000
 6 6 17 10 59 2547.99900 15.69288000 230.48999 27.26594 28.49538 232.00000
 6 6 17 10 59 2548.00000 15.69288000 230.48999 27.26594 28.49538 232.00000
 6 6 17 11 00 2547.80000 15.68380000 230.49000 27.26586 28.49538 232.00000
 6 6 17 11 00 2547.99800 15.68380000 230.48999 27.26586 28.81497 232.00000
 6 6 17 11 01 2547.72600 15.68380000 230.48999 27.20000 28.81497 232.00000
 6 6 17 11 01 2547.80000 15.61104000 230.49000 27.20000 28.81497 232.00000
 6 6 17 11 02 2547.99800 15.61104000 230.48950 27.20000 28.69500 232.00000
 6 6 17 11 02 2546.55100 15.61104000 230.49000 27.26561 28.69500 232.00000
 6 6 17 11 03 2548.00000 15.61104000 230.49000 27.26559 28.69500 232.00000
 6 6 17 11 03 2547.11000 15.70000000 230.49500 27.26559 28.69500 232.00000
 6 6 17 11 04 2548.00000 15.70000000 230.49000 27.26559 28.69500 232.00000
 6 6 17 11 04 2548.00000 15.70000000 230.49000 27.26586 28.49690 232.00000
 6 6 17 11 05 2549.24700 15.70000000 230.48999 27.26586 28.49690 232.00000
 6 6 17 11 05 2549.19100 15.69998000 230.48999 27.26586 28.49690 232.00000
 6 6 17 11 06 2548.00100 15.69998000 230.48999 27.26586 28.49690 230.68948
 6 6 17 11 06 2549.00000 15.69998000 230.48999 27.30994 28.49690 230.68948
 6 6 17 11 07 2549.19000 15.69998000 230.48999 27.30994 28.49690 230.68948
 6 6 17 11 08 2547.00000 15.69998000 230.48999 27.26594 28.49690 230.68948
 6 6 17 11 08 2550.19500 15.69998000 230.49450 27.26594 28.49732 230.68948
 6 6 17 11 09 2549.20000 15.60605000 230.49001 27.16243 28.79985 230.69066
 6 6 17 11 09 2549.87300 15.60605000 230.49450 27.16243 28.79985 230.69081
 6 6 17 11 09 2547.50000 15.60605000 230.49449 27.16243 28.49749 233.44942
 6 6 17 11 10 2553.53300 15.60605000 230.49450 27.30987 28.49749 234.00000
 6 6 17 11 10 2554.00000 15.60605000 230.49451 27.30984 28.49749 234.00000
 6 6 17 11 11 2550.00100 15.60605000 230.49452 27.30984 28.49749 234.00000
 6 6 17 11 11 2552.28000 15.60605000 230.49500 27.20776 28.49749 234.00000
 6 6 17 11 12 2555.00000 15.60605000 230.50000 27.20747 28.49749 234.53946
 6 6 17 11 12 2556.51000 15.60605000 230.50000 27.20747 28.49749 234.53987
 6 6 17 11 13 2555.99800 15.60605000 230.50000 27.20747 28.49749 234.53987
 6 6 17 11 13 2555.99000 15.68295000 230.50000 27.20747 28.49749 234.53987
 6 6 17 11 14 2556.80000 15.69000000 230.50000 27.30987 28.49749 232.17905
 6 6 17 11 15 2558.79900 15.72378000 230.58000 27.30987 28.79880 232.17905
 6 6 17 11 15 2559.89100 15.72378000 230.58000 27.20777 28.79880 232.17905
 6 6 17 11 15 2556.81000 15.72400000 230.58000 27.20777 28.79880 232.17961
 6 6 17 11 16 2559.04300 15.72400000 230.58000 27.30988 28.79880 233.99999
 6 6 17 11 16 2557.10900 15.72400000 230.57001 27.35481 28.79880 232.18011
 6 6 17 11 17 2557.89000 15.72400000 230.68000 27.35481 28.79880 234.53964
 6 6 17 11 17 2556.03800 15.72300000 230.74992 27.35481 28.79880 234.53974
 6 6 17 11 18 2557.89000 15.72000000 230.74992 27.35413 28.79880 234.53974
 6 6 17 11 18 2556.34100 15.72300000 231.00000 27.35413 28.79880 234.70989
 6 6 17 11 19 2556.80200 15.72000000 230.68235 27.35413 28.79880 234.70989
 6 6 17 11 20 2556.80300 15.72000000 230.73002 27.35413 28.79880 234.70978
 6 6 17 11 20 2556.80300 15.72300000 230.73002 27.27000 28.79880 234.70978
 6 6 17 11 21 2556.80000 15.66340000 230.72890 27.35342 28.79880 234.70978
 6 6 17 11 21 2556.28400 15.66340000 230.72889 27.30000 28.79880 234.70955
 6 6 17 11 22 2556.28300 15.77500000 230.72659 27.30000 28.79880 234.99999
 6 6 17 11 22 2556.28900 15.77500000 230.73002 27.30000 28.79880 234.99999
 6 6 17 11 23 2553.03300 15.77500000 230.72890 27.30001 28.79880 235.00000
 6 6 17 11 23 2556.28200 15.77500000 230.69999 27.30000 28.79880 235.00000
 6 6 17 11 24 2556.28200 15.77500000 230.70000 27.35004 28.59600 235.00000
 6 6 17 11 24 2556.28200 15.77500000 230.73001 27.35004 28.59600 235.00000
 6 6 17 11 25 2554.25800 15.77399000 230.68000 27.35004 28.59600 235.00000
 6 6 17 11 25 2556.28000 15.77400000 230.72889 27.35004 28.59600 235.00000
 6 6 17 11 26 2556.00000 15.67146000 230.73001 27.35004 28.59600 234.99998
 6 6 17 11 26 2556.27900 15.67146000 230.73002 27.35004 28.49522 234.99998
 6 6 17 11 27 2556.28000 15.67146000 230.67999 27.35004 28.49522 234.99998
 6 6 17 11 27 2556.28300 15.67146000 230.73001 27.36100 28.45153 235.39010
 6 6 17 11 28 2557.00000 15.67146000 230.72000 27.35004 28.49522 235.39010
 6 6 17 11 29 2557.00000 15.67146000 230.73000 27.35004 28.49523 235.99986
 6 6 17 11 29 2556.64200 15.67146000 230.73001 27.35004 28.49523 236.00000
 6 6 17 11 29 2559.57700 15.67146000 230.73001 27.35004 28.49523 236.00000
 6 6 17 11 30 2559.99500 15.69602000 230.70000 27.35004 28.49523 235.99988
 6 6 17 11 30 2558.90000 15.67268000 230.70000 27.35004 28.49523 235.99979
 6 6 17 11 31 2559.57600 15.77488000 230.70000 27.35004 28.49523 235.99979
 6 6 17 11 31 2559.49800 15.77488000 230.49449 27.35900 28.49523 233.55084
 6 6 17 11 32 2557.22200 15.77488000 230.49449 27.35900 28.49524 233.55097
 6 6 17 11 32 2558.01000 15.77488000 230.10230 27.27000 28.49524 233.55097
 6 6 17 11 33 2558.01000 15.67262000 230.10000 27.34999 28.49524 233.55097
 6 6 17 11 33 2554.97800 15.67262000 230.49998 27.34999 28.49524 233.55097
 6 6 17 11 34 2556.42000 15.67262000 230.10000 27.34999 28.49524 235.00000
 6 6 17 11 34 2556.42000 15.67100000 230.10000 27.27000 28.49524 235.00000
 6 6 17 11 35 2557.40200 15.76969000 230.10000 27.27000 28.50004 235.00000
 6 6 17 11 36 2554.51800 15.76969000 230.70000 27.27000 28.50004 235.00000
 6 6 17 11 36 2557.67400 15.66340000 230.10004 27.27000 28.50004 235.00000
 6 6 17 11 37 2554.00000 15.66000000 230.10004 27.27000 28.50004 235.00000
 6 6 17 11 37 2553.99900 15.60694000 230.10004 27.27000 28.50004 235.00000
 6 6 17 11 37 2553.99700 15.60694000 230.10000 27.17204 28.50004 235.00000
 6 6 17 11 38 2553.99500 15.60705000 230.09999 27.17205 28.50004 235.00000
 6 6 17 11 38 2553.59800 15.60709000 230.10000 27.19996 28.50004 235.00000
 6 6 17 11 39 2550.64200 15.60709000 230.10000 27.30899 28.50004 235.00000
 6 6 17 11 40 2553.59400 15.60709000 230.10000 27.35897 28.49525 235.00000
 6 6 17 11 40 2555.00000 15.70000000 230.10000 27.35897 28.49525 235.00000
 6 6 17 11 41 2554.00000 15.61408000 230.10000 27.20080 28.49526 235.00000
 6 6 17 11 41 2551.28900 15.75544000 230.10004 27.20107 28.49526 235.00000
 6 6 17 11 42 2558.50200 15.75544000 230.10051 27.10008 28.49526 235.00000
 6 6 17 11 42 2558.47400 15.75544000 230.31400 27.10012 28.49526 235.00000
 6 6 17 11 43 2559.11100 15.75544000 230.31403 27.10012 28.49526 235.00000
 6 6 17 11 43 2557.82700 15.75544000 230.00003 27.10012 28.49526 235.00000
 6 6 17 11 44 2552.03900 15.60616000 230.31403 27.10026 28.49526 235.00000
 6 6 17 11 44 2557.80200 15.60616000 230.31403 27.22272 28.49526 235.00000
 6 6 17 11 45 2557.77300 15.60616000 230.31403 27.21971 28.49526 235.00000
 6 6 17 11 45 2551.70500 15.60616000 230.00000 27.22000 28.49526 235.00000
 6 6 17 11 46 2553.00000 15.60616000 230.29999 27.22000 28.49526 235.00000
 6 6 17 11 46 2551.80700 15.60616000 230.00000 27.22000 28.49526 233.69413
 6 6 17 11 47 2551.80700 15.60616000 230.05000 27.22000 28.49526 233.69437
 6 6 17 11 47 2557.09300 15.74563000 230.29790 27.22000 28.49526 233.69437
 6 6 17 11 48 2552.69700 15.74563000 230.04957 27.22000 28.49526 233.69437
 6 6 17 11 48 2552.69700 15.74563000 230.04957 27.22000 28.49526 233.69437
 6 6 17 11 49 2552.80900 15.74563000 229.80300 27.21972 28.49526 233.69437
 6 6 17 11 49 2558.97000 15.74563000 230.15000 27.22000 28.49526 233.69437
 6 6 17 11 50 2558.46800 15.74563000 230.10000 27.20700 28.49526 233.69437
 6 6 17 11 50 2558.36700 15.74563000 230.15000 27.20700 28.49526 233.69437
 6 6 17 11 51 2553.34100 15.74563000 230.09999 27.20700 28.49526 233.69437
 6 6 17 11 51 2557.95500 15.74563000 229.84000 27.34000 28.49526 233.69437
 6 6 17 11 52 2554.23500 15.74563000 229.99005 27.34000 28.49526 233.69437
 6 6 17 11 52 2551.84900 15.74475000 229.99005 27.34000 28.49526 233.69437
 6 6 17 11 53 2557.81800 15.74475000 229.99005 27.34000 28.49526 233.69437
 6 6 17 11 53 2552.00000 15.74475000 229.85011 27.34000 28.49526 233.69437
 6 6 17 11 54 2555.34000 15.74000000 229.85010 27.34000 28.67789 233.69437
 6 6 17 11 54 2555.33500 15.74000000 229.61756 27.34000 28.49996 233.69437
 6 6 17 11 55 2554.00000 15.74000000 229.85010 27.33985 28.49526 233.69437
 6 6 17 11 55 2552.12500 15.74000000 229.80000 27.33984 28.49526 233.70000
 6 6 17 11 56 2551.00100 15.74000000 229.85011 27.33984 28.49525 233.70000
 6 6 17 11 56 2550.86800 15.74000000 229.85011 27.33984 28.49525 233.70042
 6 6 17 11 57 2554.33000 15.74000000 229.85011 27.33984 28.49525 233.70064
 6 6 17 11 58 2553.88000 15.74000000 229.85010 27.33984 28.49525 233.70064
 6 6 17 11 58 2553.82900 15.74000000 229.82000 27.33984 28.49525 233.70064
 6 6 17 11 59 2553.82000 15.74000000 229.50414 27.33984 28.49525 235.00000
 6 6 17 11 59 2553.53500 15.74000000 229.50414 27.33984 28.49525 235.00000
 6 6 17 12 00 2552.86000 15.74000000 229.85010 27.33984 28.49525 235.00000
 6 6 17 12 00 2551.27700 15.74000000 229.50404 27.34000 28.49525 235.00000
 6 6 17 12 01 2550.00000 15.74000000 229.40331 27.34001 28.49525 235.00000
 6 6 17 12 01 2550.37000 15.74000000 229.40101 27.34001 28.49525 235.00000
 6 6 17 12 02 2550.37000 15.74000000 229.50000 27.34001 28.49526 233.70000
 6 6 17 12 02 2551.88900 15.74000000 229.49999 27.24196 28.49526 233.70000
 6 6 17 12 03 2551.81400 15.61225000 229.50000 27.24196 28.49525 233.70000
 6 6 17 12 03 2552.00000 15.61225000 229.50404 27.24196 28.49525 233.70000
 6 6 17 12 04 2552.00000 15.61231000 229.50402 27.29986 28.49525 233.70000
 6 6 17 12 04 2551.00000 15.61231000 229.50403 27.20601 28.49525 234.99995
 6 6 17 12 05 2551.00000 15.61231000 229.90000 27.24130 28.33117 234.99995
 6 6 17 12 05 2550.98000 15.72402000 229.60000 27.24130 28.33117 234.99995
 6 6 17 12 06 2551.00000 15.72402000 230.59999 27.24224 28.33117 233.35000
 6 6 17 12 06 2551.99900 15.72402000 230.73002 27.31000 28.33130 233.35000
 6 6 17 12 07 2551.48100 15.72402000 230.50000 27.31000 28.33130 233.35056
 6 6 17 12 08 2551.48100 15.72402000 230.72770 27.40340 28.49518 233.35056
 6 6 17 12 08 2551.45500 15.71580000 230.73002 27.40340 28.33149 233.35056
 6 6 17 12 08 2552.00000 15.71580000 230.60000 27.38999 28.33149 233.35056
 6 6 17 12 09 2552.00000 15.71379000 230.59998 27.40900 28.33149 233.35103
 6 6 17 12 09 2552.00000 15.71379000 230.73001 27.40900 28.33037 233.35103
 6 6 17 12 10 2552.00000 15.71379000 230.73002 27.40900 28.33037 234.91762
 6 6 17 12 10 2552.00000 15.71379000 230.33007 27.50499 28.24378 234.91762
 6 6 17 12 11 2554.34000 15.70000000 230.73002 27.25131 28.24378 235.00000
 6 6 17 12 11 2555.00000 15.69999000 230.73000 27.46999 28.24378 234.91762
 6 6 17 12 12 2555.00000 15.69999000 230.73002 27.50000 28.24378 234.91762
 6 6 17 12 12 2557.81700 15.62710000 230.73002 27.50000 28.24378 234.91762
 6 6 17 12 13 2557.65100 15.62710000 230.73002 27.40082 28.24378 234.91762
 6 6 17 12 13 2557.81800 15.62710000 230.73002 27.40000 28.24378 234.91762
 6 6 17 12 14 2552.60800 15.69999000 230.73002 27.40010 28.24378 234.91762
 6 6 17 12 14 2559.00000 15.69999000 230.73002 27.40010 28.24378 234.91762
 6 6 17 12 15 2553.00000 15.69999000 230.73002 27.40010 28.24378 234.91762
 6 6 17 12 16 2553.00000 15.63402000 230.49999 27.47997 28.24378 234.91762
 6 6 17 12 16 2558.80700 15.63402000 230.43008 27.47997 28.24378 234.91762
 6 6 17 12 16 2555.99900 15.63402000 230.72999 27.47997 28.24378 234.91762
 6 6 17 12 17 2553.50000 15.63402000 230.50000 27.47997 28.48323 234.91762
 6 6 17 12 18 2559.50000 15.69940000 230.70000 27.46000 28.48323 234.91762
 6 6 17 12 18 2560.00000 15.69933000 230.73002 27.46000 28.24408 234.91762
 6 6 17 12 18 2563.68800 15.69933000 231.09560 27.46000 28.24408 234.91762
 6 6 17 12 19 2560.22300 15.69924000 231.00000 27.46000 28.24408 234.91762
 6 6 17 12 20 2565.50000 15.69924000 231.24858 27.46000 28.24408 234.91762
 6 6 17 12 20 2567.38000 15.69924000 231.26656 27.50000 28.24408 234.91762
 6 6 17 12 20 2568.80000 15.69924000 231.40000 27.52781 28.24408 234.91762
 6 6 17 12 21 2570.00000 15.69924000 231.65444 27.48032 28.59120 234.91762
 6 6 17 12 21 2571.74000 15.69924000 231.79691 27.48033 28.59119 234.91762
 6 6 17 12 22 2572.00000 15.70000000 231.95670 27.48033 28.59119 233.35000
 6 6 17 12 23 2575.00000 15.70000000 232.00000 27.60000 28.50000 233.35001
 6 6 17 12 23 2575.00000 15.75000000 232.18000 27.66000 28.50000 233.35001
 6 6 17 12 24 2575.30000 15.77449000 232.00000 27.66635 28.61100 233.35001
 6 6 17 12 24 2575.00000 15.77449000 232.18000 27.77900 28.65390 232.97651
 6 6 17 12 25 2569.82100 15.77497000 230.71102 27.79997 28.66087 232.97651
 6 6 17 12 26 2573.27700 15.77497000 230.77231 27.63204 28.66087 232.30400
 6 6 17 12 26 2575.00500 15.77443000 230.77232 27.63204 28.66087 232.30400
 6 6 17 12 26 2572.00000 15.77440000 230.75556 27.79993 28.60000 232.30400
 6 6 17 12 27 2575.00000 15.63436000 231.70000 27.79990 28.60000 232.30400
 6 6 17 12 27 2575.00000 15.63436000 231.99698 27.79989 28.60000 232.30400
 6 6 17 12 28 2577.99900 15.63436000 231.77448 27.79989 28.79957 232.30400
 6 6 17 12 28 2577.99900 15.75999000 232.09770 27.79000 28.79957 232.30400
 6 6 17 12 29 2577.99800 15.75999000 232.09771 27.79000 28.79957 232.30400
 6 6 17 12 29 2577.99900 15.75999000 232.09770 27.79000 28.79957 234.19502
 6 6 17 12 30 2580.00100 15.75999000 231.77451 27.79000 28.79957 234.19502
 6 6 17 12 30 2582.99100 15.74698000 232.00001 27.69060 28.79957 234.19502
 6 6 17 12 31 2583.27400 15.74698000 232.00001 27.69000 28.81500 234.19502
 6 6 17 12 32 2584.66000 15.74898000 232.09770 27.69000 28.81500 234.19502
 6 6 17 12 32 2588.96000 15.74898000 232.00005 27.68998 28.81500 234.19502
 6 6 17 12 32 2588.88800 15.74898000 232.35999 27.70000 28.81500 234.19502
 6 6 17 12 33 2590.00000 15.74900000 232.35999 27.70000 28.81500 234.19502
 6 6 17 12 33 2584.49600 15.74900000 232.48788 27.70007 28.81500 234.19502
 6 6 17 12 34 2585.00000 15.74900000 232.61600 27.70007 28.81500 234.19502
 6 6 17 12 34 2585.00100 15.74900000 232.98000 27.79000 28.81500 231.38816
 6 6 17 12 35 2588.29100 15.65677000 232.98000 27.79000 28.81500 231.38816
 6 6 17 12 35 2585.58100 15.65677000 232.61602 27.79000 28.81500 232.03209
 6 6 17 12 36 2589.99000 15.65677000 232.61560 27.80202 28.81500 232.03209
 6 6 17 12 36 2588.00000 15.65677000 232.60000 27.77535 28.81500 232.03209
 6 6 17 12 37 2591.00000 15.65677000 232.10000 27.79000 28.81500 232.03209
 6 6 17 12 37 2593.12000 15.65677000 232.31402 27.80202 28.81500 232.03209
 6 6 17 12 38 2591.12200 15.65690000 232.31403 27.80202 28.81500 232.03209
 6 6 17 12 38 2591.49000 15.77433000 232.40000 27.80202 28.81500 232.03209
 6 6 17 12 39 2591.50000 15.77433000 232.60000 27.80202 28.81500 233.05192
 6 6 17 12 39 2590.00000 15.77433000 232.97950 27.80202 28.81500 233.05192
 6 6 17 12 40 2592.50000 15.77330000 232.98000 27.80202 28.81500 233.05192
 6 6 17 12 41 2590.23500 15.77330000 232.60001 27.80202 28.81500 233.05192
 6 6 17 12 41 2592.00000 15.65714000 232.97999 27.80202 28.81500 234.71198
 6 6 17 12 42 2592.00000 15.65717000 232.98000 27.77536 28.81500 234.71198
 6 6 17 12 42 2589.02300 15.65717000 232.59604 27.77536 28.81500 234.71198
 6 6 17 12 43 2588.89000 15.65719000 232.97999 27.76999 28.81500 234.71198
 6 6 17 12 43 2589.97500 15.65719000 232.54602 27.76993 28.81500 234.71198
 6 6 17 12 44 2589.97500 15.65719000 232.54599 27.69125 28.81500 234.71198
 6 6 17 12 44 2589.97500 15.65719000 232.30017 27.69120 28.81500 234.71198
 6 6 17 12 45 2585.26800 15.65719000 232.30013 27.64000 28.81500 234.71198
 6 6 17 12 45 2591.02500 15.65719000 232.30001 27.64000 28.81504 234.71198
 6 6 17 12 46 2591.18900 15.65719000 232.30001 27.63999 28.81503 234.71198
 6 6 17 12 47 2591.07500 15.65719000 232.30000 27.64000 28.81492 234.71198
 6 6 17 12 47 2588.00000 15.75578000 232.30000 27.64000 28.81492 234.71198
 6 6 17 12 47 2586.77000 15.75578000 232.30000 27.63998 28.81495 234.71198
 6 6 17 12 48 2586.80000 15.65720000 232.30001 27.63998 28.81491 234.71198
 6 6 17 12 48 2586.12000 15.73599000 232.30002 27.63998 28.81491 234.71198
 6 6 17 12 49 2589.97400 15.73599000 232.22001 27.54090 28.81493 234.25143
 6 6 17 12 49 2586.37600 15.73599000 232.29901 27.54090 28.81493 234.25143
 6 6 17 12 50 2587.72400 15.73599000 232.30002 27.54090 28.81493 234.25143
 6 6 17 12 50 2588.59600 15.73599000 232.29901 27.54090 28.84988 234.59502
 6 6 17 12 51 2586.52700 15.73599000 232.30002 27.70500 28.84988 234.59502
 6 6 17 12 51 2589.00000 15.73599000 232.30002 27.70500 28.81498 234.59502
 6 6 17 12 52 2588.00000 15.73599000 232.30002 27.70500 28.81494 234.59502
 6 6 17 12 52 2588.00000 15.73599000 232.30002 27.70500 28.81494 234.59502
 6 6 17 12 53 2587.99900 15.76860000 232.97969 27.60000 28.81494 234.59502
 6 6 17 12 53 2586.00200 15.76809000 232.97968 27.60000 28.81494 234.59502
 6 6 17 12 54 2587.00000 15.76809000 232.31653 27.67900 28.81494 234.59502
 6 6 17 12 54 2587.00000 15.76809000 232.31983 27.67900 28.81494 234.59502
 6 6 17 12 55 2590.00000 15.63402000 232.60000 27.67900 28.81494 234.59502
 6 6 17 12 56 2590.00000 15.77500000 232.99500 27.70000 28.72020 230.29920
 6 6 17 12 56 2590.00000 15.77497000 232.99000 27.70000 28.72020 230.29920
 6 6 17 12 56 2592.00000 15.77400000 232.99000 27.70000 28.72020 230.29920
 6 6 17 12 57 2592.55000 15.77400000 232.99500 27.69997 28.72020 230.29920
 6 6 17 12 58 2588.00100 15.75000000 233.00001 27.69995 28.72020 230.29920
 6 6 17 12 58 2589.97000 15.75000000 233.00001 27.69995 28.72020 230.29920
 6 6 17 12 59 2589.99900 15.75000000 233.25000 27.69995 28.72020 230.29920
 6 6 17 12 59 2581.94800 15.76900000 233.00000 27.56587 28.72020 234.59162
 6 6 17 13 00 2588.99900 15.76900000 233.25000 27.56587 28.72020 234.59162
 6 6 17 13 00 2589.00100 15.76900000 233.34890 27.56587 28.72020 234.59162
 6 6 17 13 01 2590.00000 15.76900000 233.35000 27.56587 28.72020 234.59162
 6 6 17 13 01 2590.50000 15.76900000 233.35000 27.55031 28.72020 234.59254
 6 6 17 13 02 2590.00000 15.76900000 233.35550 27.55031 28.72020 234.59254
 6 6 17 13 02 2590.01000 15.75998000 233.77200 27.55031 28.72000 234.59220
 6 6 17 13 03 2590.49800 15.75996000 233.25000 27.55031 28.72000 234.59220
 6 6 17 13 03 2591.80000 15.75996000 233.35005 27.55031 28.72000 234.59214
 6 6 17 13 04 2590.50000 15.75996000 233.25000 27.55031 28.72000 231.93700
 6 6 17 13 05 2591.83000 15.75996000 233.25000 27.60005 28.72000 231.93700
 6 6 17 13 05 2590.50100 15.71000000 233.89998 27.50400 28.72000 231.93700
 6 6 17 13 06 2591.83000 15.71000000 233.92750 27.50400 28.99772 231.93700
 6 6 17 13 06 2593.00100 15.71000000 234.18979 27.50400 28.99772 231.93700
 6 6 17 13 06 2593.22000 15.71000000 234.25000 27.50400 28.99772 231.93700
 6 6 17 13 07 2595.00000 15.71000000 234.69985 27.59891 28.99772 231.93700
 6 6 17 13 07 2595.00000 15.71000000 234.18979 27.59948 28.99772 231.93700
 6 6 17 13 08 2594.00000 15.73001000 234.63224 27.60000 28.99772 231.93700
 6 6 17 13 08 2598.00000 15.71001000 234.59999 27.59947 28.99772 231.93700
 6 6 17 13 09 2599.54800 15.71001000 234.49997 27.59947 28.99772 231.93700
 6 6 17 13 09 2586.37900 15.71001000 234.18744 27.40029 28.99772 231.93700
 6 6 17 13 10 2598.99900 15.75998000 234.49897 27.59992 28.99772 231.93700
 6 6 17 13 10 2598.00000 15.75998000 234.47998 27.59992 28.99772 231.93700
 6 6 17 13 11 2597.73900 15.75994000 234.47980 27.60000 28.99772 231.93700
 6 6 17 13 11 2597.73900 15.75994000 234.10000 27.60000 28.99772 231.93700
 6 6 17 13 12 2596.00000 15.70000000 234.39999 27.49542 28.99772 231.93700
 6 6 17 13 12 2598.00000 15.70000000 234.39996 27.49542 28.99772 231.93700
 6 6 17 13 13 2598.00000 15.70000000 234.64988 27.40000 28.99772 231.93700
 6 6 17 13 13 2598.87500 15.70000000 234.59981 27.40000 28.99772 232.04377
 6 6 17 13 14 2597.99900 15.70000000 234.38997 27.40000 28.99772 232.04377
 6 6 17 13 15 2597.99900 15.70000000 234.38996 27.40000 28.99772 232.04377
 6 6 17 13 15 2596.00000 15.75089000 234.00000 27.39994 28.99772 232.04377
 6 6 17 13 15 2598.88100 15.74938000 234.09999 27.39991 28.90001 232.04377
 6 6 17 13 16 2596.41000 15.74933000 234.10000 27.30002 28.90001 232.04377
 6 6 17 13 16 2598.69100 15.70000000 234.10002 27.30002 28.72204 232.04377
 6 6 17 13 17 2598.98800 15.70000000 234.10001 27.30030 28.72204 232.04377
 6 6 17 13 17 2598.99000 15.70000000 234.48943 27.30003 28.72204 232.04377
 6 6 17 13 18 2598.99000 15.70000000 234.48933 27.30002 28.72204 232.04377
 6 6 17 13 19 2598.99000 15.70000000 234.00000 27.41796 28.72204 232.00000
 6 6 17 13 19 2599.00000 15.65000000 234.00001 27.41796 28.72204 232.00000
 6 6 17 13 20 2599.74300 15.65000000 234.29996 27.41788 28.72204 232.00000
 6 6 17 13 20 2599.00000 15.65000000 234.00000 27.41786 28.72204 232.00000
 6 6 17 13 21 2598.70000 15.65000000 234.23000 27.41777 28.72204 232.00000
 6 6 17 13 21 2599.99000 15.63400000 233.80000 27.41777 28.89964 232.00000
 6 6 17 13 22 2598.69100 15.63400000 233.56780 27.41777 28.89964 232.04567
 6 6 17 13 22 2599.99900 15.70500000 233.80000 27.41777 28.90000 232.04567
 6 6 17 13 23 2599.00000 15.70000000 234.22998 27.39991 28.90000 232.04567
 6 6 17 13 23 2599.90000 15.70000000 234.20999 27.30002 28.90000 232.04567
 6 6 17 13 24 2599.00000 15.70000000 234.00000 27.30002 28.90000 232.04567
 6 6 17 13 24 2599.88500 15.70000000 233.99997 27.30031 28.90000 232.04567
 6 6 17 13 25 2599.99900 15.68000000 233.90000 27.30031 28.90000 230.29971
 6 6 17 13 26 2599.99200 15.69849000 234.00000 27.32400 28.90000 230.29971
 6 6 17 13 26 2599.98800 15.69899000 233.90007 27.32400 28.90000 230.29971
 6 6 17 13 26 2598.82100 15.68000000 234.20998 27.32400 28.90000 233.30586
 6 6 17 13 27 2596.25900 15.68000000 234.49769 27.27700 28.90000 233.30586
 6 6 17 13 27 2594.99900 15.69650000 234.40000 27.27700 28.90000 231.68700
 6 6 17 13 28 2594.99800 15.64055000 234.00002 27.31999 28.90000 231.68700
 6 6 17 13 28 2584.15000 15.64055000 234.10000 27.31999 29.00000 230.87702
 6 6 17 13 29 2585.00000 15.64055000 234.39999 27.31999 29.00000 230.87702
 6 6 17 13 29 2585.00000 15.66999000 234.39999 27.41800 29.00000 230.87702
 6 6 17 13 30 2585.59900 15.66999000 234.00000 27.36966 29.00000 230.87702
 6 6 17 13 30 2588.88000 15.66999000 234.39000 27.36966 28.72000 233.99925
 6 6 17 13 31 2586.20100 15.66100000 234.38998 27.36966 28.60072 233.99925
 6 6 17 13 31 2589.41200 15.66100000 234.39000 27.37100 28.60072 233.99925
 6 6 17 13 32 2589.04000 15.64102000 234.40000 27.50000 28.60072 231.45548
 6 6 17 13 33 2590.50000 15.64106000 234.40000 27.19245 28.60072 231.45548
 6 6 17 13 33 2590.50000 15.75993000 234.52000 27.19285 28.60072 231.45548
 6 6 17 13 33 2593.81800 15.75993000 234.49982 27.19296 28.93815 231.45548
 6 6 17 13 34 2593.81700 15.75993000 234.49980 27.56598 28.93810 231.45548
 6 6 17 13 35 2592.00100 15.64501000 234.63997 27.43992 28.93810 232.03384
 6 6 17 13 35 2588.50100 15.64501000 234.63996 27.43992 28.93810 232.03384
 6 6 17 13 35 2589.45600 15.64600000 234.40000 27.43992 28.93799 232.03383
 6 6 17 13 36 2589.03500 15.64600000 234.49983 27.40000 28.93799 232.03383
 6 6 17 13 37 2589.99800 15.64600000 234.62983 27.40000 28.93799 232.03383
 6 6 17 13 37 2589.73000 15.70000000 234.49984 27.40000 28.93799 232.03383
 6 6 17 13 38 2589.52000 15.70000000 234.49984 27.40000 28.93799 232.03383
 6 6 17 13 38 2590.00000 15.70000000 234.41840 27.40000 28.74801 231.29737
 6 6 17 13 39 2590.00000 15.70000000 234.30000 27.40000 28.74800 231.29737
 6 6 17 13 40 2589.72100 15.70000000 234.30001 27.33000 28.60003 231.29737
 6 6 17 13 40 2594.55500 15.63400000 234.42100 27.33000 28.60003 231.87524
 6 6 17 13 40 2594.55400 15.63400000 234.62966 27.33000 28.93771 231.87524
 6 6 17 13 41 2594.55400 15.63400000 234.62965 27.33000 28.93771 231.87524
 6 6 17 13 41 2596.01000 15.63400000 234.34000 27.33000 28.93771 231.87524
 6 6 17 13 42 2595.57000 15.63400000 234.62960 27.33010 28.93771 230.59816
 6 6 17 13 42 2591.37000 15.63400000 234.64000 27.33010 28.93771 230.59816
 6 6 17 13 43 2591.37000 15.63400000 234.79370 27.33010 28.93771 231.00000
 6 6 17 13 43 2596.00900 15.74420000 234.79370 27.43680 28.93771 231.00000
 6 6 17 13 44 2596.01000 15.63400000 234.86599 27.49998 28.93771 231.00000
 6 6 17 13 44 2596.01000 15.63400000 234.86599 27.49997 28.93771 231.00000
 6 6 17 13 45 2596.47900 15.63400000 234.86599 27.49997 28.93771 231.00000
 6 6 17 13 45 2595.00000 15.63400000 234.86599 27.49997 28.93771 231.00081
 6 6 17 13 46 2594.21300 15.63400000 234.86599 27.50000 28.93771 231.00081
 6 6 17 13 47 2594.49100 15.72508000 234.50065 27.26021 28.93771 231.00081
 6 6 17 13 47 2595.99000 15.63400000 234.86599 27.38982 28.93771 231.00081
 6 6 17 13 47 2596.00000 15.63400000 234.10003 27.50000 28.93771 231.00081
 6 6 17 13 48 2598.69400 15.63400000 234.86599 27.39010 28.93771 231.00081
 6 6 17 13 48 2598.66700 15.63400000 234.68734 27.57000 28.82888 231.00081
 6 6 17 13 49 2600.00000 15.63400000 234.11101 27.57000 28.82888 231.00081
 6 6 17 13 49 2600.00000 15.63400000 234.87000 27.57000 28.82888 231.00081
 6 6 17 13 50 2600.00000 15.63400000 234.70001 27.40209 28.82888 231.00081
 6 6 17 13 51 2600.98800 15.63400000 234.86998 27.56994 28.82888 231.00081
 6 6 17 13 51 2600.26000 15.63400000 234.70001 27.49702 28.89977 231.00081
 6 6 17 13 52 2600.00000 15.63400000 234.81900 27.49702 28.89977 233.14451
 6 6 17 13 52 2597.29900 15.63400000 234.87000 27.60996 28.89977 233.14451
 6 6 17 13 53 2596.83000 15.65999000 234.86999 27.60996 28.89977 233.14451
 6 6 17 13 53 2599.99900 15.65999000 234.82199 27.60996 28.89977 233.14451
 6 6 17 13 53 2600.00000 15.65999000 234.89878 27.40201 28.82883 233.14451
 6 6 17 13 54 2599.00000 15.65999000 234.96983 27.41004 28.82883 233.14451
 6 6 17 13 55 2596.52400 15.66000000 234.97997 27.41005 28.82881 233.14451
 6 6 17 13 55 2598.18400 15.66000000 234.97999 27.41005 28.61140 233.14451
 6 6 17 13 56 2596.00000 15.66000000 234.50004 27.56791 28.61140 233.14451
 6 6 17 13 56 2598.93900 15.66000000 234.50007 27.56791 28.61140 233.14451
 6 6 17 13 57 2596.24700 15.66000000 234.97994 27.56784 28.61140 233.14451
 6 6 17 13 57 2599.99000 15.66000000 234.97995 27.51875 28.61140 233.14451
 6 6 17 13 58 2599.60000 15.66000000 234.97999 27.49000 28.61140 233.14451
 6 6 17 13 58 2599.99900 15.66000000 234.98000 27.49000 28.61140 233.14451
 6 6 17 13 59 2599.60000 15.66000000 234.98000 27.48996 28.61140 233.14451
 6 6 17 13 59 2599.57900 15.66000000 234.98000 27.48996 28.61140 233.14451
 6 6 17 14 00 2596.60000 15.66000000 234.98000 27.35002 28.61140 233.14451
 6 6 17 14 01 2594.41000 15.73090000 234.98000 27.47198 28.61140 233.14451
 6 6 17 14 01 2596.10000 15.73090000 234.98000 27.35000 28.61140 233.14451
 6 6 17 14 01 2596.10000 15.73090000 234.52053 27.42295 28.61140 233.14451
 6 6 17 14 02 2594.99900 15.66000000 234.51003 27.35000 28.61140 233.14451
 6 6 17 14 02 2590.00000 15.66000000 234.51004 27.42283 28.61140 233.14451
 6 6 17 14 03 2590.00000 15.66000000 234.51000 27.42283 28.61140 233.14451
 6 6 17 14 03 2594.89800 15.66000000 234.98000 27.42276 28.61140 233.14451
 6 6 17 14 04 2589.51100 15.66000000 234.98099 27.35001 28.61140 233.14451
 6 6 17 14 04 2592.99900 15.66000000 234.98100 27.35000 28.61140 233.14451
 6 6 17 14 05 2589.51000 15.66000000 234.98100 27.42253 28.61140 232.00000
 6 6 17 14 06 2589.51000 15.66000000 234.85000 27.35000 28.61140 232.00000
 6 6 17 14 06 2589.51000 15.66000000 234.85000 27.27384 28.61140 232.00000
 6 6 17 14 07 2587.61000 15.66000000 234.80011 27.27384 28.61140 232.00000
 6 6 17 14 07 2582.12500 15.65999000 234.60002 27.30000 28.61140 232.00000
 6 6 17 14 07 2588.99800 15.66000000 234.70004 27.30000 28.61140 230.47874
 6 6 17 14 08 2583.00100 15.66000000 234.71000 27.30029 28.61140 230.47874
 6 6 17 14 09 2587.18900 15.66000000 234.71005 27.30029 28.61140 230.47874
 6 6 17 14 09 2580.30000 15.63400000 234.98099 27.30061 28.61140 233.14167
 6 6 17 14 10 2580.30100 15.63400000 234.98100 27.42143 28.61140 233.14167
 6 6 17 14 10 2581.00000 15.63400000 234.98005 27.42143 28.61140 233.14167
 6 6 17 14 11 2580.40000 15.63400000 234.98100 27.42143 28.61140 233.14167
 6 6 17 14 12 2580.22000 15.63400000 234.98100 27.42143 28.61140 231.86415
 6 6 17 14 12 2580.00000 15.63400000 234.98100 27.41969 28.61140 231.86415
 6 6 17 14 12 2571.85800 15.63400000 234.98000 27.41966 28.61140 231.86415
 6 6 17 14 13 2567.38100 15.63401000 234.98000 27.33000 28.61140 231.86415
 6 6 17 14 13 2567.38200 15.63400000 234.60006 27.33000 28.61140 231.86415
 6 6 17 14 14 2567.38100 15.63400000 234.98000 27.41998 28.61140 231.86415
 6 6 17 14 14 2560.27200 15.63950000 234.98100 27.41998 28.61140 231.86415
 6 6 17 14 15 2560.27200 15.56694000 234.97999 27.40000 28.61140 231.86415
 6 6 17 14 15 2561.00000 15.63348000 234.98003 27.40000 28.28769 231.90501
 6 6 17 14 16 2561.05000 15.60000000 234.98100 27.40000 28.28769 231.90501
 6 6 17 14 16 2564.44000 15.60000000 234.98100 27.30290 28.28769 231.90501
 6 6 17 14 17 2564.44100 15.65997000 235.00000 27.31001 28.28769 231.90501
 6 6 17 14 18 2561.95400 15.65997000 235.25000 27.31006 28.28769 231.90501
 6 6 17 14 18 2560.27200 15.65997000 235.87000 27.31006 28.28769 231.90501
 6 6 17 14 19 2562.45800 15.55670000 235.99305 27.29269 28.28769 231.90501
 6 6 17 14 19 2563.00000 15.55670000 235.99305 27.29269 28.28769 231.05749
 6 6 17 14 20 2564.43000 15.65999000 235.99320 27.30000 28.30005 231.05749
 6 6 17 14 20 2564.00000 15.66000000 235.78000 27.30000 28.79299 231.05749
 6 6 17 14 21 2564.40000 15.66000000 235.73598 27.30000 28.79299 231.05749
 6 6 17 14 21 2563.00000 15.66000000 235.78000 27.30000 28.79299 231.05749
 6 6 17 14 22 2564.40000 15.66000000 235.80000 27.30064 28.42202 231.05749
 6 6 17 14 22 2565.99700 15.66000000 236.00000 27.30064 28.90456 231.05749
 6 6 17 14 23 2561.27200 15.66000000 236.22800 27.30096 28.42201 231.05862
 6 6 17 14 23 2560.27300 15.66000000 236.50000 27.30096 28.42201 231.05862
 6 6 17 14 24 2554.64100 15.66000000 236.80001 27.42000 28.42201 231.05862
 6 6 17 14 25 2551.90000 15.66000000 236.99993 27.30073 28.52000 233.14134
 6 6 17 14 25 2550.00000 15.66001000 236.23001 27.30074 28.52000 231.05890
 6 6 17 14 25 2550.00000 15.66001000 237.49991 27.30001 28.90436 231.05899
 6 6 17 14 26 2550.00000 15.66001000 237.81122 27.30001 28.90436 231.05899
 6 6 17 14 26 2550.00000 15.66001000 237.49987 27.30001 28.90436 231.05899
 6 6 17 14 27 2550.00000 15.66001000 237.79999 27.30000 28.90436 231.05933
 6 6 17 14 28 2548.70200 15.66001000 237.49984 27.30000 28.90436 231.05933
 6 6 17 14 28 2545.00000 15.74989000 237.49985 27.29999 28.90436 231.05933
