21 10 17 06 23 5152.80000 9.27700000 253.14000 49.38000 14.64700 188.00000
21 10 17 06 24 5152.00000 9.27700000 253.14000 49.38000 14.64700 188.00000
21 10 17 06 24 5151.90000 9.27700000 253.14000 49.38000 14.64700 188.00000
21 10 17 06 25 5150.00000 9.27700000 253.13000 49.38000 14.64700 188.00000
21 10 17 06 25 5150.00000 9.27700000 253.13000 49.38000 14.64700 188.00000
21 10 17 06 26 5150.00000 9.27700000 253.13000 49.38000 14.64700 188.00000
21 10 17 06 26 5150.00000 9.27700000 253.13000 49.38000 14.64700 188.00000
21 10 17 06 26 5150.00000 9.27700000 252.86000 49.38000 14.64700 188.00000
21 10 17 06 27 5145.00000 9.25000000 253.07000 49.57000 14.64700 188.00000
21 10 17 06 27 5151.90000 9.25000000 253.07000 49.57000 14.64700 188.00000
21 10 17 06 28 5145.00000 9.25000000 252.20000 49.57000 14.64700 188.00000
21 10 17 06 28 5145.00000 9.25000000 252.20000 49.57000 14.55700 188.00000
21 10 17 06 29 5144.50000 9.25000000 252.20000 49.57000 14.55200 188.00000
21 10 17 06 29 5145.00000 9.25000000 253.01000 49.57000 14.54100 188.00000
21 10 17 06 29 5150.60000 9.25000000 252.85000 49.45000 14.54100 188.00000
21 10 17 06 30 5150.60000 9.25000000 253.05000 49.45000 14.54100 188.00000
21 10 17 06 30 5141.60000 9.25000000 253.05000 49.45000 14.54100 188.00000
21 10 17 06 31 5150.00000 9.25000000 253.05000 49.45000 14.54100 188.89700
21 10 17 06 31 5150.80000 9.25000000 252.30000 49.45000 14.54100 188.89700
21 10 17 06 32 67666584401241.70253 9.25000000 252.30000 49.64000 14.54100 188.89700
21 10 17 06 32 17946844515071.43093 9.25000000 252.81000 49.64000 14.54100 188.89700
21 10 17 06 33 5148.70000 9.25000000 252.81000 49.64000 14.54100 188.89700
21 10 17 06 33 5148.50000 9.25000000 252.81000 49.64000 14.54100 188.89700
21 10 17 06 33 5144.60000 9.25000000 252.81000 49.64000 14.54100 188.85700
21 10 17 06 34 5144.70000 9.25000000 252.81000 49.64000 14.54100 188.87700
21 10 17 06 34 5134.50000 9.25000000 252.81000 49.64000 14.54100 188.87700
21 10 17 06 35 5135.00000 9.25000000 252.81000 49.64000 14.52100 188.87700
21 10 17 06 35 5126.00000 9.25000000 252.90000 49.64000 14.52100 188.87700
21 10 17 06 36 5144.20000 9.25000000 253.14000 49.64000 14.52100 188.87700
21 10 17 06 36 5144.10000 9.25000000 253.03000 49.64000 14.54000 188.87700
21 10 17 06 36 5134.50000 9.27800000 253.03000 49.64000 14.52100 188.87700
21 10 17 06 37 5140.00000 9.27800000 253.07000 49.75000 14.52100 188.87700
21 10 17 06 37 5140.00000 9.27800000 253.00000 49.84000 14.50100 188.87700
21 10 17 06 38 17946844515071.43093 9.27800000 253.00000 49.79000 14.52100 188.87700
21 10 17 06 38 5140.30000 9.27800000 253.00000 49.79000 14.50100 188.87700
21 10 17 06 39 5140.80000 9.27800000 252.80000 49.79000 14.50000 188.87700
21 10 17 06 39 5140.00000 9.29000000 252.80000 49.86000 14.50000 188.87700
21 10 17 06 39 5144.20000 9.29000000 252.80000 49.79000 14.50000 188.87700
21 10 17 06 40 5144.10000 9.29000000 252.78000 49.79000 14.50000 188.87700
21 10 17 06 40 5140.90000 9.29000000 252.78000 49.79000 14.50000 188.87700
21 10 17 06 41 5144.20000 9.29000000 252.78000 49.45000 14.50000 188.87400
21 10 17 06 41 5143.70000 9.29000000 252.78000 49.86000 14.50000 188.87400
21 10 17 06 42 5144.00000 9.29000000 252.78000 49.86000 14.50000 188.87400
21 10 17 06 42 5141.20000 9.29000000 252.78000 49.86000 14.50000 188.87400
21 10 17 06 42 5141.70000 9.29000000 252.78000 49.86000 14.50000 188.87400
21 10 17 06 43 5152.00000 9.29000000 253.00000 49.86000 14.50000 188.87400
21 10 17 06 43 5156.90000 9.29000000 253.00000 49.86000 14.50000 188.87400
21 10 17 06 44 67666584401241.70253 9.29000000 253.00000 49.86000 14.50000 188.87400
21 10 17 06 44 5143.80000 9.29000000 253.00000 49.55000 14.50000 188.85300
21 10 17 06 45 67666584401241.70253 9.29000000 253.00000 49.50000 14.48300 188.85300
21 10 17 06 45 5142.90000 9.29000000 253.00000 49.50000 14.48300 188.85300
21 10 17 06 46 5151.00000 9.29000000 252.74000 49.51000 14.48300 188.85300
21 10 17 06 46 5151.00000 9.29000000 252.80000 49.78000 14.48300 188.85300
21 10 17 06 46 5149.00000 9.29000000 252.80000 49.46000 14.48300 188.85300
21 10 17 06 47 5150.20000 9.29000000 252.80000 49.46000 14.47100 188.85300
21 10 17 06 47 17946844515071.43093 9.29000000 253.00000 49.46000 14.47100 188.85300
21 10 17 06 48 5149.90000 9.29000000 253.31000 49.46000 14.47100 188.05000
21 10 17 06 48 5150.80000 9.29800000 253.31000 49.46000 14.47100 188.00000
21 10 17 06 49 5142.00000 9.29800000 253.31000 49.46000 14.47100 188.00000
21 10 17 06 49 5150.60000 9.29800000 253.31000 49.46000 14.46500 188.00000
21 10 17 06 49 5151.00000 9.29800000 253.31000 49.46000 14.46500 188.00000
21 10 17 06 50 5151.00000 9.29800000 253.44000 49.50000 14.44400 188.00000
21 10 17 06 50 5151.00000 9.29800000 253.91000 49.50000 14.44400 188.00000
21 10 17 06 51 5144.40000 9.29800000 253.91000 49.50000 14.44400 188.00000
21 10 17 06 51 5150.00000 9.29800000 253.91000 49.84000 14.44400 188.00000
21 10 17 06 52 67666584401241.70253 9.29800000 253.91000 49.84000 14.44400 188.00000
21 10 17 06 52 17946844515071.43093 9.29800000 253.89000 49.46000 14.44400 188.00000
21 10 17 06 53 5147.40000 9.29800000 254.00000 49.46000 14.46500 188.00000
21 10 17 06 53 5150.30000 9.29800000 254.00000 49.46000 14.44100 188.00000
21 10 17 06 53 5151.00000 9.29800000 254.29000 49.45000 14.44100 188.00000
21 10 17 06 54 5151.00000 9.29800000 254.29000 49.45000 14.44100 188.00000
21 10 17 06 54 5150.40000 9.29800000 254.29000 49.45000 14.44100 188.00000
21 10 17 06 55 5136.10000 9.29800000 254.29000 49.45000 14.44100 188.00000
21 10 17 06 55 5116.00000 9.29800000 254.70000 49.45000 14.44100 188.00000
21 10 17 06 56 5151.00000 9.29800000 254.70000 49.45000 14.44000 188.00000
21 10 17 06 56 5152.20000 9.29800000 254.67000 49.45000 14.44000 188.00000
21 10 17 06 56 5154.90000 9.29800000 254.66000 49.45000 14.44000 188.00000
21 10 17 06 57 5154.90000 9.29800000 254.66000 49.45000 14.44000 188.00000
21 10 17 06 57 5155.00000 9.29800000 254.66000 49.45000 14.44000 188.00000
21 10 17 06 58 5150.50000 9.29800000 254.66000 49.45000 14.44000 188.00000
21 10 17 06 58 5139.90000 9.29800000 254.68000 49.45000 14.44000 188.00000
21 10 17 06 59 5154.00000 9.29800000 254.66000 49.45000 14.62000 188.00000
21 10 17 06 59 5150.60000 9.29800000 254.66000 49.45000 14.62000 188.00000
21 10 17 06 59 5153.90000 9.26000000 254.18000 49.45000 14.43900 188.00000
21 10 17 07 00 5154.70000 9.26000000 254.66000 49.45000 14.43000 188.00000
21 10 17 07 00 5153.90000 9.41400000 254.66000 49.45000 14.43000 188.00000
21 10 17 07 01 17946844515071.43093 9.41400000 254.66000 49.44000 14.43000 188.85300
21 10 17 07 01 5149.00000 9.41400000 254.65000 49.45000 14.43000 188.00000
21 10 17 07 02 17946844515071.43093 9.41400000 254.65000 49.45000 14.43000 188.00000
21 10 17 07 02 5149.00000 9.41400000 254.66000 49.45000 14.43300 188.00000
21 10 17 07 03 5149.00000 9.41400000 253.71000 49.45000 14.43300 188.00000
21 10 17 07 03 5149.00000 9.41400000 254.61000 49.45000 14.43300 188.00000
21 10 17 07 03 5149.00000 9.41400000 254.63000 49.45000 14.43300 188.00000
21 10 17 07 04 5149.00000 9.41400000 254.63000 49.45000 14.43300 188.00000
21 10 17 07 04 5147.00000 9.41400000 254.63000 49.45000 14.43300 188.00000
21 10 17 07 05 5130.20000 9.41400000 254.07000 49.45000 14.43300 188.00000
21 10 17 07 05 5147.00000 9.41400000 254.07000 49.45000 14.43300 188.00000
21 10 17 07 06 5147.00000 9.41400000 254.35000 49.40000 14.43300 188.00000
21 10 17 07 06 5133.80000 9.41400000 254.35000 49.40000 14.43300 188.00000
21 10 17 07 06 67666584401241.70253 9.41400000 254.35000 49.40000 14.43300 188.00000
21 10 17 07 07 5139.90000 9.41400000 254.35000 49.40000 14.43300 188.00000
21 10 17 07 07 5139.90000 9.41400000 254.35000 49.40000 14.43300 188.00000
21 10 17 07 08 5139.90000 9.41400000 254.35000 49.40000 14.43300 188.00000
21 10 17 07 08 5139.90000 9.41400000 254.35000 49.40000 14.43300 188.00000
21 10 17 07 09 5140.00000 9.41400000 254.35000 49.40000 14.43300 188.00000
21 10 17 07 09 5139.90000 9.41400000 254.35000 49.45000 14.43300 188.00000
21 10 17 07 09 5139.90000 9.41400000 254.35000 49.45000 14.43300 188.00000
21 10 17 07 10 5140.00000 9.41400000 253.72000 49.45000 14.43300 188.00000
21 10 17 07 10 5140.10000 9.41400000 253.97000 49.45000 14.43300 188.00000
21 10 17 07 11 5140.10000 9.41400000 253.96000 49.45000 14.43000 188.00000
21 10 17 07 11 5148.60000 9.41400000 253.96000 49.45000 14.43000 188.00000
21 10 17 07 12 5148.50000 9.41400000 253.94000 49.45000 14.43000 188.00000
21 10 17 07 12 5148.30000 9.41400000 254.14000 49.45000 14.43000 188.00000
21 10 17 07 12 5148.30000 9.41400000 254.14000 49.45000 14.43000 188.10000
21 10 17 07 13 5148.30000 9.36600000 254.14000 49.45000 14.43000 187.67700
21 10 17 07 13 5148.60000 9.36600000 254.03000 49.45000 14.43000 187.67700
21 10 17 07 14 5148.60000 9.36600000 254.01000 49.45000 14.43000 187.67700
21 10 17 07 14 5148.60000 9.36600000 254.07000 49.44000 14.43000 187.67700
21 10 17 07 15 5148.60000 9.36600000 254.07000 49.44000 14.43000 187.67700
21 10 17 07 15 67666584401241.70253 9.36600000 254.13000 49.44000 14.43000 187.67700
21 10 17 07 16 5148.60000 9.36600000 254.13000 49.44000 14.43300 187.67700
21 10 17 07 16 5149.00000 9.36600000 254.10000 49.45000 14.43300 187.67700
21 10 17 07 17 5150.00000 9.36600000 254.11000 49.45000 14.43300 188.00000
21 10 17 07 17 5150.00000 9.36600000 254.07000 49.45000 14.43300 188.00000
21 10 17 07 17 5155.00000 9.36100000 254.07000 49.44000 14.43300 187.67700
21 10 17 07 18 5155.00000 9.36100000 254.00000 49.45000 14.43300 187.67700
21 10 17 07 18 5158.10000 9.36100000 253.94000 49.45000 14.43300 187.67700
21 10 17 07 19 5161.20000 9.36100000 253.71000 49.45000 14.43300 187.67700
21 10 17 07 19 5170.00000 9.36100000 253.71000 49.45000 14.43300 187.67700
21 10 17 07 20 5158.00000 9.36100000 253.56000 49.45000 14.43300 187.67700
21 10 17 07 20 5169.90000 9.36100000 253.98000 49.45000 14.43300 187.67700
21 10 17 07 20 17946844515071.43093 9.36100000 253.96000 49.46000 14.43300 187.67700
21 10 17 07 21 5169.80000 9.36100000 253.96000 49.46000 14.43300 187.67700
21 10 17 07 21 17946844515071.43093 9.36100000 253.94000 49.46000 14.43000 187.67700
21 10 17 07 22 5170.00000 9.36100000 253.23000 49.46000 14.43000 187.67700
21 10 17 07 22 67666584401241.70253 9.36100000 253.23000 49.46000 14.43000 187.67700
21 10 17 07 23 5160.10000 9.36100000 253.23000 49.46000 14.43000 187.67700
21 10 17 07 23 5168.70000 9.36100000 253.23000 49.46000 14.41600 187.67700
21 10 17 07 23 17946844515071.43093 9.36100000 253.27000 49.46000 14.41600 187.67700
21 10 17 07 24 67666584401241.70253 9.36100000 253.90000 49.46000 14.41600 187.62900
21 10 17 07 24 5168.60000 9.36100000 253.55000 49.46000 14.41600 187.50000
21 10 17 07 25 5169.00000 9.36100000 253.55000 49.46000 14.41600 187.50000
21 10 17 07 25 5168.80000 9.36100000 253.55000 49.78000 14.41600 187.50000
21 10 17 07 26 5168.90000 9.36100000 253.55000 49.78000 14.41500 187.18000
21 10 17 07 26 17946844515071.43093 9.36100000 253.65000 49.78000 14.41500 187.18000
21 10 17 07 27 5168.90000 9.36100000 253.63000 49.78000 14.41500 187.18000
21 10 17 07 27 5169.00000 9.36100000 253.63000 49.78000 14.41500 187.18000
21 10 17 07 27 5169.00000 9.36100000 253.64000 49.78000 14.41500 187.18000
21 10 17 07 28 5169.00000 9.36100000 253.55000 49.78000 14.41500 186.00000
21 10 17 07 28 5169.40000 9.36100000 253.56000 49.78000 14.41500 186.00000
21 10 17 07 29 5174.90000 9.26400000 253.56000 49.71000 14.40000 186.00000
21 10 17 07 29 5175.10000 9.26400000 253.60000 49.72000 14.40000 186.00000
21 10 17 07 30 5174.90000 9.26400000 253.60000 49.70000 14.40000 186.00000
21 10 17 07 30 17946844515071.43093 9.26400000 253.65000 49.70000 14.40000 186.00000
21 10 17 07 30 5175.00000 9.26400000 253.65000 49.70000 14.40000 186.00000
21 10 17 07 31 5175.70000 9.26400000 253.65000 49.70000 14.40000 186.00000
21 10 17 07 31 5175.40000 9.26400000 253.65000 49.70000 14.38000 186.79600
21 10 17 07 32 5174.90000 9.26400000 253.62000 49.45000 14.38000 186.79600
21 10 17 07 32 5175.00000 9.26400000 253.62000 49.45000 14.38000 186.79600
21 10 17 07 33 5174.90000 9.26400000 253.63000 49.45000 14.38000 186.79600
21 10 17 07 33 5175.00000 9.26400000 253.65000 49.45000 14.38000 186.79600
21 10 17 07 34 5168.00000 9.26400000 253.65000 49.45000 14.38000 186.79600
21 10 17 07 34 5168.00000 9.26400000 253.65000 49.45000 14.38000 186.79600
21 10 17 07 34 5168.00000 9.26400000 253.65000 49.45000 14.38000 186.79600
21 10 17 07 35 5168.00000 9.26400000 253.65000 49.69000 14.47200 186.03000
21 10 17 07 35 5168.00000 9.26400000 253.65000 49.69000 14.47200 186.03000
21 10 17 07 36 5168.00000 9.26400000 253.64000 49.69000 14.47200 186.03000
21 10 17 07 36 5168.00000 9.26400000 253.64000 49.69000 14.47200 186.03000
21 10 17 07 37 5167.90000 9.26400000 253.65000 49.69000 14.47200 186.03000
21 10 17 07 37 5167.30000 9.26400000 253.65000 49.69000 14.47200 186.03000
21 10 17 07 37 5167.80000 9.26400000 253.61000 49.69000 14.47200 186.03000
21 10 17 07 38 67666584401241.70253 9.26400000 253.64000 49.69000 14.47200 186.03000
21 10 17 07 38 5173.70000 9.26400000 253.65000 49.24000 14.47200 186.03000
21 10 17 07 39 5167.90000 9.26400000 253.62000 49.24000 14.47200 186.03000
21 10 17 07 39 5173.40000 9.26400000 253.62000 49.24000 14.47200 187.44900
21 10 17 07 40 17946844515071.43093 9.26400000 253.65000 49.19000 14.47200 187.44900
21 10 17 07 40 5171.10000 9.26400000 253.38000 49.19000 14.47200 187.74400
21 10 17 07 41 5173.00000 9.26400000 253.65000 49.04000 14.47200 187.74400
21 10 17 07 41 5167.90000 9.26400000 253.65000 49.04000 14.47200 187.74400
21 10 17 07 41 5167.90000 9.26400000 253.63000 49.04000 14.47200 187.74400
21 10 17 07 42 5171.50000 9.26400000 253.39000 49.04000 14.47200 188.73000
21 10 17 07 42 5172.50000 9.26400000 253.64000 49.04000 14.47200 187.74400
21 10 17 07 43 5172.50000 9.26400000 253.64000 49.04000 14.47200 187.74400
21 10 17 07 43 5172.50000 9.26400000 253.65000 49.04000 14.47200 187.74400
21 10 17 07 44 5172.50000 9.26400000 253.50000 49.28000 14.47200 188.00000
21 10 17 07 44 5172.80000 9.26400000 253.63000 49.28000 14.47200 188.00000
21 10 17 07 44 5172.80000 9.26400000 253.20000 49.39000 14.47200 188.00000
21 10 17 07 45 5173.00000 9.26400000 253.00000 49.26000 14.47200 187.74400
21 10 17 07 45 5173.00000 9.26400000 253.63000 49.26000 14.38000 187.74400
21 10 17 07 46 67666584401241.70253 9.26400000 253.58000 49.26000 14.38000 187.74400
21 10 17 07 46 5172.70000 9.26400000 252.74000 49.26000 14.38000 187.74400
21 10 17 07 47 5172.80000 9.26400000 253.63000 49.29000 14.38000 187.74400
21 10 17 07 47 5169.00000 9.26400000 253.60000 49.28000 14.38000 187.74400
21 10 17 07 48 5172.70000 9.26400000 252.71000 49.31000 14.38000 187.74400
21 10 17 07 48 5176.00000 9.26400000 253.62000 49.31000 14.38000 187.74400
21 10 17 07 48 5176.00000 9.26400000 253.61000 49.60000 14.38000 186.04000
21 10 17 07 49 5177.00000 9.26400000 253.61000 49.60000 14.38000 186.04000
21 10 17 07 49 5177.00000 9.26400000 253.61000 49.60000 14.38000 186.04000
21 10 17 07 50 5178.00000 9.26400000 253.56000 49.60000 14.38000 186.04000
21 10 17 07 50 5175.00000 9.26400000 253.60000 49.60000 14.36200 186.10000
21 10 17 07 51 5175.80000 9.26400000 253.56000 49.60000 14.36200 186.10000
21 10 17 07 51 5177.70000 9.26400000 253.15000 49.60000 14.36200 186.10000
21 10 17 07 52 5178.00000 9.26400000 253.65000 49.60000 14.36200 186.10000
21 10 17 07 52 17946844515071.43093 9.26400000 253.61000 49.60000 14.36200 186.10000
21 10 17 07 53 5178.00000 9.26400000 253.61000 49.60000 14.36200 186.04000
21 10 17 07 53 5180.00000 9.26400000 253.61000 49.60000 14.36200 186.04000
21 10 17 07 53 5180.00000 9.26400000 253.14000 49.39000 14.36200 186.04000
21 10 17 07 54 67666584401241.70253 9.26400000 253.61000 49.39000 14.36200 186.04000
21 10 17 07 54 5180.00000 9.34000000 253.61000 49.60000 14.48700 186.04000
21 10 17 07 55 5180.00000 9.26400000 253.61000 49.60000 14.48700 186.04000
21 10 17 07 55 67666584401241.70253 9.26400000 253.60000 49.60000 14.48700 186.04000
21 10 17 07 56 17946844515071.43093 9.26400000 253.61000 49.60000 14.48700 186.04000
21 10 17 07 56 5178.90000 9.26400000 252.70000 49.60000 14.48700 186.04000
21 10 17 07 56 5178.90000 9.26400000 253.37000 49.60000 14.48700 186.04000
21 10 17 07 57 5178.90000 9.26400000 253.37000 49.26000 14.48700 186.04000
21 10 17 07 57 5179.00000 9.26400000 253.37000 49.26000 14.48700 186.04000
21 10 17 07 58 5179.10000 9.26400000 253.36000 49.26000 14.48700 186.04000
21 10 17 07 58 5179.80000 9.26400000 253.36000 49.26000 14.48700 186.04000
21 10 17 07 59 5180.00000 9.26400000 252.93000 49.26000 14.48700 186.04000
21 10 17 07 59 5179.00000 9.26400000 253.34000 49.26000 14.48700 186.04000
21 10 17 07 59 5180.00000 9.26400000 253.47000 49.82000 14.48700 186.04000
21 10 17 08 00 5179.90000 9.26400000 253.49000 49.82000 14.48700 186.04000
