22 8 17 00 00 3398.99900 12.68372000 272.50015 41.53667 18.80316 207.50000
22 8 17 00 00 3399.00000 12.68372000 272.50016 41.18498 18.80316 207.50000
22 8 17 00 01 3399.00000 12.68372000 272.85696 41.53998 18.80316 207.50000
22 8 17 00 01 3398.99900 12.68372000 272.85696 41.53998 18.80020 207.50000
22 8 17 00 02 3397.64200 12.68372000 272.51029 41.18703 18.80127 207.50000
22 8 17 00 02 3394.35200 12.68372000 272.51030 41.52999 18.80127 207.50000
22 8 17 00 02 3397.00000 12.68372000 272.51029 41.52999 18.80127 207.50000
22 8 17 00 03 3396.99600 12.68372000 272.50051 41.52999 18.80127 207.50000
22 8 17 00 03 3394.46600 12.68372000 272.50052 41.18703 18.80127 203.10000
22 8 17 00 04 3394.00000 12.68372000 272.50052 41.18703 18.80127 203.10000
22 8 17 00 04 3392.00000 12.68372000 272.51899 41.18703 18.80127 203.10000
22 8 17 00 04 3392.00000 12.68372000 272.60000 41.18703 18.80127 203.10000
22 8 17 00 05 3388.92200 12.68372000 272.60000 41.21010 18.80127 203.10000
22 8 17 00 06 3392.00000 12.68372000 272.60000 41.21011 18.80127 203.10000
22 8 17 00 06 3388.00000 12.68372000 272.60000 41.21217 18.80127 203.10000
22 8 17 00 06 3392.00000 12.68372000 272.60051 41.21024 18.80127 203.90692
22 8 17 00 07 3385.12100 12.45208000 272.60000 41.21011 18.80127 203.90692
22 8 17 00 07 3393.99800 12.45208000 272.00101 41.21024 18.80127 203.90692
22 8 17 00 07 3393.99700 12.45208000 272.00101 41.21012 18.80127 203.90692
22 8 17 00 08 3393.99600 12.45001000 272.00101 41.21010 19.11997 203.90692
22 8 17 00 08 3393.99600 12.45001000 272.00101 41.21010 19.11997 207.00000
22 8 17 00 09 3393.99800 12.67819000 272.28510 41.21011 19.11997 202.83539
22 8 17 00 09 3393.99800 12.45208000 272.00102 41.21010 19.11997 202.85000
22 8 17 00 10 3393.99900 12.45208000 272.00308 41.21010 19.11997 202.85000
22 8 17 00 10 3393.99800 12.45208000 272.00100 41.21012 19.11997 202.83539
22 8 17 00 10 3393.99600 12.45208000 272.00000 41.21010 19.11997 202.83539
22 8 17 00 11 3385.82500 12.67723000 272.00000 41.18702 19.11997 202.85001
22 8 17 00 11 3385.84200 12.67724000 272.00000 41.18495 19.11997 202.85001
22 8 17 00 12 3387.24100 12.67516000 272.00000 41.18495 19.11997 202.85001
22 8 17 00 12 3387.24100 12.67516000 271.84182 41.18495 19.11997 206.99999
22 8 17 00 12 3388.53900 12.67516000 271.84179 41.18495 19.11997 204.00000
22 8 17 00 13 3387.23000 12.67516000 271.84179 41.18495 19.11997 204.00000
22 8 17 00 13 3393.99300 12.67400000 271.84413 41.18496 19.11997 204.00000
22 8 17 00 14 3393.99300 12.67400000 271.84179 41.18496 19.11997 206.99987
22 8 17 00 14 3393.99300 12.67400000 272.01000 41.18496 19.11997 206.99987
22 8 17 00 15 3398.54900 12.67400000 272.28999 41.18496 19.11997 206.99987
22 8 17 00 15 3389.00000 12.67400000 272.28988 41.21006 19.11997 206.99987
22 8 17 00 16 3398.43600 12.67400000 272.28988 41.18495 19.11997 206.99987
22 8 17 00 16 3398.43600 12.67400000 272.28988 41.18495 19.11997 206.99987
22 8 17 00 16 3398.32500 12.61833000 272.85686 41.18495 19.11997 206.99987
22 8 17 00 17 3396.75400 12.61833000 272.85686 41.18495 19.11997 205.29993
22 8 17 00 18 3396.64200 12.61833000 272.83000 41.18495 19.11997 203.60001
22 8 17 00 18 3389.00000 12.46175000 272.30001 41.18495 19.11997 203.60001
22 8 17 00 18 3393.83600 12.46175000 272.00000 41.18495 19.11997 203.60001
22 8 17 00 18 3389.00000 12.67368000 271.97000 41.18495 19.11997 203.60001
22 8 17 00 19 3388.69500 12.67368000 271.95000 41.18495 19.11997 203.60001
22 8 17 00 19 3388.69500 12.67368000 271.95199 41.18495 19.11997 203.60001
22 8 17 00 20 3388.58400 12.67368000 271.88000 41.18495 19.11997 203.60001
22 8 17 00 21 3387.50000 12.67368000 271.79600 41.18497 19.11997 203.60001
22 8 17 00 21 3387.00000 12.67368000 271.79600 41.05432 19.11997 203.60001
22 8 17 00 21 3386.99900 12.67368000 271.70000 41.05432 19.11997 203.60001
22 8 17 00 21 3386.88700 12.67368000 271.70000 41.05432 19.11997 203.60001
22 8 17 00 22 3385.00000 12.67368000 271.70000 41.00000 19.11997 203.60001
22 8 17 00 22 3385.00000 12.67368000 271.70000 41.00000 19.11997 203.60001
22 8 17 00 24 3387.38500 12.67368000 271.70000 40.99986 19.11997 203.60001
22 8 17 00 23 3385.00100 12.67368000 271.60649 40.90000 19.11997 203.60001
22 8 17 00 24 3387.38300 12.67361000 271.70000 40.84701 19.11997 203.60001
22 8 17 00 24 3385.00100 12.67361000 271.60000 40.80000 19.11997 203.60001
22 8 17 00 24 3389.10800 12.67361000 271.60648 40.80000 19.11997 203.60001
22 8 17 00 25 3389.11000 12.67361000 271.60001 40.50003 19.11997 203.60001
22 8 17 00 25 3398.98000 12.67361000 271.60000 40.50003 19.11997 203.60001
22 8 17 00 26 3398.97900 12.67367000 271.60000 40.74692 19.11997 203.60001
22 8 17 00 26 3389.10900 12.67367000 271.60000 40.74692 19.11997 203.60001
22 8 17 00 27 3389.10900 12.47879000 271.50000 40.74693 19.11997 203.60001
22 8 17 00 27 3398.86600 12.47982000 271.29128 40.74693 19.11997 203.60001
22 8 17 00 27 3398.86600 12.47982000 271.50000 40.74693 19.11997 203.60001
22 8 17 00 28 3389.11000 12.47982000 271.59967 40.74693 19.11997 203.60001
22 8 17 00 28 3389.11000 12.47982000 271.59971 40.74693 19.11997 203.60000
22 8 17 00 29 3389.11000 12.47982000 271.59971 40.74693 19.11997 203.60000
22 8 17 00 29 3389.21900 12.47982000 272.21929 40.74693 19.11997 203.60000
22 8 17 00 30 3389.21900 12.47982000 272.21929 40.74693 19.11997 203.60000
22 8 17 00 30 3389.10800 12.68671000 272.00901 40.74693 18.80212 202.83435
22 8 17 00 30 3389.10900 12.68878000 272.85698 40.74693 18.80212 202.83436
22 8 17 00 31 3385.12100 12.68878000 272.00928 40.74693 18.80212 202.83435
22 8 17 00 32 3388.50700 12.68878000 272.80000 40.74693 18.80212 202.83435
22 8 17 00 32 3388.50700 12.68878000 272.80007 40.74693 18.80212 202.83435
22 8 17 00 33 3388.39600 12.68878000 272.95168 40.74693 18.80212 202.83435
22 8 17 00 33 3388.50700 12.68878000 273.99000 40.51147 18.80212 202.83435
22 8 17 00 33 3385.12400 12.68878000 274.30000 40.51147 18.80212 202.83435
22 8 17 00 33 3385.12500 12.68878000 275.38000 40.51147 18.80212 202.83435
22 8 17 00 34 3388.50600 12.68878000 276.09000 40.51147 18.80212 202.83435
22 8 17 00 34 3385.12600 12.69789000 277.03524 40.51147 18.80212 202.83435
22 8 17 00 35 3385.12600 12.69789000 278.00000 40.51147 18.80212 202.83435
22 8 17 00 35 3388.50700 12.69789000 278.00000 40.51147 18.80212 202.83435
22 8 17 00 36 3385.12500 12.69789000 278.00000 40.51147 18.80212 202.83435
22 8 17 00 36 3388.49900 12.69998000 278.42432 40.84873 18.80212 202.83435
22 8 17 00 36 3388.49900 12.69998000 278.81881 40.84873 18.80212 202.83435
22 8 17 00 37 3383.21100 12.69474000 278.81882 40.84877 18.80212 202.83435
22 8 17 00 37 3380.00100 12.69999000 279.98000 40.84877 18.80212 202.83435
22 8 17 00 38 3380.00000 12.69999000 279.29482 40.84877 18.80212 202.83435
22 8 17 00 38 3388.39400 12.70000000 279.98800 40.84877 18.80212 202.83435
22 8 17 00 39 3383.79900 12.70000000 279.99894 40.84877 18.80212 202.83435
22 8 17 00 39 3380.00000 12.77782000 280.00000 40.84879 18.80212 202.83435
22 8 17 00 39 3380.00000 12.76097000 279.34197 40.84879 18.80212 202.83435
22 8 17 00 40 3377.00000 12.77792000 281.03963 40.84879 18.80212 202.83435
22 8 17 00 41 3373.20600 12.77792000 282.00000 40.84879 18.80212 202.83435
22 8 17 00 41 3369.99700 12.76097000 280.00000 40.84878 18.80212 202.83435
22 8 17 00 41 3367.00000 12.77792000 281.00000 40.84878 18.80212 202.83435
22 8 17 00 42 3360.90000 12.77792000 281.00000 40.84878 18.80212 202.83435
22 8 17 00 42 3358.15500 12.77792000 280.00000 40.84878 18.80212 202.83435
22 8 17 00 42 3351.01000 12.77792000 280.00000 40.84876 18.80212 202.85001
22 8 17 00 43 3351.18400 12.76097000 280.00000 40.84878 18.80212 202.85001
22 8 17 00 43 3350.00000 12.76097000 279.43894 40.84878 18.80212 202.85001
22 8 17 00 44 3351.18100 12.76097000 279.12788 40.84876 18.80212 202.85000
22 8 17 00 45 3350.00000 12.76097000 278.00001 40.84876 18.80212 202.85001
22 8 17 00 45 3343.07600 12.76097000 278.00001 40.84876 18.80212 202.85001
22 8 17 00 45 3333.60600 12.49494000 277.56412 40.84670 18.81001 202.85001
22 8 17 00 45 3332.00000 12.72193000 277.56412 40.84670 18.81208 202.85001
22 8 17 00 46 3327.41000 12.72193000 277.56411 40.84876 18.81107 202.85001
22 8 17 00 47 3326.42800 12.72193000 277.56412 40.84876 18.81001 202.85001
22 8 17 00 47 3313.31100 12.68182000 277.56383 40.84876 18.81107 202.85001
22 8 17 00 47 3303.11100 12.78000000 276.09215 40.88964 18.81004 202.85001
22 8 17 00 48 3303.11200 12.72191000 276.09215 40.88964 18.81001 202.85001
22 8 17 00 48 3303.00200 12.65000000 275.53996 40.88964 18.81001 202.85001
22 8 17 00 48 3305.00100 12.77999000 274.44547 40.88965 18.81001 204.89970
22 8 17 00 49 3324.21800 12.77999000 276.09212 40.88965 18.81000 204.89970
22 8 17 00 50 3320.47700 12.77999000 276.09187 40.84670 18.81001 204.89970
22 8 17 00 50 3320.00000 12.77999000 276.09187 40.84670 18.81015 204.89970
22 8 17 00 51 3324.21800 12.77999000 276.09215 40.84670 18.81001 204.89970
22 8 17 00 51 3324.21800 12.77999000 276.09321 40.51149 18.80422 204.89970
22 8 17 00 51 3324.21800 12.77999000 276.37000 40.51149 18.80422 204.89970
22 8 17 00 51 3324.21800 12.77999000 276.37000 40.51149 18.80422 204.89970
22 8 17 00 52 3324.21800 12.77999000 276.37000 40.51149 18.80422 204.89763
22 8 17 00 52 3324.21800 12.77999000 276.37000 40.50000 18.80436 204.89763
22 8 17 00 53 3324.21800 12.77999000 276.50000 40.49000 18.80436 204.89763
22 8 17 00 53 3312.98400 12.77996000 276.50000 40.49000 18.80436 204.89763
22 8 17 00 54 3319.99900 12.77996000 276.50000 40.89999 18.80422 204.89763
22 8 17 00 55 3308.00400 12.77996000 277.09211 40.89999 18.81000 204.89763
22 8 17 00 54 3308.00400 12.77996000 278.01113 40.89999 18.81000 204.89763
22 8 17 00 55 3305.20000 12.77996000 278.01113 40.89999 18.81000 204.89763
22 8 17 00 55 3306.45000 12.50357000 278.01113 40.89999 18.81000 204.89763
22 8 17 00 56 3301.90000 12.50357000 278.01114 40.89999 18.81000 204.89763
22 8 17 00 56 3306.45000 12.50357000 278.01114 40.89999 18.81000 204.89763
22 8 17 00 57 3302.23000 12.50357000 278.01114 40.89999 18.81000 204.89763
22 8 17 00 57 3307.99900 12.50357000 278.01114 40.89999 18.81000 202.85000
22 8 17 00 57 3302.56000 12.50357000 278.65889 40.89999 18.81000 202.85000
22 8 17 00 58 3307.99900 12.50357000 278.65889 40.89999 18.81000 202.85000
22 8 17 00 58 3314.83100 12.50357000 278.65889 40.89999 18.81000 202.85000
22 8 17 00 59 3302.56200 12.50357000 278.65889 40.89999 18.81000 202.85000
22 8 17 00 59 3310.00000 12.50357000 279.43892 40.89999 18.81000 203.00207
22 8 17 01 00 3308.00000 12.52000000 279.43892 40.49000 18.81000 203.00207
22 8 17 01 00 3310.00000 12.77263000 278.89524 40.49003 18.81000 203.00207
22 8 17 01 00 3318.20900 12.77263000 279.01976 40.49003 18.81000 203.00207
22 8 17 01 01 3315.00100 12.77263000 278.66001 40.49003 18.81000 203.00106
22 8 17 01 01 3315.00000 12.77263000 276.50210 40.49003 18.81000 203.00106
22 8 17 01 02 3310.00000 12.77263000 275.09321 40.49003 18.81000 204.00000
22 8 17 01 02 3310.00000 12.77263000 275.94957 40.49003 18.81000 204.00000
22 8 17 01 03 3309.67000 12.77263000 275.94957 40.50000 18.81000 204.00000
22 8 17 01 03 3310.00000 12.77263000 276.09173 40.50000 18.81000 204.00000
22 8 17 01 04 3307.87900 12.77000000 275.09242 40.50000 18.81000 204.00000
22 8 17 01 04 3308.21100 12.77000000 275.09242 40.50000 18.81000 204.00000
22 8 17 01 04 3308.21100 12.77000000 275.09214 40.89994 18.81000 204.00000
22 8 17 01 05 3314.82600 12.77000000 275.94946 40.50003 18.81000 204.00000
22 8 17 01 05 3311.28800 12.77000000 275.94946 40.50003 18.81000 204.00000
22 8 17 01 06 3305.00000 12.77000000 275.00000 40.50014 18.81000 203.00207
22 8 17 01 06 3301.90800 12.77000000 275.00000 40.50014 18.81000 203.00207
22 8 17 01 07 3302.51900 12.77000000 275.00000 40.50106 18.81000 203.00207
22 8 17 01 07 3301.90000 12.77000000 275.00000 40.50106 18.81000 203.00207
22 8 17 01 07 3301.31900 12.77000000 275.00000 40.50106 18.81000 203.00207
22 8 17 01 08 3301.12300 12.77000000 275.00000 40.50003 18.81000 203.00207
22 8 17 01 09 3301.12300 12.77000000 276.95531 40.50003 18.81000 203.00207
22 8 17 01 09 3301.23400 12.77000000 276.95531 40.50001 18.81000 203.00207
22 8 17 01 09 3301.65000 12.77000000 275.88227 40.50001 18.81000 203.00207
22 8 17 01 09 3301.65000 12.77000000 276.75001 40.50206 18.81000 203.00207
22 8 17 01 10 3301.12600 12.77000000 276.08884 40.60000 18.81000 203.00207
22 8 17 01 10 3301.15100 12.77000000 277.99370 40.60000 18.81000 203.00207
22 8 17 01 11 3301.65000 12.77000000 277.99369 40.60000 18.81000 203.00207
22 8 17 01 11 3301.90800 12.77000000 276.75001 40.60000 18.81000 203.00207
22 8 17 01 12 3302.85000 12.52762000 276.08924 40.60000 18.81000 203.00207
22 8 17 01 12 3302.85000 12.52762000 276.08924 40.60000 18.81000 203.00207
22 8 17 01 12 3314.60300 12.52762000 276.08924 40.60000 18.81000 203.00207
22 8 17 01 13 3314.60200 12.52762000 276.08925 40.60000 18.81000 203.00207
22 8 17 01 13 3317.00000 12.52762000 276.37100 40.60000 18.81000 202.85001
22 8 17 01 14 3308.21300 12.52762000 276.72398 40.60000 18.81000 202.85001
22 8 17 01 14 3320.00000 12.52762000 276.51199 40.60000 18.81000 202.85001
22 8 17 01 15 3315.00000 12.52974000 276.08926 40.60000 18.81000 202.85001
22 8 17 01 15 3316.00000 12.52974000 276.08918 40.79000 18.81000 202.85001
22 8 17 01 15 3315.88900 12.52974000 275.86100 40.79000 18.81000 202.85001
22 8 17 01 16 3314.40200 12.52974000 275.74425 40.79000 18.81000 202.85001
22 8 17 01 16 3312.00000 12.53186000 275.74411 40.79000 18.81000 202.85001
22 8 17 01 17 3312.00000 12.53186000 275.74424 40.79000 18.81000 202.85001
22 8 17 01 17 3310.00000 12.76473000 275.00000 40.80000 18.81000 202.85001
22 8 17 01 18 3308.22200 12.76470000 275.00000 40.80000 18.81000 202.85001
22 8 17 01 18 3308.22200 12.76470000 274.98000 40.80000 18.81000 202.85001
22 8 17 01 18 3305.00000 12.76470000 274.54002 40.80000 18.81000 202.85001
22 8 17 01 19 3301.00000 12.76470000 275.00000 40.60000 18.81000 202.85001
22 8 17 01 19 3301.00000 12.76470000 274.54003 40.60000 18.81000 202.85001
22 8 17 01 20 3302.00000 12.76470000 274.97999 40.50004 18.81000 202.85001
22 8 17 01 20 3301.00000 12.76470000 274.37658 40.49007 18.81000 202.85001
22 8 17 01 21 3302.99900 12.55570000 274.30000 40.49000 18.81000 202.85001
22 8 17 01 21 3301.00000 12.55567000 274.51833 40.44000 18.81000 202.85001
22 8 17 01 21 3300.00000 12.55567000 274.51833 40.44000 18.81000 202.85001
22 8 17 01 22 3300.00000 12.55567000 274.51832 40.34301 18.81000 202.85001
22 8 17 01 22 3300.00000 12.55567000 274.30001 40.43999 18.81000 202.85001
22 8 17 01 23 3300.00100 12.55567000 274.30001 40.34198 18.81000 202.85001
22 8 17 01 23 3300.00100 12.55567000 275.00000 40.34198 18.81000 202.85001
22 8 17 01 23 3300.00100 12.55567000 274.97982 40.34198 18.81000 202.85001
22 8 17 01 24 3300.00100 12.55567000 274.51834 40.24241 19.06085 202.85001
22 8 17 01 24 3300.00100 12.55567000 275.00000 40.24241 19.06085 202.85001
22 8 17 01 25 3290.19800 12.55567000 275.00000 40.24241 19.06085 202.85001
22 8 17 01 25 3277.00000 12.55567000 275.00000 40.24241 19.06085 202.85001
22 8 17 01 26 3270.12300 12.55567000 274.97982 40.24241 19.06085 202.85001
22 8 17 01 26 3290.00000 12.55166000 274.99245 40.24241 19.06085 202.85001
22 8 17 01 27 3266.22200 12.55166000 274.99698 40.24241 19.06085 202.85001
22 8 17 01 27 3284.99900 12.55150000 274.98009 40.29218 19.06085 202.85001
22 8 17 01 28 3275.91100 12.55150000 274.97983 40.29218 18.81001 202.85001
22 8 17 01 28 3255.32500 12.55150000 275.74425 40.29218 18.81001 202.85001
22 8 17 01 28 3261.00000 12.55150000 275.10000 40.29218 18.81001 202.85001
22 8 17 01 29 3279.00000 12.55150000 275.10000 40.24241 18.81001 202.85001
22 8 17 01 29 3261.00000 12.52335000 275.10000 40.24240 18.81001 202.85001
22 8 17 01 29 3261.00000 12.52335000 274.51876 40.14111 18.81001 202.85001
22 8 17 01 30 3280.00000 12.73389000 275.10000 39.81582 18.81001 202.85000
22 8 17 01 30 3280.00000 12.73389000 274.32442 39.74312 18.81001 202.85000
22 8 17 01 31 3275.80000 12.73389000 273.85096 40.00000 18.81001 202.85000
22 8 17 01 31 3279.99900 12.52224000 273.85097 39.98629 18.81001 202.84002
22 8 17 01 32 3280.00000 12.52017000 273.85097 39.98629 18.81001 202.84002
22 8 17 01 32 3280.00000 12.52001000 273.85097 40.00000 18.81001 202.84002
22 8 17 01 33 3280.01000 12.52001000 273.85018 39.99990 18.81001 202.84002
22 8 17 01 34 3280.00100 12.51004000 273.85018 39.99990 18.81001 202.84002
22 8 17 01 34 3280.00100 12.51005000 273.85018 39.99990 18.81001 203.00000
22 8 17 01 34 3280.00100 12.51008000 273.85045 39.99989 18.81001 203.00000
22 8 17 01 35 3290.00000 12.48632000 273.85045 39.99989 18.81001 203.00000
22 8 17 01 35 3290.00000 12.48425000 273.85018 39.99990 18.81001 203.00000
22 8 17 01 35 3296.53800 12.48425000 273.85072 39.99990 18.81001 203.00000
22 8 17 01 35 3296.53800 12.48425000 273.00319 40.13681 18.81001 203.00000
22 8 17 01 36 3300.00000 12.48425000 273.38472 40.13681 18.81001 203.00000
22 8 17 01 36 3285.20100 12.48425000 273.14010 40.34191 18.81001 203.00000
22 8 17 01 37 3296.64800 12.48425000 273.38444 40.34191 18.81001 203.00000
22 8 17 01 37 3287.00000 12.48425000 273.38443 40.34191 18.81001 203.00000
22 8 17 01 38 3289.00000 12.48425000 273.00000 40.34191 18.81001 203.00000
22 8 17 01 38 3281.02000 12.45785000 273.13983 40.34191 18.81001 203.00001
22 8 17 01 39 3282.00100 12.45785000 272.90898 40.34085 18.81001 203.00001
22 8 17 01 39 3285.63900 12.45785000 272.90897 40.34085 19.04405 203.00001
22 8 17 01 39 3285.63800 12.45785000 272.00930 40.34085 19.04405 203.00001
22 8 17 01 40 3285.63800 12.45785000 272.17250 40.00100 19.04405 203.00001
22 8 17 01 40 3285.63900 12.45785000 272.90654 40.00100 19.04405 203.00000
22 8 17 01 41 3285.63800 12.45785000 272.90647 40.00422 19.04405 203.00000
22 8 17 01 41 3282.00200 12.45785000 272.00929 40.00422 19.04405 203.00000
22 8 17 01 41 3285.00000 12.45752000 272.00929 40.00421 19.04405 204.89635
22 8 17 01 42 3280.00000 12.45752000 272.00902 40.33970 19.04405 204.89635
22 8 17 01 42 3280.00000 12.45752000 272.00000 39.74312 19.04405 204.89635
22 8 17 01 44 3280.00000 12.45752000 272.00000 39.74312 19.04405 204.89635
22 8 17 01 43 3279.99900 12.45752000 271.03353 39.74312 19.04405 204.89635
22 8 17 01 44 3271.30000 12.45752000 271.00007 39.74312 19.04405 204.89635
22 8 17 01 44 3276.68100 12.45752000 271.00000 39.74312 19.04405 203.00000
22 8 17 01 45 3276.67200 12.45751000 271.00000 39.74312 19.04405 203.00000
22 8 17 01 45 3270.00000 12.45751000 271.00000 39.74312 19.04405 203.00000
22 8 17 01 45 3270.00000 12.45751000 271.00001 40.33968 19.04405 203.00000
22 8 17 01 46 3260.00000 12.45751000 270.11370 39.75426 19.04405 202.84001
22 8 17 01 46 3267.60000 12.45750000 270.11370 39.75106 19.04405 202.83432
22 8 17 01 47 3261.15200 12.45750000 270.90999 40.33962 19.04405 202.83430
22 8 17 01 47 3253.10000 12.45750000 270.90000 40.33962 19.04405 202.62522
22 8 17 01 47 3255.00000 12.45750000 270.11476 40.33962 19.04405 202.62522
22 8 17 01 48 3251.00000 12.50624000 270.89999 39.75110 19.04405 202.23000
22 8 17 01 48 3259.99700 12.45750000 270.00000 40.33635 19.04405 202.23000
22 8 17 01 49 3250.00000 12.45750000 269.75000 40.33636 19.04405 202.23000
22 8 17 01 49 3250.00000 12.45750000 269.61700 40.33636 19.04405 202.00001
22 8 17 01 50 3251.00000 12.45750000 268.51000 39.74312 19.04405 202.00001
22 8 17 01 50 3251.00000 12.45750000 269.10000 40.33846 18.81015 202.00001
22 8 17 01 50 3250.00000 12.45749000 267.99900 39.76001 18.81001 202.00001
22 8 17 01 51 3250.70000 12.45749000 267.99900 40.33846 18.81208 202.00001
22 8 17 01 51 3250.70000 12.45749000 268.00000 40.33641 18.81208 202.00001
22 8 17 01 52 3250.69900 12.45749000 268.34000 39.76001 18.81207 202.00001
22 8 17 01 52 3250.00000 12.45749000 268.32100 39.76001 18.81207 202.00001
22 8 17 01 53 3250.70000 12.45749000 268.88863 39.76001 18.81014 202.00001
22 8 17 01 53 3250.00400 12.40770000 268.88863 39.74312 18.81014 202.00001
22 8 17 01 53 3250.99900 12.40770000 269.08356 40.33853 18.81014 202.00001
22 8 17 01 54 3259.88600 12.40770000 269.50000 40.33853 18.81014 202.00001
22 8 17 01 54 3264.04200 12.31184000 269.50026 39.74315 18.81014 202.00001
22 8 17 01 55 3253.20000 12.31184000 270.81117 39.74315 18.81014 202.00001
22 8 17 01 55 3264.00000 12.45331000 270.39299 39.74315 18.81014 202.00001
22 8 17 01 56 3254.72100 12.45331000 270.81117 39.80001 18.81014 202.00001
22 8 17 01 56 3260.29500 12.45331000 270.81117 39.80001 18.81014 202.00001
22 8 17 01 56 3260.29500 12.45331000 270.81117 39.70020 18.81014 201.95000
22 8 17 01 57 3263.99900 12.45331000 270.81117 39.70000 18.81014 201.85617
22 8 17 01 57 3260.72100 12.45331000 269.75622 39.81000 18.81014 201.94999
22 8 17 01 58 3263.99800 12.45331000 269.75622 39.81000 18.81014 201.94999
22 8 17 01 58 3260.70000 12.45331000 269.50001 39.81000 18.81014 201.95000
22 8 17 01 59 3260.50000 12.45331000 270.49792 39.80999 18.81014 201.85617
22 8 17 01 59 3260.70000 12.45331000 269.00207 39.81002 18.81014 201.85361
22 8 17 01 59 3260.41000 12.45331000 269.00000 39.81002 18.81014 201.85361
22 8 17 02 00 3260.41000 12.45331000 268.88894 39.81002 18.81014 201.85361
22 8 17 02 00 3260.50000 12.31130000 268.59000 39.81002 18.81014 201.85361
22 8 17 02 01 3260.50000 12.31130000 268.59000 39.81002 18.81014 201.85361
22 8 17 02 01 3260.50000 12.31130000 268.59000 39.81002 18.81014 201.76400
22 8 17 02 02 3260.49900 12.31130000 268.59000 39.64609 18.81014 201.76400
22 8 17 02 02 3257.71100 12.44598000 268.08893 39.81005 18.81014 201.72959
22 8 17 02 03 3257.99600 12.30014000 267.50106 39.81005 18.81014 201.72959
22 8 17 02 03 3256.72500 12.30000000 268.08893 39.81005 18.81014 201.72959
22 8 17 02 03 3256.72500 12.30014000 268.27237 40.20548 18.81014 201.72959
22 8 17 02 04 3256.73200 12.30014000 268.58990 40.20548 18.81014 201.72959
22 8 17 02 04 3260.50000 12.30000000 268.88499 40.20548 18.81014 201.72959
22 8 17 02 05 3267.59900 12.30000000 268.08919 40.20548 18.81014 201.72959
22 8 17 02 05 3265.14900 12.29000000 268.08919 39.73051 18.81014 201.72959
22 8 17 02 05 3267.59900 12.29000000 268.50000 39.73051 18.81014 201.72959
22 8 17 02 06 3270.00000 12.29000000 268.50000 39.73051 18.81208 201.72959
22 8 17 02 06 3270.00000 12.29002000 268.50000 39.73051 18.81208 201.72959
22 8 17 02 07 3270.00100 12.29002000 268.84824 39.73051 18.81208 201.72959
22 8 17 02 07 3270.00000 12.29002000 268.99993 39.73051 18.81208 201.72959
22 8 17 02 08 3270.00400 12.29002000 268.99986 39.73052 18.81208 201.85360
22 8 17 02 08 3281.24300 12.29106000 268.99993 39.73052 18.81208 201.85360
22 8 17 02 08 3281.24300 12.29106000 268.99992 39.73052 18.81208 201.85360
22 8 17 02 09 3281.38700 12.29106000 268.99993 39.73052 18.81208 201.72959
22 8 17 02 10 3293.68300 12.29106000 269.00207 39.73052 18.81208 201.72959
22 8 17 02 10 3293.98500 12.29106000 269.00208 39.73052 18.81208 201.72959
22 8 17 02 10 3294.07800 12.29106000 269.00014 39.73052 18.81208 201.72959
22 8 17 02 11 3294.08000 12.29106000 269.00014 39.73052 18.81208 201.72959
22 8 17 02 11 3294.08000 12.29106000 270.39043 39.73052 18.81208 201.72959
22 8 17 02 11 3294.08000 12.29106000 270.10199 39.73052 18.81208 201.72959
22 8 17 02 12 3294.08000 12.29106000 269.05677 40.19898 18.81208 201.72959
22 8 17 02 12 3294.09600 12.29106000 269.05677 40.19803 18.81208 201.72959
22 8 17 02 13 3294.08000 12.43830000 269.05677 40.19803 18.81208 201.72959
22 8 17 02 13 3294.08100 12.43830000 270.00000 40.19803 18.81208 201.68400
22 8 17 02 14 3294.09600 12.29001000 269.50000 40.19803 18.81208 201.68400
22 8 17 02 14 3294.09600 12.29001000 269.50000 40.19803 18.81208 201.68400
22 8 17 02 14 3284.80800 12.29000000 269.50011 40.00002 18.81208 201.68400
22 8 17 02 15 3294.09600 12.29000000 269.50000 40.00002 18.81208 201.68400
22 8 17 02 15 3293.98500 12.29000000 269.99991 40.00002 18.81208 201.68400
22 8 17 02 16 3294.09500 12.27369000 269.50001 40.00002 18.81208 201.68400
22 8 17 02 16 3294.09400 12.25215000 269.50000 40.00002 18.81208 201.68400
22 8 17 02 16 3294.09600 12.25221000 269.50000 40.19270 18.81208 201.68400
22 8 17 02 17 3294.09600 12.25421000 269.99468 40.19265 18.81208 201.68400
22 8 17 02 17 3294.09600 12.25421000 269.99468 40.19265 18.81208 201.68400
22 8 17 02 18 3300.39100 12.25421000 269.05783 40.19265 18.81208 201.68389
22 8 17 02 18 3300.00000 12.25421000 269.19800 40.19251 18.81208 201.68389
22 8 17 02 19 3300.00300 12.25421000 269.19800 40.19251 18.81208 201.68389
22 8 17 02 19 3300.00300 12.25421000 269.05889 40.19251 18.81208 201.68389
22 8 17 02 19 3301.88800 12.42967000 269.19800 40.19251 18.81208 201.68389
22 8 17 02 20 3313.98000 12.42967000 269.19800 40.19251 18.81208 201.68389
22 8 17 02 20 3307.28600 12.42967000 269.49699 40.19041 18.81208 201.68389
22 8 17 02 21 3307.28600 12.42967000 269.49700 40.18848 18.81208 201.68389
22 8 17 02 21 3307.17500 12.25561000 269.30000 40.18848 18.81208 201.68389
22 8 17 02 21 3307.28200 12.25561000 269.30000 40.18848 18.81208 201.68389
22 8 17 02 22 3300.00000 12.25561000 269.49699 40.18848 18.81208 201.68389
22 8 17 02 22 3299.80400 12.25561000 269.30000 40.18739 18.81208 201.68389
22 8 17 02 23 3306.95100 12.25561000 269.79972 40.18739 18.81208 201.68389
22 8 17 02 24 3304.94000 12.25561000 269.79999 40.18739 18.81208 201.68389
22 8 17 02 24 3306.95100 12.25561000 269.49701 40.18739 18.81208 201.68389
22 8 17 02 24 3313.68600 12.25561000 269.30011 40.18739 18.81208 201.68389
22 8 17 02 24 3307.17900 12.25841000 269.49701 40.18739 18.81208 201.68389
22 8 17 02 25 3310.08400 12.25841000 269.79969 40.18531 18.81208 201.68389
22 8 17 02 25 3313.68600 12.25841000 269.79969 40.18724 18.81208 201.68389
22 8 17 02 26 3313.68300 12.25841000 269.80000 40.18630 18.81208 201.68389
22 8 17 02 27 3310.19600 12.25841000 269.99786 40.18632 18.81208 201.68389
22 8 17 02 27 3313.68500 12.25841000 269.80000 40.18530 18.81208 201.68389
22 8 17 02 27 3313.68500 12.25841000 269.91871 40.18516 18.81208 201.68389
22 8 17 02 27 3312.00000 12.25841000 269.80001 40.18528 18.81208 201.68389
22 8 17 02 28 3313.68500 12.25841000 269.80001 40.18528 18.81208 201.68389
22 8 17 02 28 3314.70100 12.25841000 269.80000 40.18528 18.81208 201.68389
22 8 17 02 29 3314.70100 12.25841000 269.80000 40.18319 18.81208 201.68389
22 8 17 02 29 3315.71900 12.25841000 269.80000 40.18319 18.81208 201.68389
22 8 17 02 30 3315.71900 12.26193000 269.80000 40.18319 18.81208 201.68389
22 8 17 02 30 3326.92500 12.26193000 269.80000 40.18319 18.81208 201.68389
22 8 17 02 30 3320.00000 12.26092000 269.80000 40.18216 18.81208 201.68389
22 8 17 02 31 3318.00000 12.26092000 269.80000 40.18104 18.81208 201.68389
22 8 17 02 31 3327.23300 12.26092000 269.80000 40.18104 18.81208 201.68389
22 8 17 02 33 3314.70200 12.26092000 269.80000 40.18104 18.81208 201.68389
22 8 17 02 32 3319.39500 12.26093000 269.80000 40.18104 18.81208 201.68389
22 8 17 02 33 3313.68600 12.26093000 269.06000 40.18104 18.81208 201.68389
22 8 17 02 33 3326.92100 12.26093000 269.06000 40.00010 18.81208 201.68389
22 8 17 02 33 3308.59300 12.26093000 269.05685 40.00010 18.81208 201.68389
22 8 17 02 34 3308.59300 12.26093000 269.05685 40.00010 18.81208 201.68389
22 8 17 02 34 3308.92300 12.26093000 269.05681 40.00010 18.81208 201.68389
22 8 17 02 35 3309.00000 12.26093000 268.01000 40.00010 18.81208 201.68389
22 8 17 02 35 3308.99400 12.26093000 268.01000 40.00003 18.81208 201.68389
22 8 17 02 36 3311.02200 12.26093000 269.05681 40.00003 18.81208 201.68389
22 8 17 02 36 3308.59300 12.26093000 268.00000 40.00003 18.81208 201.68389
22 8 17 02 37 3310.36000 12.26095000 267.65492 40.00003 18.81001 201.68389
22 8 17 02 37 3308.59300 12.25560000 268.00000 40.00003 18.81001 201.68389
22 8 17 02 37 3308.70400 12.25560000 268.00000 40.00003 18.81001 201.00000
22 8 17 02 38 3308.59300 12.25560000 267.99996 40.00003 18.81001 201.00000
22 8 17 02 38 3308.59200 12.25576000 268.00000 40.17653 18.81001 200.16000
22 8 17 02 38 3308.59300 12.25015000 268.25900 40.17653 18.81001 200.16000
22 8 17 02 39 3298.61200 12.25014000 268.25900 40.17653 18.81001 200.16000
22 8 17 02 39 3308.59300 12.25014000 268.25900 40.20996 18.81001 200.15999
22 8 17 02 40 3294.42000 12.25014000 269.00000 40.20996 18.81001 199.00000
22 8 17 02 40 3294.42000 12.25014000 268.25927 40.20996 18.81001 199.99894
22 8 17 02 41 3294.60000 12.25029000 268.25900 40.20996 18.81001 201.85102
22 8 17 02 41 3298.20000 12.25029000 268.25900 40.20996 18.81001 198.89000
22 8 17 02 41 3296.31000 12.25029000 268.25900 40.20996 18.81001 199.90001
22 8 17 02 42 3296.31000 12.25029000 268.25900 40.20996 18.81001 199.90001
22 8 17 02 42 3298.20100 12.25029000 267.79021 40.20996 18.81001 199.90000
22 8 17 02 43 3298.20100 12.25029000 267.79021 40.20996 18.81001 199.89987
22 8 17 02 43 3296.20000 12.25029000 267.79020 40.20996 18.81001 200.09977
22 8 17 02 44 3294.09600 12.25029000 267.79027 40.20996 18.81001 200.09977
22 8 17 02 44 3304.89700 12.25029000 267.79049 40.20996 18.81001 200.09977
22 8 17 02 44 3294.01000 12.25029000 267.79049 40.20996 18.81001 200.09977
22 8 17 02 45 3301.40700 12.25018000 267.79102 40.20996 18.81000 199.89989
22 8 17 02 45 3301.40500 12.25018000 267.79102 40.20996 18.81000 199.89989
22 8 17 02 46 3301.40700 12.25018000 267.79155 40.20996 18.81000 199.89989
22 8 17 02 46 3296.00000 12.25014000 267.79155 40.20996 18.81000 199.89988
22 8 17 02 47 3294.03000 12.25014000 267.99995 40.20996 18.81000 200.00000
22 8 17 02 47 3295.98000 12.25014000 267.99995 40.20996 18.81000 199.89990
22 8 17 02 48 3306.10600 12.25015000 267.99995 40.20996 18.81000 199.89987
22 8 17 02 48 3305.59100 12.25017000 267.99995 40.20996 18.81000 199.89987
22 8 17 02 48 3310.00000 12.25014000 267.80243 40.20996 18.81000 199.89987
22 8 17 02 49 3304.50700 12.25014000 268.00000 40.20996 18.81000 199.89987
22 8 17 02 49 3299.74400 12.25028000 267.80269 40.00000 18.81000 199.89987
22 8 17 02 50 3304.50200 12.25017000 267.80269 40.00000 18.81000 199.89987
22 8 17 02 50 3299.74400 12.25014000 268.00000 40.00000 18.81000 199.89987
22 8 17 02 50 3303.08200 12.25028000 268.00000 40.00000 18.81000 199.89987
22 8 17 02 51 3299.74400 12.25028000 268.00000 40.00000 18.81000 199.89987
22 8 17 02 51 3303.08000 12.25014000 268.00000 40.20576 18.81000 199.89987
22 8 17 02 52 3299.99900 12.25014000 268.00000 40.20576 18.81000 199.89987
22 8 17 02 53 3300.00000 12.25014000 268.25926 40.00000 18.81000 199.89987
22 8 17 02 53 3299.88900 12.25014000 268.25926 40.00000 18.81000 199.89987
22 8 17 02 53 3299.88800 12.25014000 268.00061 40.00000 18.81000 199.89987
22 8 17 02 54 3294.03000 12.25014000 268.00061 40.00000 18.81000 199.89987
22 8 17 02 54 3299.88700 12.25014000 268.00120 40.00000 18.81000 199.89987
22 8 17 02 54 3299.88500 12.25014000 268.25926 40.00000 18.81000 199.89987
22 8 17 02 55 3294.04000 12.25014000 268.25926 40.00000 18.81000 199.89987
22 8 17 02 55 3300.00000 12.25014000 268.00173 39.78000 18.81000 199.89987
22 8 17 02 56 3300.00000 12.25014000 268.25926 39.78000 18.81000 199.89987
22 8 17 02 56 3299.66300 12.25014000 268.25926 39.78000 18.81000 199.89987
22 8 17 02 56 3299.66200 12.25014000 268.25926 39.78000 18.81000 199.89987
22 8 17 02 57 3299.66200 12.25014000 268.00000 39.78000 18.81000 199.89987
22 8 17 02 57 3294.55700 12.25014000 268.07931 39.78000 18.81000 199.89987
22 8 17 02 58 3294.55700 12.25014000 268.07932 39.78000 18.81000 198.89002
22 8 17 02 58 3294.55700 12.25014000 268.25926 39.78000 18.81000 198.89002
22 8 17 02 59 3299.60400 12.25014000 268.07939 39.78000 18.81000 198.89002
22 8 17 02 59 3299.60400 12.25014000 267.99300 39.78000 18.81000 198.89002
22 8 17 02 59 3294.99900 12.22000000 267.99300 39.78000 18.81000 198.89002
22 8 17 03 00 3304.06200 12.22000000 268.33700 39.78000 18.81000 198.89002
22 8 17 03 00 3299.60000 12.22000000 268.33701 39.73160 18.81000 198.89002
22 8 17 03 01 3304.06000 12.22000000 268.56900 39.78000 18.81000 198.89002
22 8 17 03 02 3304.50700 12.22000000 268.56900 39.78000 18.81000 198.89002
22 8 17 03 02 3299.60000 12.22000000 268.56907 39.78000 18.81000 198.89002
22 8 17 03 02 3299.60000 12.22000000 269.05672 39.78000 18.81000 198.89002
22 8 17 03 02 3299.60100 12.22000000 269.56400 39.78000 18.81000 198.89002
22 8 17 03 03 3299.60200 12.22000000 269.71261 39.78000 18.81000 198.89002
22 8 17 03 04 3299.60200 12.21000000 269.56400 39.78000 18.81000 198.89002
22 8 17 03 04 3299.60200 12.21000000 269.56410 39.78000 18.81000 198.89002
22 8 17 03 04 3299.60300 12.21000000 268.99883 39.78000 18.81000 198.89002
22 8 17 03 04 3303.50600 12.21000000 268.99883 39.78000 18.81000 198.89002
22 8 17 03 05 3304.50200 12.21000000 268.57178 39.77999 18.81000 198.89002
22 8 17 03 06 3303.50600 12.21000000 268.99883 39.77999 18.81000 198.89002
22 8 17 03 07 3303.50600 12.20998000 268.99883 39.78001 18.81000 198.89002
22 8 17 03 06 3299.82500 12.20998000 269.29948 39.78001 18.81000 198.89002
22 8 17 03 07 3299.82500 12.20998000 267.50002 39.78001 18.81000 198.89002
22 8 17 03 07 3299.82500 12.20998000 268.58320 39.78001 18.81000 198.89002
22 8 17 03 07 3304.15800 12.20998000 268.58320 39.78001 18.81000 198.89002
22 8 17 03 09 3300.80000 12.20998000 268.58320 39.78100 18.81000 198.89002
22 8 17 03 08 3300.80000 12.17455000 268.58320 39.78100 18.81000 198.89002
22 8 17 03 09 3300.80000 12.17455000 268.58320 39.80000 18.81000 198.89002
22 8 17 03 10 3308.99800 12.33660000 268.58320 39.80000 18.81000 198.89002
22 8 17 03 10 3309.00000 12.33660000 268.00000 39.80000 18.81000 198.89002
22 8 17 03 10 3308.99800 12.33660000 268.00000 39.80000 18.81000 198.89002
22 8 17 03 11 3305.16400 12.33660000 268.00000 39.80000 18.81000 198.00000
22 8 17 03 11 3309.00000 12.33660000 267.99999 39.80001 18.81000 198.00000
22 8 17 03 11 3306.08500 12.33660000 268.00000 39.80000 18.81000 198.00000
22 8 17 03 12 3306.08500 12.33660000 268.00000 39.78100 18.81000 198.00000
22 8 17 03 12 3304.38500 12.33660000 268.00000 39.78100 18.81000 198.00000
22 8 17 03 13 3304.16200 12.33660000 268.00000 39.78099 18.81000 197.99990
22 8 17 03 13 3304.38800 12.33660000 268.00000 39.78099 18.81000 197.99990
22 8 17 03 13 3304.38500 12.33660000 268.00000 39.78099 18.81000 199.99772
22 8 17 03 14 3308.99800 12.33660000 268.00000 39.78099 18.81000 199.99772
22 8 17 03 15 3303.00100 12.33660000 267.99999 39.73160 18.81000 199.99772
22 8 17 03 15 3309.00000 12.33660000 267.99999 39.73160 18.81000 199.99870
22 8 17 03 16 3304.50700 12.33660000 268.00000 39.73160 18.81000 199.99955
22 8 17 03 16 3304.61800 12.33660000 267.99999 39.73160 18.81000 199.99968
22 8 17 03 16 3308.97400 12.33660000 268.00000 40.17491 18.81000 199.99958
22 8 17 03 16 3308.96900 12.33660000 267.99999 40.17491 18.81000 199.99956
22 8 17 03 17 3304.73300 12.33660000 267.99999 40.17698 18.81000 199.99956
22 8 17 03 17 3308.97400 12.33660000 267.99997 40.17698 18.81000 199.99956
22 8 17 03 18 3304.73200 12.33660000 267.99997 40.17698 18.81000 199.99956
22 8 17 03 19 3308.97400 12.33660000 267.99996 40.17698 18.81000 199.99956
22 8 17 03 19 3300.00000 12.33660000 268.00000 39.73162 18.81000 199.99956
22 8 17 03 19 3300.56600 12.17580000 268.00000 39.73162 18.81000 199.99956
22 8 17 03 20 3300.53900 12.17580000 268.00000 39.73160 18.81000 199.99956
22 8 17 03 20 3300.53900 12.17580000 268.00000 39.73159 18.81000 199.99956
22 8 17 03 20 3300.00000 12.17580000 268.00000 39.73160 18.81000 199.99956
22 8 17 03 22 3299.50700 12.17580000 268.00000 39.73160 18.81000 199.99956
22 8 17 03 21 3299.50700 12.17580000 268.00000 39.73160 18.81000 199.99956
22 8 17 03 22 3300.00000 12.17580000 267.99991 39.73160 18.81000 199.99956
22 8 17 03 22 3299.99900 12.17580000 268.00000 39.73160 18.81000 199.99956
22 8 17 03 22 3298.66800 12.17580000 268.00000 39.73160 18.81000 199.99956
22 8 17 03 23 3300.00000 12.17580000 268.00000 39.73160 18.81000 199.99956
22 8 17 03 23 3300.00000 12.17580000 267.84547 39.73160 18.81000 199.99956
22 8 17 03 25 3300.00000 12.17580000 267.84547 39.73160 18.81000 199.99956
22 8 17 03 24 3300.00300 12.17580000 267.84518 39.73160 18.81000 199.99956
22 8 17 03 25 3300.00000 12.17580000 267.82400 39.73160 18.81000 199.99956
22 8 17 03 25 3294.00000 12.17580000 267.84546 39.73160 18.81000 199.99956
22 8 17 03 26 3300.00000 12.17580000 267.59236 39.73160 18.81000 199.99956
22 8 17 03 26 3298.79500 12.17580000 267.84547 39.73160 18.81000 199.99956
22 8 17 03 26 3298.79500 12.17580000 267.84546 39.73160 18.81000 199.99956
22 8 17 03 27 3296.86700 12.17455000 267.84547 39.73160 18.81000 199.99956
22 8 17 03 27 3296.86700 12.17455000 267.84546 39.73160 18.81000 198.00251
22 8 17 03 28 3296.74400 12.17455000 267.84541 39.73160 18.81000 198.00261
22 8 17 03 28 3296.74400 12.17454000 267.84539 39.73160 18.81000 198.00271
22 8 17 03 28 3290.00000 12.17454000 267.84539 39.79000 18.81000 198.00259
22 8 17 03 29 3268.00300 12.17454000 267.84544 39.79000 18.81000 198.00152
22 8 17 03 29 3280.03300 12.17454000 267.84544 39.73160 18.81000 198.00152
22 8 17 03 30 3280.00000 12.17454000 267.84544 39.73160 18.81000 198.00152
22 8 17 03 30 3286.02000 12.17454000 267.83822 39.73160 18.81000 198.00152
22 8 17 03 30 3280.00000 12.17454000 267.84546 39.73160 18.81000 198.00153
22 8 17 03 31 3294.57300 12.17454000 267.84544 39.73161 18.81000 198.00010
22 8 17 03 31 3294.57300 12.17454000 267.84544 39.73161 18.81000 199.99986
22 8 17 03 32 3299.00000 12.17454000 267.84547 39.73162 18.81000 199.99986
22 8 17 03 32 3299.00000 12.17454000 267.05185 39.73162 18.81000 199.99778
22 8 17 03 33 3299.00000 12.17454000 267.74317 39.73162 18.81000 198.00010
22 8 17 03 33 3299.00000 12.17454000 267.84547 39.73160 18.81000 197.99996
22 8 17 03 34 3299.00000 12.17454000 267.84546 39.99997 18.81000 198.00010
22 8 17 03 34 3299.00000 12.17454000 267.00000 39.54992 18.81000 198.00010
22 8 17 03 34 3299.00000 12.17454000 266.99000 39.43793 18.81000 198.00007
22 8 17 03 35 3299.00000 12.17454000 266.24350 39.46000 18.81000 198.00007
22 8 17 03 35 3299.00000 12.17454000 267.07548 39.46000 18.81000 198.00007
22 8 17 03 36 3299.00000 12.17454000 267.84441 39.46000 18.81000 198.00007
22 8 17 03 36 3296.97800 12.17454000 267.84441 39.46000 18.81000 198.00007
22 8 17 03 36 3275.03400 12.17454000 267.84339 39.62649 18.81000 198.00010
22 8 17 03 37 3296.86700 12.16000000 267.07549 39.62648 18.81000 198.00010
22 8 17 03 37 3292.32700 12.16000000 267.59531 39.62647 18.81000 198.00010
22 8 17 03 38 3268.20000 12.16000000 267.59530 39.62647 18.81000 198.00010
22 8 17 03 38 3268.20000 12.16000000 267.84130 39.63040 18.81000 198.00010
22 8 17 03 39 3268.30000 12.16000000 267.84130 39.62647 18.81000 197.63467
22 8 17 03 39 3285.91400 12.28225000 267.84128 39.62647 18.81000 196.94351
22 8 17 03 39 3280.50100 12.28225000 267.84128 39.62647 18.81000 196.94477
22 8 17 03 40 3280.50100 12.28225000 267.84128 39.62647 18.81000 196.94477
22 8 17 03 41 3280.50100 12.28225000 267.49134 39.62647 18.81000 196.86292
22 8 17 03 41 3280.50000 12.16000000 266.24350 39.62647 18.81000 196.25234
22 8 17 03 41 3285.39600 12.16000000 266.25700 39.62648 18.81000 196.25234
22 8 17 03 42 3285.39000 12.16000000 267.39999 39.99465 18.81000 196.17178
22 8 17 03 42 3280.50000 12.16000000 266.62200 39.99465 18.81000 196.17178
22 8 17 03 42 3280.50000 12.16000000 266.62200 39.99465 18.81000 196.25255
22 8 17 03 43 3280.49900 12.16000000 266.24350 39.99465 18.81000 196.25255
22 8 17 03 43 3280.40300 12.16000000 266.20000 39.99465 18.81000 196.25251
22 8 17 03 44 3280.49900 12.16000000 265.95600 39.99465 18.81000 196.25047
22 8 17 03 44 3280.50000 12.16000000 265.95599 39.99465 18.81000 196.25047
22 8 17 03 45 3280.50000 12.16000000 265.26621 39.99465 18.81000 196.25047
22 8 17 03 45 3280.49900 12.16000000 265.01000 39.99465 18.80422 196.25047
22 8 17 03 45 3280.49800 12.16000000 265.00000 39.99465 18.80001 196.25047
22 8 17 03 46 3270.00000 12.16000000 264.89992 39.99465 18.80000 196.17176
22 8 17 03 46 3280.49700 12.16000000 264.00000 39.62649 18.80000 195.56118
22 8 17 03 47 3270.11800 12.16000000 264.00001 39.62649 18.80422 193.25584
22 8 17 03 47 3276.80000 12.16000000 264.33898 39.62649 18.80000 192.29106
22 8 17 03 48 3274.36500 12.16000000 264.33897 39.62649 18.80000 192.29106
22 8 17 03 48 3274.36500 12.16000000 264.33897 39.62649 18.80000 192.29106
22 8 17 03 48 3280.00000 12.16000000 264.33897 39.62649 18.80000 192.29106
22 8 17 03 49 3270.00000 12.16000000 264.33896 39.62649 18.80000 192.29106
22 8 17 03 49 3270.00000 12.16000000 264.00798 39.62650 18.80000 192.29106
22 8 17 03 50 3268.40300 12.16000000 264.00000 39.62650 18.80000 192.29106
22 8 17 03 50 3270.11700 12.16000000 264.00000 39.62647 18.80000 192.29106
22 8 17 03 51 3270.11700 12.16000000 264.33876 39.97998 18.80000 192.29106
22 8 17 03 51 3270.49700 12.16000000 264.50000 39.62649 18.80000 192.29106
22 8 17 03 51 3270.12000 12.16000000 264.85400 39.62647 18.80000 192.29106
22 8 17 03 52 3268.00300 12.16000000 264.54000 39.62647 18.80000 195.56077
22 8 17 03 52 3268.00300 12.16000000 264.54000 39.97886 18.80000 195.56077
22 8 17 03 53 3280.00000 12.16000000 264.50027 39.97886 18.77000 195.56077
22 8 17 03 53 3273.98200 12.16000000 264.50000 39.62647 18.77000 195.56077
22 8 17 03 53 3273.98200 12.16000000 265.08239 39.62647 18.77000 195.56077
22 8 17 03 54 3279.99000 12.16000000 264.54001 39.62647 18.77000 195.56077
22 8 17 03 54 3273.98200 12.16000000 265.08238 39.62647 18.77000 195.56077
22 8 17 03 55 3274.09100 12.16000000 265.08239 39.62647 18.77000 195.56077
22 8 17 03 55 3274.09300 12.16000000 265.11212 39.62647 18.66638 196.83020
22 8 17 03 56 3274.00100 12.16000000 265.11212 39.62647 18.66638 196.83020
22 8 17 03 56 3274.00000 12.16000000 265.08266 39.62647 18.66638 196.83020
22 8 17 03 56 3273.98200 12.16000000 265.61414 39.62647 18.66638 196.83020
22 8 17 03 57 3273.98200 12.16000000 265.98369 39.97362 18.66638 192.29000
22 8 17 03 57 3273.98200 12.16000000 265.98369 39.97362 18.66638 198.37783
22 8 17 03 58 3273.87100 12.16000000 265.70001 39.97362 18.66638 196.83191
22 8 17 03 58 3273.87100 12.16000000 265.69994 39.97362 18.66638 196.83191
22 8 17 03 59 3269.13200 12.16000000 264.79800 39.97362 18.66638 198.37738
22 8 17 03 59 3266.84800 12.16000000 264.79792 39.97362 18.66638 198.37738
22 8 17 03 59 3266.84800 12.15300000 264.79792 39.97362 18.66638 198.37738
22 8 17 04 00 3266.84800 12.05000000 263.79000 39.97362 18.66638 192.29000
22 8 17 04 00 3269.12100 12.05000000 264.54001 39.62647 18.54993 192.29000
22 8 17 04 01 3266.99900 12.05000000 264.54001 39.62647 18.40000 192.28894
22 8 17 04 01 3269.12000 12.05000000 264.00000 39.62647 18.46000 192.28894
22 8 17 04 02 3269.12400 12.05000000 263.79000 39.62647 18.77000 192.28990
22 8 17 04 02 3271.68700 12.24016000 263.99998 39.62647 18.77000 192.28990
22 8 17 04 02 3269.12000 12.24016000 263.79000 39.62647 18.77000 192.28990
22 8 17 04 03 3269.12000 12.24016000 263.79000 39.62647 18.48173 192.28990
22 8 17 04 04 3269.05000 12.24016000 263.99979 39.62647 18.48173 192.28990
22 8 17 04 04 3269.05000 12.24016000 263.79026 39.62647 18.48173 192.28990
22 8 17 04 04 3269.04900 12.24016000 263.79000 39.60000 18.48173 192.28990
22 8 17 04 05 3264.23200 12.05000000 263.11075 39.60000 18.48173 192.28990
22 8 17 04 05 3264.39100 12.01101000 263.05000 39.60000 18.48173 192.28990
22 8 17 04 05 3260.00000 12.01101000 262.88800 39.96499 18.74335 192.28990
22 8 17 04 06 3259.99600 12.01101000 262.17000 39.96496 18.74335 192.28990
22 8 17 04 07 3247.51000 12.01101000 262.45461 39.40000 18.74335 192.28990
22 8 17 04 07 3246.56200 12.01101000 261.99986 39.40003 18.74335 198.37393
22 8 17 04 07 3242.00000 12.01101000 261.50000 39.40000 18.74335 198.37393
22 8 17 04 08 3245.00000 12.01101000 261.30025 39.40000 18.74335 198.37393
22 8 17 04 08 3235.00000 12.01101000 261.18000 39.40000 18.74335 198.37393
22 8 17 04 08 3222.23000 12.01101000 261.14725 39.40106 18.74335 198.37393
22 8 17 04 09 3217.00100 12.01101000 261.01111 39.40106 18.74335 198.37393
22 8 17 04 09 3231.99600 12.01101000 261.14698 39.40106 18.74335 198.37393
22 8 17 04 10 3231.88800 12.01101000 260.49601 39.96284 18.74335 198.37393
22 8 17 04 11 3231.99600 12.01101000 260.14500 39.78496 18.74335 198.37393
22 8 17 04 11 3215.71500 12.01101000 260.10000 39.78496 18.74335 198.37393
22 8 17 04 11 3213.31000 12.01100000 259.35000 39.78496 18.74335 198.37393
22 8 17 04 11 3213.31900 12.01100000 259.05769 39.78386 18.74335 198.37393
22 8 17 04 13 3215.71100 12.01100000 259.00014 39.40014 18.74335 198.37393
22 8 17 04 12 3215.70800 12.01100000 259.00003 39.40014 18.74335 198.37393
22 8 17 04 13 3215.70800 12.01100000 259.34973 39.40014 18.74335 198.37393
22 8 17 04 14 3226.70900 12.01100000 259.34972 39.40014 18.74335 198.37393
22 8 17 04 14 3217.00000 12.01100000 259.34972 39.40014 18.74335 198.37393
22 8 17 04 14 3217.00000 12.01100000 259.34958 39.40014 18.74335 198.37393
22 8 17 04 14 3225.00000 12.01100000 259.34972 39.40014 18.74335 198.37393
22 8 17 04 15 3217.12300 12.01100000 259.00000 39.40014 18.74335 198.37393
22 8 17 04 15 3217.12300 12.01100000 259.34855 39.40014 18.74335 198.37393
22 8 17 04 16 3225.00000 12.01100000 259.83989 39.40014 18.74335 198.37393
22 8 17 04 17 3217.90000 12.01100000 259.83990 39.40014 18.71657 190.11209
22 8 17 04 17 3224.53000 12.01100000 259.99992 39.40014 18.71657 190.11209
22 8 17 04 17 3224.53000 12.01100000 260.16335 39.40014 18.71657 190.11000
22 8 17 04 17 3226.70700 12.01100000 259.60790 39.40014 18.71657 190.11000
22 8 17 04 18 3220.00000 12.01100000 260.00000 39.40014 18.38740 190.11000
22 8 17 04 18 3226.70500 12.00010000 260.16542 39.40014 18.36437 190.11000
22 8 17 04 19 3225.96800 12.00010000 260.16542 39.40014 18.36437 190.11000
22 8 17 04 19 3224.52900 12.00010000 260.48949 39.40014 18.36318 190.11000
22 8 17 04 20 3219.00100 12.00010000 260.48949 39.40014 18.36318 190.11000
22 8 17 04 20 3226.70200 12.00010000 260.48949 39.40014 18.71429 190.11000
22 8 17 04 20 3221.99000 12.00010000 260.48940 39.40014 18.36318 190.11000
22 8 17 04 21 3219.00200 12.00010000 260.48937 39.40014 18.36318 190.11000
22 8 17 04 21 3217.16700 12.00010000 260.55500 39.40014 18.36318 190.11000
22 8 17 04 22 3221.98900 12.00000000 260.55500 39.40014 18.36318 190.11000
22 8 17 04 22 3217.12200 12.00000000 260.00000 39.40014 18.36318 190.11000
22 8 17 04 23 3210.22200 12.00000000 260.00000 39.78281 18.36318 190.11000
22 8 17 04 23 3210.21000 12.00000000 259.00000 39.78281 18.35730 190.11000
22 8 17 04 23 3205.00000 12.01000000 259.00000 39.78281 18.51289 190.11000
22 8 17 04 24 3204.00000 12.01000000 258.99999 39.78281 18.51289 190.11000
22 8 17 04 24 3201.49900 12.01000000 258.99999 39.78280 18.33197 190.11000
22 8 17 04 25 3205.00000 12.01000000 259.02546 39.78280 18.33197 190.11000
22 8 17 04 25 3200.00000 12.01000000 258.12300 39.78280 18.33197 190.11000
22 8 17 04 26 3202.18300 12.01000000 258.00000 39.78280 18.33197 190.11000
22 8 17 04 27 3201.01000 12.01000000 258.00112 39.78280 18.33197 190.11000
22 8 17 04 27 3209.00000 12.01000000 258.79998 39.78280 18.33197 190.11000
22 8 17 04 27 3202.18300 12.01000000 258.79993 39.78280 18.33197 190.11000
22 8 17 04 27 3202.18400 12.01000000 258.00000 39.78280 18.33197 190.11000
22 8 17 04 28 3202.00000 12.01000000 258.00000 39.40115 18.33197 189.54000
22 8 17 04 28 3200.00000 12.01000000 258.79989 39.40115 18.39674 185.00000
22 8 17 04 29 3205.00000 12.01000000 258.00010 39.40000 18.39674 185.36592
22 8 17 04 29 3202.00000 12.10268000 258.79780 39.40000 18.32498 185.36592
22 8 17 04 29 3202.32000 12.10268000 258.18000 39.40000 18.32498 185.36592
22 8 17 04 30 3205.00000 12.10268000 258.79777 39.40000 18.32498 185.36592
22 8 17 04 30 3204.99900 12.10268000 258.79999 39.40000 18.32498 185.36592
22 8 17 04 31 3205.00000 12.10268000 258.79999 39.40000 18.32498 185.36592
22 8 17 04 31 3206.00000 12.10268000 258.00048 39.40000 18.32498 193.99909
22 8 17 04 31 3208.05600 12.10268000 258.79772 39.71487 18.31308 193.99909
22 8 17 04 32 3208.67800 12.09636000 258.79783 39.71487 18.31308 193.99909
22 8 17 04 32 3220.29900 12.09636000 258.79783 39.71487 18.31308 193.99909
22 8 17 04 33 3220.29900 12.09636000 258.79782 39.71487 18.31308 193.99909
22 8 17 04 33 3220.29900 12.09636000 258.79782 39.40000 18.31308 193.99909
22 8 17 04 34 3220.29900 12.00000000 258.79783 39.40000 18.31308 193.99909
22 8 17 04 34 3220.00000 12.00000000 258.79807 39.40000 18.29265 193.99909
22 8 17 04 34 3220.00000 12.00000000 259.19182 39.40000 18.29265 193.99909
22 8 17 04 35 3220.29800 12.00000000 259.00000 39.40000 18.27777 193.99909
22 8 17 04 35 3227.79700 12.00000000 258.79782 39.40004 18.27777 193.99909
22 8 17 04 37 3219.99900 12.00000000 258.79781 39.40004 18.27777 187.73077
22 8 17 04 36 3210.29900 12.00000000 258.79781 39.40004 18.27777 187.73077
22 8 17 04 37 3216.55500 12.00000000 257.98000 39.40000 18.27777 187.73077
22 8 17 04 37 3200.00000 11.99007000 257.56000 39.40000 18.27777 187.73077
22 8 17 04 37 3200.00000 11.99007000 257.51000 39.40001 18.27777 187.73077
22 8 17 04 38 3210.24500 11.94934000 257.51000 39.71487 18.27777 187.73077
22 8 17 04 38 3205.39200 11.94934000 257.51000 39.40000 18.22000 187.73077
22 8 17 04 39 3203.00000 11.91730000 257.51000 39.40002 18.22000 187.73077
22 8 17 04 39 3198.00000 11.86345000 257.51000 39.40003 18.22000 187.73077
22 8 17 04 40 3210.09900 11.86345000 257.51000 39.34922 18.22000 187.73077
22 8 17 04 40 3210.09900 11.85949000 257.51000 39.34817 18.22000 187.73077
22 8 17 04 40 3188.00000 11.83000000 257.51000 39.34817 18.36941 187.73077
22 8 17 04 41 3200.00100 11.83000000 257.51000 39.34817 18.36941 187.73077
22 8 17 04 41 3189.47600 11.81000000 257.51000 39.34817 18.36941 187.73077
22 8 17 04 42 3185.01200 11.76001000 257.00207 39.34817 18.36941 187.73077
22 8 17 04 42 3175.58000 11.76000000 256.41000 39.34922 18.36941 187.73077
22 8 17 04 43 3170.16700 11.76000000 256.29975 39.88863 18.36941 187.73077
22 8 17 04 43 3169.00000 11.76000000 256.29949 39.35000 18.36941 191.00000
22 8 17 04 44 3175.58000 11.76000000 255.80002 39.35000 18.36941 191.00000
22 8 17 04 44 3183.99900 11.76000000 256.00000 39.34816 18.36941 191.00000
22 8 17 04 44 3170.16700 11.76000000 255.99999 39.34817 18.36941 191.00000
22 8 17 04 45 3170.16700 11.88321000 256.29913 39.34816 18.36941 191.00000
22 8 17 04 45 3184.69000 11.75000000 255.61000 39.88662 18.36941 191.00000
22 8 17 04 46 3184.69000 11.75000000 255.80000 39.88662 18.36941 191.00000
22 8 17 04 46 3184.69000 11.75000000 255.50000 39.88662 18.21402 183.00001
22 8 17 04 46 3170.16700 11.75001000 255.79999 39.88662 18.21195 193.99939
22 8 17 04 47 3178.41500 11.75001000 255.80000 39.88662 18.21194 193.99939
22 8 17 04 48 3184.68900 11.75000000 256.80000 39.88662 18.21295 193.99939
22 8 17 04 48 3171.23500 11.75000000 256.80000 39.35023 18.21295 193.99939
22 8 17 04 49 3184.61400 11.81710000 255.50395 39.35023 18.21295 193.99939
22 8 17 04 49 3178.41000 11.81710000 256.50207 39.34816 18.10514 193.99939
22 8 17 04 49 3173.03200 11.74000000 255.56801 39.30000 18.10514 193.99939
22 8 17 04 49 3178.04000 11.74000000 256.80000 39.30000 18.10514 193.99939
22 8 17 04 50 3178.41000 11.74000000 255.80835 39.30000 18.10500 193.99939
22 8 17 04 51 3171.21500 11.74000000 256.49986 39.30000 18.10606 193.50000
22 8 17 04 51 3173.03600 11.74000000 256.50000 39.30000 18.10606 193.49990
22 8 17 04 51 3162.21300 11.81754000 256.50000 39.30000 18.20865 185.30587
22 8 17 04 52 3162.21300 11.81754000 256.49893 39.30000 18.20865 185.30587
22 8 17 04 52 3154.30000 11.81754000 256.30001 39.30000 18.20865 185.30587
22 8 17 04 52 3151.88000 11.96795000 255.50397 39.19894 18.20865 185.30587
22 8 17 04 53 3152.00000 11.75000000 255.91500 39.11996 18.20865 185.30587
22 8 17 04 53 3151.99900 11.75000000 255.40000 39.11996 18.20865 185.30587
22 8 17 04 54 3152.00000 11.75000000 255.01001 39.00000 18.20642 189.99999
22 8 17 04 54 3140.00400 11.75000000 255.00000 39.11997 18.10514 189.99999
22 8 17 04 55 3140.00000 11.75000000 255.00000 39.11997 18.10500 189.99999
22 8 17 04 55 3148.88900 11.75000000 255.00000 39.15118 18.10000 189.99999
22 8 17 04 55 3140.00000 11.75000000 254.78910 39.15118 18.10513 189.99999
22 8 17 04 56 3140.00000 11.75000000 255.00000 39.15118 18.10500 189.99999
22 8 17 04 57 3135.31200 11.75000000 254.00105 39.15118 18.10500 189.99999
22 8 17 04 57 3130.00000 11.75000000 253.60086 39.15118 18.10000 189.99999
22 8 17 04 57 3129.00000 11.75000000 253.10059 39.00000 18.10000 189.99999
22 8 17 04 58 3129.00000 11.75000000 253.00001 39.00000 18.10000 189.99999
22 8 17 04 58 3119.68200 11.75000000 252.80665 39.00000 18.10000 186.00000
22 8 17 04 59 3128.00000 11.74207000 252.80000 39.00000 18.10000 186.00000
22 8 17 04 59 3127.88900 11.74003000 252.80000 39.00000 18.10000 186.00000
22 8 17 05 00 3115.00000 11.74000000 252.80000 39.00000 18.10000 186.00000
22 8 17 05 00 3115.00000 11.74000000 252.80000 39.00000 18.05030 186.00000
22 8 17 05 01 3110.15000 11.60000000 252.80000 39.00000 18.05000 186.00000
22 8 17 05 00 3114.50900 11.57004000 252.80000 39.00000 18.05000 186.00000
22 8 17 05 01 3106.00000 11.69722000 252.65000 39.00000 18.01000 188.00000
22 8 17 05 01 3103.00000 11.69722000 252.45000 39.00000 18.00000 188.00000
22 8 17 05 03 3101.20000 11.72760000 252.05000 39.15117 18.01000 188.00000
22 8 17 05 02 3104.27300 11.72760000 252.10000 39.15117 17.44474 188.00000
22 8 17 05 03 3089.99800 11.73906000 252.05000 39.15117 17.34499 188.00000
22 8 17 05 03 3083.00000 11.73906000 252.00000 39.00000 17.23000 188.00000
22 8 17 05 04 3082.00000 11.73906000 252.00000 39.00000 17.23000 188.00000
22 8 17 05 04 3080.99900 11.73906000 251.77000 39.00000 17.99199 182.58000
22 8 17 05 04 3089.88700 11.57004000 251.03000 39.15113 17.99199 182.57793
22 8 17 05 05 3089.99700 11.57003000 251.09993 39.00000 17.99199 182.57793
22 8 17 05 05 3089.99900 11.56002000 251.09999 39.10000 17.23000 182.57793
22 8 17 05 06 3090.00000 11.56000000 251.09992 39.10000 17.23000 182.57793
22 8 17 05 06 3092.28000 11.56000000 251.00001 39.00000 17.23000 180.51207
22 8 17 05 07 3101.00000 11.56000000 251.00000 39.00000 17.41904 182.57782
22 8 17 05 07 3101.00000 11.56000000 251.00000 39.00000 17.41798 182.57782
22 8 17 05 07 3101.00000 11.64523519 252.00000 38.99986 17.41697 182.57782
22 8 17 05 08 3105.27000 11.66000000 253.00000 39.00000 17.41697 181.54448
22 8 17 05 08 3114.62000 11.66000000 253.00000 38.98000 17.41889 181.54448
22 8 17 05 10 3148.79900 11.66000000 253.00000 39.00000 17.41901 180.00000
22 8 17 05 09 3156.89500 11.66000000 254.99977 38.98000 17.41903 181.99986
22 8 17 05 10 3156.89500 11.66000000 255.37891 38.98000 17.41696 181.99990
22 8 17 05 10 3156.89900 11.66000000 256.57828 39.00000 17.41696 181.99894
22 8 17 05 10 3156.89900 11.51001000 256.57722 39.00000 17.41889 181.99894
22 8 17 05 11 3157.54600 11.67570000 258.00000 38.94000 17.41797 181.99985
22 8 17 05 11 3157.54600 11.62499000 257.00000 38.94000 17.41900 182.00000
22 8 17 05 12 3157.54600 11.91127000 257.00232 38.94000 17.41903 181.99894
22 8 17 05 12 3160.00000 11.91221000 256.74531 38.94000 17.41903 182.00000
22 8 17 05 13 3170.99700 11.91221000 257.00000 38.94000 17.20000 180.00003
22 8 17 05 13 3157.54600 11.91221000 256.57828 38.94000 17.20000 181.99792
22 8 17 05 14 3160.00000 11.91221000 256.57828 38.94000 17.20000 182.00000
22 8 17 05 14 3140.30100 11.91221000 255.47217 38.94000 17.41894 181.99990
22 8 17 05 14 3140.10100 11.91221000 255.37000 38.94000 17.41894 181.99990
22 8 17 05 15 3145.00000 11.91221000 255.14200 38.94000 17.41798 181.99990
22 8 17 05 15 3149.76700 11.91221000 254.99977 38.85739 17.27788 181.99990
22 8 17 05 16 3149.76700 11.91221000 255.14200 38.85000 17.27788 181.99990
22 8 17 05 17 3149.76600 11.51332000 255.39980 38.94000 17.41697 181.99986
22 8 17 05 17 3151.72000 11.52000000 255.39980 38.93793 17.41904 182.00000
22 8 17 05 17 3151.40400 11.52000000 255.99985 38.93793 17.41903 181.99894
22 8 17 05 17 3158.00000 11.52000000 255.36998 38.75000 17.41904 181.99793
22 8 17 05 18 3172.37000 11.52000000 256.00000 38.72500 17.41904 181.99894
22 8 17 05 19 3172.37000 11.81538000 256.85099 38.72500 17.27000 181.99969
22 8 17 05 19 3185.01100 11.81538000 256.20000 38.80381 17.27000 181.99960
22 8 17 05 19 3180.00000 11.81536000 256.85099 38.94000 17.27000 182.00000
22 8 17 05 20 3185.01100 11.81536000 256.85099 38.94000 17.27000 181.99894
22 8 17 05 20 3185.01100 11.81536000 257.00000 38.94000 17.27000 182.00000
22 8 17 05 21 3185.01100 11.81536000 257.00000 38.94000 17.27000 182.00000
22 8 17 05 21 3185.01100 11.52239000 257.00026 38.94000 17.53008 182.00000
22 8 17 05 21 3185.01100 11.52239000 256.72350 38.94000 17.53008 182.00000
22 8 17 05 22 3185.01100 11.52239000 257.28200 38.94000 17.53240 182.63374
22 8 17 05 22 3185.01100 11.52239000 257.89365 38.94000 17.53226 182.00213
22 8 17 05 23 3190.00100 11.52239000 257.60000 38.94000 17.53226 182.00213
22 8 17 05 23 3191.72000 11.52239000 257.89365 38.94000 17.53226 182.00315
22 8 17 05 23 3191.00000 11.52239000 257.89365 38.94000 17.74183 182.00315
22 8 17 05 24 3197.72000 11.52239000 258.50744 39.00000 17.74183 182.00315
22 8 17 05 24 3194.43500 11.74198000 259.21271 39.00000 17.74183 182.00523
22 8 17 05 25 3190.00000 11.70000000 259.21165 39.14908 17.74183 182.00533
22 8 17 05 26 3190.00000 11.80896000 259.21271 39.14908 17.74183 182.00526
22 8 17 05 26 3190.00000 11.80896000 259.00000 38.71465 17.74183 182.00526
22 8 17 05 26 3185.01100 11.70000000 259.00000 38.71465 17.74183 182.00526
22 8 17 05 26 3188.00000 11.70000000 259.00000 38.71465 17.74183 182.00526
22 8 17 05 27 3185.00000 11.70000000 258.55847 38.99998 17.74183 188.86696
22 8 17 05 28 3182.96600 11.70000000 258.00000 38.99998 17.74183 182.63370
22 8 17 05 28 3172.37000 11.70000000 257.56198 38.99998 17.53442 188.86686
22 8 17 05 28 3172.96600 11.76577000 257.00000 38.99998 17.54000 182.63370
22 8 17 05 29 3172.96500 11.76577000 256.20014 38.99998 17.54000 190.99968
22 8 17 05 29 3170.00000 11.76577000 256.98370 38.99998 17.54207 183.00000
22 8 17 05 29 3170.00000 11.76577000 256.98370 38.99998 17.54000 183.00000
22 8 17 05 30 3170.01000 11.76577000 256.98363 38.99998 17.54000 190.99851
22 8 17 05 31 3170.68700 11.76369000 256.99993 38.99998 17.54014 182.99999
22 8 17 05 31 3170.68700 11.76369000 255.50024 38.99995 17.54015 183.00000
22 8 17 05 31 3172.34300 11.76369000 256.50000 38.99995 17.54107 183.00000
22 8 17 05 32 3167.00000 11.76369000 256.98369 38.99995 17.54106 183.00000
22 8 17 05 32 3169.00000 11.76369000 256.98369 38.99995 17.54207 183.00000
22 8 17 05 32 3169.00000 11.76369000 256.98368 38.99888 17.50000 183.00000
22 8 17 05 33 3167.87600 11.76369000 256.98368 38.99888 17.27209 183.00000
22 8 17 05 33 3167.87500 11.76366000 256.98369 38.99888 17.50003 187.32979
22 8 17 05 34 3166.99900 11.76366000 256.98369 38.99888 17.50003 194.49352
22 8 17 05 34 3155.11100 11.76365000 256.98369 38.99888 17.50003 194.49352
22 8 17 05 35 3150.00000 11.76365000 255.60000 38.99886 17.50003 196.42199
22 8 17 05 35 3154.03400 11.70212000 256.49974 38.72001 17.50003 196.42199
22 8 17 05 35 3154.68400 11.70210000 256.49974 38.72001 17.50003 196.42199
22 8 17 05 36 3155.00000 11.70209000 256.00000 38.72001 17.50003 196.42199
22 8 17 05 36 3159.82700 11.70208000 256.49974 38.72001 17.50003 196.42199
22 8 17 05 37 3166.97900 11.70210000 256.49974 38.72001 17.50003 196.42199
22 8 17 05 37 3167.00000 11.70210000 256.49974 38.72001 17.50003 196.42199
22 8 17 05 38 3165.89700 11.70210000 256.50000 38.72000 17.49998 196.42199
22 8 17 05 38 3167.00000 11.70210000 256.50000 38.72000 17.49892 196.42199
22 8 17 05 39 3167.00000 11.70210000 256.50000 38.72000 17.49985 196.42199
22 8 17 05 39 3167.00000 11.70210000 256.50000 38.72000 17.49999 196.42199
22 8 17 05 39 3166.99900 11.70016000 256.50000 38.72000 17.49999 196.42199
22 8 17 05 40 3167.00000 11.70101000 256.98132 38.72000 17.49999 196.42199
22 8 17 05 40 3172.15900 11.70098000 257.89999 38.70000 17.49999 196.42199
22 8 17 05 41 3173.00000 11.70098000 257.99999 38.72000 17.49792 196.42199
22 8 17 05 41 3174.99900 11.70016000 257.99999 38.72000 17.49793 196.42199
22 8 17 05 41 3175.00000 11.70016000 257.99999 38.72001 17.49793 183.20002
22 8 17 05 42 3175.00000 11.70016000 257.99999 39.39998 17.49793 183.20002
22 8 17 05 42 3180.00000 11.70016000 257.99999 39.39998 17.49793 183.20002
22 8 17 05 43 3175.10000 11.70016000 257.99999 39.10000 17.49793 183.20002
22 8 17 05 43 3183.06300 11.70016000 257.99999 39.10000 17.49893 183.20002
22 8 17 05 44 3189.99900 11.70016000 257.99999 39.10000 17.49893 183.20002
22 8 17 05 44 3191.23600 11.70016000 257.99999 39.39983 17.49893 183.20002
22 8 17 05 44 3190.00000 11.70016000 257.99999 39.39983 17.49893 194.00000
22 8 17 05 45 3180.00000 11.70016000 258.60000 39.09997 17.49893 194.00000
22 8 17 05 46 3177.00000 11.70016000 260.00000 39.09997 17.49893 194.00000
22 8 17 05 46 3180.00000 11.76138000 260.00000 39.09997 17.49893 194.00000
22 8 17 05 46 3189.99900 11.75934000 259.00000 38.79002 17.49893 194.00000
22 8 17 05 47 3183.06300 11.75934000 259.00001 38.79002 17.49893 183.20005
22 8 17 05 47 3183.06300 11.75933000 259.00000 38.79002 17.49893 183.20005
22 8 17 05 47 3192.39900 11.75933000 259.00000 38.79999 17.49893 183.20005
22 8 17 05 48 3190.00000 11.75933000 259.00000 39.09997 17.49893 183.20005
22 8 17 05 48 3189.00000 11.75933000 259.99574 38.79000 17.49893 183.20005
22 8 17 05 49 3186.40500 11.70019000 259.00001 39.39780 17.49893 183.20005
22 8 17 05 49 3186.40500 11.70019000 259.67721 39.09997 17.49793 183.20005
22 8 17 05 49 3186.40500 11.70019000 259.67721 39.09997 17.49894 183.20005
22 8 17 05 50 3186.40500 11.70017000 259.67721 39.39778 17.49894 183.20005
22 8 17 05 50 3184.00000 11.70122000 258.60258 39.39778 17.49894 183.20209
22 8 17 05 51 3186.40500 11.70122000 259.10000 39.39775 17.49894 193.00000
22 8 17 05 51 3191.12200 11.70122000 259.00000 39.39775 17.49791 192.99792
22 8 17 05 52 3186.40500 11.70018000 259.00000 38.79001 17.49893 192.99772
22 8 17 05 53 3191.82300 11.70224000 259.98842 38.79001 17.49983 192.99772
22 8 17 05 53 3200.00000 11.70224000 259.98828 38.79001 17.49993 192.99772
22 8 17 05 54 3206.60500 11.70000000 259.00000 39.00000 17.50000 192.99772
22 8 17 05 53 3200.50900 11.70023000 259.00000 39.00000 17.49983 192.20199
22 8 17 05 54 3205.00000 11.70023000 259.98629 39.00000 17.49997 192.20199
22 8 17 05 55 3200.00000 11.88428000 259.10000 39.00000 17.50000 192.20199
22 8 17 05 55 3205.00000 11.88428000 259.98628 39.01000 17.50000 192.20199
22 8 17 05 55 3204.93500 11.88110000 259.98614 39.01000 17.50000 192.20199
22 8 17 05 56 3205.00000 11.88110000 259.16600 39.01001 17.50000 187.99989
22 8 17 05 56 3204.00000 11.88110000 259.99467 39.01001 17.50000 187.99989
22 8 17 05 56 3205.93500 11.88109000 259.90000 39.01001 17.50000 187.99989
22 8 17 05 57 3205.00000 11.88109000 259.90000 39.01001 17.50000 188.00000
22 8 17 05 57 3205.00000 11.88109000 259.99467 39.01003 17.50000 187.99986
22 8 17 05 59 3209.59900 11.87896000 259.99467 39.01003 17.50000 187.99986
22 8 17 05 58 3214.90000 11.87901000 260.96693 39.01003 17.50000 187.99986
22 8 17 05 59 3214.90000 11.87901000 261.00000 39.01003 17.50000 187.99986
22 8 17 05 59 3215.00000 11.87901000 261.00000 39.01003 17.73700 191.99682
22 8 17 05 59 3215.00000 11.87901000 261.04460 39.01003 17.73700 191.99682
22 8 17 06 01 3217.80500 11.87901000 261.04460 39.01003 17.73700 191.99682
22 8 17 06 00 3215.60000 11.87901000 261.04460 39.01003 17.73700 191.99682
22 8 17 06 01 3226.00000 11.87901000 261.04253 39.01003 17.73700 191.99682
22 8 17 06 01 3232.40000 11.87779000 261.04460 39.01318 17.73700 191.99682
22 8 17 06 02 3223.31300 11.87779000 261.04460 39.01318 17.50106 190.00000
22 8 17 06 02 3232.40000 11.87901000 261.04460 39.40000 17.73719 190.00000
22 8 17 06 02 3230.09900 11.87901000 261.39125 39.40000 17.73719 190.00000
22 8 17 06 03 3238.00000 11.87901000 261.76824 39.40000 17.73719 190.00000
22 8 17 06 03 3232.40000 11.87901000 263.31610 39.40000 17.87967 190.00000
22 8 17 06 04 3248.99500 11.87901000 263.79370 39.40000 17.87967 189.99999
22 8 17 06 04 3248.99500 11.87985000 264.01606 39.40000 17.87967 188.00000
22 8 17 06 05 3240.00000 11.87985000 266.36004 39.42000 17.74000 188.00000
22 8 17 06 05 3248.99500 11.87985000 266.00014 39.40000 17.74000 188.00000
22 8 17 06 06 3248.99500 11.88640306 266.00000 39.40000 17.87967 188.00000
22 8 17 06 06 3255.14200 11.91885000 266.00000 39.40000 17.87967 188.00000
22 8 17 06 06 3248.90000 11.91885000 265.49999 39.40000 17.87967 188.00000
22 8 17 06 07 3248.99500 11.91885000 265.49999 39.40000 17.87967 188.00000
22 8 17 06 07 3255.14300 11.91885000 265.00000 39.40000 17.87967 185.10106
22 8 17 06 08 3255.00000 11.91885000 265.00000 39.42000 17.87967 185.10106
22 8 17 06 08 3255.00000 12.12421000 265.93585 39.42000 17.87967 185.10106
22 8 17 06 08 3250.00000 12.12421000 265.89000 39.42000 17.87967 187.99979
22 8 17 06 09 3255.03000 12.12216000 264.78471 39.42000 17.87967 187.99999
22 8 17 06 09 3255.03000 12.12216000 265.93599 39.44542 17.87967 187.99999
22 8 17 06 10 3258.20000 12.12216000 264.34000 39.44542 17.87967 187.99999
22 8 17 06 10 3254.58900 12.12216000 264.11057 39.44542 17.87967 185.10106
22 8 17 06 10 3258.19900 12.12216000 264.78471 39.44542 17.87967 185.10105
22 8 17 06 11 3255.03000 11.92039000 265.49996 39.44752 17.87967 187.99979
22 8 17 06 11 3255.03000 11.92039000 265.00001 39.44738 17.87967 187.99979
22 8 17 06 12 3255.46600 11.92039000 265.00000 39.44752 17.87967 185.10020
22 8 17 06 13 3255.00000 11.91888000 264.55001 39.44752 17.87967 185.10020
22 8 17 06 13 3255.14000 11.91888000 264.21000 39.44752 17.87967 185.10020
22 8 17 06 13 3255.03000 11.91888000 264.11056 39.44752 17.87967 185.10020
22 8 17 06 14 3255.03000 11.92041000 264.21000 39.44752 17.87967 185.10020
22 8 17 06 14 3261.10000 11.92041000 264.11056 39.44752 17.87967 185.10020
