13 8 17 00 00 3293.00000 12.49999000 262.29900 39.32907 19.37215 190.96499
13 8 17 00 01 3294.00000 12.49999000 262.39900 39.32907 19.37737 190.96499
13 8 17 00 03 3293.00000 12.49999000 262.30000 39.32380 19.37419 193.99758
13 8 17 00 01 3293.00000 12.45109000 262.29916 39.32380 19.37419 193.99758
13 8 17 00 02 3293.00000 12.45109000 262.16640 39.32380 19.37737 193.99758
13 8 17 00 02 3293.00000 12.49999000 263.28000 39.32380 19.37419 193.99758
13 8 17 00 02 3294.98000 12.45618000 262.00210 39.32380 19.37215 193.99758
13 8 17 00 03 3293.98900 12.49999000 262.00000 39.32279 19.37419 193.99771
13 8 17 00 03 3294.98000 12.49999000 261.71000 39.32179 19.37215 192.10001
13 8 17 00 04 3293.76500 12.49999000 262.00000 39.32587 19.37215 193.99771
13 8 17 00 04 3290.00000 12.49999000 262.16623 39.31972 19.37215 193.99771
13 8 17 00 05 3293.00000 12.49999000 262.00000 39.31972 19.37215 193.99771
13 8 17 00 05 3286.99200 12.49999000 262.00000 39.31972 19.37215 193.99771
13 8 17 00 06 3286.99200 12.45618000 262.16623 39.32173 19.37215 193.99758
13 8 17 00 06 3290.00000 12.49999000 262.16623 39.31972 19.37737 193.99771
13 8 17 00 06 3290.00000 12.49999000 261.71003 39.31972 19.37215 193.99771
13 8 17 00 07 3290.00000 12.49999000 262.30000 39.32587 19.37419 193.99758
13 8 17 00 07 3292.00000 12.49999000 261.71003 39.31866 19.37215 193.99771
13 8 17 00 08 3290.20300 12.49999000 262.39900 39.06084 19.37215 193.99771
13 8 17 00 08 3294.98000 12.49999000 262.00000 39.06084 19.37737 193.99771
13 8 17 00 08 3292.00000 12.45618000 262.00000 39.05769 19.37419 193.99758
13 8 17 00 09 3293.79000 12.49999000 261.06118 39.05769 19.37215 193.99771
13 8 17 00 10 3290.31700 12.49999000 262.00000 39.05769 19.37215 193.99771
13 8 17 00 10 3290.00000 12.45618000 261.06118 39.31656 19.37215 193.99792
13 8 17 00 10 3293.89600 12.49999000 262.00000 39.31656 19.37215 194.00000
13 8 17 00 11 3293.79000 12.48500000 262.00000 39.31656 19.37215 193.99758
13 8 17 00 11 3296.04600 12.46014000 262.30000 39.31656 19.37215 193.99771
13 8 17 00 11 3296.04600 12.48500000 262.62988 39.31656 19.37215 194.00000
13 8 17 00 12 3299.00000 12.48500000 261.80001 39.31656 19.37316 193.99792
13 8 17 00 12 3296.04600 12.48500000 262.62775 39.31656 19.38498 193.99792
13 8 17 00 13 3296.04600 12.46000000 262.62744 39.31656 19.37316 193.99792
13 8 17 00 13 3301.20000 12.46000000 262.62744 39.04000 19.38498 193.99792
13 8 17 00 14 3299.00000 12.46000000 262.16620 39.04000 19.38498 193.99792
13 8 17 00 14 3301.30700 12.46000000 262.60000 39.04000 19.38498 193.99792
13 8 17 00 14 3305.19900 12.46000000 262.16620 39.04000 19.38498 193.99792
13 8 17 00 15 3305.20100 12.46000000 262.60000 39.30701 19.38498 193.99792
13 8 17 00 16 3309.00000 12.46000000 261.11022 39.30701 19.38498 193.99792
13 8 17 00 16 3309.00000 12.46000000 261.11022 39.05769 19.37316 193.99771
13 8 17 00 18 3304.92000 12.46000000 262.16620 39.04000 19.38498 193.99792
13 8 17 00 17 3304.92000 12.46000000 261.11045 39.30701 19.38498 193.99791
13 8 17 00 17 3309.20000 12.46000000 262.16620 39.05769 19.38498 193.99791
13 8 17 00 17 3310.00000 12.46000000 261.15207 39.30701 19.37316 193.99758
13 8 17 00 18 3311.99000 12.46000000 261.15208 39.30701 19.37316 193.99791
13 8 17 00 18 3304.92000 12.46000000 261.15208 39.31656 19.38498 193.99791
13 8 17 00 19 3311.98900 12.46000000 261.15208 39.30701 19.38498 193.99791
13 8 17 00 19 3312.00000 12.46000000 261.15207 39.30701 19.38498 193.99791
13 8 17 00 20 3312.00000 12.46000000 261.99690 39.05769 19.38498 193.99791
13 8 17 00 20 3312.00000 12.47550000 261.99690 39.29539 19.38498 193.99791
13 8 17 00 20 3312.00000 12.47550000 261.78797 39.29539 19.38498 193.99791
13 8 17 00 21 3312.20000 12.46000000 261.99683 39.29539 19.38498 193.99771
13 8 17 00 21 3319.00000 12.46000000 261.75800 39.29539 19.37316 193.99791
13 8 17 00 22 3312.20000 12.46000000 261.99690 39.31656 19.37316 193.99758
13 8 17 00 22 3316.32100 12.46000000 261.75800 39.29539 19.38498 193.99791
13 8 17 00 23 3314.98000 12.46000000 261.53841 39.31656 19.38498 193.99791
13 8 17 00 23 3314.98000 12.46000000 261.75800 39.30701 19.37316 193.99791
13 8 17 00 24 3312.00000 12.46000000 261.53841 39.31656 19.38498 193.99791
13 8 17 00 24 3318.20000 12.48245000 261.99680 39.04000 19.38498 193.99791
13 8 17 00 24 3319.99400 12.48439000 261.75699 39.29539 19.38498 193.99791
13 8 17 00 25 3319.99400 12.48245000 261.75693 39.04000 19.38498 193.99758
13 8 17 00 25 3317.96000 12.48439000 261.75698 39.30701 19.38498 193.99792
13 8 17 00 25 3320.00000 12.47551000 261.72100 39.29539 19.38498 193.99792
13 8 17 00 26 3315.52200 12.47551000 261.72100 39.04000 19.38498 193.99791
13 8 17 00 27 3315.52200 12.47551000 261.75693 39.01100 19.38498 193.99791
13 8 17 00 27 3319.96000 12.46002000 261.50000 39.01003 19.38498 193.99791
13 8 17 00 29 3315.63300 12.46002000 261.15576 39.31656 19.38498 193.99791
13 8 17 00 28 3315.63300 12.46002000 261.15576 39.01000 19.38498 193.99791
13 8 17 00 28 3315.53300 12.46000000 261.49999 39.00570 19.37316 193.99791
13 8 17 00 29 3304.00500 12.46000000 261.75693 38.99900 19.38498 193.99791
13 8 17 00 29 3314.98100 12.46000000 261.75799 38.99697 19.38498 193.99792
13 8 17 00 30 3314.55900 12.46000000 261.75799 38.99900 19.37316 193.99791
13 8 17 00 30 3318.53200 12.46000000 261.75799 38.98090 19.38498 193.99791
13 8 17 00 30 3318.53200 12.41723000 261.75799 38.99000 19.38498 193.99792
13 8 17 00 31 3318.98000 12.41723000 261.15577 38.81140 19.38498 193.99791
13 8 17 00 31 3318.42200 12.41723000 261.49990 38.80002 19.38498 193.99791
13 8 17 00 32 3318.53200 12.41723000 261.49990 38.81140 19.37316 193.99791
13 8 17 00 32 3318.53300 12.41723000 261.49990 38.81140 19.38498 193.99792
13 8 17 00 32 3319.96300 12.41723000 261.49990 38.91000 19.38498 193.99792
13 8 17 00 33 3320.02400 12.41723000 261.75793 38.91000 19.38498 193.99791
13 8 17 00 33 3323.00200 12.41723000 261.49991 38.80001 19.37316 193.99791
13 8 17 00 34 3314.55900 12.41723000 261.49991 38.80002 19.38498 193.99792
13 8 17 00 35 3323.00200 12.41723000 261.49991 38.91000 19.38498 193.99792
13 8 17 00 35 3324.08800 12.41723000 261.49990 38.80000 19.38498 193.99791
13 8 17 00 35 3323.00200 12.41722000 261.49990 38.80000 19.38498 193.99792
13 8 17 00 35 3325.76000 12.41722000 261.75800 38.91000 19.37316 193.99792
13 8 17 00 36 3324.99700 12.41723000 261.75800 38.80000 19.38498 193.99792
13 8 17 00 37 3325.76000 12.41723000 262.01100 38.80000 19.37316 193.99792
13 8 17 00 37 3323.00200 12.41723000 261.75799 38.80000 19.38498 193.99792
13 8 17 00 37 3328.98000 12.41722000 261.49990 38.80000 19.38498 193.99792
13 8 17 00 38 3335.00000 12.41722000 261.75799 38.72300 19.38498 193.99792
13 8 17 00 38 3330.00000 12.41833000 261.75790 38.72300 19.38498 193.99791
13 8 17 00 39 3335.98200 12.41833000 261.75790 38.72300 19.38498 193.99792
13 8 17 00 39 3330.00000 12.41833000 262.01100 38.72300 19.38498 193.99990
13 8 17 00 40 3339.00000 12.41833000 261.12678 38.72300 19.38498 194.00000
13 8 17 00 40 3338.06200 12.41722000 261.20000 38.70000 19.38498 194.00000
13 8 17 00 40 3339.91300 12.41833000 262.28862 38.72299 19.38498 194.00000
13 8 17 00 41 3325.76000 12.41722000 261.20000 38.69900 19.38498 193.99894
13 8 17 00 43 3325.76000 12.41833000 262.01100 38.69900 19.37316 193.99894
13 8 17 00 42 3318.14000 12.41720000 261.11034 38.69900 19.38498 194.00000
13 8 17 00 42 3330.42200 12.41722000 261.12678 38.69800 19.37316 194.00000
13 8 17 00 43 3310.00000 12.41720000 261.12678 38.69800 19.37316 194.00000
13 8 17 00 43 3317.43200 12.41723000 261.12678 38.69699 19.38498 193.99792
13 8 17 00 43 3310.00000 12.41720000 261.10000 38.69698 19.38498 193.99894
13 8 17 00 43 3313.88100 12.41722000 260.80200 38.61807 19.37316 194.00000
13 8 17 00 44 3310.00000 12.41720000 261.10900 38.61807 19.38498 193.99894
13 8 17 00 45 3306.19700 12.41720000 259.30001 38.61807 19.38498 193.99894
13 8 17 00 45 3317.14400 12.41720000 259.30100 38.60000 19.38498 193.99792
13 8 17 00 46 3320.00000 12.41833000 261.10000 38.60000 19.38498 193.99792
13 8 17 00 46 3320.00000 12.41722000 261.10787 38.50000 19.38498 194.00000
13 8 17 00 46 3320.00000 12.41720000 261.10678 38.61800 19.22106 194.00000
13 8 17 00 47 3310.00000 12.41720000 261.10885 38.61800 19.38498 194.00000
13 8 17 00 47 3320.29000 12.41833000 261.10678 38.59999 19.22106 194.00000
13 8 17 00 48 3320.00600 12.38532000 260.80200 38.27999 19.22106 193.99894
13 8 17 00 48 3320.00700 12.38532000 261.10885 38.50001 19.22106 193.99894
13 8 17 00 49 3320.00800 12.38532000 260.33005 38.50001 19.22109 193.99894
13 8 17 00 49 3326.00000 12.41833000 259.30001 38.50001 19.22106 193.99792
13 8 17 00 49 3326.00000 12.41833000 259.30040 38.50000 19.22106 193.99894
13 8 17 00 50 3329.97900 12.38532000 260.32990 38.50000 19.22109 193.99894
13 8 17 00 50 3330.00700 12.38532000 260.32898 38.37039 19.22106 194.00000
13 8 17 00 51 3334.02200 12.38532000 260.32898 38.37025 19.22106 193.99894
13 8 17 00 51 3330.00000 12.38532000 260.32898 38.50000 19.22106 193.99894
13 8 17 00 52 3330.00000 12.41833000 260.32798 38.50000 19.22106 193.99792
13 8 17 00 52 3337.69600 12.41723000 259.09388 38.50000 19.38498 194.00000
13 8 17 00 54 3334.02200 12.41833000 259.09388 38.50001 19.22106 194.00000
13 8 17 00 53 3334.02200 12.41833000 259.09388 38.50000 19.38498 193.99894
13 8 17 00 54 3329.15300 12.38532000 259.08022 38.59225 19.22109 193.99894
13 8 17 00 56 3320.00800 12.41833000 260.00000 38.50001 19.22106 193.99894
13 8 17 00 54 3337.15100 12.41722000 257.93538 38.50001 19.22109 194.00000
13 8 17 00 55 3329.15200 12.41833000 257.93538 38.50001 19.38498 193.99894
13 8 17 00 55 3331.27300 12.38532000 257.24811 38.29376 19.22106 193.99792
13 8 17 00 55 3329.15200 12.38532000 257.46325 38.28611 19.22000 193.99792
13 8 17 00 56 3335.00000 12.38532000 257.46325 38.59238 19.22000 193.99792
13 8 17 00 56 3329.15300 12.41833000 257.00000 38.28611 19.22000 194.00000
13 8 17 00 57 3338.78800 12.38533000 256.83600 38.24555 19.20000 193.99792
13 8 17 00 57 3338.79200 12.38533000 256.83600 38.24555 19.22000 194.00000
13 8 17 00 58 3335.00000 12.38533000 256.83600 38.04600 19.20000 193.99792
13 8 17 00 59 3329.96000 12.38532000 256.83600 38.04600 19.22106 194.00000
13 8 17 00 59 3333.28300 12.38533000 255.00000 38.20001 19.19921 194.00000
13 8 17 01 00 3335.50000 12.38532000 254.72029 38.24160 19.19921 194.00000
13 8 17 01 00 3332.81900 12.38532000 255.99893 38.20001 19.13168 194.00000
13 8 17 01 01 3338.00000 12.38532000 255.99997 38.24160 19.13168 194.00000
13 8 17 01 02 3335.00000 12.38532000 254.68247 38.24160 19.13168 193.99792
13 8 17 01 02 3335.50000 12.38532000 254.68247 38.24160 19.13168 193.99792
13 8 17 01 02 3335.00000 12.38532000 255.99997 38.24160 19.13168 194.00000
13 8 17 01 03 3338.70000 12.38532000 254.48100 38.24160 19.12831 193.00000
13 8 17 01 03 3338.00000 12.38532000 255.00000 38.24160 19.12831 193.00000
13 8 17 01 04 3339.99000 12.38532000 255.00001 38.38351 19.21696 193.99894
13 8 17 01 04 3340.00000 12.38532000 255.00000 38.38454 19.21696 193.99894
13 8 17 01 05 3340.07100 12.38532000 254.50000 38.04600 19.21696 193.99894
13 8 17 01 05 3344.80300 12.38532000 254.38907 38.11384 19.12831 194.00000
13 8 17 01 05 3348.00000 12.38531000 254.15000 38.11384 19.12831 194.00000
13 8 17 01 06 3349.05800 12.38528000 253.75995 38.11384 19.12831 194.00000
13 8 17 01 06 3348.00000 12.38532000 254.02011 38.38349 19.07823 193.99894
13 8 17 01 07 3350.00000 12.38527000 254.02011 38.38349 19.15689 194.00000
13 8 17 01 07 3349.89100 12.38525000 254.00000 38.38349 19.15689 193.99894
13 8 17 01 08 3349.89100 12.38525000 254.00000 38.38349 19.19069 194.00000
13 8 17 01 08 3350.00000 12.38525000 253.99999 38.04600 19.19069 194.00000
13 8 17 01 09 3350.00000 12.38524000 253.99999 38.11384 19.15689 194.00000
13 8 17 01 09 3349.31100 12.38513000 253.10000 38.04600 19.12831 194.00000
13 8 17 01 09 3350.00000 12.38525000 254.00000 38.04600 19.12831 194.00000
13 8 17 01 10 3350.00000 12.38532000 254.00000 38.11384 19.10579 194.00000
13 8 17 01 11 3354.00000 12.30000000 254.00000 38.04600 19.19069 194.00000
13 8 17 01 13 3350.00000 12.30001000 253.23969 38.04600 19.10579 194.00000
13 8 17 01 11 3358.62700 12.30000000 252.50000 38.04600 19.10339 194.00000
13 8 17 01 11 3359.44900 12.30000000 253.00000 38.04600 19.19069 193.99894
13 8 17 01 12 3358.67000 12.30000000 253.00000 38.04600 19.12831 193.00000
13 8 17 01 12 3359.44300 12.30000000 253.00000 38.04600 19.10579 194.00000
13 8 17 01 13 3358.67000 12.30000000 252.99990 38.04600 19.10579 193.99894
13 8 17 01 14 3359.44200 12.30000000 252.74699 38.04600 19.10579 193.99894
13 8 17 01 14 3357.32800 12.23732000 252.14291 38.04600 19.19069 194.00000
13 8 17 01 14 3358.00000 12.23712000 252.80998 38.04600 19.06396 193.99894
13 8 17 01 15 3358.00000 12.23712000 252.80998 38.04600 19.06043 193.99894
13 8 17 01 15 3357.50400 12.23620000 252.80998 38.04600 19.06042 193.99894
13 8 17 01 15 3343.75200 12.22000000 252.80900 38.04614 19.06043 194.00000
13 8 17 01 16 3340.00000 12.22000000 252.81000 38.04600 19.06042 194.00000
13 8 17 01 16 3358.00000 12.30000000 252.81000 38.04600 19.10362 194.00000
13 8 17 01 17 3340.21000 12.21000000 253.23968 38.04600 19.10362 193.00000
13 8 17 01 19 3340.21000 12.23712000 253.23967 38.00000 19.10362 194.00000
13 8 17 01 17 3331.00000 12.22000000 254.28247 38.00000 19.10362 194.00000
13 8 17 01 18 3357.50400 12.20580000 253.23968 38.00003 19.06043 193.99894
13 8 17 01 19 3350.00000 12.19000000 253.50000 38.00000 19.06043 193.00000
13 8 17 01 19 3350.00100 12.19000000 252.21564 38.00000 19.06043 194.00000
13 8 17 01 19 3350.00600 12.19000000 252.20000 38.00000 19.06043 194.00000
13 8 17 01 20 3350.00100 12.19000000 252.62000 38.00000 19.06148 194.00000
13 8 17 01 20 3350.00600 12.19000000 252.21555 38.00000 19.06042 193.00000
13 8 17 01 21 3353.00000 12.16910000 252.62000 38.00000 19.06042 193.99894
13 8 17 01 23 3358.00000 12.16910000 252.21555 38.00000 19.06042 193.99894
13 8 17 01 22 3352.99900 12.16910000 252.21555 38.00000 19.06042 193.99894
13 8 17 01 22 3360.00000 12.16910000 252.99999 38.00000 19.06042 194.00000
13 8 17 01 23 3365.00000 12.15561000 253.00001 37.98433 19.06042 194.00000
13 8 17 01 23 3360.00000 12.16910000 252.99989 38.00000 19.06042 193.99894
13 8 17 01 24 3365.00000 12.16910000 253.00001 37.91000 19.06042 194.00000
13 8 17 01 24 3365.00000 12.16910000 253.00000 37.91000 19.06042 193.00000
13 8 17 01 25 3365.00000 12.16910000 253.00000 38.00000 19.06042 194.00000
13 8 17 01 25 3365.64904 12.16910000 252.20000 37.85000 19.06042 193.99894
13 8 17 01 26 3366.24000 12.16910000 252.20000 37.79656 19.06042 193.00000
13 8 17 01 26 3369.98500 12.16910000 251.79978 37.79656 19.06042 193.99894
13 8 17 01 27 3369.98500 12.16910000 251.79978 37.79656 19.06042 194.00000
13 8 17 01 27 3374.39100 12.16917000 251.79977 37.98794 19.06043 194.00000
13 8 17 01 28 3371.99900 12.16917000 251.79977 37.79656 19.06042 193.99894
13 8 17 01 28 3371.99900 12.16910000 251.79977 37.79656 19.06043 194.00000
13 8 17 01 28 3365.00000 12.15000000 251.79978 37.98794 19.06042 194.00000
13 8 17 01 29 3375.00000 12.15000000 251.79977 37.79656 19.06042 194.00000
13 8 17 01 29 3375.00000 12.11000000 251.79977 37.79656 19.06042 193.99894
13 8 17 01 29 3375.00000 12.11000000 251.79978 37.61000 19.06042 191.37393
13 8 17 01 30 3374.39100 12.11000000 252.00000 37.79656 19.06042 191.37393
13 8 17 01 30 3375.00000 12.10562000 252.00000 37.61000 19.06042 191.37393
13 8 17 01 31 3375.00000 12.10000000 252.00000 37.57183 19.06042 193.99894
13 8 17 01 31 3375.00000 12.10000000 252.00000 37.57183 19.06043 193.99894
13 8 17 01 34 3375.00000 12.10000000 251.79977 37.57183 19.06042 193.99894
13 8 17 01 32 3375.00000 12.10000000 251.97024 37.57183 19.06042 191.37393
13 8 17 01 32 3375.00000 12.10000000 250.80000 37.57183 19.06042 191.37393
13 8 17 01 33 3375.00000 12.10000000 250.92004 37.79656 19.06042 191.37393
13 8 17 01 33 3375.61900 12.10000000 250.11000 37.79550 18.79201 193.99894
13 8 17 01 36 3375.61900 12.10000000 251.79768 37.79550 18.79201 193.99894
13 8 17 01 34 3375.61900 12.10000000 251.79768 37.79656 19.06042 191.37393
13 8 17 01 35 3375.62000 12.07054000 251.79764 37.79656 19.06042 191.37393
13 8 17 01 35 3378.00000 12.04210000 250.92004 37.79656 19.06042 193.99894
13 8 17 01 35 3378.62700 12.01000000 251.79764 37.79656 19.06042 191.37393
13 8 17 01 36 3378.34000 12.01000000 250.92004 37.79656 19.06042 193.99894
13 8 17 01 37 3378.00000 12.00010000 250.92004 37.79656 19.06042 191.37393
13 8 17 01 37 3378.99400 12.01000000 250.92004 37.79656 19.06042 191.37393
13 8 17 01 37 3379.00000 12.02459000 251.00000 37.79656 18.93492 191.37393
13 8 17 01 38 3378.99400 12.00000000 251.00000 37.79656 19.06042 194.00000
13 8 17 01 38 3375.00000 12.00000000 250.92004 37.79656 18.93492 193.99989
13 8 17 01 41 3375.25000 12.00000000 250.30011 37.79656 18.93492 194.00000
13 8 17 01 39 3378.00000 12.00001000 250.92005 37.79656 18.93699 191.37393
13 8 17 01 39 3377.76700 12.00000000 250.30011 37.79656 19.06042 193.99999
13 8 17 01 40 3378.00000 12.00000000 250.04000 38.00000 18.93492 194.00000
13 8 17 01 41 3383.00000 12.00000000 250.01000 38.00000 18.93492 194.00000
13 8 17 01 41 3377.99600 12.00000000 250.01000 38.00000 18.93492 194.00000
13 8 17 01 42 3383.00000 12.00000000 250.00010 38.00000 18.93492 193.99999
13 8 17 01 42 3383.00000 12.00000000 249.35804 38.37122 18.79201 193.99999
13 8 17 01 42 3385.00000 12.00000000 249.99999 38.33031 18.79201 193.99999
13 8 17 01 43 3386.84900 12.00000000 249.00020 38.33031 18.93492 194.00000
13 8 17 01 44 3386.84900 12.00000000 249.00003 37.79654 18.83707 194.00000
13 8 17 01 44 3392.00000 12.00000000 249.00000 37.56000 18.83707 193.99999
13 8 17 01 45 3392.00000 12.00000000 247.85449 37.56000 18.93492 193.99999
13 8 17 01 46 3396.87900 12.00000000 247.00000 37.56000 18.83707 193.99999
13 8 17 01 46 3399.99700 12.00000000 247.85449 37.56000 18.79201 193.99986
13 8 17 01 47 3396.87900 12.00000000 245.65018 37.52505 18.79201 193.99986
13 8 17 01 48 3396.87900 12.00000000 245.49944 38.37108 18.83707 193.99893
13 8 17 01 48 3419.35800 12.00000000 245.99975 37.79654 18.79201 193.99986
13 8 17 01 48 3428.27500 12.00000000 245.00000 37.52505 18.79201 193.99793
13 8 17 01 49 3419.35800 11.90000000 245.00000 38.13420 18.79201 193.99986
13 8 17 01 51 3428.26900 12.00000000 244.22000 37.52504 18.79199 193.99893
13 8 17 01 49 3428.27500 11.91400000 244.22000 37.52504 18.79201 193.99793
13 8 17 01 50 3396.87900 11.89107000 245.89000 37.50000 18.79201 193.99986
13 8 17 01 50 3419.54700 11.91400000 244.00000 37.50000 18.83707 193.99893
13 8 17 01 51 3419.35800 11.89000000 243.76791 37.50001 18.79201 193.99894
13 8 17 01 51 3401.93900 11.89000000 243.30000 37.50003 18.79199 193.99990
13 8 17 01 52 3396.00400 11.89000000 243.00000 37.50001 18.79201 190.10000
13 8 17 01 52 3401.00100 11.89000000 242.20447 37.50000 18.79201 194.00000
13 8 17 01 52 3395.00100 11.89000000 242.20447 37.50002 18.79201 193.99990
13 8 17 01 53 3396.00000 11.89000000 242.20000 37.50002 18.79204 193.99990
13 8 17 01 53 3387.31300 11.89000000 242.01100 37.50000 18.79204 194.00000
13 8 17 01 54 3387.31300 11.83000000 242.20000 37.50003 18.79204 190.10000
13 8 17 01 55 3387.31300 11.80000000 242.10000 37.50003 18.79204 190.10000
13 8 17 01 55 3380.00000 11.80000000 242.10000 37.50003 18.79204 190.10000
13 8 17 01 55 3395.00100 11.80000000 242.10000 37.50002 18.79204 190.10000
13 8 17 01 55 3387.31300 11.80000000 242.00000 37.50003 18.79204 190.10000
13 8 17 01 58 3387.31300 11.80000000 242.10000 37.50001 18.79204 190.10000
13 8 17 01 56 3387.31300 11.80000000 242.10000 37.50001 18.79204 190.10000
13 8 17 01 57 3379.00000 11.80000000 242.10000 37.50001 18.79204 190.10000
13 8 17 01 57 3379.00200 11.80000000 247.00000 37.50001 18.77828 190.10000
13 8 17 01 58 3379.61000 11.82999000 246.99986 37.50000 18.77828 190.10000
13 8 17 01 58 3379.00500 11.82998000 247.00000 37.45000 18.77828 193.99883
13 8 17 01 59 3387.31100 11.80000000 248.12999 37.33200 18.77828 193.99883
13 8 17 01 59 3380.00000 11.80000000 247.83267 37.33200 18.77828 193.99883
13 8 17 02 00 3387.31200 11.82998000 246.99986 37.33200 18.77828 190.10000
13 8 17 02 00 3387.31100 11.80000000 249.83998 37.33200 18.77828 193.99882
13 8 17 02 01 3387.31100 11.80000000 248.13105 37.33200 18.77828 193.99892
13 8 17 02 01 3390.99900 11.82998000 247.50000 37.50000 18.60056 193.99892
13 8 17 02 02 3380.00000 11.76000000 248.39076 37.33200 18.77828 193.99892
13 8 17 02 04 3399.21400 11.79999000 249.99999 37.43050 18.60263 193.99892
13 8 17 02 04 3390.88800 11.79999000 251.98000 37.50001 18.60263 193.99892
13 8 17 02 04 3391.00000 11.79999000 253.59168 37.49987 18.40000 193.99892
13 8 17 02 04 3381.00000 11.80000000 255.30020 37.43050 18.40000 193.99892
13 8 17 02 05 3399.21400 11.79999000 256.79999 37.50003 18.60056 193.99892
13 8 17 02 05 3381.00000 11.80000000 251.37233 37.50003 18.40000 193.99892
13 8 17 02 06 3389.79300 11.79999000 262.62792 37.50003 18.40000 190.00000
13 8 17 02 06 3393.00000 11.79999000 257.00207 37.50003 18.40000 190.00000
13 8 17 02 07 3381.00000 11.79999000 256.37234 37.50003 18.40000 190.00000
13 8 17 02 07 3386.08300 11.79999000 257.00000 38.27554 18.60056 190.00000
13 8 17 02 10 3380.00000 11.82998000 258.90000 39.43973 18.40000 190.00000
13 8 17 02 08 3380.00000 11.88979000 257.00000 37.82519 18.40000 190.00000
13 8 17 02 08 3383.73900 11.88979000 256.30906 38.27554 18.40000 190.00014
13 8 17 02 09 3386.07000 11.89105000 256.00000 38.13420 18.40000 190.00000
13 8 17 02 09 3383.73900 11.89000000 255.00001 39.07400 18.40000 190.00014
13 8 17 02 10 3380.21900 11.88990000 254.22850 39.07400 18.60056 190.00000
13 8 17 02 12 3382.90000 11.89105000 252.25200 38.26964 18.40000 190.00000
13 8 17 02 11 3380.00000 11.79999000 252.25200 39.07400 18.77828 190.00014
13 8 17 02 11 3380.00000 11.89001000 250.10005 39.07400 18.77828 190.00000
13 8 17 02 12 3382.99900 11.96885000 252.25200 38.60000 18.40000 190.00000
13 8 17 02 12 3375.00100 11.96884000 252.50425 39.07398 18.60056 190.00000
13 8 17 02 12 3378.97100 11.96894000 251.10005 39.07398 18.40000 190.00000
13 8 17 02 13 3371.00000 11.96883000 254.27001 39.07399 18.40000 190.00000
13 8 17 02 14 3378.99900 11.96894000 254.99792 39.07398 18.60056 190.00000
13 8 17 02 14 3371.00000 11.96894000 253.19280 39.00000 18.40000 190.00000
13 8 17 02 15 3371.00000 11.96894000 253.46472 39.00000 18.40000 190.00000
13 8 17 02 15 3371.00000 11.96894000 253.46472 39.00000 18.77828 190.00014
13 8 17 02 15 3372.33800 11.96894000 253.46472 39.00000 18.40000 190.00000
13 8 17 02 16 3372.33800 11.96894000 253.46472 39.00000 18.60056 190.00000
13 8 17 02 16 3371.03600 11.96894000 253.46472 38.31209 18.40000 190.00000
13 8 17 02 17 3376.15400 11.96894000 254.47500 38.99998 18.60056 190.00000
13 8 17 02 17 3372.33800 11.96894000 254.47500 38.99998 18.60056 190.00000
13 8 17 02 18 3371.03600 11.96895000 252.49270 38.99998 18.40000 190.00000
13 8 17 02 18 3371.03100 11.96895000 252.50427 38.99998 18.40000 190.00000
13 8 17 02 19 3371.00000 12.00000000 252.50427 38.99998 18.40000 190.00000
13 8 17 02 19 3371.03100 11.96895000 252.50427 38.99998 18.36000 190.00000
13 8 17 02 20 3371.03100 12.02344000 250.02209 39.00002 18.36000 190.00000
13 8 17 02 20 3377.47600 12.02344000 250.00001 39.15014 18.36000 190.00000
13 8 17 02 20 3412.00000 12.02344000 250.00001 39.15014 18.36000 190.00000
13 8 17 02 21 3412.98800 12.02344000 252.80032 39.15000 18.40000 190.00000
13 8 17 02 22 3406.58900 12.02344000 252.80031 39.15014 18.36000 190.00000
13 8 17 02 22 3376.15500 12.02344000 251.37850 39.15014 18.40000 190.00000
13 8 17 02 23 3399.61100 12.02344000 250.20000 39.15014 18.36000 190.00000
13 8 17 02 22 3398.00400 12.02344000 250.00577 39.15106 18.77828 190.00014
13 8 17 02 23 3419.00000 12.18788000 250.00577 39.15000 18.36000 190.00000
13 8 17 02 23 3402.42100 12.18986000 250.00577 39.15000 18.36000 190.00000
13 8 17 02 24 3388.24500 12.18986000 250.00577 39.15000 18.36000 190.00000
13 8 17 02 27 3400.61000 12.18986000 250.20000 39.53610 18.40000 190.00000
13 8 17 02 25 3412.99800 12.18986000 251.29974 39.23743 18.77828 190.00014
13 8 17 02 25 3412.99800 12.18800000 251.29979 39.23743 18.36000 190.00000
13 8 17 02 26 3419.24800 12.19000000 251.29972 39.45000 18.36000 190.00000
13 8 17 02 27 3400.61000 12.19000000 250.65288 39.23743 18.36000 190.00000
13 8 17 02 27 3413.19900 12.18800000 251.29972 39.44999 18.36000 190.00000
13 8 17 02 29 3419.24800 12.39223000 251.29972 39.44998 18.36000 190.00000
13 8 17 02 28 3413.19900 12.59998000 251.29775 39.44998 18.36000 190.00000
13 8 17 02 28 3408.17000 12.18800000 250.00577 39.44998 18.36000 190.00000
13 8 17 02 29 3404.08000 12.18800000 251.29780 39.44998 18.36000 190.00000
13 8 17 02 29 3403.93700 12.18800000 251.29780 39.44998 18.36000 190.00000
13 8 17 02 29 3407.17400 12.25190000 250.25001 39.44998 18.77828 190.00014
13 8 17 02 29 3404.00000 12.59996000 251.29780 39.44995 18.77828 190.00014
13 8 17 02 30 3404.00000 12.18800000 251.29674 39.44996 18.40000 190.00000
13 8 17 02 31 3400.61000 12.18800000 251.29573 39.44996 18.36000 190.00010
13 8 17 02 31 3408.17000 12.18800000 251.29673 39.44998 18.36000 190.00000
13 8 17 02 32 3408.17000 12.18800000 251.18651 39.44998 18.40000 190.00000
13 8 17 02 32 3407.17400 12.18800000 251.18651 39.44998 18.36000 190.00000
13 8 17 02 33 3408.17000 12.18800000 251.19011 39.44998 18.36000 190.00000
13 8 17 02 33 3408.17000 12.18800000 251.29673 39.44998 18.36000 190.00000
13 8 17 02 33 3404.00000 12.18800000 251.29658 39.44998 18.36000 190.00010
13 8 17 02 34 3408.17000 12.18800000 251.30000 39.44998 18.77828 190.00000
13 8 17 02 34 3404.00000 12.18800000 252.79996 39.44998 18.77828 190.00010
13 8 17 02 35 3404.00000 12.18800000 251.30106 39.44996 18.36000 190.00000
13 8 17 02 35 3413.17100 12.18800000 251.34833 39.44998 18.36000 190.00000
13 8 17 02 36 3413.19800 12.18800000 252.52021 39.44998 18.55000 193.93443
13 8 17 02 36 3413.19800 12.18802000 253.00000 39.44998 18.55000 193.93443
13 8 17 02 37 3415.00000 12.18815000 251.38230 39.44998 18.55000 193.99989
13 8 17 02 37 3415.00000 12.18802000 253.00000 39.44998 18.36000 190.00000
13 8 17 02 37 3418.99600 12.18800000 252.00000 39.44998 18.55000 193.99989
13 8 17 02 38 3415.00000 12.18800000 253.90534 39.44998 18.55000 190.00010
13 8 17 02 38 3403.00000 12.20847000 251.62535 39.44998 18.55000 193.99989
13 8 17 02 41 3404.00200 12.20847000 251.82000 39.56000 18.55000 193.99989
13 8 17 02 39 3395.00800 12.20847000 253.18877 39.44999 18.36000 193.99989
13 8 17 02 40 3395.00500 12.20847000 254.73933 39.45000 18.55000 193.99989
13 8 17 02 40 3413.39500 12.20847000 255.05087 39.45000 18.40000 193.99989
13 8 17 02 40 3395.00500 12.20847000 255.99875 39.63718 18.55000 193.99989
13 8 17 02 41 3413.19400 12.20847000 252.99998 39.44998 18.77828 193.99989
13 8 17 02 42 3410.00000 12.28933000 255.09264 39.44998 18.36000 193.99989
13 8 17 02 42 3395.10000 12.29051000 255.19000 39.44998 18.55000 193.99989
13 8 17 02 42 3409.99300 12.28933000 255.09165 39.44998 18.36000 193.93443
13 8 17 02 43 3395.00000 12.28933000 255.19000 39.44998 18.55000 193.99989
13 8 17 02 43 3396.19600 12.28933000 255.09058 39.78680 18.40000 193.99989
13 8 17 02 44 3405.00000 12.29051000 255.09165 39.78680 18.36000 193.99989
13 8 17 02 44 3394.93900 12.29054000 255.09265 39.78680 18.36000 193.99989
13 8 17 02 44 3399.31500 12.28933000 255.09058 39.63718 18.40000 193.99989
13 8 17 02 44 3404.88800 12.29054000 255.51863 39.78680 18.36000 193.99989
13 8 17 02 46 3410.00000 12.29051000 255.09058 39.78680 18.55000 193.99989
13 8 17 02 46 3404.88700 12.29054000 254.62524 39.78888 18.36001 193.99989
13 8 17 02 46 3409.00000 12.28933000 255.09058 39.63718 18.26032 193.99989
13 8 17 02 46 3399.99100 12.29054000 254.99999 39.79455 18.40000 193.99989
13 8 17 02 47 3412.55900 12.29054000 254.99999 39.79455 18.55000 193.99989
13 8 17 02 47 3399.99100 12.19107000 254.70784 39.79455 18.44980 193.99989
13 8 17 02 48 3399.99100 12.19107000 254.22204 39.79455 18.45086 193.99989
13 8 17 02 50 3412.55900 12.19107000 254.22204 39.79455 18.44980 193.99989
13 8 17 02 48 3420.00000 12.19107000 255.09057 39.79455 18.45086 190.00010
13 8 17 02 49 3420.00000 12.29051000 254.99999 39.79455 18.45086 190.00000
13 8 17 02 49 3420.00000 12.19107000 257.21973 39.79455 18.44905 193.99989
13 8 17 02 50 3412.55900 12.19107000 258.19987 39.79455 18.44905 193.99989
13 8 17 02 50 3427.99800 12.49693000 258.19987 39.79455 18.44994 193.99989
13 8 17 02 51 3431.99000 12.49693000 256.50000 39.80000 18.44994 193.99989
13 8 17 02 51 3431.98500 12.49693000 256.49950 39.44998 18.44994 190.00000
13 8 17 02 52 3432.39000 12.49693000 256.90246 39.89999 18.44994 190.00000
13 8 17 02 52 3433.31400 12.49693000 256.32689 39.89999 18.44905 193.99989
13 8 17 02 53 3434.99900 12.46000000 255.15000 39.89999 18.45086 193.99989
13 8 17 02 53 3443.16400 12.49693000 255.09057 39.89999 18.55000 193.99989
13 8 17 02 54 3443.73800 12.33158000 255.15000 39.89999 18.55000 190.00010
13 8 17 02 54 3443.73700 12.49693000 256.32688 39.89999 18.45086 193.99989
13 8 17 02 55 3446.55600 12.49693000 255.31398 39.89999 18.44994 193.99989
13 8 17 02 56 3446.87900 12.38453000 255.31297 39.89999 18.55000 193.99989
13 8 17 02 56 3446.87900 12.38453000 256.90209 39.89999 18.44905 193.99989
13 8 17 02 56 3446.87900 12.49693000 256.35310 39.89996 18.44905 193.99989
13 8 17 02 57 3448.96000 12.49693000 256.35310 39.89999 18.55000 193.99989
13 8 17 02 57 3449.00000 12.46000000 256.35229 39.89999 18.55000 193.99989
13 8 17 02 58 3446.87900 12.51341000 256.35310 39.89999 18.44905 193.99989
13 8 17 02 58 3446.87700 12.51341000 258.17890 39.89999 18.55000 193.99989
13 8 17 02 59 3447.55600 12.51341000 256.35231 39.90000 18.45086 193.99989
13 8 17 02 59 3449.99600 12.51341000 258.20000 39.89999 18.44905 193.99989
13 8 17 03 00 3450.00000 12.51341000 256.35231 39.89998 18.55000 190.00010
13 8 17 03 00 3450.00000 12.51341000 256.35310 39.89998 18.55000 190.00010
13 8 17 03 00 3447.55600 12.51341000 256.90215 39.89998 18.44994 193.99989
13 8 17 03 01 3450.00000 12.51341000 258.31967 39.89998 18.55000 193.99989
13 8 17 03 01 3449.00000 12.51341000 256.90215 39.89999 18.44905 193.99989
13 8 17 03 02 3449.99600 12.51341000 258.31967 39.89998 18.45086 193.99989
13 8 17 03 02 3449.99600 12.51341000 258.45894 39.89999 18.55000 193.99989
13 8 17 03 03 3449.99700 12.51341000 258.45894 39.89998 18.55000 190.05001
13 8 17 03 03 3449.00000 12.51341000 257.82000 39.89888 18.44905 193.99989
13 8 17 03 04 3451.66300 12.51341000 257.39954 39.89993 18.45086 194.00000
13 8 17 03 04 3453.99900 12.51341000 257.39954 39.89993 18.44994 194.00000
13 8 17 03 04 3451.66300 12.51341000 257.39954 39.89993 18.55000 194.00000
13 8 17 03 05 3454.19800 12.51341000 257.39955 39.45217 18.55000 193.99893
13 8 17 03 05 3453.99900 12.51341000 257.30943 39.45217 18.55000 190.00000
13 8 17 03 06 3455.00000 12.51341000 257.82000 39.45217 18.55000 193.99893
13 8 17 03 06 3462.00000 12.55767000 257.40060 39.04047 18.54504 193.99893
13 8 17 03 07 3451.66300 12.55767000 257.82000 39.75651 18.55000 194.00000
13 8 17 03 08 3468.98000 12.55767000 257.98198 39.75651 18.44905 194.00000
13 8 17 03 08 3464.27300 12.55767000 258.20138 39.45218 18.55000 190.05001
13 8 17 03 08 3468.97400 12.55973000 258.20138 39.45219 18.55000 193.99893
13 8 17 03 09 3469.85000 12.55973000 257.98201 39.45219 18.55000 193.99955
13 8 17 03 09 3473.99200 12.55767000 258.20138 39.04047 18.54504 194.00000
13 8 17 03 09 3470.00000 12.38878000 258.00000 39.04047 18.54504 194.00000
13 8 17 03 10 3473.99100 12.27794000 258.51937 39.45219 18.54504 193.99955
13 8 17 03 10 3476.60100 12.55658000 258.51937 39.45219 18.54504 193.99955
13 8 17 03 11 3473.99100 12.38877000 257.00001 39.45219 18.54504 193.99955
13 8 17 03 12 3476.00000 12.38877000 257.18000 39.04047 18.44994 193.99955
13 8 17 03 12 3474.99100 12.38877000 257.18000 39.75648 18.54504 193.99955
13 8 17 03 12 3477.00000 12.38877000 256.99999 39.75648 18.44994 193.99989
13 8 17 03 13 3477.00000 12.55658000 257.00000 39.75648 18.54504 190.05001
13 8 17 03 13 3472.54900 12.38878000 257.99793 39.75648 18.54504 193.99893
13 8 17 03 13 3470.00000 12.38877000 257.00207 39.75648 18.54504 190.05001
13 8 17 03 14 3470.00000 12.38877000 256.99792 39.45219 18.54504 190.05001
13 8 17 03 14 3455.01000 12.38877000 256.98308 39.75648 18.54504 190.05002
13 8 17 03 15 3455.00900 12.55658000 256.98308 39.75648 18.54504 194.00000
13 8 17 03 16 3462.70000 12.38877000 256.90210 39.75648 18.55000 193.99990
13 8 17 03 16 3455.01000 12.38877000 256.35311 39.76000 18.54504 193.99990
13 8 17 03 16 3455.00000 12.36572000 255.97618 39.90000 18.54504 194.00000
13 8 17 03 17 3455.00000 12.36572000 255.97618 39.90089 18.54504 194.00000
13 8 17 03 17 3455.00000 12.36572000 255.27197 39.82000 18.54504 194.00000
13 8 17 03 18 3455.00000 12.36355000 255.97618 39.82000 18.44994 194.00000
13 8 17 03 18 3455.00000 12.40269000 255.20000 39.82000 18.54504 194.00000
13 8 17 03 20 3455.00000 12.36355000 255.18570 39.82000 18.54504 194.00000
13 8 17 03 19 3455.01000 12.36355000 255.17618 39.82000 18.55000 194.00000
13 8 17 03 19 3455.00000 12.36355000 255.20000 39.82000 18.45086 194.00000
13 8 17 03 20 3455.00000 12.36461000 255.20000 39.82000 18.54504 194.00000
13 8 17 03 20 3455.01000 12.36355000 255.20000 39.82000 18.54504 194.00000
13 8 17 03 20 3455.01000 12.36355000 255.20000 39.82000 18.55000 194.00000
13 8 17 03 21 3455.00000 12.36355000 255.97569 39.82000 18.54504 194.00000
13 8 17 03 21 3455.01000 12.36355000 255.97570 39.82000 18.55000 194.00000
13 8 17 03 22 3455.01000 12.36355000 255.20000 39.82000 18.54504 194.00000
13 8 17 03 23 3455.01000 12.36355000 255.97617 39.82000 18.44994 194.00000
13 8 17 03 23 3455.01000 12.36355000 255.97569 39.82000 18.89710 194.00000
13 8 17 03 23 3455.01000 12.38654000 255.59281 39.56788 18.89710 194.00000
13 8 17 03 24 3455.01000 12.36355000 255.84295 39.56788 18.54504 194.00000
13 8 17 03 24 3455.01000 12.38654000 255.59280 39.56788 18.89710 194.00000
13 8 17 03 25 3455.01000 12.37988000 255.25827 39.56788 18.89710 194.00000
13 8 17 03 27 3455.01000 12.28047000 255.59280 39.82000 18.89710 194.00000
13 8 17 03 25 3455.01000 12.28046000 255.59281 39.56788 18.51017 194.00000
13 8 17 03 26 3455.01000 12.28255000 255.59281 39.56788 18.51017 194.00000
13 8 17 03 26 3455.01000 12.28047000 255.21519 39.82000 18.51124 194.00000
13 8 17 03 27 3455.01000 12.28154000 255.97569 39.82000 18.51017 194.00000
13 8 17 03 27 3474.73500 12.28154000 255.19152 39.56788 18.51017 194.00000
13 8 17 03 28 3455.01000 12.28047000 255.25827 39.82000 18.51017 194.00000
13 8 17 03 28 3455.01000 12.37988000 255.84295 39.82000 18.51019 194.00000
13 8 17 03 28 3474.73500 12.37988000 255.08321 39.82000 18.51125 194.00000
13 8 17 03 29 3455.01000 12.28154000 255.97569 39.82000 18.51125 194.00000
13 8 17 03 29 3460.00000 12.27636000 255.17619 39.82000 18.51125 194.00000
13 8 17 03 30 3464.98000 12.27636000 255.09151 39.56788 18.51125 194.00000
13 8 17 03 30 3464.97900 12.37988000 254.86522 39.82000 18.51125 194.00000
13 8 17 03 30 3464.97900 12.27626000 254.21446 39.56788 18.51019 194.00000
13 8 17 03 31 3464.98000 12.27626000 254.21239 39.56788 18.51019 194.00000
13 8 17 03 31 3461.00000 12.27626000 254.21239 39.57112 18.51125 194.00000
13 8 17 03 32 3462.90000 12.27626000 254.86522 39.58800 18.51019 194.00000
13 8 17 03 32 3468.83800 12.27626000 254.21239 39.58801 18.51020 194.00000
13 8 17 03 33 3469.00000 12.27623000 255.08321 39.89756 18.51031 194.00000
13 8 17 03 35 3469.38800 12.27623000 254.49990 39.58802 18.51031 194.00000
13 8 17 03 34 3469.00100 12.27623000 254.49986 39.59000 18.51123 194.00000
13 8 17 03 34 3469.38800 12.27623000 254.49967 39.59015 18.51123 194.00000
13 8 17 03 35 3464.97600 12.31410000 254.00007 39.59207 18.51017 193.99894
13 8 17 03 35 3469.38800 12.27623000 254.00008 39.59207 18.51123 193.99894
13 8 17 03 35 3474.59700 12.31410000 254.00001 39.59016 18.51031 194.00000
13 8 17 03 36 3474.59900 12.31410000 254.00007 39.59016 18.51031 193.99894
13 8 17 03 38 3474.73400 12.31410000 254.00008 39.89626 18.51031 193.99894
13 8 17 03 37 3474.73400 12.31410000 254.00007 39.89626 18.51123 193.99894
13 8 17 03 37 3470.00000 12.31410000 254.00009 39.89433 18.51017 194.00000
13 8 17 03 37 3474.57100 12.31410000 254.00007 39.89433 18.51000 193.99894
13 8 17 03 38 3474.57100 12.31410000 253.77861 39.89433 18.51000 193.99894
13 8 17 03 38 3474.73400 12.31410000 253.36705 39.89433 18.51000 194.00000
13 8 17 03 39 3470.11200 12.27631000 253.36705 39.89433 18.51020 194.00000
13 8 17 03 39 3474.73200 12.31410000 253.23166 39.89433 18.51000 190.12320
13 8 17 03 39 3474.73300 12.27631000 253.01452 39.89433 18.51020 193.99894
13 8 17 03 40 3470.33500 12.27631000 252.97618 39.89433 18.51000 190.12320
13 8 17 03 41 3470.44700 12.27631000 252.79725 39.89433 18.51000 194.00000
13 8 17 03 41 3470.33500 12.27631000 252.79725 39.89433 18.51207 194.00000
13 8 17 03 41 3470.44600 12.31410000 252.79725 39.89626 18.51014 190.12320
13 8 17 03 42 3469.39300 12.27631000 252.99887 39.89626 18.51014 194.00000
13 8 17 03 42 3464.98000 12.31410000 252.79725 39.89626 18.51014 193.99894
13 8 17 03 43 3464.80900 12.28000000 252.99887 39.89433 18.51014 190.12360
13 8 17 03 43 3464.90000 12.31410000 252.99887 39.89847 18.51014 193.99894
13 8 17 03 43 3465.06000 12.29172000 252.23111 39.95300 18.51014 190.12360
13 8 17 03 44 3465.06000 12.27628000 252.97793 39.95300 18.51014 190.12360
13 8 17 03 44 3465.25900 12.27627000 252.97790 39.67990 18.51207 190.12360
13 8 17 03 45 3469.00700 12.27627000 252.97788 39.67990 18.51031 194.00000
13 8 17 03 45 3464.80900 12.27627000 252.97787 39.89847 18.86549 190.12360
13 8 17 03 45 3465.98600 12.27627000 252.97787 39.67990 18.86549 190.12360
13 8 17 03 46 3464.81000 12.27627000 252.97787 39.67990 18.86549 190.12360
13 8 17 03 46 3464.81000 12.27627000 252.97787 39.95126 18.86549 190.12360
13 8 17 03 47 3464.99900 12.27627000 252.97787 39.67990 18.86549 190.12320
13 8 17 03 47 3465.00000 12.21138000 252.97790 39.67990 18.86549 190.12360
13 8 17 03 48 3465.00000 12.19000000 252.97789 39.67990 18.86037 190.12320
13 8 17 03 48 3464.99400 12.19000000 252.97789 39.67990 18.86037 190.12360
13 8 17 03 49 3465.00000 12.19000000 252.97789 39.67990 18.51031 194.00000
13 8 17 03 49 3464.99100 12.19000000 252.97787 39.89847 18.86037 190.12360
13 8 17 03 49 3456.01000 12.19000000 253.23058 39.67990 18.86037 190.12320
13 8 17 03 50 3464.99400 12.19000000 252.97787 39.89626 18.86037 194.00000
13 8 17 03 50 3455.00000 12.11029000 254.08489 39.93069 18.51014 190.12360
13 8 17 03 50 3464.99200 12.11029000 254.25000 39.95300 18.86037 190.12320
13 8 17 03 51 3464.99200 12.11029000 254.08489 39.95126 18.86037 190.12360
13 8 17 03 52 3450.00000 12.14921000 254.08282 39.96010 18.86037 190.12360
13 8 17 03 52 3449.99900 12.14921000 254.13937 39.96010 18.86037 190.12360
13 8 17 03 53 3448.00000 12.14921000 254.08282 39.68623 18.86037 190.12360
13 8 17 03 53 3440.58300 12.18891000 254.08283 39.68623 18.86037 190.12360
13 8 17 03 55 3451.98500 12.18891000 254.08282 39.68009 18.86549 190.12360
13 8 17 03 53 3430.00200 12.14921000 254.08295 39.67987 18.86037 190.12360
13 8 17 03 54 3430.00800 12.21067000 254.09990 39.99252 18.86037 193.99894
13 8 17 03 54 3430.00200 12.18891000 253.43273 39.99252 18.86549 190.12360
13 8 17 03 55 3430.00000 12.18891000 252.51429 39.68010 18.86549 190.12360
13 8 17 03 55 3404.11400 12.16034000 252.51021 39.88600 18.86037 194.00000
13 8 17 03 56 3425.00000 12.18502000 252.51429 39.68623 18.86037 194.00000
13 8 17 03 56 3405.00100 12.18502000 252.51021 39.67987 18.86037 194.00000
13 8 17 03 56 3425.00000 12.18502000 254.08280 39.93693 18.86037 194.00000
13 8 17 03 59 3425.00000 12.18502000 253.52277 39.68010 18.51031 194.00000
13 8 17 03 57 3425.00000 12.18501000 253.52277 39.94200 18.86549 194.00000
13 8 17 03 58 3425.00000 12.14921000 254.08268 39.99878 18.86037 190.12360
13 8 17 03 58 3425.00000 12.18502000 253.52282 39.99878 18.86037 194.00000
13 8 17 03 59 3425.00000 12.18502000 254.08279 39.68010 18.86037 194.00000
13 8 17 03 59 3430.00800 12.18502000 254.08295 39.68018 18.86037 194.00000
13 8 17 03 59 3430.00200 12.18502000 253.52277 39.68018 18.37954 190.12320
13 8 17 04 00 3429.99900 12.14921000 253.82280 39.68018 18.37954 194.00000
13 8 17 04 03 3421.42100 12.18522000 254.08282 39.99874 18.86037 190.12320
13 8 17 04 01 3426.00000 12.18522000 253.82280 39.99874 18.86037 194.00000
13 8 17 04 01 3425.00100 12.18522000 254.62524 39.99874 18.86037 194.00000
13 8 17 04 02 3425.00000 12.18522000 254.70104 39.88600 18.37947 194.00000
13 8 17 04 03 3428.42200 12.18522000 254.70107 39.99874 18.37947 194.00000
13 8 17 04 03 3430.00000 12.21067000 254.08282 39.68018 18.86037 190.12512
13 8 17 04 03 3431.47000 12.18502000 254.70104 39.99874 18.37947 190.12512
13 8 17 04 03 3430.00000 12.18540000 255.08322 39.99874 18.37947 190.12512
13 8 17 04 04 3430.00000 12.18540000 255.08322 39.99874 18.37947 194.00000
13 8 17 04 05 3430.47000 12.18502000 255.00000 39.99768 18.86037 194.00000
13 8 17 04 07 3432.06200 12.18540000 254.50000 39.99874 18.37947 194.00000
13 8 17 04 07 3432.06200 12.18522000 255.08319 39.99652 18.86037 190.12512
13 8 17 04 06 3438.00000 12.18540000 255.00000 39.99652 18.37947 190.12512
13 8 17 04 06 3438.00000 12.18540000 254.99973 39.99652 18.37947 190.12512
13 8 17 04 07 3439.99100 12.18522000 254.28526 39.99768 18.37947 190.12512
13 8 17 04 07 3434.99800 12.18540000 254.99894 39.99768 18.37954 190.12320
13 8 17 04 07 3434.99800 12.18540000 254.99670 39.99652 18.37947 190.12512
13 8 17 04 10 3434.99800 12.18540000 254.99669 39.99652 18.37947 190.12512
13 8 17 04 09 3437.88900 12.18540000 254.99668 39.99878 18.37947 190.12360
13 8 17 04 09 3435.00100 12.18540000 254.99666 39.99874 18.37947 190.12320
13 8 17 04 09 3434.99800 12.18540000 254.99462 39.99878 18.37947 190.12512
13 8 17 04 10 3434.99800 12.18540000 254.99666 39.99652 18.37947 190.12512
13 8 17 04 10 3434.99800 12.18540000 254.99666 39.99652 18.37947 190.12512
13 8 17 04 11 3434.99800 12.18540000 254.99666 39.99667 18.37947 194.00000
13 8 17 04 11 3435.00000 12.18522000 254.99666 39.99768 18.37947 194.00000
13 8 17 04 11 3435.00000 12.18540000 254.99462 39.99652 18.37947 190.12512
13 8 17 04 12 3435.00000 12.18540000 254.99462 39.99652 18.37947 190.12320
13 8 17 04 12 3436.00000 12.18522000 254.99669 39.99410 18.37947 190.12512
13 8 17 04 13 3436.00000 12.18522000 254.99559 39.99410 18.37947 190.12512
13 8 17 04 13 3430.00000 12.18540000 254.99563 39.99667 18.37947 190.12512
13 8 17 04 14 3426.11800 12.18540000 254.99467 39.99622 18.37947 190.12512
13 8 17 04 14 3430.00000 12.18540000 254.90000 39.99622 18.37947 190.12512
13 8 17 04 14 3430.00000 12.18540000 254.90000 39.99410 18.37947 190.12512
13 8 17 04 15 3422.76900 12.27611000 254.90000 39.99410 18.37947 194.00000
13 8 17 04 15 3422.76900 12.27611000 254.99665 39.99622 18.37947 194.00000
13 8 17 04 16 3435.00000 12.18502000 254.99612 39.99622 18.37947 190.12512
13 8 17 04 16 3390.00900 12.27611000 254.90000 39.99622 18.86037 190.12512
13 8 17 04 17 3385.00000 12.27611000 254.70000 39.99622 18.37947 190.12360
13 8 17 04 17 3395.00000 12.27611000 254.70000 39.99982 18.86037 194.00000
13 8 17 04 17 3385.00000 12.27611000 254.70000 39.99982 18.37947 190.12512
13 8 17 04 20 3400.00000 12.27611000 254.70000 39.99982 18.37947 190.12512
13 8 17 04 18 3395.10100 12.27611000 256.15000 39.99982 18.37947 190.12512
13 8 17 04 19 3400.00000 12.18502000 254.99643 39.99982 18.37954 190.12320
13 8 17 04 19 3369.23900 12.27611000 255.61883 39.99982 18.37947 190.12512
13 8 17 04 20 3395.10100 12.18522000 255.61883 39.99410 18.37954 190.12320
13 8 17 04 20 3395.10100 12.27622000 255.61883 39.99410 18.37947 194.00000
13 8 17 04 20 3399.97900 12.27622000 255.61883 39.99982 18.37947 190.12320
13 8 17 04 21 3399.86900 12.27611000 255.61883 39.99982 18.37954 190.12320
13 8 17 04 21 3399.86900 12.27611000 255.61883 39.99999 18.37947 190.12512
13 8 17 04 22 3399.86900 12.31408000 256.51944 39.99410 18.37947 190.12360
13 8 17 04 22 3400.00000 12.31408000 256.67665 39.99999 18.37947 190.12512
13 8 17 04 23 3400.00000 12.27622000 256.75400 39.99999 18.86037 190.12512
13 8 17 04 23 3394.97000 12.27622000 256.90000 39.99410 18.86037 190.12512
13 8 17 04 24 3399.20000 12.31408000 256.99790 40.00000 18.37947 190.12512
13 8 17 04 24 3385.30600 12.31408000 256.99790 40.00000 18.37947 194.00000
13 8 17 04 24 3399.98000 12.27611000 256.75400 40.00000 18.37947 190.12512
13 8 17 04 25 3418.54600 12.31408000 256.99790 39.99982 18.37947 190.12512
13 8 17 04 25 3396.44200 12.27622000 256.99787 40.00000 18.37947 190.12512
13 8 17 04 26 3418.21800 12.27611000 256.75400 39.99793 18.37947 190.12512
13 8 17 04 26 3400.00000 12.18502000 256.51944 39.99793 18.37947 190.12512
13 8 17 04 26 3418.66300 12.31408000 256.51944 39.99793 18.37947 190.12512
13 8 17 04 27 3400.00000 12.18625000 256.75400 40.00000 18.37947 190.12512
13 8 17 04 28 3409.43000 12.18625000 255.61870 39.99793 18.37947 190.12512
13 8 17 04 28 3418.55200 12.18625000 256.90001 39.99793 18.86037 194.00000
13 8 17 04 28 3409.34100 12.18625000 255.48000 40.00000 18.37947 190.12360
13 8 17 04 29 3418.66000 12.31408000 255.48000 39.99671 18.37947 190.12360
13 8 17 04 29 3409.43000 12.18625000 255.66972 39.99772 18.37947 190.05001
13 8 17 04 29 3418.54800 12.18625000 256.99790 39.99772 18.37947 190.05001
13 8 17 04 30 3409.92900 12.18625000 255.48000 40.00000 18.37947 190.05001
13 8 17 04 30 3418.65400 12.31408000 255.38254 39.99878 18.37947 190.05001
13 8 17 04 31 3418.65300 12.27622000 255.38254 39.99878 18.51014 190.05001
13 8 17 04 31 3418.53600 12.27622000 256.99790 39.99772 18.37947 190.05001
13 8 17 04 32 3400.38000 12.18625000 255.47947 39.99772 18.37947 195.43628
13 8 17 04 32 3400.38000 12.18625000 255.22000 39.99772 18.37947 197.49245
13 8 17 04 33 3418.64700 12.18625000 255.22000 39.99772 18.37947 197.49351
13 8 17 04 33 3400.37900 12.18625000 255.22000 39.99772 18.37947 197.49351
13 8 17 04 34 3400.00000 12.31408000 255.47934 39.99772 18.51014 197.49351
13 8 17 04 34 3400.38000 12.18502000 255.47934 39.99772 18.37947 197.49351
13 8 17 04 35 3400.00300 12.27622000 255.47946 39.99772 18.37947 197.49245
13 8 17 04 35 3418.20200 12.18625000 255.47971 39.99772 18.37947 197.49351
13 8 17 04 35 3400.00200 12.18625000 255.48000 39.99772 18.37947 197.49351
13 8 17 04 35 3408.87400 12.18625000 255.47968 39.99772 18.37947 195.76542
13 8 17 04 36 3400.81500 12.31408000 255.22000 39.99772 18.37947 197.49351
13 8 17 04 37 3400.00700 12.27622000 255.22000 39.99772 18.51014 196.83066
13 8 17 04 37 3405.85400 12.27622000 255.48000 39.99772 18.51014 197.49245
13 8 17 04 37 3405.85400 12.31408000 255.48000 39.99772 18.37947 197.49351
13 8 17 04 38 3406.11100 12.18625000 255.48000 39.99772 18.37947 197.49245
13 8 17 04 38 3405.85400 12.18625000 255.48000 39.99772 18.86037 197.49351
13 8 17 04 39 3400.22900 12.18625000 255.48000 39.99772 18.37947 190.00015
13 8 17 04 39 3414.80000 12.18625000 255.48000 39.99772 18.37947 190.00015
13 8 17 04 40 3401.12200 12.18625000 255.48000 39.99772 18.37954 197.49245
13 8 17 04 40 3400.00400 12.18625000 255.47993 39.99772 18.37947 190.00015
13 8 17 04 40 3401.12200 12.27622000 255.48000 39.99772 18.37947 197.49245
13 8 17 04 41 3400.22900 12.18625000 255.48000 39.99772 18.37947 190.00208
13 8 17 04 41 3400.00400 12.18625000 255.47954 39.99772 18.37947 190.00208
13 8 17 04 42 3414.80000 12.18502000 255.47954 39.99772 18.37947 197.19877
13 8 17 04 42 3414.80000 12.31408000 255.43097 39.99772 18.37947 197.19877
13 8 17 04 42 3414.80000 12.31408000 254.72881 39.99772 18.37947 190.00209
13 8 17 04 43 3414.80000 12.18625000 255.13276 39.99772 18.37947 190.00209
13 8 17 04 43 3414.80000 12.31408000 255.13276 39.99772 18.37947 197.19877
13 8 17 04 44 3414.80000 12.31408000 255.43095 39.99772 18.86037 197.19877
13 8 17 04 44 3404.99900 12.18625000 254.92884 39.93625 18.37947 190.00208
13 8 17 04 45 3401.12200 12.18502000 255.43095 39.99772 18.37947 190.00208
13 8 17 04 45 3404.99900 12.27611000 254.72881 39.93625 18.37954 190.00209
13 8 17 04 45 3400.00400 12.18625000 254.00000 39.93625 18.37947 190.00208
13 8 17 04 46 3414.80000 12.18625000 254.00000 39.99772 18.37947 190.00208
13 8 17 04 46 3414.80000 12.18625000 254.50000 39.93625 18.37947 190.00208
13 8 17 04 46 3419.00000 12.31408000 254.50000 39.93625 18.37947 190.00208
13 8 17 04 47 3404.99900 12.27622000 254.00000 39.93625 18.37947 190.00209
13 8 17 04 48 3436.00000 12.27611000 254.72375 39.93625 18.86037 190.00208
13 8 17 04 48 3404.99900 12.27611000 254.66670 39.93625 18.51014 190.00209
13 8 17 04 49 3435.62500 12.18625000 254.49998 39.93625 18.37947 190.00208
13 8 17 04 49 3436.00000 12.18625000 254.49998 39.93625 18.38163 190.00208
13 8 17 04 49 3418.09900 12.31408000 254.49996 39.93625 18.38163 190.00209
13 8 17 04 50 3437.98700 12.18625000 252.84416 39.99772 18.38163 190.00208
13 8 17 04 50 3438.99600 12.18625000 254.49995 39.99772 18.38163 190.00004
13 8 17 04 51 3438.99500 12.31408000 254.66670 39.99772 18.38163 190.00002
13 8 17 04 51 3437.98700 12.31408000 254.66670 39.93625 18.38163 190.00012
13 8 17 04 52 3437.98700 12.31408000 254.49995 39.93625 18.38163 190.00012
13 8 17 04 52 3439.99000 12.18625000 252.84416 39.99772 18.38163 190.00012
13 8 17 04 52 3447.12800 12.18625000 254.88000 39.93625 18.37954 190.00003
13 8 17 04 53 3438.99400 12.27622000 254.49995 39.93625 18.38163 190.00002
13 8 17 04 53 3447.12800 12.18625000 254.50000 39.93625 18.38163 190.00003
13 8 17 04 54 3447.12800 12.18625000 253.99793 39.99772 18.38163 190.00003
13 8 17 04 54 3447.12800 12.35957000 254.00000 39.96785 18.38163 190.00003
13 8 17 04 54 3448.99200 12.31408000 253.50000 39.96785 18.38163 190.00012
13 8 17 04 55 3448.98800 12.35957000 253.99793 39.96785 18.38163 190.00003
13 8 17 04 57 3449.99900 12.35956000 253.99793 39.96785 18.38163 190.00003
13 8 17 04 56 3456.06800 12.35957000 253.99894 39.96785 18.38163 190.00003
13 8 17 04 56 3448.98800 12.35957000 253.99793 39.93625 18.37954 190.00003
13 8 17 04 57 3456.12200 12.35974000 254.00000 39.96785 18.38163 190.00003
13 8 17 04 57 3456.12200 12.35956000 253.99793 39.96785 18.38163 190.00003
13 8 17 04 58 3453.00000 12.35767000 254.00000 39.96785 18.38163 190.00003
13 8 17 04 58 3453.66200 12.35867000 254.00000 39.96785 18.37947 190.00012
13 8 17 04 58 3447.35400 12.35867000 253.91100 39.96785 18.38163 190.00003
13 8 17 04 58 3447.35400 12.35867000 253.99894 39.96785 18.86037 190.00012
13 8 17 04 59 3437.20200 12.18953000 254.00000 39.96785 18.38163 190.00012
13 8 17 04 59 3447.35300 12.22136000 254.00000 39.93625 18.38163 190.00210
13 8 17 05 00 3448.35000 12.18953000 254.00000 39.99772 18.37947 190.00210
13 8 17 05 00 3448.35700 12.22136000 253.50053 39.96785 18.38163 190.00004
13 8 17 05 01 3447.35400 12.35957000 253.50053 39.96785 18.37954 190.00012
13 8 17 05 01 3454.97000 12.18953000 253.99790 39.96785 18.86037 190.00210
13 8 17 05 01 3454.75200 12.22136000 253.75378 39.99772 18.38163 190.00210
13 8 17 05 02 3446.00000 12.22136000 253.99788 39.96785 18.38163 190.00210
13 8 17 05 02 3454.73000 12.22136000 253.99788 39.96785 18.38163 190.00012
13 8 17 05 03 3445.00000 12.18953000 253.75378 39.93625 18.37947 190.00004
13 8 17 05 04 3449.29800 12.22136000 253.75378 39.99772 18.38163 190.00209
13 8 17 05 04 3449.00000 12.22136000 253.50116 39.96785 18.38163 190.00209
13 8 17 05 04 3446.00000 12.35957000 253.99990 39.90000 18.37954 190.00209
13 8 17 05 05 3437.55100 12.22136000 253.99990 39.90000 18.38163 190.00209
13 8 17 05 05 3447.35300 12.22136000 253.50156 39.22229 18.38163 190.00209
13 8 17 05 06 3440.48600 12.22136000 253.50034 39.22229 18.38163 190.00209
13 8 17 05 06 3430.42700 12.22136000 253.50034 39.90000 18.38163 190.00209
13 8 17 05 07 3411.74100 12.22136000 253.99770 39.95289 18.37947 190.00209
13 8 17 05 07 3446.00000 12.22136000 253.37500 39.95289 18.37947 190.00209
13 8 17 05 09 3401.50200 12.22136000 253.99770 39.95289 18.38163 190.00209
13 8 17 05 07 3401.20000 12.18953000 253.99561 39.95289 18.38163 190.00209
13 8 17 05 08 3430.42700 12.22136000 253.99661 39.90000 18.40000 190.00209
13 8 17 05 09 3399.99300 12.22136000 253.37500 39.99772 18.40000 190.00012
13 8 17 05 09 3399.88900 12.22136000 253.99661 39.95289 18.40000 190.00012
13 8 17 05 09 3390.00100 12.18953000 253.99647 39.96785 18.38163 190.00012
13 8 17 05 10 3400.00000 12.22136000 253.99661 39.22229 18.26042 190.00012
13 8 17 05 10 3399.88800 12.22136000 253.99661 39.95289 18.26042 190.00209
13 8 17 05 11 3399.88700 12.22136000 253.99660 39.99772 18.26042 190.00012
13 8 17 05 11 3399.99900 12.18953000 253.99662 39.90000 18.40000 190.00012
13 8 17 05 12 3390.02100 12.18953000 253.99976 39.90000 18.26042 190.00012
13 8 17 05 12 3399.77700 12.22136000 253.99900 39.96785 18.40000 190.00209
13 8 17 05 12 3399.88800 12.35957000 253.99976 39.94847 18.26042 190.00209
13 8 17 05 13 3390.38000 12.25000000 253.99900 39.94832 18.26042 190.00209
13 8 17 05 13 3400.00000 12.25000000 253.99794 39.94740 18.40000 190.00012
13 8 17 05 13 3396.83100 12.25000000 253.99794 39.94740 18.40000 190.00209
13 8 17 05 14 3390.38100 12.25000000 253.99894 39.94740 18.26042 190.00012
13 8 17 05 14 3399.99900 12.25000000 254.00000 39.94740 18.26042 190.00012
13 8 17 05 15 3390.38100 12.25000000 253.99794 39.94740 18.40000 190.00012
13 8 17 05 15 3390.38100 12.25000000 253.99893 39.94740 18.38163 190.00012
13 8 17 05 16 3391.38300 12.25000000 253.99997 39.94740 18.40000 190.00012
13 8 17 05 18 3390.38100 12.25000000 254.00000 39.94740 18.40000 190.00012
13 8 17 05 16 3390.38100 12.25000000 253.99990 39.94740 18.38163 190.00012
13 8 17 05 17 3396.60500 12.25000000 253.99998 39.94847 18.40000 190.00012
13 8 17 05 19 3396.60500 12.25000000 253.99998 39.94999 18.40000 190.00012
13 8 17 05 18 3396.71900 12.25000000 253.99688 39.94740 18.40000 190.00209
13 8 17 05 18 3398.88400 12.25000000 253.99883 39.94832 18.40000 190.00209
13 8 17 05 19 3398.88400 12.25000000 253.99995 39.95289 18.40000 190.00012
13 8 17 05 19 3396.83100 12.25000000 253.99687 39.95289 18.26042 190.00107
13 8 17 05 19 3396.83100 12.25000000 253.99687 39.94892 18.40000 190.00015
13 8 17 05 20 3425.09900 12.25000000 253.00000 39.94892 18.40000 190.00001
13 8 17 05 21 3399.99700 12.25000000 252.20021 39.94740 18.26042 190.00107
13 8 17 05 21 3425.00000 12.25000000 252.68964 39.94892 18.38163 190.00015
13 8 17 05 21 3424.88800 12.25000000 252.17621 39.91996 18.26042 190.00000
13 8 17 05 22 3398.88400 12.25000000 252.17621 39.91996 18.40000 190.00015
13 8 17 05 22 3404.00200 12.25000000 252.99793 39.91996 18.26065 190.00104
13 8 17 05 23 3424.88700 12.25000000 252.44001 39.94892 18.40000 190.00011
13 8 17 05 23 3424.88600 12.25000000 252.44001 39.94832 18.40000 190.00207
13 8 17 05 23 3404.00200 12.25000000 252.68964 39.91998 18.26065 190.00207
13 8 17 05 24 3404.00200 12.25000000 252.68964 39.91998 18.40000 190.00106
13 8 17 05 24 3410.00000 12.25000000 252.99792 39.91998 18.26065 190.00207
13 8 17 05 25 3410.00000 12.25000000 252.99871 39.91996 18.40000 190.00011
13 8 17 05 25 3424.99900 12.25000000 251.82003 39.94832 18.26065 190.00000
13 8 17 05 26 3407.76000 12.25000000 252.99793 39.28039 18.37993 190.00000
13 8 17 05 26 3424.99900 12.25000000 250.21001 39.28039 18.37993 190.00000
13 8 17 05 27 3405.41000 12.25000000 251.05600 39.95289 18.38094 190.00000
13 8 17 05 27 3410.00000 12.25000000 251.82014 39.91998 18.38094 190.00000
13 8 17 05 28 3424.99900 12.25000000 251.82014 39.91998 18.37993 190.00106
13 8 17 05 28 3398.99800 12.25000000 251.34844 39.28981 18.38163 190.00000
13 8 17 05 28 3402.00000 12.25000000 252.97002 39.28981 18.37993 190.00000
13 8 17 05 28 3404.77700 12.25000000 252.97002 39.28981 18.37993 190.00000
13 8 17 05 29 3402.00000 12.25000000 251.05600 39.28981 18.37993 190.00207
13 8 17 05 29 3404.99400 12.25000000 252.97195 39.91998 18.37993 190.00000
13 8 17 05 30 3404.99400 12.25000000 252.97194 39.28981 18.40000 190.00000
13 8 17 05 30 3410.00000 12.25000000 251.13400 39.29298 18.37993 190.00000
13 8 17 05 31 3404.99100 12.25000000 251.75149 39.91996 18.37993 190.00000
13 8 17 05 31 3403.00100 12.25000000 252.96685 39.29298 18.37993 190.00000
13 8 17 05 31 3404.99600 12.25000000 252.96868 39.28039 18.37993 190.00011
13 8 17 05 32 3404.99100 12.25000000 252.96654 39.29298 18.37993 190.00000
13 8 17 05 32 3409.88800 12.25000000 252.96654 39.29298 18.37993 190.00000
13 8 17 05 33 3404.99000 12.25000000 252.95400 39.94832 18.40000 190.00000
13 8 17 05 33 3407.49700 12.25000000 252.96868 39.28981 18.37993 190.00000
13 8 17 05 33 3407.49700 12.25000000 252.95191 39.28981 18.37993 190.00000
13 8 17 05 34 3404.99100 12.25000000 252.95191 39.29298 18.37993 190.00000
13 8 17 05 35 3411.56000 12.25000000 252.00119 39.40000 18.37993 190.00000
13 8 17 05 35 3409.88500 12.25000000 252.95399 39.78000 18.38094 190.00000
13 8 17 05 35 3412.47500 12.25000000 251.13400 39.29295 18.38094 190.00000
13 8 17 05 36 3412.47500 12.25000000 252.95167 39.78000 18.38094 190.00000
13 8 17 05 36 3412.47500 12.25000000 252.29999 39.78000 18.38094 190.00207
13 8 17 05 37 3411.00000 12.25000000 252.95140 39.28981 18.38094 190.00000
13 8 17 05 37 3410.22000 12.25000000 252.29999 39.29294 18.38094 190.00000
13 8 17 05 40 3412.00000 12.25000000 252.50000 39.29294 18.38094 190.00207
13 8 17 05 38 3412.46600 12.25000000 252.30000 39.29294 18.37993 190.00000
13 8 17 05 38 3414.59300 12.25000000 252.30000 39.29294 18.38094 190.00000
13 8 17 05 41 3407.49700 12.25000000 252.29999 39.78000 18.38094 190.00106
13 8 17 05 39 3407.49700 12.25000000 252.50000 39.77998 18.38094 190.00000
13 8 17 05 40 3412.46000 12.25000000 252.30800 39.29294 18.37993 190.00207
13 8 17 05 40 3412.00000 12.25000000 252.50000 39.29295 18.38094 190.00106
13 8 17 05 41 3434.26200 12.25000000 252.30800 39.29294 18.38094 194.00003
13 8 17 05 41 3420.00000 12.25000000 252.50000 39.77998 18.38094 194.00000
13 8 17 05 41 3420.60000 12.25000000 252.50000 39.77998 18.38094 194.00000
13 8 17 05 42 3434.26200 12.25000000 252.30000 39.29295 18.38094 194.00000
13 8 17 05 42 3415.00000 12.25000000 252.50000 39.77998 18.38094 193.99980
13 8 17 05 43 3415.00000 12.25000000 252.49967 39.30282 18.38094 193.99894
13 8 17 05 43 3416.36400 12.25000000 252.35670 39.30282 18.40000 190.07283
13 8 17 05 44 3416.36400 12.25000000 252.30000 39.30282 18.38094 190.07283
13 8 17 05 44 3415.00000 12.25000000 252.30001 39.30282 18.38094 190.07283
13 8 17 05 44 3415.21000 12.25000000 252.30132 39.77996 18.38094 190.07283
13 8 17 05 45 3420.00000 12.25000000 252.30001 39.29294 18.38094 190.07283
13 8 17 05 45 3416.50100 12.25000000 252.30000 39.77995 18.38094 190.07283
13 8 17 05 46 3419.99400 12.25000000 250.11008 39.77995 18.38094 190.07283
13 8 17 05 46 3420.00000 12.25000000 252.35000 39.77995 18.38094 190.07283
13 8 17 05 47 3419.99400 12.25000000 252.35000 39.77995 18.40000 190.07283
13 8 17 05 47 3420.00000 12.25000000 252.30132 39.77995 18.38094 190.07283
13 8 17 05 48 3420.00000 12.25000000 252.30001 39.77995 18.38094 190.07283
13 8 17 05 48 3420.00000 12.25000000 252.35000 39.77995 18.38094 190.07283
13 8 17 05 48 3420.00000 12.25000000 252.49963 39.77995 18.38094 190.07283
13 8 17 05 49 3420.00000 12.25000000 250.84840 39.30282 18.38094 190.07283
13 8 17 05 49 3420.00000 12.25000000 252.29420 39.77995 18.38094 190.07283
13 8 17 05 49 3420.00000 12.11000000 252.29420 39.77995 18.37993 190.07283
13 8 17 05 50 3416.70100 12.25000000 252.29421 39.30282 18.38094 190.07283
13 8 17 05 50 3416.70100 12.11000000 251.96803 39.77995 18.38094 190.07283
13 8 17 05 51 3416.70100 12.11000000 252.30000 39.77995 18.38094 190.00003
13 8 17 05 51 3419.99900 12.11000000 251.96803 39.91550 18.38094 190.00000
13 8 17 05 52 3415.37000 12.25000000 252.29281 39.70003 18.38094 190.00000
13 8 17 05 52 3415.37000 12.11000000 252.29395 39.70003 18.38094 190.00000
13 8 17 05 52 3415.37000 12.11000000 251.50002 39.91550 18.38094 190.00000
13 8 17 05 53 3412.50000 12.25000000 250.61008 39.91550 18.38094 190.07283
13 8 17 05 53 3415.37000 12.25000000 249.95241 39.70003 18.38094 190.00000
13 8 17 05 54 3412.50000 12.11000000 249.27020 39.77995 18.38094 190.07283
13 8 17 05 56 3415.25900 12.25000000 251.50001 39.77995 18.40000 190.00000
13 8 17 05 55 3415.00000 12.11000000 251.50016 39.77995 18.38094 190.07283
13 8 17 05 55 3415.00000 12.11000000 251.50016 39.77995 18.38094 196.89414
13 8 17 05 56 3410.22000 12.11000000 251.50001 39.77995 18.38094 190.00000
13 8 17 05 56 3412.50000 12.11000000 252.00000 39.70001 18.38094 196.89414
13 8 17 05 57 3414.88900 12.10000000 251.39997 39.77995 18.38094 190.00003
13 8 17 05 57 3412.50000 12.10000000 251.50001 39.81600 18.38094 190.00000
13 8 17 05 57 3415.37000 12.25000000 251.96469 39.81600 18.38094 196.89414
13 8 17 05 57 3415.37000 12.10000000 251.96468 39.81600 18.38094 196.89414
13 8 17 05 58 3416.25800 12.10000000 251.96468 39.81600 18.38094 190.00000
13 8 17 06 01 3414.00000 12.10000000 251.96255 39.81600 18.38094 196.89414
13 8 17 05 59 3414.37000 12.11000000 251.96255 39.81600 18.38094 196.89414
13 8 17 05 59 3415.25500 12.10000000 251.96462 39.81600 18.38094 196.89414
13 8 17 06 00 3416.13900 12.10000000 251.50083 39.70208 18.40000 196.89414
13 8 17 06 00 3416.26000 12.11000000 251.96255 39.81600 18.38094 196.89414
13 8 17 06 00 3421.00000 12.10000000 251.95128 39.72700 18.38094 196.89414
13 8 17 06 01 3416.13900 12.25000000 251.95132 39.72700 18.40000 196.89414
13 8 17 06 02 3416.00000 12.10000000 251.95132 39.70015 18.38094 196.89414
13 8 17 06 02 3415.84000 12.11000000 251.95129 39.96789 18.38094 190.00000
13 8 17 06 02 3416.84000 12.10000000 251.95132 39.70014 18.38094 196.89414
13 8 17 06 03 3415.37000 12.25000000 251.95132 39.70208 18.40000 196.89414
13 8 17 06 03 3417.93800 12.10000000 251.95118 39.70208 18.51709 196.89414
13 8 17 06 04 3415.37000 12.10000000 251.95118 39.70208 18.51709 196.89414
13 8 17 06 04 3429.76700 12.11000000 251.88799 39.70014 18.51709 196.89414
13 8 17 06 05 3429.65900 12.10000000 251.88799 39.70208 18.51709 190.00016
13 8 17 06 05 3429.00000 12.10000000 251.50082 39.70208 18.40000 190.00016
13 8 17 06 05 3417.93800 12.10000000 251.50082 39.91342 18.40000 190.00003
13 8 17 06 06 3414.00000 12.10000000 251.95129 39.70208 18.51709 196.89414
13 8 17 06 06 3418.94000 12.10000000 251.50017 39.70208 18.51709 190.00016
13 8 17 06 06 3420.00100 12.33800000 251.50017 39.96559 18.51709 196.39989
13 8 17 06 07 3416.84000 12.33906000 251.88799 39.96559 18.51709 196.39989
13 8 17 06 07 3418.94000 12.33906000 250.00315 39.96352 18.51709 196.39989
13 8 17 06 08 3420.00100 12.25000000 251.40000 39.96559 18.51709 196.39989
13 8 17 06 08 3428.00000 12.33906000 250.00000 39.96559 18.51709 196.39989
13 8 17 06 09 3416.94000 12.33906000 250.00010 39.70208 18.51709 196.39989
13 8 17 06 09 3420.31000 12.33906000 251.40000 39.96400 18.51709 196.39989
13 8 17 06 09 3424.87900 12.10000000 251.30000 39.96400 18.38094 196.39989
13 8 17 06 10 3427.99900 12.10000000 251.00000 39.70122 18.51709 190.00003
13 8 17 06 11 3433.11500 12.33229000 251.30000 39.70122 18.51709 196.39989
13 8 17 06 11 3433.11500 12.33229000 251.50000 39.70208 18.51709 196.39989
13 8 17 06 11 3433.11500 12.10000000 251.00014 39.70315 18.38094 196.39989
13 8 17 06 12 3434.79400 12.33229000 251.50000 39.96352 18.51709 196.39989
13 8 17 06 12 3434.79400 12.33229000 251.95000 39.96352 18.51709 196.39989
13 8 17 06 13 3433.11500 12.33229000 251.50004 39.70315 18.38094 196.39989
13 8 17 06 13 3443.00000 12.33229000 251.88063 39.70315 18.51709 196.39989
13 8 17 06 15 3440.20500 12.10000000 251.50004 39.70315 18.38094 196.39989
13 8 17 06 14 3442.99900 12.25000000 251.78799 39.70315 18.51709 196.39849
13 8 17 06 14 3440.19600 12.33906000 251.78799 39.96142 18.38094 196.39989
13 8 17 06 15 3433.11500 12.25000000 251.62900 39.70315 18.38094 196.39989
13 8 17 06 15 3434.79400 12.33229000 251.62900 39.96142 18.51709 196.39989
13 8 17 06 16 3448.40000 12.33229000 251.78799 39.96352 18.51709 196.39989
13 8 17 06 16 3449.99900 12.25000000 251.78799 39.81000 18.51709 196.39748
13 8 17 06 16 3450.00000 12.25000000 251.87987 39.81000 18.51709 196.39989
13 8 17 06 17 3450.00000 12.25106000 251.87980 39.81000 18.40000 196.39748
13 8 17 06 17 3450.00000 12.25106000 251.87980 39.81000 18.38094 190.00002
13 8 17 06 17 3449.99900 12.25106000 251.87980 39.96142 18.51709 190.00002
13 8 17 06 18 3450.00000 12.25106000 251.87980 39.75700 18.51709 196.39989
13 8 17 06 18 3453.99900 12.10000000 251.87980 39.75200 18.38094 196.39989
13 8 17 06 19 3452.99600 12.25000000 251.87989 39.81000 18.51709 196.39748
13 8 17 06 20 3453.99900 12.28000000 251.87782 39.81000 18.38094 196.39989
13 8 17 06 20 3453.99800 12.28000000 251.87980 39.75200 18.51709 190.00002
13 8 17 06 20 3450.00000 12.28000000 251.00070 39.74999 18.38094 196.39748
13 8 17 06 21 3454.00600 12.28001000 251.00040 39.74999 18.51709 196.39989
13 8 17 06 21 3454.00600 12.28000000 251.00040 39.74999 18.38094 190.00002
13 8 17 06 22 3445.12100 12.28000000 251.00000 39.74999 18.51709 190.00002
13 8 17 06 22 3450.00000 12.28000000 251.00040 39.74999 18.51709 196.39989
13 8 17 06 22 3448.00000 12.25000000 251.00014 39.74000 18.51709 190.00209
13 8 17 06 23 3445.07100 12.25000000 251.00040 39.73985 18.40000 196.39989
13 8 17 06 23 3445.07400 12.25000000 251.00040 39.73792 18.51709 190.00209
13 8 17 06 24 3445.07700 12.25000000 251.00007 39.73893 18.51709 196.39748
13 8 17 06 24 3445.07500 12.25000000 251.79973 39.73893 18.51709 190.00002
13 8 17 06 24 3450.00000 12.25000000 251.09612 39.73997 18.51709 190.00000
13 8 17 06 27 3447.99900 12.25000000 251.79786 39.73893 18.51709 190.00000
13 8 17 06 25 3448.00000 12.25000000 251.79786 39.73893 18.27532 190.00000
13 8 17 06 26 3450.00100 12.25000000 251.79881 39.73792 18.27523 190.00000
13 8 17 06 26 3450.00100 12.25000000 251.79881 39.73792 18.27523 190.00000
