19 5 17 00 00 1702.99800 5.86990000 86.14970 25.63103 14.20000 84.24609
19 5 17 00 00 1701.20000 5.87000000 86.04740 25.63103 14.20000 84.24609
19 5 17 00 01 1701.20000 5.87000000 86.14979 25.63103 14.20000 84.24609
19 5 17 00 01 1701.20000 5.87000000 86.14979 25.63103 14.20000 84.24609
19 5 17 00 02 1702.97700 5.87000000 86.14979 25.63103 14.20000 84.24609
19 5 17 00 02 1702.99900 5.87000000 86.14983 25.63103 14.20000 84.24609
19 5 17 00 03 1702.99900 5.87000000 86.18001 25.40000 14.20000 85.49319
19 5 17 00 03 1702.99900 5.87000000 86.18001 25.40000 14.20000 85.49319
19 5 17 00 04 1702.50000 5.87000000 86.18001 25.50895 14.20000 85.49319
19 5 17 00 04 1701.99000 5.87000000 86.18001 25.50895 14.20000 85.49319
19 5 17 00 05 1700.00000 5.87000000 86.30000 25.50895 14.20000 85.49319
19 5 17 00 05 1698.76100 5.87000000 85.95676 25.43600 14.20000 85.49319
19 5 17 00 06 1699.99900 5.87000000 85.95676 25.43600 14.20000 85.49319
19 5 17 00 06 1700.00000 5.87000000 85.95676 25.55596 14.20000 85.49319
19 5 17 00 07 1700.00100 5.87000000 85.95676 25.47201 14.20000 85.49319
19 5 17 00 07 1701.00000 5.87000000 85.95676 25.42700 14.20000 85.49319
19 5 17 00 08 1701.95500 5.86990000 86.20000 25.42700 14.20000 85.49319
19 5 17 00 08 1702.39800 5.86990000 86.01419 25.42900 14.20000 85.49319
19 5 17 00 09 1702.40000 5.86990000 86.01419 25.46800 14.20000 85.49319
19 5 17 00 09 1702.40000 5.87000000 86.01419 25.42900 14.20000 85.49319
19 5 17 00 10 1702.40000 5.87000000 86.01419 25.42900 14.20000 85.49319
19 5 17 00 10 1702.98100 5.87000000 86.01476 25.42900 14.20000 85.49319
19 5 17 00 11 1704.06700 5.87000000 86.39998 25.42900 14.20000 85.49319
19 5 17 00 11 1705.00000 5.87000000 86.39998 25.42900 14.20000 85.49319
19 5 17 00 12 1704.99900 5.87000000 86.39998 25.51301 14.20000 85.49319
19 5 17 00 12 1705.00000 5.87000000 86.39998 25.51301 14.20000 85.49319
19 5 17 00 13 1705.00000 5.87000000 86.41000 25.49000 14.20000 85.49319
19 5 17 00 13 1705.00000 5.87000000 86.01562 25.53400 14.20000 85.49319
19 5 17 00 14 1705.58000 5.87000000 86.01562 25.53400 14.20000 85.49319
19 5 17 00 15 1705.58000 5.87000000 86.47992 25.53400 14.20000 85.49319
19 5 17 00 15 1705.58000 5.87000000 86.60000 25.53400 14.20000 84.24512
19 5 17 00 16 1705.56200 5.87000000 86.59997 25.53400 14.20000 84.24512
19 5 17 00 16 1705.37000 5.87000000 86.59997 25.49204 14.20000 84.24512
19 5 17 00 17 1705.37200 5.86043000 86.57000 25.49204 14.20000 84.24512
19 5 17 00 17 1705.37100 5.86043000 86.57000 25.49204 14.20000 84.24512
19 5 17 00 18 1705.57900 5.86043000 86.54802 25.49204 14.20000 84.24512
19 5 17 00 18 1705.57900 5.83471000 86.30044 25.53800 14.20000 84.24512
19 5 17 00 19 1705.58000 5.83471000 86.30044 25.51210 14.20000 84.24512
19 5 17 00 19 1707.42000 5.83370000 86.40008 25.51210 14.20000 84.24512
19 5 17 00 20 1707.42000 5.83223000 86.40009 25.51210 14.20000 84.24512
19 5 17 00 20 1707.42000 5.86952000 86.41000 25.51210 14.20000 84.24512
19 5 17 00 21 1707.42000 5.86952000 86.41001 25.51210 14.20000 84.24512
19 5 17 00 21 1707.42000 5.78881000 86.30002 25.50000 14.20000 84.24512
19 5 17 00 22 1710.00000 5.78881000 86.20001 25.50000 14.20000 84.24512
19 5 17 00 22 1710.00000 5.78981000 86.18871 25.65000 14.20000 84.24512
19 5 17 00 23 1710.60500 5.86933000 86.60000 25.64997 14.20000 84.24512
19 5 17 00 23 1709.89700 5.86933000 86.20001 25.64997 14.20000 85.49962
19 5 17 00 24 1708.33200 5.86933000 86.56984 25.56700 14.20000 85.49944
19 5 17 00 24 1708.33300 5.86933000 86.20000 25.56700 14.20000 85.49944
19 5 17 00 25 1709.89900 5.86933000 86.20000 25.51500 14.20000 85.49944
19 5 17 00 25 1709.89900 5.86933000 86.20000 25.51500 14.20000 85.49944
19 5 17 00 26 1709.38000 5.86933000 86.20000 25.51500 14.20000 85.49944
19 5 17 00 26 1709.89900 5.86933000 86.20000 25.51032 14.20000 85.49944
19 5 17 00 27 1709.89900 5.86933000 86.20000 25.51032 14.20000 85.49944
19 5 17 00 27 1709.89900 5.86933000 86.20000 25.50000 14.20000 85.49944
19 5 17 00 28 1709.89900 5.86933000 86.20000 25.50000 14.20000 85.49944
19 5 17 00 28 1709.82300 5.86933000 86.20000 25.50000 14.20000 85.49944
19 5 17 00 29 1709.82300 5.86933000 86.20000 25.43000 14.20000 85.49944
19 5 17 00 29 1709.82300 5.86933000 86.44958 25.35089 14.20000 85.49944
19 5 17 00 30 1711.90000 5.86933000 86.20000 25.26800 14.20000 85.49944
19 5 17 00 30 1709.84000 5.86933000 86.20000 25.26800 14.20000 85.49944
19 5 17 00 31 1708.44000 5.86933000 86.20000 25.26800 14.20000 85.49944
19 5 17 00 31 1713.07200 5.86933000 86.20000 25.26800 14.20000 85.49944
19 5 17 00 32 1713.09000 5.86933000 86.44932 25.26800 14.20000 85.49944
19 5 17 00 33 1713.00000 5.86933000 86.44932 25.37400 14.45627 85.49564
19 5 17 00 33 1713.00000 5.86505000 86.44921 25.37400 14.45627 85.49564
19 5 17 00 34 1713.00100 5.86505000 86.46087 25.37400 14.45627 85.49564
19 5 17 00 34 1713.00100 5.86505000 86.30001 25.32900 14.45627 85.49564
19 5 17 00 35 1713.00000 5.86505000 86.30001 25.20415 14.45627 85.49564
19 5 17 00 35 1713.00000 5.86505000 86.48957 25.20415 14.20000 85.49564
19 5 17 00 36 1713.00100 5.86505000 86.49000 25.24996 14.20000 85.49564
19 5 17 00 36 1713.09000 5.86505000 86.48925 25.24996 14.45586 85.49564
19 5 17 00 37 1713.09000 5.78741000 86.30025 25.24996 14.45586 85.49564
19 5 17 00 37 1713.09000 5.78741000 86.30023 25.25000 14.20000 85.49564
19 5 17 00 38 1713.08800 5.78741000 86.35000 25.25000 14.20000 85.49564
19 5 17 00 38 1713.08900 5.78741000 86.35000 25.19001 14.20000 85.49564
19 5 17 00 39 1713.08900 5.78741000 86.00011 25.19000 14.14271 85.49564
19 5 17 00 39 1714.00000 5.79241000 86.00011 25.19000 14.14271 85.49564
19 5 17 00 40 1714.00000 5.79241000 86.00003 25.19000 14.14271 85.49564
19 5 17 00 40 1713.93900 5.79241000 86.00003 25.16363 14.14271 85.49564
19 5 17 00 41 1714.00000 5.79241000 86.00003 25.14128 14.14271 85.49564
19 5 17 00 41 1714.02900 5.79241000 86.00002 25.12310 14.22989 85.49564
19 5 17 00 42 1714.10000 5.86118000 86.50000 25.10359 14.22989 85.49564
19 5 17 00 42 1714.10000 5.86118000 86.50000 25.10359 14.22989 85.49564
19 5 17 00 43 1714.10000 5.86118000 86.50000 25.07400 14.22989 85.49564
19 5 17 00 43 1714.10000 5.86118000 86.50000 25.09997 14.22989 85.49564
19 5 17 00 44 1714.10000 5.86118000 86.50000 25.09997 14.22989 85.49564
19 5 17 00 44 1714.10100 5.86118000 86.40000 25.07221 14.22989 85.49564
19 5 17 00 45 1714.01000 5.78687000 86.40000 25.07221 14.22989 85.49564
19 5 17 00 45 1714.00100 5.78742000 86.39900 25.02200 14.22988 85.49564
19 5 17 00 46 1714.01000 5.78687000 86.11346 25.00969 14.20000 85.49564
19 5 17 00 46 1714.01000 5.78687000 86.11346 25.00000 14.20000 85.49564
19 5 17 00 47 1712.98000 5.78000000 86.00000 25.00000 14.20000 85.49564
19 5 17 00 47 1712.99000 5.76911000 86.00000 25.02597 14.20000 85.49564
19 5 17 00 48 1712.99000 5.77994000 86.00000 25.00000 14.20000 85.49564
19 5 17 00 48 1712.98000 5.77994000 86.00001 24.85474 14.20000 85.49564
19 5 17 00 49 1712.98000 5.77994000 86.10000 24.85474 14.18602 85.49564
19 5 17 00 49 1712.98000 5.77994000 86.10001 24.79281 14.18602 85.49564
19 5 17 00 50 1713.00000 5.77994000 86.34987 24.79283 14.18602 85.49564
19 5 17 00 50 1712.97000 5.77994000 86.10002 24.79287 14.18602 85.49564
19 5 17 00 51 1712.99000 5.77994000 86.10002 24.79287 14.11795 85.49564
19 5 17 00 51 1714.00000 5.75409000 86.10001 24.79287 14.11792 85.49564
19 5 17 00 52 1714.00000 5.75411000 86.10002 24.79287 14.11792 85.49564
19 5 17 00 52 1713.53000 5.75411000 86.20000 24.85800 14.11792 85.49564
19 5 17 00 53 1713.07000 5.75411000 86.20000 24.96400 14.11792 85.49564
19 5 17 00 53 1713.05000 5.75411000 86.20000 25.01500 14.09314 85.49564
19 5 17 00 54 1713.05000 5.75411000 86.20000 25.01500 14.09314 85.49564
19 5 17 00 54 1713.05400 5.75411000 86.20005 24.98700 14.05591 85.49564
19 5 17 00 55 1713.06000 5.75411000 86.38920 25.06900 14.05591 85.49564
19 5 17 00 56 1713.00000 5.75400000 86.39999 25.06900 14.05591 85.49564
19 5 17 00 56 1712.24000 5.75400000 86.40000 25.15199 14.05591 85.49564
19 5 17 00 56 1712.24700 5.75400000 86.40000 25.15199 14.05591 85.49564
19 5 17 00 57 1712.96700 5.75400000 86.39996 25.15199 14.04556 85.49564
19 5 17 00 58 1712.90000 5.75400000 86.39997 25.15199 14.01807 85.49564
19 5 17 00 58 1712.26000 5.75400000 86.40000 25.16403 14.01807 85.49564
19 5 17 00 59 1712.24700 5.72250000 86.40000 25.28797 14.00953 85.49564
19 5 17 00 59 1709.10000 5.72250000 86.47999 25.31899 14.00431 85.49564
19 5 17 01 00 1710.25100 5.72250000 86.59989 25.35119 14.00430 85.49065
19 5 17 01 00 1712.11800 5.72250000 86.60000 25.41457 14.05833 85.49065
19 5 17 01 00 1709.13200 5.72250000 86.60000 25.41457 14.05833 85.49065
19 5 17 01 01 1709.13000 5.72250000 86.60000 25.35123 14.05692 85.49065
19 5 17 01 02 1709.15100 5.72250000 86.62014 25.35117 14.05692 85.49065
19 5 17 01 02 1711.67000 5.72250000 86.79000 25.28802 14.05692 85.49065
19 5 17 01 03 1711.69000 5.72250000 86.79000 25.28802 14.05692 85.49065
19 5 17 01 03 1712.90000 5.72250000 86.79000 25.17800 14.05692 85.49065
19 5 17 01 04 1711.68000 5.72250000 86.86000 25.11500 14.05692 85.49065
19 5 17 01 04 1709.21000 5.72250000 86.85999 25.11500 14.01791 85.49065
19 5 17 01 05 1709.21000 5.73150000 86.86000 25.10800 14.01791 85.49065
19 5 17 01 05 1712.62800 5.73150000 86.86008 25.10800 14.01791 85.49065
19 5 17 01 06 1712.89900 5.73150000 86.97747 25.10800 14.00000 85.49065
19 5 17 01 06 1710.05000 5.71328000 86.97745 25.08694 13.99351 85.50000
19 5 17 01 07 1710.01700 5.71328000 87.00000 25.08679 13.99351 85.50000
19 5 17 01 07 1706.53300 5.71249000 87.09000 24.96203 13.99351 85.60000
19 5 17 01 08 1706.83100 5.79612000 87.09000 25.08657 13.99351 85.60000
19 5 17 01 08 1706.69100 5.71199000 87.05349 24.84200 13.99641 85.60000
19 5 17 01 09 1706.83800 5.71199000 87.48986 24.84200 13.99641 85.60000
19 5 17 01 09 1706.69000 5.70968000 87.50000 24.84200 13.99641 85.60000
19 5 17 01 10 1706.69000 5.70968000 87.59000 24.84200 13.99641 85.60000
19 5 17 01 10 1706.81700 5.70968000 87.59000 25.13799 13.99641 85.60000
19 5 17 01 11 1706.70700 5.70968000 87.59000 25.13799 13.99641 85.60000
19 5 17 01 11 1706.69000 5.70968000 87.59000 25.13797 13.98498 85.60000
19 5 17 01 12 1703.95000 5.70968000 87.21372 25.13799 13.95510 85.60000
19 5 17 01 12 1707.00000 5.70968000 87.75000 25.13799 13.95510 85.60000
19 5 17 01 13 1700.01000 5.70968000 87.75877 25.13799 13.95510 85.60000
19 5 17 01 13 1706.87000 5.70968000 87.87000 25.13799 13.95510 85.60000
19 5 17 01 14 1701.46800 5.70968000 87.87000 25.13799 13.95510 85.60000
19 5 17 01 14 1701.23300 5.70968000 87.90000 25.02604 13.95508 85.60000
19 5 17 01 15 1703.71200 5.70968000 87.91000 25.02604 13.95400 85.60000
19 5 17 01 15 1703.41100 5.70968000 88.09000 25.02604 13.95400 85.60000
19 5 17 01 16 1703.71700 5.70968000 88.09000 25.02604 13.95400 85.49069
19 5 17 01 16 1703.71500 5.70968000 88.09000 25.02604 13.95400 85.77235
19 5 17 01 17 1705.07400 5.70968000 88.34644 25.02604 14.01788 85.77235
19 5 17 01 18 1705.86600 5.70968000 88.49333 25.02604 14.01792 86.00000
19 5 17 01 18 1706.76600 5.70968000 88.49333 25.02000 14.01792 86.00000
19 5 17 01 19 1706.84800 5.70968000 88.66860 25.02000 14.01792 86.00000
19 5 17 01 19 1706.84800 5.70968000 88.88000 25.02000 14.01792 86.66324
19 5 17 01 20 1711.39700 5.70968000 88.88000 25.02005 14.17811 86.71000
19 5 17 01 20 1711.30000 5.70968000 88.90000 25.02005 14.17811 86.71001
19 5 17 01 21 1708.00000 5.76827000 88.99999 25.02005 14.17811 86.71697
19 5 17 01 21 1710.42500 5.76827000 88.88000 25.02005 14.17811 85.88361
19 5 17 01 22 1708.01700 5.76911000 88.99998 25.02005 14.17811 85.72197
19 5 17 01 22 1710.24900 5.76911000 89.00000 24.85000 14.17811 85.72197
19 5 17 01 23 1708.05000 5.76911000 89.45631 24.85000 14.17811 85.72197
19 5 17 01 23 1711.11100 5.76911000 89.45633 24.85003 14.17811 86.86245
19 5 17 01 24 1712.99900 5.76911000 89.69999 24.85003 14.17811 86.86245
19 5 17 01 24 1713.06000 5.76911000 89.70000 24.85003 14.17811 86.86755
19 5 17 01 25 1713.98200 5.76911000 89.70000 24.85003 14.17811 86.86755
19 5 17 01 25 1714.00000 5.76911000 89.70000 24.85000 14.17811 86.86757
19 5 17 01 26 1714.01000 5.76911000 89.69999 24.85000 14.17811 86.86758
19 5 17 01 26 1713.09700 5.76911000 89.74510 24.87800 14.17811 86.86758
19 5 17 01 27 1713.08000 5.76911000 89.70001 24.90100 14.17811 86.95350
19 5 17 01 27 1708.05100 5.76911000 89.75000 24.99099 14.01818 86.92810
19 5 17 01 28 1706.79000 5.76911000 89.76000 24.99099 14.01818 86.92810
19 5 17 01 28 1709.10000 5.76911000 89.76000 24.99099 14.01818 86.92810
19 5 17 01 29 1710.00000 5.76911000 89.79998 24.99099 14.01818 86.92810
19 5 17 01 29 1710.38100 5.76911000 89.88993 24.99099 14.01818 86.92810
19 5 17 01 30 1710.36200 5.76911000 89.88996 24.99099 14.01818 86.92810
19 5 17 01 30 1708.75300 5.76911000 89.90000 24.99099 14.01818 86.92810
19 5 17 01 31 1708.75000 5.76911000 89.90000 24.99099 14.01818 87.00000
19 5 17 01 31 1707.05000 5.76911000 89.88913 24.99099 13.95420 87.00000
19 5 17 01 32 1709.88700 5.76911000 89.88913 24.97300 13.95420 87.00000
19 5 17 01 32 1709.88700 5.76911000 89.88913 24.92600 13.95420 87.00000
19 5 17 01 33 1709.88700 5.76911000 89.88369 24.92600 13.95420 87.00000
19 5 17 01 33 1709.86700 5.76911000 89.88369 24.92600 13.95420 87.00000
19 5 17 01 34 1709.86600 5.76911000 89.88370 24.87600 13.95420 87.00000
19 5 17 01 35 1709.03100 5.76911000 89.88368 24.87600 13.95420 87.00000
19 5 17 01 35 1703.31400 5.76911000 89.88913 24.87600 13.95420 87.13849
19 5 17 01 35 1707.11600 5.79063000 89.57830 24.87600 13.95420 87.13849
19 5 17 01 36 1704.00000 5.79063000 89.90000 24.87600 13.95400 87.13849
19 5 17 01 37 1707.09500 5.79063000 89.96300 24.83997 13.95400 87.13849
19 5 17 01 37 1707.09300 5.79063000 90.00000 24.83997 13.95400 87.13849
19 5 17 01 38 1704.00000 5.79063000 89.99999 24.83997 13.95401 87.13849
19 5 17 01 38 1704.00000 5.79063000 90.00000 24.83997 13.95401 87.13849
19 5 17 01 38 1705.05700 5.79063000 90.00000 24.81000 13.95400 87.13849
19 5 17 01 39 1705.05700 5.79063000 90.00000 24.81000 13.95239 87.13849
19 5 17 01 40 1701.40300 5.71201000 90.00000 24.81400 13.91981 87.13849
19 5 17 01 40 1698.61900 5.71201000 90.00000 24.81000 13.88532 87.13849
19 5 17 01 41 1701.49100 5.71202000 90.00000 24.81000 13.88531 87.13849
19 5 17 01 41 1697.20000 5.70000000 90.00000 24.73031 13.85226 87.13849
19 5 17 01 42 1701.47200 5.68235000 90.10000 24.70200 13.79586 87.13849
19 5 17 01 42 1701.35000 5.68235000 90.41000 24.71000 13.79586 87.13849
19 5 17 01 43 1694.80800 5.68235000 90.41000 24.69940 13.81821 87.13849
19 5 17 01 43 1700.61500 5.68235000 90.41179 24.66864 13.81821 87.13849
19 5 17 01 44 1693.99400 5.68235000 90.59360 24.65000 13.81821 87.15383
19 5 17 01 44 1697.09700 5.68235000 90.56292 24.60712 13.81821 87.15385
19 5 17 01 45 1695.00000 5.68235000 90.78000 24.59779 13.81821 87.15385
19 5 17 01 45 1695.00000 5.68235000 90.77991 24.59779 13.81821 87.15385
19 5 17 01 46 1695.46200 5.68235000 90.88000 24.57637 13.81821 87.19487
19 5 17 01 46 1698.93500 5.68235000 91.00000 24.57639 13.81821 87.19487
19 5 17 01 47 1704.61900 5.68235000 91.06315 24.57639 13.81820 87.34220
19 5 17 01 47 1698.75000 5.68235000 90.37208 24.57637 13.81820 87.92300
19 5 17 01 48 1698.70000 5.68235000 91.04928 24.57637 13.81821 87.92000
19 5 17 01 48 1698.50000 5.70004000 91.00999 24.57636 13.81821 88.00000
19 5 17 01 49 1698.68100 5.70004000 91.00999 24.57637 13.81821 88.00000
19 5 17 01 49 1698.68500 5.70004000 90.89368 24.57637 13.81821 88.00000
19 5 17 01 50 1698.68500 5.70004000 90.89365 24.54575 13.81821 88.00000
19 5 17 01 50 1699.39200 5.70004000 90.89363 24.54575 13.81821 88.00000
19 5 17 01 51 1699.39400 5.70004000 90.88362 24.51895 13.81821 88.00000
19 5 17 01 51 1699.39200 5.79987000 91.00987 24.51507 13.81821 88.00000
19 5 17 01 52 1699.99900 5.79987000 91.13369 24.45000 13.81821 88.00000
19 5 17 01 52 1701.35500 5.79987000 91.13369 24.45001 13.81820 88.00000
19 5 17 01 53 1701.01000 5.79987000 91.17602 24.45001 13.81822 88.00000
19 5 17 01 53 1701.39000 5.79999000 91.22000 24.48516 13.81821 88.00000
19 5 17 01 54 1698.68500 5.71219000 91.21999 24.42348 13.81820 87.99999
19 5 17 01 54 1698.68500 5.71219000 91.22000 24.42348 13.81820 87.99999
19 5 17 01 55 1693.99900 5.71219000 91.33000 24.40000 13.81820 88.00000
19 5 17 01 55 1693.99000 5.71219000 91.32999 24.40000 13.81820 88.00000
19 5 17 01 56 1692.34600 5.80000000 91.34740 24.40000 13.81820 88.00000
19 5 17 01 57 1692.34800 5.80000000 91.51999 24.40000 13.81820 88.00000
19 5 17 01 57 1692.34800 5.80000000 91.71793 24.40000 13.80000 87.99991
19 5 17 01 57 1694.17500 5.80000000 91.77000 24.37641 13.79497 88.15000
19 5 17 01 58 1692.41000 5.80000000 91.77000 24.35545 13.79497 88.14999
19 5 17 01 59 1695.70700 5.80000000 91.78000 24.39117 13.79497 88.14999
19 5 17 01 59 1693.24000 5.80000000 91.80000 24.33216 13.79497 88.14999
19 5 17 02 00 1692.00000 5.80000000 91.85000 24.31100 13.79497 88.14999
19 5 17 02 00 1692.06100 5.80000000 92.00000 24.27146 13.78164 88.14999
19 5 17 02 01 1692.07000 5.79999000 92.00000 24.27148 13.78163 88.14999
19 5 17 02 01 1692.21100 5.79999000 92.00000 24.24122 13.78163 88.14999
19 5 17 02 02 1692.07000 5.79999000 92.00000 24.18783 13.79998 88.14999
19 5 17 02 02 1690.95400 5.79999000 92.23000 24.18302 13.79997 88.14999
19 5 17 02 03 1688.66000 5.80000000 92.38900 24.30243 13.79997 88.14999
19 5 17 02 03 1689.67000 5.80000000 92.50000 24.18077 13.79997 88.31930
19 5 17 02 04 1688.66000 5.80000000 92.65000 24.16500 13.79997 88.31941
19 5 17 02 04 1688.66000 5.80000000 92.78000 24.24197 13.79997 88.31941
19 5 17 02 05 1688.69000 5.79998000 92.90000 24.22400 13.79997 88.60000
19 5 17 02 05 1689.00000 5.79998000 93.00643 24.24188 13.79997 89.20260
19 5 17 02 06 1689.00000 5.79000000 93.18993 24.24187 13.79997 89.20261
19 5 17 02 06 1691.05700 5.79000000 93.49876 24.24185 13.79997 89.20260
19 5 17 02 07 1694.14000 5.80000000 93.60924 24.23111 13.79997 88.82151
19 5 17 02 07 1693.73000 5.80000000 93.20004 24.23111 13.80000 88.82151
19 5 17 02 08 1694.32300 5.80000000 93.11850 24.23115 13.80000 88.82151
19 5 17 02 08 1690.96000 5.80000000 93.00000 24.23113 13.80000 88.82151
19 5 17 02 09 1694.30800 5.80000000 93.11545 24.23113 13.80000 88.82151
19 5 17 02 09 1695.35000 5.80000000 92.50007 24.23111 13.80000 88.82151
19 5 17 02 10 1697.18000 5.80000000 92.88860 24.29498 13.80000 88.82151
19 5 17 02 10 1697.55200 5.80000000 92.88845 24.29498 13.80000 88.82151
19 5 17 02 11 1698.28900 5.80000000 93.35115 24.29498 13.80000 88.82151
19 5 17 02 11 1697.73000 5.80000000 93.10058 24.34000 13.80000 88.82151
19 5 17 02 12 1698.53200 5.80000000 92.99350 24.23111 13.80000 88.82151
19 5 17 02 12 1697.74000 5.71562000 91.96320 24.25200 13.80000 88.82151
19 5 17 02 13 1698.52900 5.82680000 92.31424 24.25200 13.80004 88.82151
19 5 17 02 13 1697.74000 5.82680000 92.08945 24.38147 13.99647 89.69995
19 5 17 02 14 1697.55200 5.86344000 92.48993 24.42300 13.99645 89.69995
19 5 17 02 14 1697.72900 5.87000000 91.86028 24.43692 13.99645 89.69995
19 5 17 02 15 1698.51000 5.87000000 91.99999 24.48516 13.99645 88.82382
19 5 17 02 16 1697.56800 5.87000000 91.19000 24.39305 13.78174 88.82382
19 5 17 02 16 1697.58400 5.87000000 91.20355 24.54637 13.78174 88.82382
19 5 17 02 16 1697.71700 5.87000000 91.20356 24.54636 13.78174 89.70000
19 5 17 02 17 1697.39700 5.88999000 91.20364 24.54000 13.78174 89.70000
19 5 17 02 17 1697.56800 5.88999000 91.20371 24.54000 13.78174 89.70000
19 5 17 02 18 1696.00000 5.88999000 91.20000 24.48600 13.99609 89.70000
19 5 17 02 19 1695.75000 5.88999000 91.34739 24.53994 13.99609 89.70000
19 5 17 02 19 1695.75000 5.88999000 91.38286 24.53994 13.99594 89.70000
19 5 17 02 20 1694.30000 5.90000000 91.87900 24.53991 13.99589 89.70000
19 5 17 02 20 1694.30000 5.90000000 91.87900 24.53991 13.99589 89.70000
19 5 17 02 21 1692.97700 5.91635000 91.27545 24.53991 13.99589 89.70000
19 5 17 02 21 1694.22900 5.90646000 91.87001 24.57000 13.99589 89.70000
19 5 17 02 22 1697.41900 5.92623000 91.87000 24.57000 13.99589 89.70000
19 5 17 02 22 1695.00000 5.93000000 91.87000 24.57000 13.99589 89.70000
19 5 17 02 23 1694.52200 5.95000000 91.87008 24.57000 13.99589 89.70000
19 5 17 02 23 1695.11000 5.96873000 91.87900 24.60505 13.99589 89.70000
19 5 17 02 24 1692.00000 5.97000000 91.87016 24.56700 13.99589 89.70000
19 5 17 02 24 1692.00000 5.98000000 92.00000 24.56571 13.99589 89.00022
19 5 17 02 25 1689.91000 5.98000000 91.99999 24.56571 13.99589 89.00022
19 5 17 02 25 1692.06000 5.98000000 92.38801 24.56571 13.78182 89.00022
19 5 17 02 26 1694.85800 6.00000000 92.50000 24.60298 13.78182 89.00022
19 5 17 02 26 1693.66100 6.00000000 92.00017 24.60502 13.78182 89.00000
19 5 17 02 27 1690.31200 6.00000000 92.70490 24.60502 13.78182 89.00000
19 5 17 02 27 1690.99900 6.00000000 92.70490 24.60502 13.78182 89.00000
19 5 17 02 28 1690.20100 6.00000000 93.18343 24.60502 13.78182 89.00010
19 5 17 02 28 1690.32200 6.00000000 92.79325 24.60502 13.78182 89.00012
19 5 17 02 29 1688.66000 6.00000000 92.78000 24.60502 13.78182 89.00010
19 5 17 02 29 1689.41300 6.01000000 92.78017 24.46700 13.78182 88.82150
19 5 17 02 30 1693.39800 6.02869000 92.79321 24.60399 13.78182 88.82150
19 5 17 02 30 1693.27100 6.02869000 92.99998 24.60399 13.78182 88.82150
19 5 17 02 31 1693.27000 6.02869000 92.82001 24.60399 13.78182 88.82150
19 5 17 02 31 1690.17000 6.06329000 92.82001 24.60399 13.78182 88.82150
19 5 17 02 32 1690.17000 6.06329000 92.26086 24.60000 13.78182 88.82150
19 5 17 02 32 1693.51200 6.06339000 92.15922 24.60000 13.78182 88.82150
19 5 17 02 33 1693.41000 6.08000000 91.69812 24.60503 13.78182 88.82150
19 5 17 02 33 1690.28200 6.10000000 91.69800 24.69000 13.78182 88.82150
19 5 17 02 34 1690.17100 6.08902000 91.99847 24.69000 13.78183 88.82150
19 5 17 02 34 1690.17000 6.08901000 92.30002 24.64300 13.78183 87.62879
19 5 17 02 35 1690.15600 6.10000000 93.28177 24.66600 13.78183 87.62879
19 5 17 02 36 1690.15600 6.10000000 93.28180 24.68702 13.78183 87.62879
19 5 17 02 36 1690.15600 6.10000000 93.28180 24.81900 13.78183 87.62879
19 5 17 02 36 1690.14600 6.10000000 92.78800 24.72892 13.78183 87.62879
19 5 17 02 37 1689.91000 6.11490000 93.50115 24.77047 13.78183 87.62879
19 5 17 02 37 1690.14400 6.09787000 93.50115 24.81202 13.78000 89.20259
19 5 17 02 38 1688.69000 6.15218000 93.65000 24.73089 13.78000 89.20256
19 5 17 02 39 1683.10000 6.15218000 93.78000 24.70702 13.78000 89.20256
19 5 17 02 39 1684.00000 6.18000000 93.75347 24.70703 13.78000 87.62991
19 5 17 02 40 1683.37600 6.18000000 93.65010 24.70704 13.78000 87.62991
19 5 17 02 40 1684.00000 6.19000000 93.65012 24.70704 13.78000 87.62991
19 5 17 02 41 1687.10400 6.19000000 94.00000 24.68727 13.99460 89.77770
19 5 17 02 41 1687.73000 6.19000000 94.19997 24.76370 13.99460 89.77770
19 5 17 02 42 1683.00000 6.19000000 94.05318 24.66700 13.99460 89.77770
19 5 17 02 42 1683.99900 6.19000000 94.20001 24.79400 13.99460 89.77770
19 5 17 02 43 1686.75000 6.19000000 94.21999 24.79400 13.99460 89.77770
19 5 17 02 43 1686.75000 6.19000000 94.20000 24.79400 13.99460 89.77770
19 5 17 02 44 1686.63700 6.19000000 94.28832 24.50000 13.99460 89.77770
19 5 17 02 44 1686.00000 6.20000000 94.10999 24.47830 13.99460 89.20164
19 5 17 02 45 1686.01000 6.20000000 93.82027 24.60196 13.99460 89.20164
19 5 17 02 45 1686.39800 6.19000000 94.39989 24.60196 13.99460 89.20164
19 5 17 02 46 1686.00000 6.15000000 94.49839 24.58497 13.99460 89.95000
19 5 17 02 46 1687.85500 6.20000000 94.10999 24.58497 13.99460 89.95000
19 5 17 02 47 1687.80500 6.20000000 94.00000 24.60197 13.99460 89.95000
19 5 17 02 47 1686.43600 6.20000000 93.99999 24.60197 13.99460 89.95000
19 5 17 02 48 1686.10000 6.10457000 93.81864 24.60197 13.99460 89.95000
19 5 17 02 48 1689.67200 6.10457000 93.81869 24.60197 13.99460 89.95000
19 5 17 02 49 1689.67200 6.10479000 93.81868 24.60197 13.99460 89.95000
19 5 17 02 49 1690.79900 6.10479000 93.99999 24.64499 13.99460 89.95000
19 5 17 02 50 1689.65500 6.10479000 93.99999 24.64499 13.99460 89.95000
19 5 17 02 50 1690.00000 6.10479000 94.00000 24.61300 13.99359 89.95000
19 5 17 02 51 1690.00000 6.17989000 94.00000 24.61300 13.99359 89.95000
19 5 17 02 51 1681.00100 6.17999000 93.71000 24.48901 13.99359 89.95000
19 5 17 02 52 1681.00100 6.17999000 93.71000 24.61000 13.99359 89.95000
19 5 17 02 52 1685.00000 6.18000000 93.83000 24.61000 13.99359 89.95000
19 5 17 02 53 1686.11300 6.18000000 93.71002 24.61000 13.99359 89.95000
19 5 17 02 53 1690.78100 6.18000000 93.71002 24.61000 13.99359 89.95000
19 5 17 02 54 1689.20500 6.18000000 93.71002 24.61000 13.99359 89.95000
19 5 17 02 54 1687.90000 6.18000000 94.39525 24.56394 13.99359 89.95000
19 5 17 02 55 1681.00100 6.18000000 94.39525 24.56394 13.99359 89.95000
19 5 17 02 55 1683.95500 6.16000000 93.71042 24.56394 13.99359 89.95000
19 5 17 02 56 1688.68100 6.16000000 93.80000 24.57000 13.99359 89.95000
19 5 17 02 56 1682.89800 6.16000000 93.80017 24.59400 13.99359 89.95000
19 5 17 02 57 1689.09900 6.16000000 93.80000 24.59400 13.99359 88.42920
19 5 17 02 57 1689.09600 6.16000000 94.39465 24.57200 13.99359 88.42920
19 5 17 02 58 1689.09600 6.06364000 94.39465 24.57000 13.99359 88.42920
19 5 17 02 58 1688.87200 6.06364000 94.40000 24.59000 13.99359 88.42920
19 5 17 02 59 1688.88000 6.02890000 94.39469 24.59000 13.99359 88.42920
19 5 17 02 59 1689.09500 6.02897000 94.48000 24.59000 13.99359 88.42920
19 5 17 03 00 1689.13000 6.02897000 94.50000 24.59000 13.99359 88.42920
19 5 17 03 00 1689.06500 6.02897000 94.48000 24.59000 13.99359 88.42920
19 5 17 03 01 1688.95200 6.02918000 94.49960 24.59000 13.99219 88.42920
19 5 17 03 02 1688.72900 6.05000000 94.48000 24.57000 13.99219 88.42920
19 5 17 03 02 1688.72900 6.05000000 94.39462 24.57001 13.99219 88.42920
19 5 17 03 02 1689.15900 6.08800000 94.04048 24.57000 13.99219 88.42920
19 5 17 03 03 1690.78000 6.08800000 94.48525 24.57000 13.99219 88.42920
19 5 17 09 11 1730.00100 6.41647000 99.49998 24.13300 14.90906 91.92117
19 5 17 09 12 1730.34500 6.41647000 99.49998 24.11000 14.90906 91.77316
19 5 17 09 12 1731.48500 6.35000000 99.49998 24.11000 14.90906 91.77316
19 5 17 09 13 1731.61900 6.35000000 99.40000 24.11000 14.90906 91.77316
19 5 17 09 13 1732.00800 6.35000000 99.37109 24.11000 14.90906 93.61699
19 5 17 09 14 1732.98700 6.35000000 99.49950 24.15593 14.90906 93.61699
19 5 17 09 14 1732.97600 6.35000000 99.49898 24.15600 14.90906 91.77323
19 5 17 09 15 1734.87900 6.35000000 99.49949 24.13100 14.90906 91.77326
19 5 17 09 15 1734.88000 6.36900000 99.50000 24.11000 14.79995 91.77326
19 5 17 09 16 1733.10000 6.35780000 99.37061 24.08700 14.79995 91.77326
19 5 17 09 16 1734.99000 6.35780000 99.50000 24.15300 14.79995 91.77326
19 5 17 09 17 1735.00000 6.35000000 99.50000 24.10700 14.79995 91.77326
19 5 17 09 18 1735.00000 6.35000000 99.49999 24.14100 14.79995 91.77326
19 5 17 09 18 1734.84000 6.35000000 99.50000 24.14100 14.79995 91.77326
19 5 17 09 19 1733.11700 6.35000000 99.49998 24.16700 14.79995 91.77326
19 5 17 09 19 1739.50000 6.35000000 99.50000 24.16700 14.79995 91.77326
19 5 17 09 20 1739.56400 6.35000000 99.45000 24.16700 14.79995 91.77326
19 5 17 09 20 1739.56400 6.35000000 99.44999 24.03326 14.65549 91.77326
19 5 17 09 21 1739.61100 6.35000000 99.55523 24.03326 14.65520 91.77326
19 5 17 09 21 1739.56400 6.35000000 99.50001 24.19196 14.65520 91.77326
19 5 17 09 22 1738.32000 6.35000000 99.52999 24.19196 14.65520 91.77326
19 5 17 09 22 1736.27800 6.35000000 99.44999 24.19196 14.79932 91.77326
19 5 17 09 23 1736.27700 6.35000000 99.55006 24.19196 14.79932 91.77326
19 5 17 09 23 1733.84700 6.39739000 99.37060 24.16697 14.79932 91.77326
19 5 17 09 24 1736.97800 6.39739000 99.52999 24.19097 14.79932 91.77326
19 5 17 09 24 1736.80800 6.35000000 99.55525 24.19899 14.79932 91.77326
19 5 17 09 25 1736.98000 6.35000000 99.57999 24.19997 14.79932 91.77315
19 5 17 09 25 1735.67900 6.35000000 99.40001 24.16779 14.79932 91.77315
19 5 17 09 26 1734.08700 6.35000000 99.40001 24.19892 14.79932 91.77313
19 5 17 09 26 1736.80200 6.35000000 99.59542 24.28500 14.79932 91.77313
19 5 17 09 27 1736.79800 6.35000000 99.74975 24.31122 14.79932 91.77313
19 5 17 09 27 1736.80900 6.35000000 99.68999 24.11100 14.62988 91.77313
19 5 17 09 28 1736.79200 6.39629000 99.59542 24.07901 14.62988 91.62510
19 5 17 09 28 1736.80800 6.39629000 99.67999 24.08922 14.62988 91.62510
19 5 17 09 29 1735.88900 6.39629000 99.68000 24.08922 14.62998 92.00997
19 5 17 09 29 1735.88600 6.39629000 99.75995 24.08922 14.79914 92.00994
19 5 17 09 30 1735.99400 6.39629000 99.75995 24.08922 14.79914 91.56665
19 5 17 09 30 1733.92000 6.39629000 99.64001 24.08922 14.79908 91.56670
19 5 17 09 31 1731.95000 6.31878000 99.49000 24.09001 14.79908 91.56670
19 5 17 09 31 1733.11400 6.31830000 99.49996 24.09001 14.79908 91.56663
19 5 17 09 32 1730.45500 6.37899000 99.49980 24.12100 14.79908 91.56663
19 5 17 09 33 1732.00000 6.28567000 99.49980 24.25395 14.79908 91.56663
19 5 17 09 33 1733.09700 6.28567000 99.25001 24.25395 14.79908 91.56663
19 5 17 09 34 1732.99900 6.37787000 99.25001 24.25395 14.79908 91.56663
19 5 17 09 34 1733.89000 6.37787000 99.49975 24.15100 14.79908 91.56663
19 5 17 09 35 1732.90000 6.37787000 99.49980 24.31497 14.64482 91.56663
19 5 17 09 35 1734.00000 6.29121000 99.64001 24.25394 14.64482 92.58954
19 5 17 09 36 1733.99800 6.29121000 99.74953 24.25394 14.64482 92.58954
19 5 17 09 36 1733.89600 6.29667000 99.49985 24.26100 14.64482 92.58954
19 5 17 09 37 1733.99700 6.29667000 99.25036 24.27993 14.64482 92.58908
19 5 17 09 37 1734.00000 6.29669000 99.73000 24.29000 14.64482 92.58908
19 5 17 09 38 1733.89900 6.29669000 99.70000 24.29002 14.64482 91.56662
19 5 17 09 38 1734.00000 6.29669000 99.69000 24.29000 14.64482 91.47707
19 5 17 09 39 1735.94200 6.29669000 99.81000 24.31495 14.64482 91.47707
19 5 17 09 39 1736.95000 6.29669000 99.68995 24.32000 14.64482 91.47707
19 5 17 09 40 1734.10100 6.29669000 99.81000 24.35000 14.64482 91.47707
19 5 17 09 40 1734.09600 6.33837000 99.87592 24.35000 14.82455 91.47707
19 5 17 09 41 1734.09100 6.33837000 99.70021 24.35000 14.82455 91.47707
19 5 17 09 41 1731.00100 6.33837000 99.42024 24.40000 14.82455 92.00000
19 5 17 09 42 1733.85000 6.33837000 99.87625 24.44905 14.82455 92.00000
19 5 17 09 42 1733.85200 6.33837000 99.50003 24.44907 14.82455 92.00000
19 5 17 09 43 1733.83500 6.33837000 99.90000 24.50000 14.82455 91.99963
19 5 17 09 43 1733.50200 6.33837000 99.89997 24.50000 14.82455 91.40674
19 5 17 09 44 1733.50100 6.33837000 99.90000 24.51900 14.82455 91.40674
19 5 17 09 44 1736.14700 6.33837000 100.00000 24.51900 14.82455 91.99932
19 5 17 09 45 1736.14000 6.33837000 99.90000 24.53794 14.82455 91.99932
19 5 17 09 45 1736.13600 6.33837000 99.91000 24.60000 14.82455 91.99932
19 5 17 09 46 1736.93800 6.33837000 99.99999 24.60000 14.82455 91.99932
19 5 17 09 47 1736.76700 6.33837000 99.99999 24.70001 14.82455 91.99932
19 5 17 09 47 1735.00100 6.32999000 99.99999 24.60500 14.82455 91.99932
19 5 17 09 48 1736.91900 6.32999000 99.99999 24.60000 14.82455 91.99932
19 5 17 09 48 1735.90000 6.32999000 100.00000 24.73683 14.82455 91.99932
19 5 17 09 49 1735.30600 6.32999000 100.00000 24.76000 14.82455 91.99932
19 5 17 09 49 1735.48000 6.32999000 100.00000 24.76000 14.82455 91.54591
19 5 17 09 50 1737.35700 6.30949000 100.09402 24.76000 14.82455 91.54591
19 5 17 09 50 1737.00000 6.30949000 100.27789 24.73688 14.61596 91.54602
19 5 17 09 51 1735.69400 6.30949000 100.30000 24.67802 14.65255 91.55000
19 5 17 09 51 1737.33900 6.30949000 100.30000 24.76995 14.65254 91.55000
19 5 17 09 52 1737.00000 6.30949000 100.33334 24.76991 14.65254 91.55000
19 5 17 09 52 1737.00000 6.31000000 100.49978 24.75702 14.77746 93.83962
19 5 17 09 53 1736.99900 6.31000000 100.70927 24.78497 14.77746 93.83962
19 5 17 09 53 1737.00000 6.31000000 100.76680 24.78497 14.77746 93.83962
19 5 17 09 54 1737.78200 6.32550000 100.70928 24.77999 14.77746 93.83962
19 5 17 09 54 1737.01700 6.32550000 100.80003 24.78000 14.77746 93.83962
19 5 17 09 55 1737.75000 6.32550000 100.89988 24.92004 14.61604 93.83778
19 5 17 09 55 1739.90000 6.32550000 100.89988 25.10000 14.61604 93.83778
19 5 17 09 56 1739.95000 6.32550000 100.89995 24.77003 14.61604 93.83778
19 5 17 09 56 1739.93200 6.32600000 100.89995 24.80201 14.61604 93.83778
19 5 17 09 57 1737.01600 6.32600000 100.80008 25.06746 14.65254 93.83778
19 5 17 09 57 1739.00000 6.32600000 100.80004 24.89000 14.61591 93.83778
19 5 17 09 58 1739.94000 6.32000000 100.90000 25.00000 14.61591 93.83778
19 5 17 09 59 1739.95000 6.32600000 100.99964 25.06735 14.56563 93.83778
19 5 17 09 59 1739.50000 6.32600000 101.00000 25.00000 14.76188 93.12197
19 5 17 10 00 1739.50000 6.32600000 100.99999 25.06599 14.54020 93.12197
19 5 17 10 00 1739.95000 6.32600000 100.99999 25.00021 14.54018 93.12197
19 5 17 10 01 1739.95000 6.39465000 101.00000 25.00100 14.68696 93.12197
19 5 17 10 01 1739.83900 6.39465000 101.00000 25.00100 14.68696 93.12197
19 5 17 10 02 1739.83900 6.38461000 101.00000 25.00001 14.52353 93.12197
19 5 17 10 02 1739.84000 6.37949000 101.00000 25.00000 14.50005 93.12197
19 5 17 10 03 1740.86700 6.37949000 100.99999 25.00000 14.50005 93.12197
19 5 17 10 03 1739.51000 6.37949000 101.00096 24.98999 14.50007 93.12197
19 5 17 10 04 1740.86700 6.37949000 101.10001 24.96200 14.68665 93.12197
19 5 17 10 04 1740.86700 6.41887000 101.57000 24.92000 14.50001 93.12197
19 5 17 10 05 1742.62100 6.41887000 101.56767 24.94700 14.50001 93.12197
19 5 17 10 06 1742.62200 6.41887000 101.14853 24.98200 14.50001 93.12197
19 5 17 10 06 1742.71300 6.41887000 101.16002 24.92000 14.50001 93.12197
19 5 17 10 07 1742.71300 6.41887000 101.18002 25.13700 14.66847 93.12197
19 5 17 10 07 1742.71500 6.41887000 101.55999 25.00000 14.66847 93.12197
19 5 17 10 08 1744.51900 6.41887000 101.57000 24.99999 14.66847 93.12197
19 5 17 10 08 1744.51700 6.39984000 101.79997 24.92000 14.59987 93.12197
19 5 17 10 09 1744.88800 6.39980000 101.79998 24.92002 14.59987 93.12197
19 5 17 10 09 1744.80100 6.39980000 101.79998 24.92002 14.59987 93.12197
19 5 17 10 10 1743.05200 6.39980000 101.78792 24.87400 14.59989 93.12197
19 5 17 10 10 1740.58200 6.39980000 101.78999 24.87400 14.50001 93.12197
19 5 17 10 11 1740.58200 6.39980000 101.78791 24.70400 14.50002 93.12197
19 5 17 10 11 1741.80000 6.39980000 101.74996 24.87388 14.50002 93.12197
19 5 17 10 12 1742.94000 6.39980000 101.75000 24.75900 14.50002 93.12197
19 5 17 10 12 1740.21700 6.39980000 101.62274 24.73200 14.50002 91.40720
19 5 17 10 13 1740.69900 6.39980000 101.85886 24.73200 14.50002 91.40720
19 5 17 10 14 1740.55000 6.39980000 101.84998 24.73300 14.50002 91.40720
19 5 17 10 14 1741.68200 6.39980000 101.78999 24.67300 14.50002 91.40720
19 5 17 10 14 1740.21100 6.38849000 101.80000 24.81596 14.66637 91.40720
19 5 17 10 15 1740.00100 6.38849000 101.80000 24.67300 14.50003 91.59900
19 5 17 10 16 1741.70000 6.38900000 101.80000 24.65000 14.52459 91.59900
19 5 17 10 16 1741.77900 6.38900000 101.63310 24.65601 14.52459 91.59900
19 5 17 10 17 1741.76200 6.38900000 101.78998 24.77398 14.52459 91.59900
19 5 17 10 17 1740.60000 6.38900000 101.80000 24.77398 14.52459 91.59900
19 5 17 10 18 1742.55300 6.38900000 101.63324 24.79691 14.51001 91.59900
19 5 17 10 18 1740.61700 6.38900000 101.79995 24.65608 14.51001 91.59900
19 5 17 10 19 1740.60000 6.38900000 101.90000 24.76395 14.51002 91.59900
19 5 17 10 19 1743.34700 6.41874000 101.80000 24.76385 14.51000 91.59900
19 5 17 10 20 1742.52900 6.41874000 101.80000 24.76385 14.50000 91.59900
19 5 17 10 20 1741.60700 6.41874000 101.91337 24.65000 14.50000 91.59900
19 5 17 10 21 1741.98000 6.41874000 101.90000 24.65000 14.50000 91.53079
19 5 17 10 21 1743.75100 6.41874000 101.80000 24.65000 14.50000 91.53079
19 5 17 10 22 1742.52900 6.41874000 101.99998 24.65600 14.66545 91.53079
19 5 17 10 22 1741.63600 6.41874000 101.99998 24.67997 14.66545 92.89313
19 5 17 10 23 1743.49200 6.33580000 101.99999 24.67997 14.66545 92.89313
19 5 17 10 23 1741.65300 6.33580000 101.99990 24.75283 14.66545 92.89313
19 5 17 10 24 1741.64100 6.39840000 101.99970 24.75195 14.66545 91.66003
19 5 17 10 25 1743.47200 6.39840000 101.99998 24.75195 14.66545 91.66003
19 5 17 10 25 1740.62200 6.39790000 101.99999 24.67999 14.66545 91.66003
19 5 17 10 26 1743.00000 6.39790000 101.99999 24.67999 14.66545 91.70000
19 5 17 10 26 1741.57900 6.39790000 101.99998 24.67999 14.60000 91.70000
19 5 17 10 27 1741.64800 6.39790000 101.99999 24.65201 14.60000 91.70000
19 5 17 10 27 1743.50000 6.39790000 101.99999 24.67996 14.60000 91.70000
19 5 17 10 28 1741.59700 6.34022000 101.96999 24.67997 14.60000 91.70000
19 5 17 10 28 1740.63900 6.33920000 101.60000 24.67997 14.60000 91.70000
19 5 17 10 29 1740.63900 6.33920000 101.69999 24.60000 14.60000 91.70000
19 5 17 10 29 1741.52900 6.33000000 101.70000 24.60000 14.60000 91.70000
19 5 17 10 30 1743.75900 6.33000000 101.62001 24.67987 14.60000 91.70000
19 5 17 10 30 1741.53000 6.33000000 101.62002 24.73600 14.60000 91.70000
19 5 17 10 31 1743.74300 6.33000000 101.50043 24.60001 14.60000 91.70000
19 5 17 10 31 1741.54800 6.32346000 101.48000 24.71300 14.60000 91.70000
19 5 17 10 32 1744.49600 6.32346000 101.00021 24.60000 14.60000 91.70000
19 5 17 10 32 1741.52900 6.32347000 101.26809 24.61000 14.60000 91.70000
19 5 17 10 33 1743.99700 6.38992000 100.91721 24.61000 14.60000 91.70000
19 5 17 10 33 1744.00000 6.33000000 100.67598 24.61000 14.65443 91.70000
19 5 17 10 34 1743.97800 6.32500000 100.43720 24.61000 14.65443 91.70000
19 5 17 10 34 1744.50000 6.38963000 99.89999 24.51399 14.50013 91.70000
19 5 17 10 35 1743.00000 6.32400000 99.81412 24.50000 14.50013 91.70000
19 5 17 10 36 1744.84000 6.32400000 99.99980 24.50001 14.50013 91.70000
19 5 17 10 36 1744.92000 6.32400000 100.50000 24.50000 14.50013 91.70000
19 5 17 10 37 1744.87300 6.32501000 100.04001 24.50000 14.50013 91.70000
19 5 17 10 37 1744.87300 6.32501000 100.38600 24.50000 14.50013 91.70000
19 5 17 10 38 1744.87300 6.32501000 100.10004 24.50000 14.50013 91.70000
19 5 17 10 38 1745.74300 6.32501000 100.10007 24.44906 14.50013 91.70000
19 5 17 10 39 1746.00000 6.32501000 100.57667 24.44906 14.50013 91.70000
19 5 17 10 39 1745.79600 6.32501000 100.57665 24.44906 14.50013 91.70000
19 5 17 10 40 1746.00100 6.32501000 100.71579 24.44906 14.50013 91.70000
19 5 17 10 40 1746.00000 6.32501000 100.20002 24.44906 14.50013 91.70000
19 5 17 10 41 1745.79500 6.35618000 100.58000 24.44906 14.50013 91.70000
19 5 17 10 41 1746.00000 6.35618000 100.50000 24.44906 14.50013 91.70000
19 5 17 10 42 1746.30000 6.35618000 100.49950 24.44906 14.50013 91.70000
19 5 17 10 43 1745.76000 6.35620000 99.90528 24.44906 14.65353 91.70000
19 5 17 10 43 1745.76000 6.35620000 99.57147 24.44906 14.65353 91.70000
19 5 17 10 44 1748.40000 6.35620000 100.39680 24.44906 14.65347 91.70000
19 5 17 10 44 1748.61100 6.35620000 99.90548 24.44906 14.65347 91.68201
19 5 17 10 45 1748.62900 6.35620000 100.33798 24.44906 14.65347 91.68201
19 5 17 10 45 1748.61000 6.35620000 100.33798 24.49934 14.65347 91.68201
19 5 17 10 46 1744.97000 6.32346000 100.00028 24.50000 14.65347 91.68201
19 5 17 10 46 1747.39700 6.32346000 100.00033 24.56494 14.65347 91.68201
19 5 17 10 47 1745.00000 6.35560000 100.00019 24.50000 14.65347 91.68202
19 5 17 10 47 1748.49900 6.32000000 100.00031 24.50000 14.65347 91.68202
19 5 17 10 48 1748.49800 6.32000000 100.05000 24.50000 14.65347 93.67099
19 5 17 10 48 1745.26000 6.32000000 100.42000 24.50000 14.65302 93.66994
19 5 17 10 49 1748.07800 6.32000000 100.41000 24.48800 14.65302 91.69204
19 5 17 10 49 1748.11800 6.32000000 100.10156 24.48800 14.65290 91.69204
19 5 17 10 50 1748.06900 6.32000000 100.30920 24.48800 14.65290 91.69204
19 5 17 10 50 1748.10500 6.32000000 100.30819 24.49996 14.58000 91.69204
19 5 17 10 51 1747.99700 6.32000000 100.30669 24.49996 14.58000 91.69204
19 5 17 10 51 1747.90000 6.32000000 100.41000 24.56493 14.58000 93.00000
19 5 17 10 52 1747.89900 6.32000000 100.30569 24.45100 14.58000 93.00000
19 5 17 10 52 1747.89800 6.32000000 100.00010 24.45100 14.58000 93.00000
19 5 17 10 53 1747.90000 6.32000000 100.30319 24.56490 14.49000 93.00000
19 5 17 10 53 1747.89900 6.32000000 100.25000 24.56491 14.49000 93.00000
19 5 17 10 54 1747.80000 6.32000000 100.00000 24.56490 14.44700 92.99988
19 5 17 10 54 1747.89900 6.32000000 100.00002 24.56488 14.44700 92.99988
19 5 17 10 55 1746.90000 6.32000000 99.90528 24.56488 14.44700 92.99988
19 5 17 10 55 1748.60600 6.32000000 99.99050 24.56488 14.44700 92.99988
19 5 17 10 56 1748.60600 6.32000000 99.90528 24.56488 14.44700 92.50001
19 5 17 10 56 1748.50000 6.32000000 99.98948 24.56488 14.44700 92.50001
19 5 17 10 57 1748.50000 6.32000000 99.80000 24.56488 14.44700 92.50001
19 5 17 10 57 1748.64600 6.32000000 99.96750 24.52900 14.44700 92.50001
19 5 17 10 58 1747.05400 6.32000000 99.49000 24.46900 14.37129 92.50001
19 5 17 10 58 1748.49800 6.32000000 99.11200 24.48800 14.41043 92.50001
19 5 17 10 59 1747.22800 6.32000000 99.68790 24.46900 14.41043 92.50001
19 5 17 10 59 1748.49700 6.36998000 99.68540 24.45000 14.41043 92.50001
19 5 17 11 00 1747.22800 6.31000000 99.68539 24.44906 14.59294 93.06986
19 5 17 11 00 1747.05400 6.31000000 99.00001 24.44906 14.59294 93.06986
19 5 17 11 01 1746.85700 6.31000000 99.68189 24.45100 14.59294 93.06986
19 5 17 11 01 1746.29800 6.31000000 99.67989 24.45100 14.59294 92.50000
19 5 17 11 02 1748.33300 6.31000000 99.00503 24.44906 14.59294 92.50000
19 5 17 11 03 1747.07500 6.31000000 99.67688 24.44906 14.59294 92.50000
19 5 17 11 03 1748.33500 6.31000000 99.67490 24.44906 14.59294 92.50000
19 5 17 11 04 1748.00000 6.31000000 99.67382 24.49401 14.59294 92.50000
19 5 17 11 04 1747.07400 6.31000000 99.49850 24.49393 14.59294 92.50000
19 5 17 11 05 1747.99800 6.31000000 99.49850 24.57096 14.59294 92.50000
19 5 17 11 05 1747.05600 6.31000000 99.11112 24.57096 14.59294 92.50000
19 5 17 11 06 1747.05700 6.31000000 99.10000 24.57091 14.56455 92.50000
19 5 17 11 06 1748.00000 6.31000000 99.49950 24.54399 14.56455 92.50000
19 5 17 11 07 1747.50000 6.31000000 99.38850 24.55799 14.56455 91.68001
19 5 17 11 07 1747.36100 6.31000000 99.39000 24.54394 14.56455 91.68001
19 5 17 11 08 1747.61100 6.31000000 99.38900 24.44906 14.53596 91.68001
19 5 17 11 08 1747.83400 6.31000000 99.48000 24.44906 14.50000 92.24662
19 5 17 11 09 1748.00000 6.31000000 99.39001 24.44906 14.53588 92.24662
19 5 17 11 09 1748.31700 6.31000000 99.39000 24.38500 14.49999 92.24662
19 5 17 11 10 1748.65000 6.31000000 99.39004 24.36800 14.49999 92.24662
19 5 17 11 10 1747.96500 6.31000000 99.30877 24.36800 14.53600 92.24662
19 5 17 11 11 1748.59900 6.31000000 99.45000 24.44896 14.53599 92.24662
19 5 17 11 11 1748.18600 6.31000000 98.75001 24.44896 14.59944 92.24662
19 5 17 11 12 1748.60000 6.31000000 99.23948 24.44896 14.59944 92.24764
19 5 17 11 12 1748.00000 6.31000000 99.20000 24.44896 14.59944 92.24764
19 5 17 11 13 1748.00000 6.31000000 99.19900 24.44800 14.59944 92.24764
19 5 17 11 13 1748.64800 6.30000000 98.75025 24.45000 14.59931 92.24764
19 5 17 11 14 1748.58300 6.30000000 98.99949 24.45000 14.59931 92.24764
19 5 17 11 14 1748.58200 6.30000000 98.75000 24.45000 14.59931 92.24764
19 5 17 11 15 1748.58300 6.30000000 98.40166 24.48599 14.54475 92.24764
19 5 17 11 16 1747.53100 6.34531000 98.99739 24.45000 14.54475 92.24764
19 5 17 11 16 1747.82200 6.29537000 98.40263 24.45000 14.54475 92.24763
19 5 17 11 16 1748.19300 6.27604000 98.56985 24.45000 14.54475 92.24763
19 5 17 11 17 1747.59300 6.27613000 98.37800 24.32100 14.54475 92.24763
19 5 17 11 18 1748.24100 6.26322000 98.47883 24.32100 14.54459 92.23400
19 5 17 11 18 1748.50000 6.26322000 98.47580 24.32100 14.54459 92.23402
19 5 17 11 19 1748.50000 6.26915000 98.00001 24.32100 14.54459 92.23402
19 5 17 11 19 1748.50000 6.27000000 98.46999 24.32100 14.54459 92.23402
19 5 17 11 20 1748.50000 6.27002000 98.29991 24.32100 14.54459 92.23402
19 5 17 11 20 1748.64800 6.27002000 98.29939 24.32100 14.54459 92.23402
19 5 17 11 21 1748.65000 6.27002000 98.01670 24.32100 14.54459 92.23402
19 5 17 11 21 1748.65000 6.27002000 98.29000 24.32100 14.54459 92.23402
19 5 17 11 22 1748.65000 6.27002000 98.29000 24.42575 14.53991 92.23402
19 5 17 11 22 1748.65000 6.27002000 98.29938 24.42575 14.53991 92.23402
19 5 17 11 23 1748.65000 6.34119000 97.45000 24.42575 14.53991 92.23402
19 5 17 11 23 1748.64800 6.27018000 98.21950 24.42569 14.53991 92.23402
19 5 17 11 24 1748.65000 6.34111000 97.60010 24.42567 14.53991 92.23402
19 5 17 11 24 1748.65000 6.34111000 98.00000 24.42565 14.53991 91.68092
19 5 17 11 25 1748.65000 6.34111000 97.92993 24.42565 14.53991 91.68092
19 5 17 11 26 1748.50200 6.27018000 97.92990 24.42565 14.53991 91.68092
19 5 17 11 26 1748.50100 6.27018000 97.89993 24.38302 14.53991 91.68092
19 5 17 11 26 1749.00000 6.27018000 97.79992 24.54500 14.53991 91.68094
19 5 17 11 27 1748.50100 6.27018000 97.79992 24.54500 14.53991 91.68094
19 5 17 11 27 1749.00000 6.27018000 97.89990 24.40000 14.53991 92.98663
19 5 17 11 28 1748.50100 6.26542000 97.64504 24.48883 14.53991 92.98663
19 5 17 11 29 1748.50100 6.26000000 97.50001 24.48883 14.54000 92.98663
19 5 17 11 29 1748.50000 6.26002000 97.89989 24.48883 14.54000 92.98663
19 5 17 18 41 1714.11000 6.42519000 104.60000 23.85998 14.62501 91.01826
19 5 17 18 42 1714.00000 6.42519000 104.69950 23.82003 14.62501 91.01826
19 5 17 18 42 1713.85700 6.42120000 104.70000 23.82003 14.62501 91.01826
19 5 17 18 43 1713.25200 6.42069000 104.90000 23.82002 14.62501 91.01826
19 5 17 18 43 1712.01000 6.41969000 104.99978 23.82199 14.62501 91.01826
19 5 17 18 44 1712.00000 6.41919000 105.00000 23.85991 14.62501 91.01826
19 5 17 18 44 1711.76800 6.41919000 104.80007 23.85991 14.62501 91.01826
19 5 17 18 45 1711.23000 6.41919000 104.99978 23.86196 14.62501 91.01826
19 5 17 18 45 1711.23000 6.41816000 105.45180 23.86700 14.62501 91.01826
19 5 17 18 46 1710.67900 6.41816000 105.38000 23.85993 14.62501 91.01826
19 5 17 18 46 1710.22000 6.39999000 105.37997 23.85993 14.62501 91.01826
19 5 17 18 47 1710.22000 6.39999000 105.37993 23.83000 14.62501 91.01826
19 5 17 18 47 1710.22000 6.39999000 105.01101 23.92300 14.62501 91.01826
19 5 17 18 48 1710.22200 6.39750000 105.36003 23.92300 14.62501 91.01826
19 5 17 18 48 1710.22200 6.39650000 105.38000 23.92300 14.70002 91.01826
19 5 17 18 49 1710.22000 6.39650000 105.37999 23.92092 14.70002 91.01826
19 5 17 18 50 1710.22000 6.39650000 105.35000 23.87800 14.70002 91.99592
19 5 17 18 50 1710.22000 6.39450000 105.46499 23.87800 14.70002 91.99592
19 5 17 18 51 1710.22000 6.36002000 105.68381 23.87800 14.70002 91.99592
19 5 17 18 51 1710.22000 6.36002000 105.99999 23.96499 14.70002 90.99558
19 5 17 18 52 1710.22000 6.36002000 105.96237 23.92100 14.70002 90.99558
19 5 17 18 52 1710.22000 6.39099000 105.99849 23.92100 14.70002 90.99558
19 5 17 18 53 1710.22000 6.39099000 105.89899 23.92100 14.70002 90.99558
19 5 17 18 53 1710.22000 6.39099000 105.89899 23.92100 14.70002 90.99558
19 5 17 18 54 1710.22000 6.39099000 105.89800 23.96499 14.70002 90.99558
19 5 17 18 54 1710.22000 6.39646000 105.80000 23.97926 14.70002 90.99558
19 5 17 18 55 1710.22000 6.39697000 105.80000 23.99593 14.70002 90.99558
19 5 17 18 55 1710.00000 6.39697000 105.01310 24.02000 14.70002 90.99558
19 5 17 18 56 1709.49800 6.39697000 105.06299 24.04300 14.70042 90.99558
19 5 17 18 56 1709.12400 6.39697000 105.01000 24.02300 14.70042 90.99558
19 5 17 18 57 1710.00000 6.36002000 104.90000 24.05000 14.70042 90.99558
19 5 17 18 57 1709.99900 6.36002000 105.10000 24.08500 14.70042 90.99558
19 5 17 18 58 1710.00000 6.36002000 105.61000 24.08501 14.70042 90.99558
19 5 17 18 58 1710.22000 6.35118000 105.00000 24.06200 14.70042 90.99558
19 5 17 18 59 1710.22200 6.35118000 105.63000 24.13799 14.70042 90.99558
19 5 17 18 59 1714.53600 6.39999000 105.64993 24.06201 14.70042 90.99558
19 5 17 19 00 1714.93800 6.39999000 104.54927 24.20000 14.70042 90.99558
19 5 17 19 00 1714.73100 6.39999000 104.50000 24.20000 14.92508 90.99558
19 5 17 19 01 1715.00000 6.40000000 104.90001 24.20000 14.70066 90.99558
19 5 17 19 01 1715.01200 6.40000000 105.41184 24.20002 14.70066 90.99558
19 5 17 19 02 1716.76800 6.40128000 105.41080 24.20000 14.70066 91.90545
19 5 17 19 02 1716.70000 6.41020000 104.90031 24.20000 14.70066 91.90545
19 5 17 19 03 1716.70000 6.41020000 105.00000 24.20000 14.70066 91.90545
19 5 17 19 04 1717.00000 6.41020000 105.39848 24.19758 14.70066 91.90545
19 5 17 19 04 1716.80000 6.41020000 105.30000 24.19758 14.70066 91.90545
19 5 17 19 05 1717.00000 6.41020000 105.30001 24.19758 14.70066 91.90545
19 5 17 19 05 1717.22800 6.41020000 105.30004 24.27683 14.70066 91.90541
19 5 17 19 06 1718.00000 6.43644000 105.33021 24.20698 14.70066 91.00168
19 5 17 19 06 1717.00000 6.43642000 105.00000 24.13800 14.70066 91.00168
19 5 17 19 07 1718.76600 6.43747000 104.99995 24.13795 14.70066 91.00168
19 5 17 19 07 1718.00000 6.43845000 104.99993 24.08867 14.70066 91.00168
19 5 17 19 08 1719.55500 6.45515000 104.99999 24.08464 14.70066 91.00168
19 5 17 19 08 1721.14500 6.45516000 104.97998 24.08464 14.70066 91.00168
19 5 17 19 09 1721.03200 6.45516000 105.32219 24.08470 14.70066 91.90519
19 5 17 19 09 1719.97800 6.45512000 105.29999 24.08470 14.88593 91.90519
19 5 17 19 10 1720.43400 6.45512000 105.29998 24.08470 14.88592 91.90519
19 5 17 19 10 1721.15200 6.45512000 105.29991 24.08470 14.88592 91.90519
19 5 17 19 11 1720.20200 6.46886000 105.37979 24.08600 14.88592 91.90519
19 5 17 19 11 1720.21900 6.46886000 105.37979 24.08600 14.88592 91.90519
19 5 17 19 12 1720.74000 6.46886000 105.37979 24.08600 14.88592 91.90519
19 5 17 19 12 1720.90000 6.46887000 105.37000 24.08600 14.88592 91.90503
19 5 17 19 13 1720.99900 6.49150000 105.36999 24.13768 14.90492 91.90505
19 5 17 19 13 1720.99900 6.49150000 105.36999 24.13768 14.90492 91.50002
19 5 17 19 14 1721.14900 6.49500000 105.37010 24.13768 14.90492 91.50002
19 5 17 19 14 1721.14900 6.50000000 105.78950 24.12800 14.88572 91.50002
19 5 17 19 15 1721.14900 6.50000000 105.79000 24.12800 14.88572 91.50002
19 5 17 19 16 1721.14800 6.50077000 105.78950 24.12800 14.87544 91.50002
19 5 17 19 16 1721.14800 6.53167000 105.79000 24.12800 14.92512 91.00086
19 5 17 19 17 1721.14900 6.53203000 105.78902 24.10900 14.92512 91.00086
19 5 17 19 17 1721.14900 6.53203000 105.78902 24.16798 14.92512 91.00086
19 5 17 19 18 1721.19400 6.53203000 105.78902 24.16798 14.92512 91.00086
19 5 17 19 18 1721.19400 6.53203000 105.78902 24.16794 14.92512 91.00086
19 5 17 19 18 1721.19400 6.53203000 105.54000 24.16900 14.92512 91.00086
19 5 17 19 19 1721.15700 6.53203000 105.96800 24.16900 14.92512 91.00086
19 5 17 19 20 1721.19400 6.53203000 105.54008 24.14700 15.00000 91.00086
19 5 17 19 20 1721.15800 6.53202000 105.54015 24.24999 15.00000 91.00086
19 5 17 19 21 1721.15700 6.52895000 105.54019 24.24999 15.00000 91.00086
19 5 17 19 21 1721.41700 6.52896000 105.54019 24.17001 15.00000 91.00086
19 5 17 19 22 1721.15700 6.52896000 105.28326 24.17001 14.99999 91.00086
19 5 17 19 22 1721.14800 6.52896000 105.54008 24.17001 15.00000 91.00086
19 5 17 19 23 1720.32600 6.55000000 105.44738 24.17001 15.00000 91.00156
19 5 17 19 23 1721.00000 6.55000000 105.89850 24.17498 15.00000 91.00156
19 5 17 19 24 1720.34400 6.55000000 105.44999 24.17002 15.00000 91.49999
19 5 17 19 24 1720.34300 6.55000000 105.01273 24.17002 14.99999 91.00162
19 5 17 19 25 1720.34300 6.53996000 105.34231 24.19797 15.00000 91.49987
19 5 17 19 25 1720.31500 6.53996000 105.88947 24.17001 14.99999 91.50000
19 5 17 19 26 1720.00000 6.53985000 105.88000 24.17001 14.99999 91.50000
19 5 17 19 26 1719.99500 6.54000000 105.73586 24.17001 15.00000 91.50000
19 5 17 19 27 1718.52000 6.54979000 105.60000 24.17001 15.00000 91.50000
19 5 17 19 28 1719.90100 6.54979000 105.59999 24.17001 15.00000 91.50000
19 5 17 19 28 1719.97300 6.54979000 105.59998 24.11600 15.00000 91.50000
19 5 17 19 29 1718.51900 6.54979000 105.59997 24.10000 15.00000 91.50000
19 5 17 19 29 1718.51700 6.54979000 105.60000 24.10000 15.00000 91.50000
19 5 17 19 30 1718.51800 6.54979000 105.60000 24.10000 15.00000 91.50000
19 5 17 19 30 1718.53400 6.54979000 105.86934 24.11600 15.00000 91.50000
19 5 17 19 31 1720.34200 6.54873000 105.88000 24.17399 15.00000 91.50000
19 5 17 19 31 1718.64500 6.54873000 105.86934 24.17399 15.00000 91.50000
19 5 17 19 32 1718.66000 6.54873000 105.86934 24.17399 15.00000 91.50000
19 5 17 19 32 1718.51700 6.55000000 106.00000 24.17399 15.00000 91.50000
19 5 17 19 33 1718.51700 6.55000000 106.00000 24.17399 14.99997 91.50000
19 5 17 19 33 1718.51700 6.55000000 106.00000 24.12100 14.99997 91.50000
19 5 17 19 34 1718.51700 6.55000000 106.23415 24.12100 14.99997 91.50000
19 5 17 19 34 1721.07800 6.55000000 106.00000 24.06099 14.99997 91.50000
19 5 17 19 35 1721.12000 6.55000000 105.73555 24.06099 15.00000 91.50000
19 5 17 19 35 1718.27400 6.55000000 105.99940 24.00101 14.95000 91.50000
19 5 17 19 36 1718.27400 6.54999000 105.90000 24.07799 14.95000 91.50000
19 5 17 19 36 1720.00100 6.54999000 105.90100 24.07799 14.95000 91.50000
19 5 17 19 37 1720.40000 6.51000000 105.72012 24.07799 14.95000 91.49989
19 5 17 19 37 1720.97900 6.51000000 105.73555 24.00401 14.95000 91.49989
19 5 17 19 38 1718.77900 6.51000000 105.61213 24.07894 14.99999 91.49989
19 5 17 19 38 1719.93900 6.51000000 105.61213 24.00500 14.99999 91.49989
19 5 17 19 39 1720.95800 6.48000000 105.61209 24.00500 14.99999 91.50000
19 5 17 19 39 1720.94100 6.54996000 105.73555 24.00500 14.99999 91.50000
19 5 17 19 40 1720.94100 6.54996000 105.73555 24.00500 14.99999 91.50000
19 5 17 19 40 1720.16800 6.54996000 105.23000 24.00000 14.99999 91.50000
19 5 17 19 41 1719.55600 6.54996000 105.67875 24.07884 14.99998 91.50000
19 5 17 19 41 1719.15300 6.54996000 105.67866 24.07884 14.99998 91.50000
19 5 17 19 42 1719.00000 6.48007000 105.23009 24.01400 15.00000 91.50000
19 5 17 19 43 1719.00000 6.48000000 105.00000 24.00000 15.00000 91.50000
19 5 17 19 43 1718.78000 6.53746000 105.22996 24.03400 14.99990 91.50000
19 5 17 19 44 1719.00000 6.53746000 105.23000 24.06800 14.99990 91.50000
19 5 17 19 44 1719.15200 6.53746000 105.22998 24.05102 15.00000 91.50000
19 5 17 19 44 1719.35200 6.53746000 105.23000 24.05103 15.00000 91.50000
19 5 17 19 45 1720.00000 6.48001000 105.23000 24.05105 14.99997 91.50000
19 5 17 19 46 1720.58300 6.48001000 105.23017 24.05105 14.99997 91.50000
19 5 17 19 46 1721.19200 6.49999000 105.47769 24.05098 15.00000 91.50000
19 5 17 19 47 1720.58300 6.48400000 105.34999 24.02700 15.00000 91.50000
19 5 17 19 47 1721.19200 6.49500000 105.35000 24.02700 15.00000 91.50000
19 5 17 19 48 1721.19200 6.49500000 105.35000 24.02700 15.00000 91.50000
19 5 17 19 48 1721.19100 6.49500000 105.35000 24.02700 15.00000 91.50000
19 5 17 19 49 1721.22400 6.49500000 105.35000 24.05000 15.00000 91.50000
19 5 17 19 49 1722.00000 6.49500000 105.01014 24.05000 15.00000 91.50000
19 5 17 19 50 1722.68000 6.49500000 105.58498 24.06000 15.00000 91.50000
19 5 17 19 50 1723.90000 6.50000000 105.01041 24.05000 14.99995 91.50000
19 5 17 19 51 1724.99000 6.52821000 105.11000 24.05000 14.99995 91.50000
19 5 17 19 51 1726.87800 6.52821000 105.01031 24.05000 15.00000 91.50000
19 5 17 19 52 1724.43000 6.52821000 105.10008 24.07900 14.99999 91.50000
19 5 17 19 52 1726.10100 6.52000000 105.11000 24.20198 15.00000 91.50000
19 5 17 19 53 1724.50000 6.52000000 105.11001 24.14592 15.01671 91.50000
19 5 17 19 54 1724.50000 6.48416000 105.20000 24.14597 15.01677 91.00251
19 5 17 19 54 1724.53000 6.52802000 105.49810 24.14596 15.01677 91.50000
19 5 17 19 54 1726.42100 6.52802000 105.20006 24.11302 15.04999 91.50000
19 5 17 19 55 1724.65000 6.52802000 105.00002 24.11400 15.04999 91.50000
19 5 17 19 56 1724.64800 6.52802000 105.10001 24.11000 14.95811 91.50000
19 5 17 19 56 1724.64000 6.52802000 104.77037 24.19900 14.91570 91.50000
19 5 17 19 57 1726.62800 6.51000000 105.18004 24.18795 14.91572 91.50000
19 5 17 19 57 1725.00000 6.50000000 105.50540 24.16500 14.91572 91.50000
19 5 17 19 58 1725.00000 6.52480000 105.58499 24.16500 14.91577 91.50000
19 5 17 19 58 1724.63000 6.53000000 105.58499 24.16500 14.91572 91.50000
19 5 17 19 59 1724.50000 6.54799000 105.69997 24.16500 14.91573 91.00511
19 5 17 19 59 1724.51700 6.54799000 105.99991 24.16500 14.91572 91.00511
19 5 17 20 00 1724.51900 6.54799000 105.56169 24.06002 14.91571 91.00511
19 5 17 20 00 1725.00100 6.54800000 106.05143 24.18000 14.91571 91.49985
19 5 17 20 01 1726.61000 6.54792000 105.62619 24.18000 14.91500 91.49985
19 5 17 20 01 1726.98900 6.54800000 105.92423 24.27591 14.91500 91.49985
19 5 17 20 02 1726.98900 6.54797000 105.92423 24.27591 14.91500 91.49985
19 5 17 20 02 1726.98900 6.54794000 105.99918 24.29199 14.91500 91.49985
19 5 17 20 03 1726.98800 6.54794000 105.56224 24.29198 14.91500 91.49990
19 5 17 20 03 1726.98900 6.54794000 106.05146 24.29197 14.91500 91.50000
19 5 17 20 04 1726.99000 6.54798000 106.20274 24.29197 14.90000 91.49987
19 5 17 20 04 1726.79700 6.54798000 106.00001 24.29184 14.90000 91.00000
19 5 17 20 05 1726.79700 6.54997000 106.20424 24.21200 15.00000 91.00000
19 5 17 20 05 1726.98900 6.55000000 106.19999 24.33598 14.99999 91.00000
19 5 17 20 06 1726.99000 6.55300000 106.19997 24.33598 14.99999 91.00000
19 5 17 20 06 1726.99100 6.55320000 106.20491 24.27500 14.99999 91.50000
19 5 17 20 07 1729.00000 6.56492000 106.49986 24.24600 14.99999 91.50000
19 5 17 20 07 1728.99800 6.56578000 106.49959 24.30493 14.99999 91.50000
19 5 17 20 08 1727.50000 6.58712000 106.20000 24.31000 14.99999 91.50000
19 5 17 20 09 1728.00000 6.58712000 106.31057 24.31000 14.99999 91.50000
19 5 17 20 09 1730.00000 6.55329000 106.48987 24.31000 14.99999 91.50000
19 5 17 20 09 1729.98200 6.55329000 106.48939 24.23000 14.99999 91.50000
19 5 17 20 10 1728.00000 6.55329000 106.21008 24.23000 14.99999 91.50000
19 5 17 20 10 1728.00000 6.56011000 106.00007 24.24600 14.99999 91.50000
19 5 17 20 11 1729.45100 6.56011000 106.48579 24.24600 14.99482 91.50000
19 5 17 20 12 1730.06200 6.56011000 106.48621 24.30001 14.79771 91.50000
19 5 17 20 12 1731.30000 6.56011000 106.48968 24.30000 14.79771 91.50000
19 5 17 20 13 1730.50100 6.56011000 106.00232 24.30001 14.79781 91.50000
19 5 17 20 13 1731.30000 6.56011000 106.00233 24.30001 14.94999 91.49990
19 5 17 20 14 1731.30000 6.59800000 106.48911 24.38600 14.94999 91.50000
19 5 17 20 14 1730.78600 6.59800000 106.49000 24.43380 14.79793 91.50000
19 5 17 20 15 1730.78600 6.59800000 106.00281 24.43380 14.79795 91.00091
19 5 17 20 15 1730.30000 6.59800000 106.48865 24.31000 14.79795 91.50000
19 5 17 20 16 1732.00100 6.59800000 106.48967 24.28200 14.94996 91.00104
19 5 17 20 16 1732.70000 6.59800000 106.48869 24.28200 14.94996 91.00104
19 5 17 20 17 1732.50100 6.59800000 106.48966 24.31600 14.94996 91.50000
19 5 17 20 17 1731.94800 6.60000000 106.48880 24.31600 14.94996 91.50000
19 5 17 20 18 1734.40000 6.60000000 106.48967 24.43380 14.94996 91.50000
19 5 17 20 19 1734.50000 6.61000000 106.40010 24.30000 14.94996 91.50000
19 5 17 20 19 1732.50100 6.61000000 106.48967 24.30002 14.94996 91.50000
19 5 17 20 19 1734.49600 6.61000000 106.48976 24.30000 14.94996 91.49998
19 5 17 20 20 1733.00000 6.61200000 106.69848 24.30000 14.94996 91.90553
19 5 17 20 20 1733.90200 6.61200000 106.69999 24.30000 14.94996 91.90553
19 5 17 20 21 1733.90300 6.62366000 106.69999 24.30000 14.94996 91.90553
19 5 17 20 22 1733.01700 6.64499000 106.77999 24.38300 14.94996 91.90553
19 5 17 20 22 1733.13800 6.64499000 106.77999 24.38300 14.96140 92.00000
19 5 17 20 23 1733.24900 6.64003000 106.88549 24.40194 14.96140 92.00000
19 5 17 20 23 1734.00000 6.65432000 106.58283 24.38300 14.96140 92.00000
19 5 17 20 24 1734.00000 6.68494000 106.88300 24.40194 14.96140 92.39942
19 5 17 20 24 1734.00100 6.68489000 106.88200 24.40194 14.96140 92.39942
19 5 17 20 25 1734.00100 6.68500000 106.89999 24.41000 14.96137 92.39942
19 5 17 20 25 1733.37700 6.68433000 106.89000 24.41000 14.96137 92.39942
19 5 17 20 26 1733.39500 6.68433000 106.41152 24.33201 14.96141 92.39942
19 5 17 20 26 1733.39500 6.64926000 106.88892 24.33201 14.96137 92.39942
19 5 17 20 27 1734.00000 6.64926000 106.88750 24.33201 14.96137 92.39942
19 5 17 20 27 1733.03500 6.64926000 106.40638 24.33201 14.96137 92.40000
19 5 17 20 28 1732.82100 6.64926000 106.03158 24.33201 14.96137 92.40000
19 5 17 20 28 1732.11900 6.67961000 106.11911 24.30000 14.96141 92.40000
19 5 17 20 29 1732.11900 6.69964000 106.72559 24.30000 14.96141 92.40000
19 5 17 20 29 1732.98100 6.70000000 106.72652 24.30000 14.96141 92.40000
19 5 17 20 30 1733.01700 6.71000000 106.72652 24.30000 14.96141 92.00529
19 5 17 20 30 1731.98900 6.70932000 106.72652 24.30000 14.96141 92.00529
19 5 17 20 31 1731.99000 6.71000000 106.72818 24.34100 14.98000 92.00529
19 5 17 20 31 1727.98000 6.71340000 106.88000 24.34100 14.98002 91.00614
19 5 17 20 32 1728.09300 6.71002000 106.89000 24.34100 14.98002 92.50000
19 5 17 20 33 1729.99900 6.74980000 106.80000 24.30600 14.98002 92.50000
19 5 17 20 33 1728.17000 6.72301000 106.40737 24.30600 14.98002 92.50000
19 5 17 20 33 1730.03000 6.72300000 106.88999 24.26600 14.98002 92.50000
19 5 17 20 34 1728.17200 6.72001000 106.89000 24.30002 14.98002 92.50000
19 5 17 20 35 1728.18900 6.75411000 106.89000 24.30002 14.98002 92.50000
19 5 17 20 35 1729.80400 6.75663000 107.36740 24.30002 14.98002 92.50000
19 5 17 20 36 1730.01100 6.75700000 107.44000 24.30002 14.98002 92.50000
19 5 17 20 36 1731.99000 6.75631000 107.44000 24.30002 14.98002 92.50000
19 5 17 20 37 1731.99000 6.75630000 107.16830 24.32100 14.98002 92.50000
19 5 17 20 37 1731.00900 6.75562000 107.43989 24.32100 14.98002 92.50000
19 5 17 20 38 1730.03100 6.75700000 107.43985 24.32100 14.98002 92.50000
19 5 17 20 38 1730.03100 6.76999000 107.52420 24.32100 14.98002 92.50000
19 5 17 20 39 1732.79900 6.77000000 107.80000 24.32100 14.98002 92.50000
19 5 17 20 39 1732.79500 6.77000000 107.89000 24.32100 14.98002 92.50000
19 5 17 20 40 1731.00900 6.77000000 107.71656 24.32100 15.05000 92.50000
19 5 17 20 40 1731.20000 6.77000000 107.79990 24.32100 15.05000 92.50000
19 5 17 20 41 1733.34800 6.75920000 107.79988 24.31997 15.04996 92.50000
19 5 17 20 41 1731.04600 6.75852000 107.39851 24.32000 15.05000 92.50000
19 5 17 20 42 1733.34800 6.75852000 107.79981 24.31999 15.04999 92.50000
19 5 17 20 42 1731.05100 6.74000000 107.79974 24.31999 15.08889 92.50000
19 5 17 20 43 1731.05300 6.74000000 107.89000 24.31999 15.08899 92.49989
19 5 17 20 43 1731.06600 6.74000000 108.10000 24.30800 15.09902 92.49989
19 5 17 20 44 1733.34800 6.75985000 107.81670 24.30800 15.10000 92.49989
19 5 17 20 44 1731.07000 6.76053000 108.10000 24.30800 15.10000 92.49989
19 5 17 20 45 1733.34700 6.77640000 107.81671 24.30800 15.11999 92.49999
19 5 17 20 45 1733.00000 6.75000000 108.00001 24.30800 15.11999 92.49989
19 5 17 20 46 1734.59900 6.74999000 108.00000 24.32200 15.02184 92.49992
19 5 17 20 47 1733.43000 6.75000000 108.30000 24.32200 15.12000 92.49992
19 5 17 20 47 1734.90000 6.75000000 108.29999 24.30696 15.11999 92.50000
19 5 17 20 48 1735.69600 6.75000000 108.10007 24.30696 15.11999 92.49999
19 5 17 20 48 1732.10700 6.75000000 108.29997 24.35397 15.11999 92.50000
19 5 17 20 49 1732.32900 6.72187000 108.43889 24.35397 15.11999 92.50000
19 5 17 20 50 1731.20100 6.74433000 108.44000 24.35397 15.12000 92.49989
19 5 17 20 50 1733.41900 6.74429000 108.47500 24.35400 15.12000 92.50000
19 5 17 20 50 1734.87900 6.74429000 108.49999 24.32000 15.12000 92.49989
19 5 17 20 51 1734.87500 6.74000000 108.95000 24.32000 15.12999 92.49989
19 5 17 20 52 1733.99900 6.74000000 108.99000 24.32000 15.13000 92.92074
19 5 17 20 52 1731.88000 6.74000000 108.99000 24.32000 15.02169 92.53670
19 5 17 20 53 1733.09800 6.74364000 108.70976 24.31000 15.14199 92.53670
19 5 17 20 53 1731.48800 6.74362000 108.90000 24.25731 15.14196 92.53670
19 5 17 20 54 1731.49100 6.74000000 108.90000 24.25000 15.14000 92.53670
19 5 17 20 54 1731.47100 6.74000000 108.70981 24.24003 15.12133 92.53670
19 5 17 20 55 1731.50500 6.74000000 108.89999 24.27000 15.12132 92.53670
19 5 17 20 55 1734.53600 6.74000000 108.90000 24.27000 15.12132 92.53670
19 5 17 20 56 1731.37800 6.74221000 108.89999 24.24000 15.14189 92.53670
19 5 17 20 56 1734.53600 6.75000000 108.50001 24.22100 15.14200 92.53670
19 5 17 20 57 1734.53700 6.74152000 108.44000 24.20200 15.14200 92.53670
19 5 17 20 58 1734.53600 6.76053000 108.88000 24.22098 15.05876 92.53670
19 5 17 20 58 1734.53600 6.75985000 108.19454 24.20200 15.05875 93.16554
19 5 17 20 59 1731.40000 6.75000000 108.87933 24.24002 15.23579 93.23382
19 5 17 20 59 1734.53600 6.78000000 108.87932 24.24002 15.23579 93.25211
19 5 17 21 00 1734.00000 6.78000000 108.87879 24.24002 15.23579 93.25211
19 5 17 21 00 1734.53600 6.79000000 108.87932 24.24003 15.23579 93.25211
19 5 17 21 01 1732.19000 6.78931000 108.99883 24.24003 15.23579 93.25211
19 5 17 21 01 1734.53600 6.78932000 108.95000 24.24003 15.23579 91.73017
19 5 17 21 02 1734.53500 6.78999000 109.20000 24.33798 15.23579 91.73017
19 5 17 21 02 1733.50000 6.78932000 109.21022 24.33798 15.23579 91.73017
19 5 17 21 03 1733.50200 6.79949000 109.21022 24.33798 15.23579 91.73071
19 5 17 21 03 1733.50100 6.79900000 109.24000 24.24200 15.23579 91.73071
19 5 17 21 04 1734.99900 6.80000000 109.24000 24.24200 15.23579 91.73071
19 5 17 21 04 1735.30700 6.81540000 109.50000 24.24200 15.23579 91.73071
19 5 17 21 05 1735.00000 6.82326000 109.49898 24.24200 15.23579 91.73071
19 5 17 21 06 1733.01000 6.82257000 109.12007 24.24200 15.23579 91.73071
19 5 17 21 06 1735.78700 6.82325000 109.57900 24.24200 15.23579 91.73071
19 5 17 21 06 1733.02800 6.84889000 109.50000 24.33500 15.23579 91.73071
19 5 17 21 07 1735.00000 6.84889000 109.57749 24.38720 15.23533 91.73071
19 5 17 21 08 1733.04400 6.84889000 109.58000 24.37299 15.05875 91.78110
19 5 17 21 08 1732.46000 6.84889000 109.50000 24.37299 15.05875 93.25000
19 5 17 21 09 1732.33100 6.79059000 109.57991 24.35300 15.05875 93.25000
19 5 17 21 09 1734.45800 6.84818000 109.23956 24.22400 15.05875 93.25000
19 5 17 21 10 1732.46100 6.84748000 109.57739 24.22400 15.02169 91.78179
19 5 17 21 10 1734.99900 6.84748000 108.71225 24.22400 15.02169 91.78179
19 5 17 21 11 1734.45700 6.84748000 109.19998 24.35299 15.02169 93.40822
19 5 17 21 11 1732.90700 6.80016000 108.76992 24.35299 15.00030 93.40853
19 5 17 21 12 1735.00000 6.80016000 108.00000 24.35299 14.90968 92.56800
19 5 17 21 12 1732.00000 6.80016000 107.55003 24.17200 14.94697 92.56800
19 5 17 21 13 1731.37400 6.80016000 107.63187 24.17200 14.94697 92.56800
19 5 17 21 14 1731.01200 6.80049000 108.19999 24.17200 14.94698 92.56800
19 5 17 21 14 1731.37300 6.84309000 107.60001 24.28399 14.94687 92.56800
19 5 17 21 15 1731.97900 6.84307000 107.89000 24.28399 15.05875 92.56800
19 5 17 21 15 1732.92400 6.80936000 107.40000 24.28399 15.05875 91.78332
19 5 17 21 16 1734.78100 6.85000000 107.63139 24.13875 14.94687 91.78344
19 5 17 21 16 1734.78100 6.82884000 107.50000 24.13875 14.94687 91.78344
19 5 17 21 17 1734.79800 6.82884000 107.88850 24.13875 14.94687 91.78344
19 5 17 21 17 1734.77800 6.82884000 107.63142 24.27994 14.77658 91.78344
19 5 17 21 18 1733.03700 6.82884000 107.88850 24.17000 14.77658 91.78344
19 5 17 21 18 1732.33400 6.84929000 108.25335 24.08320 14.77663 91.78344
19 5 17 21 19 1733.03700 6.84929000 108.25290 24.07542 14.77663 91.95723
19 5 17 21 19 1733.01900 6.85000000 108.18477 24.16600 14.77663 91.95723
19 5 17 21 20 1734.80000 6.85000000 108.25333 24.16599 14.77663 91.95723
19 5 17 21 20 1733.05000 6.85000000 108.47218 24.16600 14.77663 91.95723
19 5 17 21 21 1734.79700 6.82026000 108.79563 24.05125 15.03626 91.95723
19 5 17 21 21 1734.56000 6.84930000 108.47219 24.05114 15.03626 91.95723
19 5 17 21 22 1734.56100 6.86000000 108.79582 24.24358 15.05875 93.53699
19 5 17 21 23 1734.55100 6.86000000 108.11001 24.24357 14.91001 93.53699
19 5 17 21 23 1735.00000 6.85997000 107.70012 24.11120 14.91012 93.53699
19 5 17 21 24 1735.70000 6.80355000 107.70012 24.14600 14.91012 93.53699
19 5 17 21 24 1735.88100 6.80355000 107.71002 24.14600 14.91012 93.53699
19 5 17 21 25 1738.40000 6.80355000 108.09997 24.14600 14.91012 93.53699
19 5 17 21 25 1735.47000 6.80355000 108.31509 24.22100 15.07429 93.53699
19 5 17 21 26 1738.00000 6.80355000 108.31509 24.22100 15.07429 93.53699
19 5 17 21 26 1739.95000 6.85723000 108.35000 24.22100 15.07429 93.53699
19 5 17 21 27 1739.94800 6.85723000 108.44920 24.23812 15.07429 93.53699
19 5 17 21 27 1739.00000 6.85250000 108.69768 24.23809 15.07429 93.53699
19 5 17 21 28 1739.00100 6.85250000 108.69670 24.23809 15.07429 93.53699
19 5 17 21 28 1739.03000 6.84930000 108.46168 24.20900 15.07427 93.53699
19 5 17 21 29 1739.81000 6.84930000 108.46172 24.18201 15.17171 93.53699
19 5 17 21 29 1739.01800 6.84930000 108.46180 24.23000 15.17169 93.53699
19 5 17 21 30 1739.03400 6.84924000 108.49169 24.25400 15.07444 93.53699
19 5 17 21 30 1739.81000 6.80357000 108.99830 24.25400 15.07444 93.53699
19 5 17 21 31 1739.14600 6.84918000 108.89717 24.23000 15.07444 93.53699
19 5 17 21 31 1739.48000 6.80002000 108.50761 24.23000 15.07444 93.53699
19 5 17 21 32 1739.81000 6.80001000 109.00000 24.34391 15.07444 93.53699
19 5 17 21 32 1739.81000 6.80001000 109.05017 24.31900 15.07444 93.53699
19 5 17 21 33 1739.10000 6.80001000 109.13700 24.20899 15.07444 91.95991
19 5 17 21 33 1739.10700 6.80000000 109.49018 24.20899 15.07444 91.95991
19 5 17 21 34 1739.10700 6.80841000 109.44574 24.20000 15.02556 92.50000
19 5 17 21 34 1739.08600 6.80841000 109.49120 24.20000 15.02556 92.50000
19 5 17 21 35 1739.10700 6.80841000 109.44938 24.19995 15.02556 92.49997
19 5 17 21 35 1739.10400 6.80841000 109.38222 24.13000 15.02556 92.49997
19 5 17 21 36 1739.10700 6.80841000 109.20000 24.13000 15.02556 92.49997
19 5 17 21 37 1739.10700 6.80841000 109.72897 24.13000 15.02556 92.50000
19 5 17 21 37 1739.10400 6.80841000 109.73101 24.13000 15.02556 92.49999
19 5 17 21 38 1739.10700 6.80841000 109.73104 24.13001 15.02556 92.49997
19 5 17 21 38 1739.10700 6.80841000 109.78999 24.13000 15.02556 92.49999
19 5 17 21 39 1739.10700 6.80841000 109.50001 24.13000 15.02556 92.49999
19 5 17 21 39 1738.23100 6.80841000 109.90000 24.13000 15.02556 92.49999
19 5 17 21 40 1738.33200 6.83862000 109.90000 24.13000 15.02556 92.50000
19 5 17 21 40 1739.95000 6.84001000 109.89818 24.27000 15.02556 92.49995
19 5 17 21 41 1738.36000 6.84001000 109.99999 24.22289 15.02556 93.04390
19 5 17 21 41 1744.88700 6.84001000 110.00000 24.10000 15.18043 93.04390
19 5 17 21 42 1744.88400 6.84001000 109.56000 24.10000 15.18043 94.00000
19 5 17 21 42 1744.59900 6.83932000 109.50902 24.10000 15.18043 94.00000
19 5 17 21 43 1744.59700 6.81020000 109.50913 24.10000 15.18043 94.00000
19 5 17 21 43 1742.00000 6.85319000 109.89799 24.11000 15.18043 94.00000
19 5 17 21 44 1742.20000 6.85319000 110.00000 24.11000 15.18043 92.82460
19 5 17 21 44 1744.32500 6.81033000 109.99996 24.10001 15.18043 94.00000
19 5 17 21 45 1743.21100 6.80000000 110.00000 24.10001 15.18043 94.00000
19 5 17 21 45 1744.59900 6.80000000 110.00000 24.10000 15.18043 94.00000
19 5 17 21 46 1744.59900 6.80000000 110.00000 24.10000 15.18043 94.00000
19 5 17 21 46 1744.59900 6.80000000 110.29999 24.10000 15.18043 94.00000
19 5 17 21 47 1744.33000 6.80000000 110.29999 24.10000 15.18043 93.70000
19 5 17 21 47 1744.33000 6.80352000 110.30003 24.10000 15.18043 92.82800
19 5 17 21 48 1744.59900 6.80453000 110.49980 24.10000 15.18043 92.82800
19 5 17 21 48 1744.59900 6.85319000 110.32928 24.10000 15.18043 92.82800
19 5 17 21 49 1747.75100 6.85319000 110.96884 24.10000 15.18043 92.82800
19 5 17 21 49 1747.87900 6.85248000 110.96877 24.11000 15.18043 92.82800
19 5 17 21 50 1748.28600 6.85246000 110.95000 24.18937 15.18043 94.00000
19 5 17 21 51 1748.64900 6.85246000 110.95000 24.18937 15.18043 94.06920
19 5 17 21 51 1748.28800 6.85999000 110.95000 24.07000 15.18043 93.99987
19 5 17 21 52 1748.01100 6.83016000 111.00000 24.07403 15.18043 93.99987
19 5 17 21 53 1748.89700 6.83016000 110.99993 24.07402 15.19659 93.00214
19 5 17 21 53 1748.02200 6.83016000 110.99993 24.07000 15.19659 94.17612
19 5 17 21 54 1749.71900 6.83016000 110.99993 24.00010 15.19659 94.17612
19 5 17 21 54 1748.00000 6.85798000 110.00000 24.07001 14.98680 94.06894
19 5 17 21 55 1747.91700 6.84001000 110.95072 24.00011 14.98680 94.06873
19 5 17 21 55 1747.99100 6.84001000 110.94980 24.00011 15.00008 94.06871
19 5 17 21 56 1748.01800 6.84001000 110.78999 24.00010 15.00008 94.06860
19 5 17 21 56 1745.00000 6.84002000 110.78992 24.00010 15.00008 94.06860
19 5 17 21 57 1745.00100 6.84001000 110.99993 23.92101 14.91056 94.06860
19 5 17 21 57 1748.00300 6.80013000 111.00000 24.13399 14.91056 94.33455
19 5 17 21 58 1748.13900 6.83601000 111.78000 24.00010 14.91056 94.33455
19 5 17 21 58 1748.09900 6.83601000 111.80000 23.97502 14.91056 94.33462
19 5 17 21 59 1749.72500 6.83601000 111.79899 24.00001 14.91056 94.33462
19 5 17 21 59 1747.96000 6.82334000 111.88319 24.00001 14.91057 92.82461
19 5 17 22 00 1747.99900 6.80000000 112.55741 24.13392 14.91057 92.82461
19 5 17 22 00 1749.72400 6.82264000 112.20000 24.13392 14.91057 92.82461
19 5 17 22 01 1749.00000 6.82264000 112.00000 24.12194 14.91057 94.29990
19 5 17 22 01 1749.50000 6.79932000 112.45998 23.98699 14.91057 94.30000
19 5 17 22 02 1749.50000 6.82262000 112.29607 23.98702 14.94803 94.30000
19 5 17 22 02 1749.50000 6.78802000 112.57470 24.12182 14.95591 94.30000
19 5 17 22 03 1749.50000 6.77429000 112.54950 24.07298 14.92130 94.58289
19 5 17 22 04 1749.79600 6.82180000 112.80968 24.05107 14.95861 93.00515
19 5 17 22 04 1749.12400 6.75753572 112.89000 24.00003 14.95861 94.34643
19 5 17 22 05 1749.12400 6.76999000 112.88998 23.91000 14.95861 94.34643
19 5 17 22 05 1749.84800 6.81072000 112.95000 23.91000 14.95861 93.49701
19 5 17 22 06 1749.00000 6.81072000 112.95499 23.91000 14.95861 93.49713
19 5 17 22 07 1749.00000 6.72151000 112.95499 23.89302 14.95861 94.90228
19 5 17 22 07 1748.99000 6.72151000 113.51369 23.89301 14.95872 94.90226
19 5 17 22 08 1748.99000 6.72161000 113.65997 23.91900 14.95872 94.90226
19 5 17 22 09 1748.11700 6.80867000 113.66000 23.91900 14.95872 94.90228
19 5 17 22 09 1748.97200 6.80867000 114.29981 23.89400 14.95872 94.90231
19 5 17 22 10 1747.80300 6.80787000 113.66000 23.80000 14.95872 94.99999
19 5 17 22 10 1747.80200 6.80777000 114.13000 23.76339 14.95872 94.99999
19 5 17 22 11 1749.89500 6.80727000 113.99109 23.76339 14.95872 94.99977
19 5 17 22 11 1749.00000 6.78000000 114.00000 23.70000 14.95872 95.00000
19 5 17 22 12 1748.66400 6.72082000 114.12977 23.70000 14.95872 95.00000
19 5 17 22 12 1749.88100 6.68026000 114.12974 23.70000 14.95872 95.00000
19 5 17 22 13 1749.87900 6.66908000 114.12974 23.67292 14.95872 95.00000
19 5 17 22 13 1749.89700 6.67204000 113.99993 23.69999 15.17656 94.10034
19 5 17 22 14 1750.00000 6.69949000 113.99800 23.70000 15.17656 94.10034
19 5 17 22 14 1747.95000 6.66909000 113.43315 23.70000 15.17656 94.10034
19 5 17 22 15 1747.95200 6.66911000 113.50002 23.70000 15.17656 95.15680
19 5 17 22 16 1749.50000 6.69000000 113.69950 23.68000 15.17656 95.15659
19 5 17 22 16 1747.96900 6.66001000 113.55000 23.68000 14.91157 94.20043
19 5 17 22 17 1750.00000 6.66001000 113.70000 23.69999 14.91157 94.20043
19 5 17 22 17 1748.08400 6.68659000 113.69850 23.69995 15.07637 95.59997
19 5 17 22 18 1749.99800 6.62088000 113.69999 23.68000 15.05637 94.41033
19 5 17 22 19 1750.56900 6.64645000 114.00001 23.68000 15.17604 95.00000
19 5 17 22 19 1751.43100 6.64732000 114.24320 23.70000 15.17604 95.28160
19 5 17 22 20 1750.03000 6.62096000 114.12989 23.84998 15.17579 95.28160
19 5 17 22 20 1750.00200 6.62099000 114.12990 23.84995 15.17579 95.00020
19 5 17 22 21 1748.38300 6.60000000 114.30000 23.86900 15.17579 95.00020
19 5 17 22 22 1752.89800 6.64994000 114.30002 23.72225 15.17579 95.25000
19 5 17 22 22 1752.01000 6.60021000 114.48469 23.86893 15.17579 95.50000
19 5 17 22 23 1751.99900 6.60004000 114.42993 23.76200 15.17579 95.50000
19 5 17 22 23 1751.99900 6.60933000 114.77700 23.86790 15.17579 95.49978
19 5 17 22 24 1753.00000 6.60000000 114.49999 23.86790 15.17579 95.49978
19 5 17 22 24 1752.91600 6.61000000 114.55001 23.80600 15.17579 95.49978
19 5 17 22 25 1751.44400 6.58869000 114.59081 23.78601 15.17579 95.60000
19 5 17 22 25 1752.89900 6.58935000 114.79001 23.74200 15.17579 95.60000
19 5 17 22 26 1752.00000 6.56112000 114.79010 23.74201 15.17579 95.59996
19 5 17 22 27 1752.89700 6.58934000 114.98787 23.74201 15.17579 95.94577
19 5 17 22 27 1748.73900 6.58858000 115.20000 23.76310 15.17579 94.41263
19 5 17 22 28 1751.99700 6.58000000 114.85002 23.74938 15.17579 94.41263
19 5 17 22 28 1751.00000 6.63946000 115.39993 23.88593 15.09880 94.41263
19 5 17 22 29 1751.00000 6.65540000 115.00000 23.72202 15.09880 94.41263
19 5 17 22 29 1753.84100 6.65000000 114.10000 23.69900 15.09880 94.41263
19 5 17 22 30 1750.99800 6.65000000 112.89660 23.66500 15.09875 95.94576
19 5 17 22 31 1752.89800 6.66873000 111.31939 23.66900 15.09875 95.94576
19 5 17 22 31 1751.00800 6.68714000 110.36619 23.66899 15.09875 94.60089
19 5 17 22 32 1751.00700 6.66873000 109.55000 23.61000 15.09875 94.60089
19 5 17 22 32 1749.12100 6.68588000 111.45805 23.85498 14.86817 94.60089
19 5 17 22 33 1749.11600 6.65054000 112.75390 23.65556 14.90537 94.60089
19 5 17 22 33 1748.10200 6.63401000 113.00001 23.60000 14.86821 94.60089
19 5 17 22 34 1750.98800 6.67999000 113.00001 23.59001 14.86692 94.60089
19 5 17 22 34 1750.20000 6.67999000 113.20001 23.60000 14.86692 95.94578
19 5 17 22 35 1750.19900 6.69000000 113.45670 23.76799 14.90535 95.94578
19 5 17 22 36 1750.00000 6.68000000 113.74974 23.76799 15.03212 95.94578
19 5 17 22 36 1747.98100 6.65160000 113.40000 23.50000 14.90534 94.81000
19 5 17 22 36 1750.98600 6.70056000 114.37232 23.50000 14.89561 94.81000
19 5 17 22 37 1751.96300 6.65981000 113.42018 23.71891 14.89561 94.81000
19 5 17 22 38 1752.87900 6.65933000 113.65000 23.71890 14.89561 94.81000
19 5 17 22 38 1752.89700 6.66032000 113.99989 23.50001 14.89561 94.81000
19 5 17 22 39 1752.89800 6.65984000 113.00001 23.50003 14.90545 94.81000
19 5 17 22 39 1752.89700 6.66033000 113.00001 23.60016 14.90547 94.81000
19 5 17 22 40 1752.89700 6.66034000 113.05000 23.60016 14.87906 94.81000
19 5 17 22 40 1751.16900 6.66034000 113.00000 23.60022 14.84847 94.81000
19 5 17 22 41 1752.89600 6.66034000 112.99990 23.69891 14.87903 94.81000
19 5 17 22 41 1751.19000 6.70167000 112.70001 23.69891 14.87903 94.81000
19 5 17 22 42 1751.19000 6.67053000 112.89998 23.69884 14.87903 94.81000
19 5 17 22 43 1753.00000 6.67053000 112.90000 23.49182 14.87903 94.81000
19 5 17 22 43 1752.99900 6.67057000 112.97999 23.67000 14.84856 94.81000
19 5 17 22 44 1751.21200 6.67059000 112.25000 23.67000 15.03215 94.81000
19 5 17 22 44 1753.99900 6.67064000 112.10660 23.66996 14.84860 94.81000
19 5 17 22 45 1754.00000 6.67064000 111.90079 23.66996 14.84860 94.81000
19 5 17 22 45 1754.88800 6.67065000 112.00000 23.66996 14.84864 94.81000
19 5 17 22 46 1752.00000 6.70681000 110.99993 23.66996 14.84864 94.81000
19 5 17 22 46 1752.01000 6.67069000 111.00000 23.44993 14.84864 94.81000
19 5 17 22 47 1751.23900 6.70001000 110.00000 23.44999 14.84864 94.81041
19 5 17 22 47 1751.18800 6.67071000 110.99985 23.56699 14.84864 94.81060
19 5 17 22 48 1750.05000 6.65680000 110.61313 23.56699 14.84864 94.81000
19 5 17 22 48 1750.06000 6.65679000 109.60000 23.50002 14.84864 94.81000
19 5 17 22 49 1750.05100 6.65681000 110.29246 23.50002 14.84864 94.81000
19 5 17 22 50 1750.00100 6.65000000 110.00000 23.50002 14.84864 94.81000
19 5 17 22 50 1750.04900 6.70069000 110.40001 23.50004 14.84175 94.81000
19 5 17 22 50 1750.00000 6.60034000 110.47999 23.50000 15.03176 93.24298
19 5 17 22 51 1749.99700 6.68000000 110.40000 23.50000 15.03176 93.24309
19 5 17 22 51 1748.01000 6.68000000 110.00004 23.50000 15.03176 93.24309
19 5 17 22 52 1749.00000 6.68000000 109.60000 23.40848 15.03176 93.24309
19 5 17 22 53 1741.80000 6.60055000 109.72693 23.49990 15.03176 93.24309
19 5 17 22 53 1747.97100 6.60055000 109.99995 23.49990 15.03176 93.24309
19 5 17 22 54 1742.00100 6.60055000 109.68470 23.56598 15.03176 93.24309
19 5 17 22 54 1748.81600 6.55464000 109.60000 23.56597 15.03176 93.24309
19 5 17 22 55 1744.31300 6.57449000 109.99998 23.56598 15.03176 93.24309
19 5 17 22 55 1747.96600 6.57389000 109.55000 23.69874 15.03176 93.24309
19 5 17 22 56 1744.41900 6.57389000 110.76267 23.69874 14.79424 93.24309
19 5 17 22 56 1747.95900 6.57389000 110.76264 23.69874 14.78596 93.24309
19 5 17 22 57 1748.00000 6.57389000 110.60001 23.69874 15.03124 93.24309
19 5 17 22 57 1744.60900 6.51508000 111.00000 23.69874 15.03124 93.24309
19 5 17 22 58 1744.61200 6.51508000 111.00000 23.69874 14.76470 93.24309
19 5 17 22 58 1744.60800 6.51290000 112.27663 23.69874 14.78605 93.24309
19 5 17 22 59 1747.98000 6.51290000 111.90000 23.69874 14.78605 93.24309
19 5 17 23 00 1747.97900 6.59207000 111.92488 23.71891 15.02097 94.80722
19 5 17 23 00 1747.98000 6.60603000 111.83240 23.71886 15.02097 94.80722
19 5 17 23 01 1747.98100 6.63989000 111.83240 23.71884 15.02097 94.80722
19 5 17 23 01 1747.99900 6.67709000 111.21042 23.71650 15.02097 94.80722
19 5 17 23 02 1747.99800 6.69156000 111.92490 23.71650 15.02097 94.80722
19 5 17 23 02 1748.00000 6.69056000 112.19886 23.76553 14.77941 94.80722
19 5 17 23 03 1750.03100 6.69056000 111.92491 23.76553 14.75363 94.80722
19 5 17 23 03 1748.00000 6.69056000 111.30011 23.81505 14.75362 94.80722
19 5 17 23 04 1748.01100 6.69056000 111.00000 23.88600 14.72334 94.80722
19 5 17 23 04 1746.01800 6.69056000 111.50123 23.88600 14.75363 94.80722
19 5 17 23 05 1748.01000 6.69056000 111.00000 23.81510 14.72105 94.80722
19 5 17 23 05 1747.25900 6.69056000 110.80000 23.81510 14.68219 94.80722
19 5 17 23 06 1747.06000 6.66666000 111.00001 23.81512 14.68219 94.80722
19 5 17 23 06 1747.06100 6.66666000 111.49993 23.81512 14.68219 94.80722
19 5 17 23 07 1747.98900 6.66666000 111.00002 24.01472 14.68219 94.80722
19 5 17 23 07 1747.98100 6.66666000 111.00000 24.01472 14.68219 94.80722
19 5 17 23 08 1744.60700 6.66666000 111.47848 24.01472 14.68219 94.80722
19 5 17 23 08 1747.98900 6.66666000 111.47648 24.01472 14.68219 94.80722
19 5 17 23 09 1744.62800 6.66666000 111.02148 24.01472 14.68219 94.80722
19 5 17 23 09 1747.97100 6.66666000 111.50000 24.01472 14.68219 94.80722
19 5 17 23 10 1747.97100 6.66666000 110.94796 24.14352 14.67173 94.80722
19 5 17 23 10 1747.99200 6.66666000 110.94796 24.17700 14.70838 94.80722
19 5 17 23 11 1748.99700 6.66666000 110.86003 24.17700 14.70838 94.80722
19 5 17 23 12 1748.99900 6.66666000 110.86000 24.18493 14.70838 94.80722
19 5 17 23 12 1748.99900 6.66666000 111.39997 24.23800 14.70838 94.80722
19 5 17 23 13 1748.99900 6.66755000 110.86002 24.23866 14.70838 94.80722
19 5 17 23 13 1748.01100 6.66755000 110.83776 24.23701 14.70838 94.80722
19 5 17 23 14 1748.01100 6.66755000 110.62503 24.23703 14.70838 94.80722
19 5 17 23 14 1748.01100 6.66755000 110.50000 24.23706 14.70838 94.80722
19 5 17 23 15 1747.02900 6.64130000 110.40000 24.23708 14.70838 94.80722
19 5 17 23 15 1747.99900 6.64130000 110.45001 24.30000 14.70838 93.23769
19 5 17 23 16 1748.01100 6.64130000 110.09421 24.30000 14.70838 93.23769
19 5 17 23 16 1747.99900 6.63311000 110.00000 24.30000 14.70838 93.23769
19 5 17 23 17 1747.04900 6.66755000 110.49999 24.33900 14.70838 93.23769
19 5 17 23 17 1748.06900 6.67855000 110.44438 24.40000 14.70838 93.23769
19 5 17 23 18 1748.18100 6.63310000 110.00000 24.50000 14.70838 93.23769
19 5 17 23 18 1748.16300 6.63310000 110.00000 24.45702 14.70838 93.23769
19 5 17 23 19 1743.45500 6.66000000 110.00000 24.49999 14.70838 93.23769
19 5 17 23 19 1748.16300 6.66000000 110.00000 24.50000 14.70838 93.23769
19 5 17 23 20 1748.98000 6.66000000 110.00000 24.50001 14.70838 93.23769
19 5 17 23 20 1748.06900 6.66000000 109.80003 24.50005 14.70838 93.23769
19 5 17 23 21 1748.01100 6.66000000 109.98949 24.60000 14.70838 93.23769
19 5 17 23 21 1748.45700 6.66000000 109.98899 24.60288 14.70838 93.23769
19 5 17 23 22 1748.56900 6.66000000 109.32030 24.60000 14.70838 93.23769
19 5 17 23 22 1748.01800 6.66000000 109.30001 24.69990 14.70838 93.23769
19 5 17 23 23 1748.56900 6.66000000 109.11000 24.70000 14.70838 93.23769
19 5 17 23 23 1748.56900 6.66000000 109.69860 24.70000 14.70838 93.23769
19 5 17 23 24 1750.00000 6.66000000 109.11000 24.60000 14.70838 93.23769
19 5 17 23 24 1748.03900 6.66000000 109.11002 24.73498 14.70838 93.23769
19 5 17 23 25 1748.04700 6.66000000 109.30000 24.70000 14.70838 93.23769
19 5 17 23 25 1750.00000 6.66000000 109.29949 24.69000 14.70873 93.23769
19 5 17 23 26 1749.99900 6.66000000 109.11002 24.57101 14.70873 93.23769
19 5 17 23 26 1749.77700 6.66000000 107.49465 24.21400 14.70873 93.23769
19 5 17 23 27 1746.39800 6.66000000 108.99999 24.35738 14.70873 93.23769
19 5 17 23 27 1746.56400 6.56029000 108.57375 24.35738 14.70873 93.23769
19 5 17 23 28 1746.67800 6.67230000 108.60021 24.35738 14.70873 93.23769
19 5 17 23 28 1746.79200 6.56034000 108.03103 24.30750 14.70873 93.29362
19 5 17 23 29 1746.79300 6.56033000 108.58910 24.20601 14.70873 93.29362
19 5 17 23 30 1746.90400 6.56033000 108.99983 24.20603 14.70873 93.29362
19 5 17 23 30 1747.98100 6.56033000 108.99983 24.27454 14.70873 93.29362
19 5 17 23 31 1745.34000 6.56033000 109.19183 24.27500 14.70873 93.29362
19 5 17 23 31 1747.00000 6.56048000 109.00000 24.27500 14.70873 93.29362
19 5 17 23 32 1747.00000 6.56049000 109.00000 24.27500 14.70873 93.29362
19 5 17 23 32 1747.00000 6.56049000 108.71858 24.27500 14.95794 93.23796
19 5 17 23 33 1747.00000 6.56000000 108.80000 24.34801 14.95794 93.23796
19 5 17 23 33 1748.00000 6.56053000 109.00000 24.34801 14.95820 93.23796
19 5 17 23 34 1747.76500 6.56053000 109.29849 24.39838 15.02987 93.23766
19 5 17 23 34 1753.00000 6.56053000 109.44843 24.39838 15.02987 93.23766
19 5 17 23 35 1750.00100 6.56053000 109.44843 24.47347 15.02987 93.23766
19 5 17 23 35 1750.00100 6.56053000 109.47745 24.47827 15.02987 93.23766
19 5 17 23 36 1750.11200 6.56053000 109.99915 24.52132 15.02981 93.23775
19 5 17 23 36 1753.89700 6.56053000 110.00000 24.52132 15.02981 93.23775
19 5 17 23 37 1750.22300 6.56053000 110.00000 24.52136 15.03247 93.23775
19 5 17 23 37 1753.49700 6.56053000 110.00000 24.52136 15.03249 93.23775
19 5 17 23 38 1751.27400 6.56053000 110.20111 24.52136 14.95392 93.23775
19 5 17 23 38 1751.29200 6.56053000 110.33249 24.52136 14.95393 93.23775
19 5 17 23 39 1751.00000 6.56053000 110.53659 24.52136 14.95394 93.23775
19 5 17 23 39 1753.90100 6.56053000 110.90670 24.51000 14.95394 93.23775
19 5 17 23 40 1751.00000 6.56053000 111.08979 24.51000 14.95394 93.23775
19 5 17 23 40 1750.23900 6.56053000 111.23705 24.51000 14.95394 93.23775
19 5 17 23 41 1750.23900 6.56053000 111.39968 24.51000 14.95394 93.23775
19 5 17 23 41 1753.45300 6.56053000 111.40000 24.25417 14.95394 93.23775
19 5 17 23 42 1753.42900 6.56053000 111.40000 24.25417 14.95394 93.23775
19 5 17 23 42 1753.43300 6.56053000 111.40000 24.25417 14.95394 93.23775
19 5 17 23 43 1753.43000 6.64828000 111.39827 24.25401 14.95394 93.23775
19 5 17 23 43 1753.43000 6.64828000 111.39984 24.35199 14.95394 93.23775
19 5 17 23 44 1753.43500 6.64828000 111.40000 24.30072 15.09996 93.23775
19 5 17 23 45 1753.56200 6.64828000 111.40000 24.30072 15.09996 93.23775
19 5 17 23 45 1753.56200 6.64805000 111.40000 24.30001 15.10000 93.23607
19 5 17 23 45 1750.25700 6.64805000 111.40000 24.30001 15.05203 93.23607
19 5 17 23 46 1753.54300 6.64805000 111.40001 24.30001 15.09326 93.23607
19 5 17 23 47 1747.82900 6.64805000 111.40000 24.30001 15.09999 93.23607
19 5 17 23 47 1750.03600 6.64805000 111.43000 24.30001 15.04938 93.23607
19 5 17 23 48 1749.22400 6.64805000 111.40006 24.30001 14.97270 93.23607
19 5 17 23 48 1752.56400 6.64805000 111.45800 24.30001 15.09995 93.23607
19 5 17 23 49 1752.56400 6.64805000 111.50001 24.30001 15.09999 93.23607
19 5 17 23 49 1752.56400 6.64805000 111.50003 24.32500 14.97270 93.23607
19 5 17 23 50 1752.56300 6.64805000 111.66600 24.32500 15.09998 93.23607
19 5 17 23 50 1752.60000 6.64805000 110.92105 24.32500 15.09995 93.23607
19 5 17 23 51 1749.50800 6.64805000 110.93003 24.30000 15.09996 93.23607
19 5 17 23 51 1749.50900 6.64805000 111.42396 24.30300 14.97271 93.23607
19 5 17 23 52 1749.52700 6.64599000 111.42393 24.30300 14.94571 93.23607
19 5 17 23 52 1752.58100 6.64599000 111.42393 24.30300 14.94571 93.23607
19 5 17 23 53 1753.31000 6.64599000 110.93051 24.30300 14.94571 93.23424
19 5 17 23 53 1753.31000 6.64599000 111.42140 24.30300 14.94571 93.23424
19 5 17 23 54 1752.37600 6.64599000 110.80000 24.30300 14.94571 93.23424
19 5 17 23 54 1752.99900 6.67275000 111.40749 24.30300 14.94571 93.23424
19 5 17 23 55 1750.00000 6.67275000 110.79992 24.30300 14.94571 93.23424
19 5 17 23 55 1750.01800 6.67275000 110.79997 24.30300 14.94571 93.23424
19 5 17 23 56 1750.01800 6.67275000 110.00001 24.30300 14.94571 93.23424
19 5 17 23 56 1750.24200 6.67275000 110.80000 24.30300 15.09995 93.23424
19 5 17 23 57 1750.01800 6.66746000 110.52285 24.30000 15.09999 93.23424
19 5 17 23 57 1750.01700 6.66746000 110.50000 24.30000 15.09997 93.23424
19 5 17 23 58 1750.00000 6.66746000 110.49999 24.30002 15.09997 93.23424
19 5 17 23 58 1750.18500 6.66746000 110.50000 24.30002 15.09992 93.23424
19 5 17 23 59 1750.00000 6.66746000 110.50000 24.30002 15.09999 93.23424
19 5 17 23 59 1750.18400 6.66746000 110.85000 24.30000 15.09999 93.23424
