 8 5 17 05 15 1443.38400 6.07000000 80.50000 25.92648 15.37846 91.51200
 8 5 17 05 15 1443.39700 6.00000000 80.97236 25.92648 15.37846 91.51312
 8 5 17 05 16 1443.39800 6.00000000 80.65459 25.71202 15.37846 91.51312
 8 5 17 05 16 1444.98200 6.00000000 80.10000 25.71202 15.37846 91.51312
 8 5 17 05 17 1444.99700 6.00001000 79.74167 25.71202 15.37846 91.51312
 8 5 17 05 17 1446.63200 6.00000000 80.09996 25.71202 15.37846 91.51312
 8 5 17 05 18 1446.75000 6.00000000 79.56474 25.77628 15.37846 91.51312
 8 5 17 05 18 1445.01200 6.00000000 80.09998 25.71602 15.37846 91.51312
 8 5 17 05 19 1446.60000 6.00000000 80.10000 25.71600 15.37846 91.51312
 8 5 17 05 19 1446.75000 6.00000000 80.00001 25.71600 15.37846 91.72931
 8 5 17 05 20 1446.40000 6.00000000 80.00000 25.71600 15.37846 91.72931
 8 5 17 05 20 1445.30400 6.00000000 79.99999 25.71200 15.37846 91.72955
 8 5 17 05 21 1445.31800 6.00000000 79.99993 25.66701 14.75000 91.72955
 8 5 17 05 21 1446.74900 6.00000000 79.65000 25.61000 14.75000 91.72955
 8 5 17 05 22 1446.75000 6.00000000 79.65000 25.67800 14.75000 91.72955
 8 5 17 05 22 1446.00000 6.00000000 79.65000 25.67800 14.75000 91.72955
 8 5 17 05 23 1446.75000 6.00000000 79.56500 25.60001 14.75000 91.72955
 8 5 17 05 23 1450.00000 6.00000000 79.64999 25.60001 14.75000 91.72955
 8 5 17 05 24 1448.00100 6.00000000 79.64995 25.60001 14.75027 91.72955
 8 5 17 05 25 1450.00000 6.00000000 79.60000 25.60000 14.75027 91.72955
 8 5 17 05 25 1449.99900 6.00000000 79.59997 25.60000 14.75027 91.72955
 8 5 17 05 25 1450.00000 6.00000000 79.56461 25.60000 14.75027 91.72955
 8 5 17 05 26 1451.18500 6.00000000 79.59979 25.60000 15.00000 91.72955
 8 5 17 05 27 1452.87300 6.00000000 79.55000 25.60000 15.00000 91.72955
 8 5 17 05 27 1453.96900 6.00000000 79.51000 25.60000 15.00000 91.72955
 8 5 17 05 28 1453.96000 6.00000000 79.36620 25.60090 15.00000 91.72955
 8 5 17 05 28 1453.96500 6.00000000 79.02340 25.60089 15.00000 91.72955
 8 5 17 05 29 1452.50000 6.00000000 79.02340 25.60000 15.00000 91.72955
 8 5 17 05 29 1453.98000 6.00000000 79.18000 25.54621 15.00000 91.72955
 8 5 17 05 29 1454.25100 6.00000000 79.18000 25.54621 15.00000 91.72955
 8 5 17 05 30 1457.14600 6.00000000 79.02400 25.59691 15.00000 91.72955
 8 5 17 05 31 1457.53000 6.00000000 78.08832 25.67797 15.00000 91.72955
 8 5 17 05 31 1456.00200 6.00000000 78.41113 25.54621 15.00000 91.72955
 8 5 17 05 32 1458.69800 6.00000000 78.34292 25.60000 15.00000 91.72955
 8 5 17 05 32 1458.99500 6.00000000 77.99998 25.60000 15.00000 91.72955
 8 5 17 05 33 1458.13800 6.00000000 77.85954 25.60100 14.99992 91.72955
 8 5 17 05 33 1458.50200 6.00000000 77.50557 25.60001 14.99991 91.78379
 8 5 17 05 34 1459.95100 6.00000000 77.40000 25.60097 14.99991 91.78379
 8 5 17 05 34 1460.87600 6.00000000 77.71737 25.60000 14.99991 91.78404
 8 5 17 05 35 1458.70000 6.00000000 77.10008 25.60000 14.99991 92.86646
 8 5 17 05 35 1457.62000 5.96282000 77.57336 25.60497 14.99991 92.86646
 8 5 17 05 36 1458.07000 6.03997000 77.39999 25.60600 14.99991 92.86646
 8 5 17 05 36 1458.08300 5.96286000 77.51846 25.60494 14.99991 92.86646
 8 5 17 05 37 1460.00000 5.96286000 77.51000 25.60494 14.99991 92.86646
 8 5 17 05 37 1458.01500 5.95096000 77.13218 25.60494 14.99991 92.86646
 8 5 17 05 38 1456.00100 5.93001000 77.68687 25.51428 14.99991 92.86646
 8 5 17 05 39 1458.07100 5.85009000 77.80088 25.51428 14.99991 92.86646
 8 5 17 05 39 1456.09400 5.85006000 77.30251 25.51428 14.67536 92.86646
 8 5 17 05 40 1456.09500 5.85014000 77.30266 25.55000 14.81804 92.86646
 8 5 17 05 40 1456.00200 5.85024000 77.73842 25.51428 14.99776 92.86646
 8 5 17 05 40 1458.08100 5.85024000 78.00000 25.51428 14.99776 91.78341
 8 5 17 05 41 1456.00000 5.85039000 78.00000 25.51428 14.99776 91.78324
 8 5 17 05 42 1455.99900 5.85039000 78.34977 25.57195 14.99776 91.78336
 8 5 17 05 42 1458.08100 5.85039000 78.05002 25.53396 14.99776 91.78336
 8 5 17 05 43 1460.08700 5.85060000 78.00001 25.48256 14.99776 91.78336
 8 5 17 05 43 1458.72800 5.85063000 79.09103 25.41896 14.99776 91.78336
 8 5 17 05 44 1459.00000 5.85065000 78.63075 25.41896 14.99776 91.78336
 8 5 17 05 44 1460.39400 5.85065000 78.12222 25.38718 14.99776 91.78336
 8 5 17 05 45 1446.75000 5.85065000 78.00000 25.38718 14.99776 91.78336
 8 5 17 05 45 1456.94800 5.85065000 78.58646 25.38718 14.99702 91.78336
 8 5 17 05 46 1456.94500 5.80381000 78.58630 25.38718 14.99702 90.90026
 8 5 17 05 46 1457.00200 5.82004000 78.58630 25.30000 14.99702 90.90026
 8 5 17 05 47 1458.42100 5.82004000 78.01000 25.30001 14.99702 90.90026
 8 5 17 05 47 1458.41900 5.82005000 78.37089 25.30001 14.99702 90.90026
 8 5 17 05 48 1458.40800 5.80400000 78.01028 25.26900 14.99702 90.90026
 8 5 17 05 48 1457.01200 5.80381000 77.84975 25.37998 14.99702 90.90001
 8 5 17 05 49 1457.01300 5.71600000 78.00471 25.37998 14.99702 90.90001
 8 5 17 05 49 1457.31000 5.71604000 78.50000 25.37998 14.99702 90.90001
 8 5 17 05 50 1458.96300 5.79987000 78.00000 25.40000 14.99702 90.38928
 8 5 17 05 50 1460.38000 5.71604000 78.49993 25.40000 14.99702 90.89985
 8 5 17 05 51 1460.39500 5.71604000 78.49900 25.40000 14.99702 91.78341
 8 5 17 05 51 1460.39500 5.71604000 78.96800 25.31200 14.99702 91.78341
 8 5 17 05 52 1460.39500 5.71604000 78.96798 25.30000 14.99702 91.78341
 8 5 17 05 53 1460.40900 5.71604000 78.96741 25.31100 14.99702 91.78341
 8 5 17 05 53 1461.06400 5.71598000 78.49903 25.31100 14.99702 91.78341
 8 5 17 05 54 1461.06200 5.71604000 78.70000 25.16698 14.99702 91.78341
 8 5 17 05 54 1461.07900 5.71604000 78.70000 25.33600 14.99702 91.78341
 8 5 17 05 54 1461.25000 5.71604000 77.83558 25.18900 14.99702 90.97281
 8 5 17 05 55 1460.42300 5.72000000 78.56728 25.28897 14.99702 90.97281
 8 5 17 05 56 1460.43700 5.72001000 78.44046 25.28897 14.99702 91.17270
 8 5 17 05 56 1461.25000 5.72001000 77.59802 25.17202 14.99702 91.17270
 8 5 17 05 57 1461.24900 5.72001000 77.00000 25.19000 14.99702 91.17270
 8 5 17 05 57 1461.23500 5.72011000 77.59803 25.31400 14.99702 91.17270
 8 5 17 05 57 1461.63900 5.71598000 77.96072 25.31400 14.99702 90.97369
 8 5 17 05 58 1460.41000 5.71598000 77.64414 25.28896 14.51213 91.17270
 8 5 17 05 59 1460.41000 5.71598000 77.64415 25.28896 14.51213 91.17270
 8 5 17 05 59 1460.42400 5.75000000 77.96007 25.28896 14.29852 91.17270
 8 5 17 06 00 1460.57000 5.74992000 77.95892 25.24000 14.51207 91.17270
 8 5 17 06 00 1462.31800 5.71599000 77.65208 25.16701 14.51207 91.17270
 8 5 17 06 01 1462.24900 5.71599000 77.65207 25.16701 14.51207 91.17270
 8 5 17 06 01 1459.36600 5.71599000 77.65331 25.24000 14.51207 91.17270
 8 5 17 06 02 1462.30200 5.74992000 77.65365 25.24000 14.51207 91.17270
 8 5 17 06 02 1459.38000 5.79691000 77.65410 25.24000 14.89718 91.78341
 8 5 17 06 03 1459.38500 5.79691000 77.96650 25.33799 14.89718 91.78341
 8 5 17 06 03 1459.38500 5.79691000 78.00000 25.33799 15.00197 91.78341
 8 5 17 06 04 1459.07500 5.79691000 78.11954 25.33799 15.00197 91.78341
 8 5 17 06 04 1459.07500 5.79691000 78.11950 25.33799 15.19474 91.78341
 8 5 17 06 05 1462.18500 5.79691000 79.00001 25.33799 15.19474 92.49754
 8 5 17 06 05 1462.18500 5.79691000 78.69829 25.33799 15.19474 92.49754
 8 5 17 06 06 1464.30500 5.79477000 78.56060 25.26798 15.19474 92.49754
 8 5 17 06 06 1461.54700 5.80000000 79.00000 25.14100 15.19474 92.49692
 8 5 17 06 07 1464.92200 5.81986000 79.16719 25.14100 14.77639 90.97800
 8 5 17 06 08 1463.62000 5.81986000 79.13853 25.14100 14.77639 91.91480
 8 5 17 06 08 1467.62700 5.81986000 80.24629 25.14100 14.77639 91.91481
 8 5 17 06 08 1461.61300 5.81986000 79.55001 25.28700 14.77639 91.91481
 8 5 17 06 09 1467.74200 5.85947000 80.12571 25.21601 14.77639 91.91481
 8 5 17 06 09 1463.66200 5.85947000 80.12568 25.14200 14.77639 91.91481
 8 5 17 06 10 1465.45900 5.85947000 80.12571 25.14200 14.77639 91.91481
 8 5 17 06 11 1468.53400 5.86373000 80.12576 25.21601 14.77639 93.07012
 8 5 17 06 11 1468.00000 5.89067000 80.40856 25.21601 14.77639 93.49799
 8 5 17 06 12 1468.55900 5.89056000 80.00000 25.18900 14.77639 93.50001
 8 5 17 06 12 1468.53500 5.89051000 79.27189 25.31500 14.77639 94.24057
 8 5 17 06 12 1468.56000 5.89046000 79.11318 25.33500 14.77639 94.24057
 8 5 17 06 13 1468.56000 5.89364000 78.79685 25.33500 14.77639 93.97108
 8 5 17 06 14 1466.00200 5.89400000 78.78795 25.18900 14.77639 94.24108
 8 5 17 06 14 1466.12700 5.89400000 78.84158 25.18900 14.77639 94.24108
 8 5 17 06 15 1468.55900 5.97657000 79.15499 25.18900 14.77639 94.24108
 8 5 17 06 15 1468.58700 5.97657000 79.15496 25.30000 14.77639 93.50011
 8 5 17 06 16 1467.51800 5.83053000 79.26072 25.30000 14.77639 93.50011
 8 5 17 06 16 1469.00000 5.83105000 78.80002 25.30000 15.38000 93.50010
 8 5 17 06 17 1469.23000 5.83105000 79.50000 25.30000 15.38000 93.50010
 8 5 17 06 17 1470.00000 5.94954000 79.51066 25.30000 15.38000 93.50010
 8 5 17 06 18 1468.56000 5.94954000 79.26105 25.40000 15.38000 93.50010
 8 5 17 06 18 1469.98500 5.94954000 79.26105 25.40000 15.38000 93.50010
 8 5 17 06 19 1470.00000 5.94919000 79.78734 25.50000 15.38000 93.50022
 8 5 17 06 19 1470.00000 5.94919000 79.59025 25.53300 15.38000 93.50022
 8 5 17 06 20 1470.00000 5.94891000 79.59025 25.53300 15.38000 93.50000
 8 5 17 06 20 1470.00000 5.94879000 79.66472 25.53300 15.38000 93.49999
 8 5 17 06 21 1471.51300 5.94872000 80.14378 25.63500 15.38000 93.50020
 8 5 17 06 21 1467.63900 5.94872000 79.90768 25.63500 15.38000 93.50020
 8 5 17 06 22 1472.51000 5.84054000 79.90769 25.63500 15.38000 93.50020
 8 5 17 06 22 1472.51800 5.84054000 80.14379 25.73521 15.38000 93.50020
 8 5 17 06 23 1472.51800 5.84054000 80.14379 25.73519 15.38000 93.50020
 8 5 17 06 23 1472.88900 5.84054000 80.27459 25.73519 15.38000 93.50020
 8 5 17 06 24 1472.88900 5.92972000 80.95352 25.88001 15.38000 93.50020
 8 5 17 06 24 1472.85900 5.92972000 80.58941 25.95000 15.38000 93.50020
 8 5 17 06 25 1472.85600 5.84100000 80.58931 25.95000 15.38000 93.50020
 8 5 17 06 26 1470.93800 5.89000000 80.00052 25.98100 15.38000 92.17612
 8 5 17 06 26 1473.87000 5.89000000 80.10000 25.98097 15.38000 92.17612
 8 5 17 06 26 1474.00000 5.92951000 80.10004 25.98097 15.38000 92.17612
 8 5 17 06 27 1470.95400 5.92951000 80.58333 25.98097 15.38000 92.17612
 8 5 17 06 28 1473.00000 5.92951000 79.79677 25.99000 15.38000 94.35239
 8 5 17 06 28 1474.00000 5.92951000 79.79675 25.99000 15.38000 94.88889
 8 5 17 06 29 1474.32100 5.92951000 79.69882 25.99000 15.30000 94.88889
 8 5 17 06 29 1473.01300 5.92951000 79.69883 26.00000 15.30000 94.88878
 8 5 17 06 30 1472.00200 5.92951000 79.79646 26.15299 15.30000 94.81531
 8 5 17 06 30 1474.47700 5.86005000 79.79646 26.02800 15.30000 94.81531
 8 5 17 06 31 1474.46100 5.92866000 80.13214 26.02800 15.30000 94.81531
 8 5 17 06 31 1473.00000 5.92866000 80.00550 26.02800 15.30000 94.81531
 8 5 17 06 32 1474.44800 5.86000000 79.70026 26.00400 15.30000 94.81531
 8 5 17 06 32 1474.48900 5.86013000 80.35990 25.61000 15.30000 94.81531
 8 5 17 06 33 1474.85100 5.86013000 79.80001 25.61000 15.30000 94.81531
 8 5 17 06 33 1474.83900 5.86013000 80.35993 25.70000 15.30000 94.50000
 8 5 17 06 34 1472.00000 5.86013000 79.84642 25.70000 15.30000 94.50000
 8 5 17 06 34 1471.07600 5.86100000 80.35953 25.44348 15.29949 94.50000
 8 5 17 06 35 1472.01800 5.86100000 80.35953 25.60998 15.29949 94.35233
 8 5 17 06 36 1472.01400 5.86100000 79.87817 25.47000 15.29949 94.35233
 8 5 17 06 36 1472.02800 5.86100000 79.81380 25.47001 15.29949 94.35233
 8 5 17 06 36 1473.50300 5.91958000 79.84644 25.47001 14.89132 94.35233
 8 5 17 06 37 1471.98100 5.91958000 80.19035 25.47000 14.89132 94.35233
 8 5 17 06 38 1471.98000 5.91958000 80.19020 25.46415 14.89132 94.35233
 8 5 17 06 38 1470.50000 5.86158000 80.19017 25.44347 14.89132 94.35233
 8 5 17 06 39 1467.66600 5.86158000 80.35921 25.44348 14.89132 94.35233
 8 5 17 06 39 1470.38400 5.86158000 80.35899 25.44346 14.89132 94.35233
 8 5 17 06 40 1465.42700 5.86158000 80.01524 25.45798 14.89132 94.35233
 8 5 17 06 40 1467.84100 5.90000000 80.01524 25.40000 14.89132 94.35233
 8 5 17 06 41 1469.77600 5.86250000 80.01524 25.30000 14.89132 94.35233
 8 5 17 06 42 1467.89900 5.86250000 80.01524 25.31201 14.89176 92.17893
 8 5 17 06 42 1467.84900 5.87250000 80.00001 25.31204 14.89176 92.17907
 8 5 17 06 43 1467.85300 5.87250000 80.55000 25.31203 14.89176 92.17907
 8 5 17 06 43 1465.99700 5.87250000 80.00019 25.68000 14.89176 92.17907
 8 5 17 06 43 1464.00000 5.87250000 80.41149 25.46500 14.88872 92.17907
 8 5 17 06 44 1465.83500 5.90000000 80.10002 25.38700 14.88872 92.17907
 8 5 17 06 45 1466.09200 5.90000000 80.97930 25.38700 14.88872 92.17907
 8 5 17 06 45 1469.23600 5.90000000 80.10000 25.38700 14.88872 92.17907
 8 5 17 06 45 1468.01700 5.90000000 80.02293 25.38700 14.88872 92.17907
 8 5 17 06 46 1468.00800 5.90000000 80.43881 25.64046 14.88872 92.17907
 8 5 17 06 47 1465.95100 5.90000000 80.15592 25.64047 14.88872 92.17907
 8 5 17 06 47 1465.96500 5.90000000 80.49972 25.64047 14.88872 92.17907
 8 5 17 06 48 1469.58900 5.90000000 80.49996 25.64047 14.88872 92.17907
 8 5 17 06 48 1467.83700 5.90000000 80.35208 25.65804 14.88872 92.17907
 8 5 17 06 49 1465.96400 5.90000000 80.21099 25.68402 14.88872 92.17907
 8 5 17 06 49 1464.50100 5.90000000 80.39704 25.68402 14.88872 92.17907
