22 5 17 13 32 1856.22100 7.46001000 152.74999 22.59999 15.85000 128.00000
22 5 17 13 33 1858.28600 7.46001000 152.66473 22.60000 15.70000 128.00000
22 5 17 13 33 1862.00000 7.46001000 152.68000 22.60000 15.70000 131.98399
22 5 17 13 34 1851.00000 7.46002000 152.67989 22.60000 15.68844 128.10312
22 5 17 13 34 1850.00000 7.46000000 152.97999 22.60000 15.64081 128.10322
22 5 17 13 35 1848.00000 7.46002000 153.00000 22.43482 15.64081 129.98948
22 5 17 13 35 1861.98000 7.53794000 152.97997 21.77489 15.68844 128.50040
22 5 17 13 36 1864.93000 7.46000000 152.94937 21.77489 15.85138 134.80693
22 5 17 13 36 1861.81000 7.50001000 152.90000 21.99505 15.85138 132.18461
22 5 17 13 37 1848.00000 7.50001000 153.00000 21.99505 15.85138 134.80680
22 5 17 13 37 1847.68200 7.53774000 153.38464 21.99505 15.94657 134.80678
22 5 17 13 38 1850.00100 7.40000000 152.97997 21.99505 15.89989 134.80690
22 5 17 13 39 1864.37800 7.40000000 153.20000 21.99505 15.89989 134.80647
22 5 17 13 39 1860.55200 7.40000000 153.20000 21.99505 15.89989 134.80647
22 5 17 13 40 1861.73800 7.40000000 153.40000 21.92000 15.89989 138.95653
22 5 17 13 40 1864.00000 7.37726000 153.38466 21.81009 15.89989 138.60895
22 5 17 13 41 1861.73800 7.38495000 153.30000 21.70000 15.89989 139.99957
22 5 17 13 41 1855.11100 7.45871000 153.20005 21.70001 15.89989 142.82976
22 5 17 13 42 1863.90300 7.38486000 153.36926 21.70002 15.89989 138.60898
22 5 17 13 42 1864.91000 7.31339000 153.35390 21.70001 15.94666 142.82952
22 5 17 13 43 1864.89900 7.31339000 153.35000 21.71000 15.74775 144.09980
22 5 17 13 43 1860.00000 7.31339000 153.46465 21.78000 15.94659 144.09980
22 5 17 13 44 1864.99900 7.31339000 153.34996 21.78000 15.94659 141.00002
22 5 17 13 44 1856.00100 7.31339000 152.00000 21.71000 15.94659 148.44999
22 5 17 13 45 1864.53600 7.31339000 150.00000 21.70000 15.94659 141.50010
22 5 17 13 45 1858.00000 7.31339000 150.00009 21.45319 15.94659 142.00031
22 5 17 13 46 1864.25000 7.31339000 151.50000 21.50000 15.94659 142.00013
22 5 17 13 47 1858.22200 7.31156000 151.90000 21.50000 15.74775 148.44000
22 5 17 13 47 1854.00100 7.31156000 152.00000 21.65745 15.74775 145.00013
22 5 17 13 48 1864.24200 7.31156000 151.52020 21.65745 15.74775 149.99990
22 5 17 13 48 1864.24900 7.31152000 151.52024 21.65737 15.94645 154.60740
22 5 17 13 49 1863.99900 7.31156000 151.98475 21.65737 15.94645 159.19987
22 5 17 13 50 1853.70000 7.31156000 152.00000 21.50014 15.94645 159.19996
22 5 17 13 50 1853.70000 7.31156000 151.50000 21.69891 15.74774 160.00000
22 5 17 13 51 1853.70200 7.31156000 152.00000 21.50024 15.74774 160.00000
22 5 17 13 51 1853.92400 7.31156000 151.98479 21.69897 15.74774 160.40013
22 5 17 13 52 1854.01100 7.31156000 151.97000 21.69897 15.74774 160.40023
22 5 17 13 52 1854.09000 7.31156000 151.97000 21.69897 15.64053 166.00001
22 5 17 13 53 1854.31200 7.31156000 152.27006 21.46675 15.64050 167.99990
22 5 17 13 53 1860.00000 7.31156000 150.33592 21.46675 15.57979 169.99950
22 5 17 13 54 1864.10000 7.31156000 151.52026 21.50053 15.57979 184.49989
22 5 17 13 54 1853.94200 7.31156000 151.52027 21.50051 15.57979 184.49977
22 5 17 13 55 1853.60100 7.31156000 151.52026 21.50051 15.57979 184.49966
22 5 17 13 55 1855.41300 7.31156000 151.51000 21.50050 15.57979 184.49956
22 5 17 13 56 1863.64500 7.31156000 151.51001 21.50051 15.57996 189.99997
22 5 17 13 56 1863.66500 7.31156000 152.07770 21.50050 15.57996 189.99964
22 5 17 13 57 1864.14600 7.31156000 151.52032 21.50055 15.79686 189.99961
22 5 17 13 57 1864.98100 7.31156000 151.99993 21.52000 15.79686 185.00001
22 5 17 13 58 1865.79000 7.45125000 151.73992 21.28289 15.79686 190.00000
22 5 17 13 58 1865.78900 7.45125000 150.00000 21.55946 15.79686 190.00000
22 5 17 13 59 1865.79000 7.45125000 151.73991 21.59992 15.79686 190.72128
22 5 17 13 59 1856.02100 7.45125000 151.98462 21.59992 15.79686 198.00000
22 5 17 14 00 1865.77100 7.30200000 150.00210 21.59992 15.79686 198.99990
22 5 17 14 01 1865.79000 7.30200000 151.75499 21.49991 15.64059 218.56401
22 5 17 14 01 1865.79000 7.30200000 151.60000 21.29068 15.64059 200.00002
22 5 17 14 02 1865.79000 7.30200000 151.00002 21.28298 15.64066 217.00000
22 5 17 14 02 1860.65200 7.30200000 151.00004 21.49574 15.64066 217.00003
22 5 17 14 03 1871.99600 7.30200000 151.02000 21.50000 15.64066 220.00011
22 5 17 14 04 1871.00000 7.30001000 151.02000 21.49500 15.64066 245.00019
22 5 17 14 04 1860.70000 7.43568000 150.80000 21.49500 15.94603 245.00008
22 5 17 14 04 1867.37000 7.41000000 150.51002 21.49573 15.94603 220.00000
