 5 6 17 16 29 2317.69900 14.96786000 219.52002 26.23960 26.83100 222.50600
 5 6 17 16 30 2318.19900 14.96786000 220.00000 26.23960 26.83100 222.50600
 5 6 17 16 30 2317.99900 14.96786000 220.00000 26.23960 26.81200 222.50600
 5 6 17 16 30 2316.29000 14.96786000 220.24361 26.23998 26.81200 222.50600
 5 6 17 16 31 2317.00000 14.96786000 220.24361 26.23998 26.81200 222.50600
 5 6 17 16 31 2316.40000 14.96786000 220.24361 26.26164 26.81200 222.50600
 5 6 17 16 32 2313.20000 15.00000000 219.52261 26.26164 26.81200 222.50600
 5 6 17 16 32 2313.20100 14.96100000 219.53102 26.26164 26.81200 222.50600
 5 6 17 16 33 2316.00000 14.99000000 219.53102 26.26164 26.61004 222.50600
 5 6 17 16 34 2317.99600 15.05991000 219.54000 26.23962 26.93414 222.50600
 5 6 17 16 34 2315.00200 15.05991000 219.54000 26.23962 26.93413 222.50600
 5 6 17 16 35 2315.00000 15.05991000 220.18991 26.23962 26.93413 222.50600
 5 6 17 16 35 2315.00000 15.05991000 220.18959 26.10902 26.93413 222.50600
 5 6 17 16 36 2314.98900 15.05991000 220.17999 26.10902 26.93403 222.50600
 5 6 17 16 36 2314.98900 15.05991000 220.09999 26.26150 26.93403 222.50600
 5 6 17 16 36 2314.98900 15.05991000 219.99992 26.14400 26.93403 222.50600
 5 6 17 16 37 2315.00000 14.96150000 219.99982 26.14400 26.93403 222.50604
 5 6 17 16 38 2318.55500 14.96150000 219.78950 26.14407 26.93403 222.50604
 5 6 17 16 38 2315.57000 14.96150000 220.00000 26.19000 26.75700 222.50604
 5 6 17 16 39 2319.14900 15.05999000 219.99986 26.19000 26.61037 223.85000
 5 6 17 16 39 2319.14300 15.05999000 219.50561 26.26213 26.61037 223.85000
 5 6 17 16 40 2314.60000 15.05999000 219.99999 26.27000 26.61037 223.92600
 5 6 17 16 40 2319.14500 15.05999000 219.99999 26.27000 26.93425 223.92600
 5 6 17 16 41 2318.69000 15.05999000 219.99999 26.31000 26.61000 223.92600
 5 6 17 16 41 2318.66000 15.05998000 220.00000 26.31000 26.50015 223.92600
 5 6 17 16 42 2315.80200 15.05998000 219.99999 26.35000 26.76258 223.92600
 5 6 17 16 42 2318.59500 15.05998000 219.99998 26.39100 26.67977 223.92600
 5 6 17 16 43 2318.22000 15.00101000 219.99000 26.39100 26.67977 223.92600
 5 6 17 16 43 2318.19900 15.05996000 219.98999 26.37000 26.70000 220.00003
 5 6 17 16 44 2317.99900 15.05995000 219.57221 26.37000 26.47181 220.00003
 5 6 17 16 44 2317.99200 15.00050000 219.57221 26.41000 26.47184 220.00003
 5 6 17 16 45 2317.98800 15.00050000 219.57221 26.49898 26.47184 220.00003
 5 6 17 16 45 2317.95400 15.00050000 219.36000 26.49896 26.47185 220.00003
 5 6 17 16 46 2315.03000 15.00050000 219.36000 26.49895 26.47185 220.00003
 5 6 17 16 46 2315.99900 15.00050000 219.19998 26.49895 26.47185 220.00003
 5 6 17 16 47 2315.99900 15.00050000 219.00001 26.49895 26.47185 220.00003
 5 6 17 16 47 2314.00000 15.00050000 219.19997 26.41000 26.47185 220.00003
 5 6 17 16 48 2316.00000 15.00050000 219.00000 26.41000 26.47189 220.00003
 5 6 17 16 48 2316.00000 15.00000000 219.00000 26.35000 26.47189 220.00003
 5 6 17 16 49 2314.00100 15.00000000 219.00000 26.35001 26.47189 220.00003
 5 6 17 16 49 2314.00100 15.00000000 219.00000 26.49876 26.47189 220.00003
 5 6 17 16 50 2313.70000 15.00000000 219.00000 26.49876 26.47189 220.00003
 5 6 17 16 50 2314.00000 15.00000000 219.19994 26.49875 26.47189 220.00003
 5 6 17 16 51 2314.99900 15.00000000 219.20000 26.49875 26.47189 220.00003
 5 6 17 16 51 2318.69300 15.00000000 219.20000 26.49875 26.47172 220.00003
 5 6 17 16 52 2318.68700 15.04486000 219.20000 26.49871 26.42597 220.00003
 5 6 17 16 52 2315.72200 15.04486000 219.19998 26.35010 26.42597 220.00003
 5 6 17 16 53 2315.72200 15.01050000 219.00321 26.50000 26.42597 220.00003
 5 6 17 16 53 2316.99700 15.01100000 219.35000 26.35021 26.42597 220.00003
 5 6 17 16 54 2316.99600 15.01050000 219.40000 26.36000 26.39997 220.00003
 5 6 17 16 55 2316.99100 15.01050000 219.40000 26.36000 26.39997 220.00003
 5 6 17 16 55 2316.71300 15.04480000 219.40000 26.36000 26.39999 225.05834
 5 6 17 16 56 2315.94800 15.04480000 219.40000 26.48000 26.39999 220.00366
 5 6 17 16 56 2316.30000 15.04480000 219.60000 26.48000 26.39999 220.00366
 5 6 17 16 57 2313.91500 15.01000000 219.73581 26.48000 26.39999 220.00366
 5 6 17 16 57 2314.91500 15.01050000 219.73581 26.48000 26.39999 220.00366
 5 6 17 16 58 2314.19800 15.01000000 220.00000 26.50000 26.39999 220.00366
 5 6 17 16 58 2316.30000 15.03994000 219.90001 26.50000 26.39999 220.00366
 5 6 17 16 59 2316.65500 15.03994000 220.00000 26.49998 26.02253 220.00366
 5 6 17 16 59 2313.91500 15.03994000 219.90000 26.49992 26.40000 220.00366
 5 6 17 17 00 2316.37900 15.03994000 219.99999 26.49992 26.40000 220.00366
 5 6 17 17 01 2316.37000 15.03994000 220.00000 26.49991 26.40000 220.00366
 5 6 17 17 01 2314.24000 15.03994000 220.00000 26.50000 26.40000 220.00366
 5 6 17 17 01 2314.50000 15.03994000 219.90000 26.41003 26.40000 220.00605
 5 6 17 17 02 2314.50000 15.03994000 218.70000 26.41001 26.40000 220.00605
 5 6 17 17 02 2317.00000 15.03994000 219.88998 26.41001 26.40000 220.00605
 5 6 17 17 03 2317.76400 15.00000000 219.89000 26.48999 26.09354 220.00605
 5 6 17 17 03 2318.00000 14.96999000 219.20862 26.44000 26.49966 226.88174
 5 6 17 17 04 2317.13100 14.96999000 219.72000 26.44000 26.58000 226.88174
 5 6 17 17 04 2319.00000 14.94590000 219.71999 26.40000 26.58000 226.88174
 5 6 17 17 05 2319.00000 14.94590000 219.71994 26.40000 26.58000 226.88174
 5 6 17 17 05 2318.01000 14.94590000 219.80800 26.40000 26.58000 226.88088
 5 6 17 17 06 2319.90000 14.94590000 219.88999 26.40000 26.57967 226.88088
 5 6 17 17 06 2319.79900 14.94590000 219.30366 26.40000 26.57967 226.88088
 5 6 17 17 07 2320.00000 14.94590000 219.88987 26.40000 26.57967 226.88088
 5 6 17 17 07 2320.00000 14.94590000 219.38211 26.44096 26.57967 226.88088
 5 6 17 17 08 2320.00000 14.94590000 219.72098 26.50000 26.57967 226.88088
 5 6 17 17 08 2318.21000 14.94590000 219.88999 26.50000 26.69521 226.88088
 5 6 17 17 09 2319.99900 14.94590000 219.00000 26.50000 26.69521 226.88088
 5 6 17 17 09 2317.36000 14.94590000 219.21803 26.50000 26.69521 226.88088
 5 6 17 17 10 2319.73500 14.94590000 219.21803 26.49700 26.69521 226.88088
 5 6 17 17 11 2317.71000 14.94590000 219.48994 26.37000 26.69521 226.88088
 5 6 17 17 11 2320.00000 14.94590000 219.48997 26.44090 26.69521 226.88088
 5 6 17 17 11 2320.00000 14.94590000 219.87518 26.37000 26.69503 226.88088
 5 6 17 17 12 2320.00000 14.94590000 219.87519 26.35000 26.69503 226.88088
 5 6 17 17 13 2320.00000 14.94589000 219.49000 26.44088 26.69503 226.88088
 5 6 17 17 13 2320.00000 14.94589000 219.89000 26.44088 26.69494 226.88088
 5 6 17 17 13 2319.90000 14.94589000 219.89000 26.44088 26.69494 227.51012
 5 6 17 17 14 2320.00000 14.94589000 219.99999 26.44088 26.69495 224.42412
 5 6 17 17 14 2320.00000 14.94589000 219.90000 26.35000 26.69495 224.42412
 5 6 17 17 15 2320.10000 14.94589000 219.99999 26.35000 26.69495 224.42412
 5 6 17 17 15 2322.88900 14.94589000 220.00000 26.35000 26.69495 227.51015
 5 6 17 17 16 2321.10000 14.94589000 219.90000 26.35000 26.69495 227.51015
 5 6 17 17 17 2321.10000 14.90312000 219.60003 26.35000 26.39692 227.51015
 5 6 17 17 17 2320.79200 14.90312000 219.90000 26.35000 26.39692 227.51005
 5 6 17 17 18 2322.89000 14.94590000 219.90000 26.35000 26.39700 227.64158
 5 6 17 17 18 2322.89000 14.94590000 219.90000 26.35002 26.83644 227.64158
 5 6 17 17 19 2323.97000 14.94590000 219.90000 26.35002 26.83644 227.64158
 5 6 17 17 19 2324.46900 14.94590000 219.89999 26.35001 26.83644 227.51016
 5 6 17 17 20 2323.00000 14.94590000 219.90000 26.35001 26.83644 227.51016
 5 6 17 17 21 2324.72800 14.94590000 219.89999 26.35001 26.78960 227.51016
 5 6 17 17 21 2324.72800 14.94590000 219.90000 26.35001 26.77997 227.51016
 5 6 17 17 21 2324.99800 14.94590000 220.10000 26.35000 26.77997 227.51048
 5 6 17 17 22 2324.99900 14.97000000 220.49999 26.44000 26.77997 228.31101
 5 6 17 17 22 2325.38800 14.97000000 220.49999 26.44000 26.39737 228.31101
 5 6 17 17 23 2323.45300 14.97000000 220.50000 26.44000 26.39737 228.31101
 5 6 17 17 23 2323.45000 14.97000000 220.50000 26.44000 26.40000 228.31101
 5 6 17 17 24 2323.44700 14.95010000 220.74950 26.50000 26.39738 227.51029
 5 6 17 17 24 2323.44500 14.95010000 220.74950 26.50000 26.34800 227.51029
 5 6 17 17 25 2322.80000 14.95010000 220.89700 26.44001 26.28630 227.51029
 5 6 17 17 25 2323.45500 15.00000000 220.90000 26.44001 26.28630 228.88821
 5 6 17 17 26 2322.80000 15.00000000 220.99910 26.44001 26.39733 227.51038
 5 6 17 17 26 2326.89400 15.00000000 220.98998 26.44001 26.39733 227.51038
 5 6 17 17 27 2325.52800 15.00000000 220.89700 26.44000 26.39733 228.98054
 5 6 17 17 27 2326.48200 15.03969000 220.89699 26.44000 26.39733 228.98054
 5 6 17 17 28 2323.06000 15.03999000 220.00001 26.49999 26.59889 227.51049
 5 6 17 17 28 2326.48000 15.04000000 220.80014 26.44000 26.59889 227.51049
 5 6 17 17 29 2326.39000 15.04000000 220.79999 26.50000 26.59889 229.31531
 5 6 17 17 29 2327.00000 15.04000000 220.70000 26.50000 26.59889 229.31531
 5 6 17 17 30 2327.00000 15.04000000 220.69998 26.50000 26.60599 229.31531
 5 6 17 17 31 2323.81400 15.03999000 220.80000 26.50000 26.60599 229.31531
 5 6 17 17 31 2326.99700 15.00000000 220.70000 26.50000 26.37320 229.31531
 5 6 17 17 31 2324.13200 15.00000000 220.70000 26.50000 26.37320 229.55683
 5 6 17 17 32 2326.64400 15.00000000 220.80000 26.44001 26.60596 229.65002
 5 6 17 17 32 2326.99900 15.00000000 220.50000 26.44002 26.21639 229.65007
 5 6 17 17 33 2324.41800 15.00000000 220.50000 26.50000 26.23173 229.65007
 5 6 17 17 33 2329.00000 15.00000000 220.00000 26.50000 26.23173 229.65007
 5 6 17 17 34 2329.89800 15.00000000 220.55222 26.50000 26.30198 229.65007
 5 6 17 17 35 2326.16000 15.00000000 220.89777 26.50000 26.30198 229.65007
 5 6 17 17 35 2329.99400 15.03999000 220.89099 26.53000 26.30198 229.65007
 5 6 17 17 35 2324.73300 15.03999000 220.00046 26.53000 26.30198 229.65007
 5 6 17 17 36 2329.60800 15.03999000 220.00046 26.60000 26.87376 229.65007
 5 6 17 17 36 2329.58900 15.03999000 220.00066 26.60000 26.87376 229.65007
 5 6 17 17 37 2329.60200 15.03999000 220.87999 26.69999 26.40705 229.65006
 5 6 17 17 38 2329.99800 15.03950000 220.79779 26.70000 26.40705 229.65006
 5 6 17 17 38 2329.00000 15.03950000 220.79778 26.60409 26.54700 229.65006
 5 6 17 17 39 2329.00000 15.03900000 220.79700 26.71292 26.34136 229.65006
 5 6 17 17 39 2328.99900 15.03900000 220.78734 26.70999 26.63227 229.36810
 5 6 17 17 40 2329.00000 15.03600000 220.79729 26.76500 26.63227 227.51058
 5 6 17 17 40 2329.38400 15.03499000 220.78000 26.76400 26.63227 227.51058
 5 6 17 17 41 2329.38400 15.00000000 220.77950 26.60001 26.89140 227.51058
 5 6 17 17 41 2329.99600 15.00000000 220.77899 26.60002 26.89160 227.51058
 5 6 17 17 42 2329.99300 15.03099000 220.77899 26.60002 26.89160 227.51058
 5 6 17 17 42 2329.98900 15.03099000 220.50000 26.76600 26.89160 227.51015
 5 6 17 17 43 2329.98700 15.03099000 220.77899 26.76598 26.89160 227.51015
 5 6 17 17 43 2329.98600 15.03099000 220.77899 26.76598 26.89160 227.00035
 5 6 17 17 44 2329.09900 15.03099000 220.74945 26.76598 26.83365 227.00035
 5 6 17 17 44 2329.99400 15.03099000 220.74938 26.76598 26.83365 227.00000
 5 6 17 17 45 2329.99400 15.03099000 220.73564 26.80000 26.83350 227.00000
 5 6 17 17 45 2329.99500 14.98000000 220.69360 26.81000 26.38591 227.00000
 5 6 17 17 46 2329.02000 14.98000000 219.90000 26.81000 26.81000 227.00000
 5 6 17 17 46 2329.99500 14.98000000 220.30004 26.81000 26.83374 227.00000
 5 6 17 17 47 2329.72400 14.98000000 220.30004 26.80007 26.83374 227.00000
 5 6 17 17 47 2327.55700 14.90000000 220.30004 26.80008 26.83374 227.00000
 5 6 17 17 48 2329.99500 14.90000000 220.00000 27.01000 26.90563 227.00000
 5 6 17 17 48 2330.00000 14.90000000 220.00000 26.80006 26.97800 227.00000
 5 6 17 17 49 2327.55900 14.90000000 220.49998 26.87252 26.97790 227.00000
 5 6 17 17 49 2329.75500 15.03889000 220.42132 26.90002 27.22500 227.00000
 5 6 17 17 50 2329.50000 15.03889000 219.20795 27.07999 27.22500 227.00000
 5 6 17 17 50 2330.00000 15.03889000 219.63700 27.07999 27.18336 225.38200
 5 6 17 17 51 2329.00000 15.03889000 219.63700 27.11881 27.18336 225.94545
 5 6 17 17 51 2330.00000 14.90021000 219.21889 27.11880 27.18336 225.94545
 5 6 17 17 52 2329.23200 14.90021000 219.63699 27.11880 27.00000 225.94545
 5 6 17 17 53 2329.52000 14.90021000 219.63698 27.11880 26.99999 225.94545
 5 6 17 17 53 2329.10000 14.90021000 219.50000 27.11881 26.99999 225.94545
 5 6 17 17 53 2329.52000 15.00000000 219.50000 27.11919 26.99999 225.94545
 5 6 17 17 54 2329.01000 15.00000000 219.49999 27.20000 26.99999 225.94545
 5 6 17 17 54 2329.11000 15.00000000 219.49999 27.21000 26.95679 225.94545
 5 6 17 17 55 2329.11000 15.00000000 219.49997 27.25496 27.00000 225.94545
 5 6 17 17 56 2329.11000 15.00000000 219.29001 27.30000 27.00000 225.94545
 5 6 17 17 56 2329.00000 15.00000000 219.29000 27.40000 27.00000 225.94545
 5 6 17 17 56 2329.52000 15.00000000 219.49370 27.39136 27.00000 225.94545
 5 6 17 17 57 2330.00000 15.00000000 219.49200 27.40000 27.00000 225.94545
 5 6 17 17 57 2330.10000 15.00000000 219.29001 27.21502 27.00000 225.94545
 5 6 17 17 58 2330.39900 15.00000000 219.49370 27.21000 27.00000 225.94545
 5 6 17 17 58 2330.39900 15.00000000 219.49369 27.04105 27.00000 225.94545
 5 6 17 17 59 2329.23300 15.00000000 219.49369 27.04105 27.00000 225.94545
 5 6 17 18 00 2329.35500 14.92006000 219.38548 26.85432 27.00000 225.94545
 5 6 17 18 00 2329.35500 14.92500000 219.38547 26.85432 27.00000 225.94545
 5 6 17 18 01 2330.39900 14.92500000 219.49368 26.78735 27.00000 226.00000
 5 6 17 18 01 2330.99000 14.92500000 219.49369 26.91000 26.78112 226.00000
 5 6 17 18 02 2329.00100 14.92009000 219.29011 26.78735 26.78112 226.00000
 5 6 17 18 02 2329.00500 14.92009000 219.29012 26.78735 26.78112 226.00000
 5 6 17 18 02 2329.00400 14.92011000 219.29012 26.82300 26.78112 226.00000
 5 6 17 18 03 2330.00000 14.92011000 219.99862 26.76700 26.78112 226.00000
 5 6 17 18 04 2329.00000 14.92011000 219.97493 26.76700 26.78112 224.60100
 5 6 17 18 04 2328.03800 14.98450000 219.35000 26.70000 26.78112 224.60100
 5 6 17 18 05 2328.99900 14.92012000 219.37003 27.07600 26.78112 224.60100
 5 6 17 18 05 2328.06100 14.92014000 219.97044 26.94060 26.78112 224.60100
 5 6 17 18 06 2328.50000 14.92014000 219.97486 27.07800 26.78112 224.60100
 5 6 17 18 06 2328.85400 14.98700000 219.96825 27.06998 26.78112 226.17351
 5 6 17 18 07 2327.80300 14.99000000 219.89999 27.06996 26.78112 226.17351
 5 6 17 18 07 2327.80200 14.99000000 219.90000 26.87312 26.78112 226.17351
 5 6 17 18 08 2327.76100 14.99000000 219.29000 26.94103 26.78112 226.17351
 5 6 17 18 08 2327.76100 14.99000000 219.20550 26.94107 26.78112 226.17351
 5 6 17 18 09 2327.76000 14.99000000 219.20552 26.94107 26.97700 226.17351
 5 6 17 18 09 2327.70100 14.99000000 219.01000 26.94107 26.97700 226.17351
 5 6 17 18 10 2327.60400 14.99000000 219.00000 27.24096 26.97700 226.17351
 5 6 17 18 10 2327.11000 14.99000000 219.74797 27.18599 27.13497 226.17351
 5 6 17 18 11 2326.96900 14.99000000 219.30002 27.00004 27.13497 224.02337
 5 6 17 18 11 2326.97900 14.99000000 219.50000 27.10000 27.13497 224.76400
 5 6 17 18 12 2325.02000 14.99000000 219.79986 27.10000 27.13497 225.96666
 5 6 17 18 12 2326.90000 14.99000000 219.10000 27.12000 27.13497 225.96666
 5 6 17 18 13 2326.90000 14.99000000 219.00000 27.12000 27.13497 225.96666
 5 6 17 18 13 2326.90000 14.99000000 219.00000 27.15000 27.13497 225.96666
 5 6 17 18 14 2330.74900 14.99000000 219.10000 27.15000 27.13497 225.96666
 5 6 17 18 14 2330.80000 14.99950000 219.00001 27.15000 27.13498 225.96666
 5 6 17 18 15 2330.79800 14.99950000 219.00001 27.23965 27.13498 225.96666
 5 6 17 18 15 2331.00000 14.99950000 219.00001 27.00401 27.24123 225.96666
 5 6 17 18 16 2327.96000 14.99950000 219.00001 27.03102 27.24123 225.96666
 5 6 17 18 16 2327.99000 14.99950000 219.50000 27.03102 27.26740 224.02354
 5 6 17 18 17 2330.99900 14.99950000 219.50000 27.24000 27.26740 227.58997
 5 6 17 18 18 2328.26400 15.00000000 219.10001 27.24000 27.26740 227.58997
 5 6 17 18 18 2330.69700 15.00000000 219.30000 27.24000 27.10000 224.02390
 5 6 17 18 19 2328.60500 15.00000000 219.10002 27.24000 27.18278 224.02390
 5 6 17 18 19 2331.10700 15.00000000 219.10002 27.23999 27.18278 224.02390
 5 6 17 18 19 2328.60600 15.00000000 219.12000 27.24000 27.18278 224.02390
 5 6 17 18 20 2331.09900 15.00000000 219.12000 27.24000 27.18278 224.02390
 5 6 17 18 21 2331.99900 15.00000000 219.50437 27.25496 27.20000 224.02390
 5 6 17 18 21 2329.11000 15.04000000 219.50437 27.32310 27.20000 224.02390
 5 6 17 18 21 2329.11000 15.04000000 219.12007 27.28100 27.20000 224.02390
 5 6 17 18 22 2331.98700 15.04000000 219.12006 27.28100 27.20000 224.02390
 5 6 17 18 22 2331.99800 15.04000000 219.49999 27.28100 27.20000 225.46800
 5 6 17 18 23 2331.99400 15.04000000 219.76976 27.28100 27.20000 224.52455
 5 6 17 18 24 2331.98600 15.04000000 219.79987 27.08806 27.25006 224.52454
 5 6 17 18 24 2331.10000 15.04000000 219.79987 27.08806 27.25006 224.52454
 5 6 17 18 25 2331.10000 15.04000000 219.77000 27.35000 27.25006 224.53510
 5 6 17 18 25 2331.10000 14.94635000 219.77000 27.35000 27.25006 224.53510
 5 6 17 18 26 2329.70000 15.03999000 219.79987 27.43697 27.42803 225.46100
 5 6 17 18 26 2331.76300 15.03999000 219.77000 27.32200 27.25014 225.46100
 5 6 17 18 27 2331.16200 15.03999000 219.79987 27.32200 27.46819 225.46100
 5 6 17 18 27 2334.73900 15.03999000 219.97490 27.32200 27.46819 225.46100
 5 6 17 18 28 2331.47300 15.03999000 219.78001 27.32200 27.79766 225.46100
 5 6 17 18 28 2332.69300 15.00618000 219.97489 27.43324 27.79766 225.46100
 5 6 17 18 29 2333.02100 15.00000000 219.97489 27.43328 27.79766 225.46100
 5 6 17 18 29 2334.38100 15.04000000 219.97490 27.43328 27.79766 227.28896
 5 6 17 18 30 2334.73700 15.06000000 219.79984 27.43328 27.51966 227.28896
 5 6 17 18 30 2334.74400 15.06000000 219.79985 27.45900 27.51966 227.28896
 5 6 17 18 31 2334.74500 15.06000000 219.97490 27.43308 27.51966 227.28907
 5 6 17 18 31 2333.22100 15.11999000 219.97490 27.43308 27.51966 227.28896
 5 6 17 18 32 2334.81000 15.11998000 219.97490 27.43291 27.51966 227.87247
 5 6 17 18 32 2335.26000 15.11998000 219.97490 27.43291 27.51966 227.87247
 5 6 17 18 33 2335.25800 15.13993000 220.09977 27.43301 27.73998 227.87247
 5 6 17 18 33 2335.25600 15.13993000 220.39792 27.43301 27.73998 229.44290
 5 6 17 18 34 2335.14700 15.08000000 220.99910 27.39948 27.73995 229.44290
 5 6 17 18 34 2333.20100 15.08000000 220.99910 27.29700 27.54575 229.44290
 5 6 17 18 35 2335.26000 15.08000000 220.39680 27.29700 27.54575 228.92670
 5 6 17 18 35 2335.26000 15.08000000 220.02001 27.22003 27.54579 228.92670
 5 6 17 18 36 2335.25900 15.01364000 220.00466 27.22005 27.54579 228.92587
 5 6 17 18 36 2335.03400 15.01363000 220.60000 27.22004 27.54579 228.92587
 5 6 17 18 37 2333.00000 15.00431000 219.97490 27.15000 27.54579 228.92587
 5 6 17 18 38 2330.03000 15.12998000 220.59992 27.03102 27.54579 228.92587
 5 6 17 18 38 2333.99900 15.00482000 220.19996 27.03102 27.54579 228.92587
 5 6 17 18 38 2325.52000 14.99731000 219.97490 27.03104 27.54579 228.92587
 5 6 17 18 39 2329.77500 15.11987000 220.00001 27.03109 27.54579 224.45421
 5 6 17 18 39 2330.00000 15.11987000 220.59893 27.03112 27.54579 224.45421
 5 6 17 18 40 2323.06100 15.11987000 220.00000 27.03112 27.54579 224.45421
 5 6 17 18 41 2330.00000 15.11987000 220.59875 27.03112 27.54580 224.45421
 5 6 17 18 41 2332.79000 15.11987000 220.57998 27.17800 27.54579 224.45421
 5 6 17 18 41 2332.79000 15.11987000 220.57998 27.19000 27.54579 224.45421
 5 6 17 18 42 2323.72600 15.11987000 220.00000 27.27000 27.54579 224.45421
 5 6 17 18 43 2332.56600 15.11987000 220.49998 27.18998 27.54579 226.79761
 5 6 17 18 43 2333.62700 15.11987000 220.49997 27.18998 27.54579 226.79761
 5 6 17 18 43 2333.00000 15.11987000 220.49996 27.03102 27.54579 227.00000
 5 6 17 18 44 2333.00000 15.11987000 220.49996 27.26999 27.54579 227.00000
 5 6 17 18 44 2332.99900 15.11987000 220.48998 27.26996 27.54583 227.00000
 5 6 17 18 45 2332.00000 15.11987000 220.48998 27.20002 27.54583 224.00323
 5 6 17 18 46 2332.00000 15.11987000 220.48998 27.09122 27.54583 224.00323
 5 6 17 18 46 2332.99700 15.12829000 220.10000 27.09658 27.54583 224.00323
 5 6 17 18 46 2332.00000 15.12829000 220.10000 27.09659 27.54583 224.56326
 5 6 17 18 47 2332.10000 15.12829000 220.10000 27.40000 27.54583 224.56326
 5 6 17 18 48 2332.80000 15.12829000 220.10000 27.19996 27.54583 224.56326
 5 6 17 18 48 2332.20000 15.12805000 220.09990 27.19996 27.54583 224.56326
 5 6 17 18 49 2332.50000 15.12805000 220.01679 27.39995 27.54583 224.56326
 5 6 17 18 49 2332.50000 15.12805000 220.00023 27.39995 27.54583 226.99901
 5 6 17 18 50 2332.50000 15.12805000 220.00000 27.20010 27.54583 226.99901
 5 6 17 18 50 2332.79900 15.12805000 220.00000 27.38999 27.54583 226.99901
 5 6 17 18 51 2332.20000 15.12805000 220.00000 27.20021 27.54583 226.99901
 5 6 17 18 51 2332.80000 15.12805000 219.99999 27.20021 27.54583 225.00000
 5 6 17 18 52 2332.09900 15.00981000 219.79985 27.38000 27.54583 224.00001
 5 6 17 18 52 2332.87100 15.00981000 220.00000 27.38000 27.54583 224.73801
 5 6 17 18 53 2332.20100 14.96295000 220.00000 27.38000 27.60000 224.73801
 5 6 17 18 53 2335.25900 14.96295000 220.00000 27.21574 27.70200 224.73801
 5 6 17 18 54 2335.25700 14.96295000 220.00007 27.21574 27.70200 226.99860
 5 6 17 18 54 2333.99900 14.97541000 220.59966 27.21574 27.70999 226.99860
 5 6 17 18 55 2333.99800 14.97541000 220.00000 27.21574 27.70999 226.99860
 5 6 17 18 55 2331.37000 14.97541000 220.00004 27.21574 27.70999 226.99860
 5 6 17 18 56 2333.99500 14.97541000 220.00001 27.19995 27.70995 226.99860
 5 6 17 18 56 2333.99700 14.97541000 219.79700 27.19995 27.70995 227.48623
 5 6 17 18 57 2333.79900 14.97541000 220.49336 27.35000 27.70995 227.48625
 5 6 17 18 57 2332.73400 14.97541000 220.49557 27.35000 27.70995 227.48625
 5 6 17 18 58 2331.63300 14.97541000 219.77678 27.35000 27.60000 227.48625
 5 6 17 18 58 2332.73400 14.97541000 220.53999 27.21002 27.60000 227.48625
 5 6 17 18 59 2332.70000 15.09990000 219.78002 27.21002 27.54579 227.48625
 5 6 17 18 59 2332.69900 15.09990000 220.49975 27.21000 27.54579 227.48625
 5 6 17 19 00 2334.82400 15.09990000 220.27702 27.34425 27.54579 227.48625
 5 6 17 19 00 2331.99400 15.09990000 220.21394 27.24339 27.54579 227.48625
 5 6 17 19 01 2331.99400 15.09990000 220.46761 27.35000 27.54579 227.48625
 5 6 17 19 01 2331.99400 15.09990000 220.39998 27.35000 27.54579 227.48625
 5 6 17 19 02 2331.99400 15.01460000 220.39000 27.34997 27.54579 227.48625
 5 6 17 19 03 2331.99400 15.01511000 220.39000 27.34997 27.54579 227.48625
 5 6 17 19 03 2331.99400 15.01511000 220.37000 27.34997 27.54579 227.48625
 5 6 17 19 03 2331.99400 15.12999000 220.38966 27.34992 27.54579 227.48625
 5 6 17 19 04 2331.99400 15.12999000 220.00001 27.34992 27.70999 227.48625
 5 6 17 19 04 2331.99400 15.12999000 220.38942 27.33000 27.70999 227.48625
 5 6 17 19 05 2331.99400 15.12999000 220.38934 27.33000 27.70999 227.48625
 5 6 17 19 06 2331.99400 15.12999000 220.00002 27.32999 27.70999 227.48625
 5 6 17 19 06 2331.99400 15.12999000 220.00002 27.32999 27.70999 227.48625
 5 6 17 19 07 2332.62400 15.12999000 220.37998 27.32999 28.09992 227.48625
 5 6 17 19 07 2332.62400 15.12999000 220.00000 27.37000 27.70002 227.48625
 5 6 17 19 08 2332.70000 15.12999000 220.00000 27.37000 27.70002 227.48625
 5 6 17 19 08 2332.70000 15.12999000 220.00000 27.32999 27.70002 227.48625
 5 6 17 19 09 2333.54900 15.12999000 219.57491 27.37000 27.70002 227.48625
 5 6 17 19 09 2332.80000 15.12999000 220.37900 27.37000 27.70202 225.86053
 5 6 17 19 10 2332.80000 15.12999000 219.57692 27.37000 27.70202 226.00301
 5 6 17 19 10 2335.26000 15.05091000 220.46000 27.37000 27.70202 226.00301
 5 6 17 19 11 2335.01200 15.05091000 220.45998 27.37000 27.70202 226.00301
 5 6 17 19 11 2334.86100 15.05091000 220.45995 27.38000 27.70202 226.00301
 5 6 17 19 12 2333.04000 15.12998000 220.37900 27.20009 27.70202 226.00301
 5 6 17 19 12 2335.01100 15.12998000 219.60005 27.38000 27.75000 226.00301
 5 6 17 19 13 2335.01200 15.05500000 220.45961 27.20194 27.75000 224.65524
 5 6 17 19 13 2333.25000 15.05091000 220.45951 27.20200 27.75000 224.65524
 5 6 17 19 14 2335.25900 15.05091000 220.45943 27.21574 27.75001 224.65524
 5 6 17 19 14 2334.10000 15.05740000 220.31997 27.21574 27.75001 225.14873
 5 6 17 19 15 2335.25900 15.05740000 219.60054 27.38000 27.75001 228.89319
 5 6 17 19 15 2335.25900 15.06091000 219.70222 27.38000 27.75001 225.14886
 5 6 17 19 16 2335.26000 15.06091000 219.70222 27.30209 27.54602 225.14886
 5 6 17 19 17 2335.26000 15.06091000 219.70226 27.38000 27.54602 225.14886
 5 6 17 19 17 2335.26000 15.06091000 220.31999 27.45988 27.54602 225.14886
 5 6 17 19 17 2335.00000 15.12999000 220.31999 27.45983 27.54602 227.49976
 5 6 17 19 18 2335.01000 15.13000000 219.70400 27.45983 27.54602 227.49976
 5 6 17 19 18 2340.00000 15.13000000 220.31995 27.20234 27.54602 227.49919
 5 6 17 19 19 2339.99900 15.13000000 219.70524 27.45976 27.54602 227.49919
 5 6 17 19 20 2336.01000 15.13000000 220.47000 27.45976 27.54602 225.71195
 5 6 17 19 20 2339.50000 15.13000000 219.70820 27.45976 27.54602 225.71195
 5 6 17 19 20 2340.56400 15.13000000 219.71002 27.45976 27.54602 226.27628
 5 6 17 19 21 2340.56400 15.13000000 219.71002 27.45976 27.54602 226.27628
 5 6 17 19 22 2343.18000 15.14700000 220.59998 27.45976 27.54602 227.49914
 5 6 17 19 22 2346.87700 15.14700000 220.59998 27.45976 27.54602 227.49914
 5 6 17 19 23 2342.61300 15.14700000 220.59998 27.50000 27.54602 227.49914
 5 6 17 19 23 2345.99900 15.15000000 220.01500 27.50000 27.54589 227.49914
 5 6 17 19 23 2341.81800 15.15000000 220.58868 27.50000 27.54589 227.49914
 5 6 17 19 24 2345.99900 15.06944000 220.58500 27.52000 27.54589 227.49828
 5 6 17 19 25 2345.00000 15.15000000 220.58968 27.52000 27.54589 227.49828
 5 6 17 19 25 2345.00000 15.15000000 220.58747 27.59735 27.54589 225.31936
 5 6 17 19 26 2343.32900 15.15000000 220.57745 27.57399 27.54589 225.31936
 5 6 17 19 26 2343.00000 15.14999000 220.57745 27.57398 27.54607 225.31936
 5 6 17 19 27 2343.35000 15.14999000 220.57688 27.52000 27.54579 225.31936
 5 6 17 19 27 2343.36000 15.14999000 220.57688 27.52000 27.54579 225.88235
 5 6 17 19 28 2345.99900 15.14999000 220.57243 27.57396 27.54579 225.88235
 5 6 17 19 28 2344.00000 15.14999000 220.57689 27.57395 27.54579 225.88235
 5 6 17 19 29 2345.99900 15.14999000 220.57689 27.57396 27.54579 225.88235
 5 6 17 19 29 2345.99900 15.14999000 220.57745 27.60000 27.55000 225.88235
 5 6 17 19 29 2345.99900 15.15000000 220.57744 27.60000 27.55000 225.88235
 5 6 17 19 30 2346.00000 15.15000000 220.57745 27.60000 27.55004 225.88235
 5 6 17 19 31 2346.94000 15.15000000 220.57744 27.57399 27.55004 225.88235
 5 6 17 19 31 2346.21000 15.15000000 220.57744 27.70000 27.55004 225.88235
 5 6 17 19 31 2346.21000 15.15000000 220.57745 27.70000 27.55004 225.88235
 5 6 17 19 32 2346.21000 15.14999000 220.57690 27.57410 27.55004 226.00490
 5 6 17 19 32 2346.21000 15.14999000 220.57689 27.70000 27.55004 224.00031
 5 6 17 19 33 2346.21000 15.14999000 220.57690 27.69999 27.55004 224.00031
 5 6 17 19 34 2346.21000 15.14999000 220.79000 27.57700 27.55003 224.00031
 5 6 17 19 34 2346.94000 15.13998000 220.87650 27.57700 27.55003 224.00031
 5 6 17 19 35 2346.94000 15.10000000 220.99999 27.69999 27.55003 224.00031
 5 6 17 19 35 2348.89200 15.10000000 220.57689 27.69999 27.55004 224.00031
 5 6 17 19 36 2348.99000 15.10000000 220.99950 27.80238 27.54580 224.00031
 5 6 17 19 36 2348.99900 15.10000000 220.87700 27.86000 27.50000 224.00031
 5 6 17 19 37 2348.99900 15.00001000 220.62001 27.70007 27.05407 224.00031
 5 6 17 19 37 2348.99900 15.10000000 220.62002 27.89997 27.05407 225.73900
 5 6 17 19 38 2347.43200 15.13979000 220.57691 27.90000 27.05407 225.73900
 5 6 17 19 39 2346.01000 15.14999000 220.62000 27.89994 27.05407 225.14233
 5 6 17 19 39 2345.00000 15.14999000 220.97896 27.80000 27.05407 225.14233
 5 6 17 19 39 2347.55000 15.14999000 220.62000 27.80000 27.05449 225.70510
 5 6 17 19 40 2346.02000 15.14999000 220.62002 27.80000 27.05449 225.70510
 5 6 17 19 40 2349.04000 15.15000000 220.62001 27.80003 27.05449 225.70510
 5 6 17 19 41 2349.99900 15.15000000 220.62000 27.80003 27.05449 225.70510
 5 6 17 19 41 2347.80000 15.20000000 220.80000 27.80003 27.05449 225.70510
 5 6 17 19 42 2346.01100 15.20000000 220.80000 27.80044 27.05449 225.70510
 5 6 17 19 42 2347.00000 15.03006000 220.80001 27.94000 27.34200 225.70510
 5 6 17 19 43 2349.00000 15.17393000 220.97797 27.94000 27.34200 225.70510
 5 6 17 19 43 2350.00000 15.03016000 220.97897 28.00000 27.34200 225.70510
 5 6 17 19 44 2349.80000 15.03016000 220.97797 27.97000 27.34200 225.70510
 5 6 17 19 45 2349.00000 15.03016000 220.97897 27.97000 27.34200 225.70510
 5 6 17 19 45 2349.13300 15.03016000 220.97800 27.97000 27.34200 226.16577
 5 6 17 19 45 2348.42200 15.10001000 220.97800 27.96900 27.34200 226.16577
 5 6 17 19 46 2349.00000 15.10001000 220.97896 27.85000 27.34200 226.16577
 5 6 17 19 47 2350.33700 15.10001000 220.97699 27.85000 27.34200 226.16577
 5 6 17 19 47 2350.33700 15.10001000 220.91000 27.96899 27.34200 227.42397
 5 6 17 19 48 2350.33700 15.10001000 220.96999 27.96892 27.34200 227.42397
 5 6 17 19 48 2350.33700 15.10001000 220.20340 27.95000 27.34200 226.18792
 5 6 17 19 48 2350.33700 15.10001000 220.89849 27.97997 27.34200 226.18792
 5 6 17 19 49 2350.33700 15.10001000 220.89750 27.97997 27.24457 226.18792
 5 6 17 19 49 2350.33700 15.19998000 220.20342 27.94000 27.24457 226.18792
 5 6 17 19 50 2350.33700 15.20000000 220.20342 27.94000 27.24457 226.18792
 5 6 17 19 50 2350.33700 15.20000000 220.10151 27.94000 27.24457 226.18792
 5 6 17 19 51 2350.33700 15.20000000 220.20342 27.93999 27.24457 226.18792
 5 6 17 19 51 2350.33700 15.20000000 220.87949 27.97400 27.24457 226.18792
 5 6 17 19 52 2350.33700 15.20000000 220.87949 27.99999 27.24457 226.18792
 5 6 17 19 53 2350.33700 15.20000000 220.87946 27.94000 27.24457 226.18792
 5 6 17 19 53 2349.51400 15.20000000 220.20676 27.97400 27.24456 226.18792
 5 6 17 19 54 2349.00000 15.20000000 220.20702 27.98000 27.24456 226.18792
 5 6 17 19 54 2349.00000 15.20000000 220.87499 28.00000 27.24456 228.00000
 5 6 17 19 55 2348.99900 15.20000000 220.50000 27.99998 27.24456 228.00000
 5 6 17 19 55 2348.00100 15.20000000 220.49899 27.99998 27.09852 228.00000
 5 6 17 19 56 2347.59300 15.20000000 220.22001 27.99998 27.09852 228.00000
 5 6 17 19 56 2345.79500 15.20000000 220.20000 28.00000 27.24457 228.00000
 5 6 17 19 57 2345.74100 15.20000000 220.48997 27.98000 27.24457 228.00000
 5 6 17 19 57 2345.00000 15.20000000 220.22000 27.99980 27.24457 228.00000
 5 6 17 19 58 2345.79400 15.20000000 220.09934 28.00000 27.24457 228.00000
 5 6 17 19 58 2345.79500 15.20000000 220.48953 27.99997 27.09765 228.00000
 5 6 17 19 59 2340.29400 15.20000000 220.00000 27.99997 27.09765 225.83060
 5 6 17 19 59 2345.00000 15.20000000 220.00000 27.89999 27.09765 225.83060
 5 6 17 20 00 2345.56800 15.20000000 220.48861 27.89999 27.09765 225.83060
 5 6 17 20 00 2345.14300 15.20000000 220.48852 27.89999 27.09765 227.79995
 5 6 17 20 01 2348.00000 15.20000000 220.00101 27.89999 27.09780 227.79995
 5 6 17 20 01 2348.99900 15.20000000 220.00101 27.80103 27.09780 227.79995
 5 6 17 20 02 2348.99900 15.23395000 220.00501 27.80103 27.08009 227.79995
 5 6 17 20 02 2349.99900 15.23395000 220.00001 27.90000 27.11896 227.79995
 5 6 17 20 03 2350.00000 15.29000000 220.00493 27.90000 27.11896 227.79995
 5 6 17 20 03 2350.00000 15.29000000 220.00492 27.91699 27.11896 228.89997
 5 6 17 20 04 2350.00000 15.28999000 220.00000 27.70002 27.11896 228.89997
 5 6 17 20 04 2349.99900 15.29000000 220.00492 27.84000 27.11896 227.79995
 5 6 17 20 05 2350.00000 15.29000000 219.78824 27.84000 27.27185 227.79995
 5 6 17 20 05 2350.00000 15.29000000 219.78824 27.89997 27.27185 227.79995
 5 6 17 20 06 2350.00000 15.29000000 219.60000 27.84400 27.27185 227.79995
 5 6 17 20 06 2349.99900 15.29000000 219.60001 27.84398 27.27185 227.79995
 5 6 17 20 07 2346.10000 15.29000000 219.60001 27.80000 27.27185 227.80003
 5 6 17 20 07 2349.61000 15.29000000 219.78609 27.80000 27.34172 227.79995
 5 6 17 20 08 2349.99900 15.29000000 220.00000 27.78700 27.34172 227.79995
 5 6 17 20 08 2350.00000 15.29000000 220.00000 27.84400 27.11000 227.79995
 5 6 17 20 09 2350.00000 15.29443000 219.99780 27.84400 27.02650 227.79995
 5 6 17 20 10 2350.00000 15.29443000 219.99560 27.84400 26.99875 227.79995
 5 6 17 20 10 2348.03100 15.29443000 220.00000 27.84393 26.99874 227.79995
 5 6 17 20 10 2350.00000 15.29443000 220.48120 27.79999 26.91000 227.79995
 5 6 17 20 11 2350.00000 15.29442000 220.48119 27.71001 26.97727 227.79995
 5 6 17 20 11 2350.19400 15.29442000 220.00003 27.50495 26.97727 227.79995
 5 6 17 20 12 2350.33700 15.29696000 220.47999 27.50495 26.97727 227.79996
 5 6 17 20 12 2351.97700 15.30000000 220.10000 27.50000 26.97727 227.79996
 5 6 17 20 13 2352.00000 15.30000000 220.00090 26.95004 27.10969 227.80000
 5 6 17 20 13 2351.83500 15.30000000 220.00090 27.43000 27.10969 227.80000
 5 6 17 20 14 2350.32000 15.32899000 220.00100 27.30000 27.10969 227.80000
 5 6 17 20 15 2350.20000 15.32899000 220.00090 27.10001 26.87205 227.80000
 5 6 17 20 15 2350.20000 15.35000000 220.07339 27.10000 26.77762 227.79995
 5 6 17 20 16 2351.90000 15.32899000 219.59000 27.26597 26.72233 227.79995
 5 6 17 20 16 2349.89400 15.30001000 220.07338 27.26597 26.43895 227.79995
 5 6 17 20 17 2349.36200 15.30001000 220.07338 27.15000 26.67538 228.32000
 5 6 17 20 17 2348.00000 15.30001000 220.48143 27.15000 26.72227 228.32000
 5 6 17 20 18 2349.36100 15.30001000 220.07338 27.27500 26.72227 228.32000
 5 6 17 20 18 2347.94700 15.37900000 220.01999 27.12300 26.72220 228.32000
 5 6 17 20 18 2349.19700 15.34055000 220.47993 27.29499 26.72220 227.79995
 5 6 17 20 19 2349.19700 15.34055000 220.47990 27.17000 26.72220 227.79995
 5 6 17 20 20 2349.19700 15.34055000 220.01300 27.29500 26.72220 227.79995
 5 6 17 20 20 2349.19700 15.34055000 220.47977 27.29500 26.72220 227.79995
 5 6 17 20 20 2349.19700 15.34055000 220.47974 27.35999 26.72220 227.79995
 5 6 17 20 21 2348.99900 15.34055000 219.60065 27.30000 26.72220 227.79995
 5 6 17 20 22 2348.99900 15.34055000 219.60066 27.30000 26.72220 227.79995
 5 6 17 20 22 2348.99600 15.37899000 219.60004 27.35995 26.72220 227.79995
 5 6 17 20 23 2348.99100 15.37899000 219.56784 27.30000 26.72220 227.79995
 5 6 17 20 23 2348.99900 15.37899000 219.41952 27.19736 26.72183 227.79995
 5 6 17 20 24 2348.67900 15.37800000 219.41952 27.19736 26.54999 227.79995
 5 6 17 20 24 2346.59300 15.37800000 219.41952 27.19736 26.54999 227.79995
 5 6 17 20 25 2348.56200 15.37800000 219.41952 27.26879 26.54999 227.79995
 5 6 17 20 25 2348.68800 15.37800000 220.21999 27.26879 26.54999 227.79995
 5 6 17 20 26 2347.99500 15.37800000 220.17134 27.26879 26.54999 227.79995
 5 6 17 20 27 2348.98900 15.37900000 219.47003 27.30996 26.54999 227.79995
 5 6 17 20 27 2349.36200 15.37900000 220.39138 27.30996 26.80536 227.79995
 5 6 17 20 27 2349.99000 15.37900000 220.44998 27.30996 26.80536 227.79995
 5 6 17 20 28 2350.40000 15.37900000 220.45000 27.26881 26.80536 227.79995
 5 6 17 20 29 2351.00000 15.30100000 220.45000 27.17301 26.80536 228.32000
 5 6 17 20 29 2352.00000 15.39710000 219.60008 27.17301 26.80533 227.79995
 5 6 17 20 29 2352.00000 15.39710000 219.60026 27.43187 26.80533 227.79995
 5 6 17 20 30 2352.00000 15.39710000 219.60026 27.43187 26.80533 227.79995
 5 6 17 20 30 2352.00000 15.39710000 219.60033 27.43183 26.80529 227.79995
 5 6 17 20 31 2352.00000 15.39710000 219.60033 27.43183 26.80534 227.79995
 5 6 17 20 31 2352.00000 15.39710000 220.00000 27.43183 26.80534 227.79995
 5 6 17 20 32 2354.91300 15.39710000 220.00000 27.43183 26.80535 227.79996
 5 6 17 20 32 2352.85500 15.39710000 220.49000 27.43183 26.80534 228.32000
 5 6 17 20 33 2355.96900 15.39710000 220.00004 27.37495 26.80534 228.32000
 5 6 17 20 33 2358.17900 15.39849000 219.60140 27.37495 26.80530 228.32000
