20 9 17 00 00 3267.10000 9.62600000 236.30000 44.22000 15.45000 157.61000
20 9 17 00 00 3266.40000 9.62600000 236.30000 44.22000 15.49900 157.61000
20 9 17 00 01 3266.50000 9.62600000 237.40000 44.27000 15.49900 157.61000
20 9 17 00 01 3260.00000 9.62600000 237.40000 44.27000 15.49900 157.61000
20 9 17 00 02 3265.60000 9.62600000 237.40000 44.27000 15.49900 157.61000
20 9 17 00 02 3265.60000 9.62600000 237.30000 44.20000 15.49900 157.61000
20 9 17 00 02 3265.50000 9.62600000 237.30000 44.18000 15.49900 157.61000
20 9 17 00 03 3265.00000 9.62600000 237.20000 44.17000 15.49900 157.61000
20 9 17 00 03 3265.00000 9.62600000 236.04000 44.15000 15.49900 157.61000
20 9 17 00 04 3265.00000 9.62600000 237.16000 44.15000 15.49900 157.61000
20 9 17 00 04 3260.70000 9.62600000 237.16000 44.19000 15.49900 157.61000
20 9 17 00 05 3264.00000 9.62600000 237.16000 44.19000 15.49900 157.55000
20 9 17 00 05 3260.00000 9.62600000 237.16000 44.16000 15.49900 157.55000
20 9 17 00 05 3260.00000 9.63700000 237.16000 44.16000 15.49900 157.55000
20 9 17 00 06 3258.20000 9.63700000 237.16000 44.16000 15.49900 157.55000
20 9 17 00 06 3258.10000 9.63700000 236.47000 44.16000 15.49900 157.55000
20 9 17 00 07 3258.00000 9.63700000 236.44000 44.16000 15.49900 157.55000
20 9 17 00 07 3258.00000 9.63700000 236.45000 44.16000 15.49900 157.55000
20 9 17 00 08 3258.00000 9.63700000 236.44000 44.16000 15.49900 157.55000
20 9 17 00 08 3257.90000 9.63700000 236.44000 44.19000 15.49900 157.55000
20 9 17 00 09 3256.10000 9.63700000 236.44000 44.19000 15.49900 157.55000
20 9 17 00 09 3256.10000 9.63700000 236.44000 44.19000 15.49900 157.55000
20 9 17 00 09 3260.00000 9.63700000 236.44000 44.21000 15.43600 157.55000
20 9 17 00 10 3256.20000 9.63700000 236.26000 44.21000 15.43600 157.55000
20 9 17 00 10 3256.20000 9.60900000 236.26000 44.15000 15.43600 157.55000
20 9 17 00 11 3274.50000 9.60900000 236.26000 44.15000 15.43600 157.50000
20 9 17 00 11 3274.20000 9.60900000 236.51000 44.15000 15.43600 157.50000
20 9 17 00 11 3261.00000 9.60900000 236.66000 44.15000 15.43600 157.50000
20 9 17 00 12 3261.00000 9.60900000 236.66000 44.15000 15.43600 157.50000
20 9 17 00 12 3261.00000 9.60900000 236.66000 44.15000 15.43600 157.50000
20 9 17 00 13 3269.60000 9.60900000 236.55000 44.15000 15.43600 156.55000
20 9 17 00 13 3269.60000 9.60900000 236.55000 44.15000 15.43600 156.55000
20 9 17 00 14 3265.30000 9.60900000 236.50000 44.15000 15.43600 156.55000
20 9 17 00 14 3265.30000 9.60900000 236.29000 44.15000 15.43600 156.55000
20 9 17 00 14 3265.30000 9.60900000 236.39000 44.15000 15.43600 156.55000
20 9 17 00 15 3256.30000 9.60900000 236.39000 44.15000 15.43600 156.55000
20 9 17 00 15 3256.30000 9.60900000 236.49000 44.14000 15.43600 156.55000
20 9 17 00 16 3256.30000 9.60900000 236.49000 44.17000 15.43600 156.55000
20 9 17 00 16 3263.90000 9.60900000 236.49000 44.15000 15.43600 156.55000
20 9 17 00 17 3270.00000 9.60900000 236.49000 44.16000 15.43600 156.74000
20 9 17 00 17 3263.60000 9.60900000 236.49000 44.15000 15.43600 156.74000
20 9 17 00 17 3269.90000 9.60900000 236.49000 44.31000 15.43600 156.74000
20 9 17 00 18 3259.20000 9.60900000 236.49000 44.31000 15.43600 156.74000
20 9 17 00 18 3269.50000 9.60900000 236.47000 44.31000 15.43600 156.74000
20 9 17 00 19 3269.90000 9.60900000 236.47000 44.31000 15.43600 156.74000
20 9 17 00 19 3270.00000 9.60900000 236.47000 44.31000 15.43600 156.74000
20 9 17 00 20 3269.50000 9.60900000 236.47000 44.31000 15.43600 156.74000
20 9 17 00 20 3269.50000 9.60900000 236.47000 44.39000 15.43600 156.74000
20 9 17 00 20 3269.50000 9.60900000 236.49000 44.39000 15.43600 156.74000
20 9 17 00 21 3269.50000 9.60900000 236.80000 44.39000 15.43600 156.74000
20 9 17 00 21 3269.50000 9.60900000 236.80000 44.39000 15.43600 156.74000
20 9 17 00 22 3269.50000 9.60900000 236.80000 44.39000 15.43100 156.74000
20 9 17 00 22 3270.00000 9.60900000 236.80000 44.39000 15.43100 156.74000
20 9 17 00 23 3270.00000 9.60900000 236.80000 44.36000 15.43100 156.74000
20 9 17 00 23 3270.00000 9.60900000 236.80000 44.36000 15.43100 156.74000
20 9 17 00 23 3270.00000 9.60900000 236.80000 44.36000 15.43100 156.74000
20 9 17 00 24 3270.00000 9.60900000 236.80000 44.36000 15.43100 156.74000
20 9 17 00 24 3270.00000 9.60900000 236.80000 44.15000 15.43100 156.74000
20 9 17 00 25 3270.00000 9.60900000 237.11000 44.15000 15.43100 156.74000
20 9 17 00 25 3278.20000 9.69400000 237.11000 44.15000 15.43100 156.74000
20 9 17 00 26 3278.20000 9.69400000 237.11000 44.15000 15.43100 156.74000
20 9 17 00 26 3284.90000 9.69400000 237.11000 44.15000 15.43100 156.74000
20 9 17 00 26 3278.20000 9.69400000 237.11000 44.15000 15.43100 156.74000
20 9 17 00 27 3278.20000 9.61200000 237.11000 44.15000 15.43100 156.74000
20 9 17 00 27 3278.20000 9.61200000 237.11000 44.15000 15.43100 156.74000
20 9 17 00 28 3277.10000 9.61200000 237.11000 44.15000 15.43100 156.74000
20 9 17 00 28 3277.10000 9.61200000 237.11000 44.15000 15.43100 156.74000
20 9 17 00 29 3277.10000 9.61200000 237.11000 44.15000 15.43100 156.74000
20 9 17 00 29 3271.70000 9.61200000 237.11000 44.15000 15.43100 156.74000
20 9 17 00 29 3271.70000 9.61200000 237.55000 44.15000 15.43100 156.74000
20 9 17 00 30 3271.80000 9.61200000 237.55000 44.15000 15.43100 156.74000
20 9 17 00 30 3270.20000 9.61200000 237.55000 44.15000 15.43100 156.74000
20 9 17 00 31 3275.80000 9.61200000 237.55000 44.15000 15.43100 156.74000
20 9 17 00 31 3270.80000 9.61200000 237.00000 44.15000 15.30200 156.74000
20 9 17 00 31 3271.00000 9.76300000 237.15000 44.15000 15.30200 156.74000
20 9 17 00 32 3271.00000 9.76300000 237.15000 44.15000 15.30200 156.74000
20 9 17 00 32 3271.00000 9.76300000 237.15000 44.15000 15.30200 156.74000
20 9 17 00 33 3275.90000 9.76300000 237.15000 44.15000 15.30200 156.74000
20 9 17 00 33 3275.90000 9.76300000 237.15000 44.15000 15.30200 156.74000
20 9 17 00 34 3275.90000 9.76300000 237.15000 44.15000 15.30200 156.74000
20 9 17 00 34 3277.00000 9.76300000 237.15000 44.15000 15.30200 156.74000
20 9 17 00 34 3277.00000 9.76300000 237.20000 44.15000 15.30200 156.74000
20 9 17 00 35 3270.80000 9.76300000 237.20000 44.15000 15.30200 156.74000
20 9 17 00 35 3280.30000 9.76300000 237.20000 44.15000 15.30200 156.74000
20 9 17 00 36 3280.30000 9.76300000 237.20000 44.15000 15.30200 156.74000
20 9 17 00 36 3280.30000 9.76300000 237.20000 44.15000 15.30200 156.74000
20 9 17 00 37 3277.90000 9.76300000 237.20000 44.15000 15.30200 156.74000
20 9 17 00 37 3277.90000 9.76300000 237.00000 44.15000 15.30200 156.74000
20 9 17 00 37 3277.90000 9.76300000 237.00000 44.15000 15.30200 156.74000
20 9 17 00 38 3278.30000 9.74900000 237.00000 44.15000 15.30200 156.74000
20 9 17 00 38 3278.30000 9.74900000 237.00000 44.15000 15.30200 156.74000
20 9 17 00 39 3278.30000 9.74900000 237.00000 44.15000 15.30200 156.74000
20 9 17 00 39 3278.30000 9.74900000 237.00000 44.15000 15.30200 156.74000
20 9 17 00 40 3279.00000 9.74900000 237.00000 44.15000 15.30200 156.74000
20 9 17 00 40 3278.30000 9.74900000 237.00000 44.15000 15.30200 156.74000
20 9 17 00 40 3278.30000 9.74900000 237.00000 44.15000 15.30200 156.74000
20 9 17 00 41 3279.00000 9.74900000 237.65000 44.15000 15.30200 156.74000
20 9 17 00 41 3279.10000 9.74900000 237.65000 44.15000 15.30200 156.74000
20 9 17 00 42 3279.30000 9.74900000 237.65000 44.15000 15.30200 156.74000
20 9 17 00 42 3279.30000 9.74900000 237.65000 44.15000 15.30200 156.74000
20 9 17 00 43 3279.00000 9.74900000 237.65000 44.38000 15.30200 156.74000
20 9 17 00 43 3279.00000 9.74900000 237.65000 44.38000 15.30200 156.74000
20 9 17 00 43 3279.40000 9.74900000 237.65000 44.38000 15.30200 156.74000
20 9 17 00 44 3279.40000 9.74900000 237.65000 44.38000 15.30200 156.74000
20 9 17 00 44 3279.40000 9.74900000 237.56000 44.38000 15.30200 156.74000
20 9 17 00 45 3279.00000 9.74900000 237.56000 44.38000 15.30200 156.74000
20 9 17 00 45 3279.00000 9.74900000 237.56000 44.38000 15.30200 156.74000
20 9 17 00 46 3279.00000 9.74900000 236.82000 44.38000 15.30200 156.74000
20 9 17 00 46 3279.00000 9.74900000 236.82000 44.38000 15.30200 156.74000
20 9 17 00 46 3279.00000 9.74900000 236.82000 44.38000 15.30200 156.74000
20 9 17 00 47 3279.00000 9.74900000 236.82000 44.38000 15.30200 156.74000
20 9 17 00 47 3279.00000 9.74900000 236.82000 44.38000 15.30200 156.74000
20 9 17 00 48 3279.00000 9.74900000 236.97000 44.38000 15.30200 156.74000
20 9 17 00 48 3279.00000 9.74900000 236.97000 44.38000 15.30200 156.74000
20 9 17 00 49 3279.00000 9.74900000 236.97000 44.38000 15.30200 156.74000
20 9 17 00 49 3279.00000 9.74900000 236.97000 44.38000 15.30200 156.74000
20 9 17 00 49 3279.00000 9.74900000 236.97000 44.38000 15.30200 156.74000
20 9 17 00 50 3279.00000 9.74900000 236.97000 44.38000 15.30200 156.74000
20 9 17 00 50 3270.70000 9.74900000 236.97000 44.38000 15.30200 156.74000
20 9 17 00 51 3270.70000 9.74900000 236.97000 44.25000 15.30200 156.74000
20 9 17 00 51 3270.70000 9.74900000 236.97000 44.25000 15.30200 156.74000
20 9 17 00 52 3271.20000 9.74900000 236.97000 44.25000 15.30200 156.74000
20 9 17 00 52 3270.60000 9.74900000 236.97000 44.25000 15.30200 156.74000
20 9 17 00 52 3270.00000 9.74900000 236.97000 44.25000 15.30200 156.74000
20 9 17 00 53 3270.00000 9.74900000 236.97000 44.25000 15.30200 156.74000
20 9 17 00 53 3269.50000 9.74900000 236.97000 44.25000 15.30200 156.74000
20 9 17 00 54 3268.70000 9.74900000 236.97000 44.25000 15.31100 156.74000
20 9 17 00 54 3266.80000 9.74900000 236.97000 44.25000 15.31100 156.74000
20 9 17 00 55 3268.70000 9.74900000 236.53000 44.25000 15.31100 156.74000
20 9 17 00 55 3269.00000 9.74900000 236.53000 44.25000 15.31100 156.74000
20 9 17 00 55 3269.00000 9.74900000 236.62000 44.25000 15.31100 156.74000
20 9 17 00 56 3269.00000 9.74900000 236.62000 44.25000 15.31100 158.07000
20 9 17 00 56 3269.00000 9.74900000 236.62000 44.25000 15.31100 158.00000
20 9 17 00 57 3269.00000 9.74900000 236.62000 44.25000 15.31100 158.00000
20 9 17 00 57 3270.40000 9.74900000 236.53000 44.25000 15.31100 158.00000
20 9 17 00 58 3271.00000 9.74900000 236.53000 44.25000 15.31100 158.00000
20 9 17 00 58 3271.00000 9.74900000 236.53000 44.25000 15.31100 158.00000
20 9 17 00 58 3271.00000 9.74900000 236.53000 44.25000 15.31100 158.00000
20 9 17 00 59 3271.00000 9.74900000 236.53000 44.25000 15.39000 158.00000
20 9 17 00 59 3271.00000 9.74900000 236.53000 44.25000 15.39000 158.00000
20 9 17 01 00 3271.00000 9.74900000 236.53000 44.25000 15.39000 158.00000
20 9 17 01 00 3271.00000 9.74900000 236.53000 44.25000 15.39000 158.00000
20 9 17 01 01 3269.30000 9.74900000 236.00000 44.25000 15.39000 158.00000
20 9 17 01 01 3270.70000 9.74900000 236.00000 44.39000 15.39000 158.00000
20 9 17 01 01 3270.40000 9.74900000 236.00000 44.39000 15.39000 158.00000
20 9 17 01 02 3271.00000 9.74900000 235.00000 44.39000 15.39000 158.00000
20 9 17 01 02 3271.00000 9.74900000 235.00000 44.39000 15.39000 158.00000
20 9 17 01 03 3272.40000 9.74900000 235.00000 44.37000 15.39000 158.00000
20 9 17 01 03 3272.70000 9.74900000 236.55000 44.37000 15.39000 158.00000
20 9 17 01 04 3272.70000 9.74900000 236.54000 44.37000 15.39000 158.00000
20 9 17 01 04 3272.90000 9.74900000 236.54000 44.37000 15.39000 158.00000
20 9 17 01 04 3272.90000 9.74900000 236.55000 44.37000 15.39000 158.00000
20 9 17 01 05 3278.30000 9.74900000 236.55000 44.37000 15.39000 158.00000
20 9 17 01 05 3278.30000 9.74900000 236.62000 44.37000 15.39000 158.00000
20 9 17 01 06 3278.30000 9.74900000 236.62000 44.37000 15.39000 158.00000
20 9 17 01 06 3278.30000 9.74900000 236.62000 44.37000 15.39000 158.00000
20 9 17 01 07 3272.20000 9.74900000 236.60000 44.37000 15.39000 158.00000
20 9 17 01 07 3277.40000 9.74900000 236.60000 44.37000 15.39000 158.00000
20 9 17 01 07 3277.40000 9.74900000 236.60000 44.37000 15.39000 158.00000
20 9 17 01 08 3277.40000 9.74900000 236.60000 44.37000 15.39000 158.00000
20 9 17 01 08 3281.40000 9.74900000 236.60000 44.37000 15.39000 158.00000
20 9 17 01 09 3281.40000 9.74900000 236.62000 44.37000 15.39000 158.00000
20 9 17 01 09 3281.40000 9.74900000 236.62000 44.37000 15.39000 158.00000
20 9 17 01 09 3273.00000 9.74900000 236.62000 44.37000 15.39000 158.00000
20 9 17 01 10 3283.60000 9.74900000 236.62000 44.37000 15.39000 158.00000
20 9 17 01 10 3283.50000 9.74900000 236.62000 44.37000 15.39000 158.00000
20 9 17 01 11 3283.50000 9.74900000 236.62000 44.37000 15.39000 158.00000
20 9 17 01 11 3269.20000 9.74900000 236.62000 44.37000 15.39000 158.00000
20 9 17 01 12 3283.20000 9.74900000 236.62000 44.11000 15.39000 158.00000
20 9 17 01 12 3274.20000 9.74900000 237.00000 44.11000 15.39000 158.00000
20 9 17 01 12 3274.20000 9.74900000 237.00000 44.11000 15.39000 158.00000
20 9 17 01 13 3274.50000 9.74900000 237.00000 44.11000 15.39000 158.00000
20 9 17 01 13 3274.50000 9.74900000 237.35000 44.11000 15.39000 158.00000
20 9 17 01 14 3274.50000 9.74900000 237.36000 44.11000 15.39000 158.00000
20 9 17 01 14 3274.50000 9.74900000 236.79000 44.11000 15.39000 158.00000
20 9 17 01 15 3274.50000 9.74900000 236.79000 44.11000 15.39000 158.00000
20 9 17 01 15 3274.50000 9.75000000 237.36000 44.32000 15.39000 158.00000
20 9 17 01 15 3274.50000 9.63000000 237.36000 44.28000 15.39000 158.00000
20 9 17 01 16 3274.50000 9.63000000 236.79000 44.28000 15.39000 158.00000
20 9 17 01 16 3274.50000 9.63000000 237.54000 44.28000 15.39000 158.00000
20 9 17 01 17 3274.50000 9.63000000 237.54000 44.28000 15.39000 158.00000
20 9 17 01 17 3274.50000 9.63000000 237.54000 44.28000 15.39000 158.00000
20 9 17 01 18 3274.50000 9.73400000 237.54000 44.28000 15.39000 158.00000
20 9 17 01 18 3274.50000 9.73400000 237.54000 44.28000 15.39000 158.00000
20 9 17 01 18 3274.50000 9.63800000 237.52000 44.28000 15.39000 158.00000
20 9 17 01 19 3274.50000 9.63800000 237.52000 44.28000 15.39000 158.00000
20 9 17 01 19 3274.50000 9.63800000 237.52000 44.28000 15.39000 158.00000
20 9 17 01 20 3274.50000 9.63800000 237.52000 44.28000 15.39000 158.00000
20 9 17 01 20 3282.40000 9.63800000 237.52000 44.28000 15.39000 158.00000
20 9 17 01 21 3282.40000 9.63800000 237.52000 44.28000 15.39000 158.00000
20 9 17 01 21 3282.40000 9.63800000 237.50000 44.28000 15.39000 158.00000
20 9 17 01 21 3282.40000 9.63800000 236.03000 44.28000 15.39000 158.00000
20 9 17 01 22 3282.40000 9.63800000 236.00000 44.28000 15.39000 158.00000
20 9 17 01 22 3282.40000 9.63800000 236.00000 44.28000 15.39000 158.00000
20 9 17 01 23 3282.40000 9.63800000 236.00000 44.28000 15.39000 158.00000
20 9 17 01 23 3282.30000 9.63800000 236.00000 44.28000 15.39000 158.00000
20 9 17 01 24 3282.30000 9.63800000 236.00000 44.28000 15.39000 158.00000
20 9 17 01 24 3282.20000 9.63800000 236.00000 44.28000 15.39000 158.00000
20 9 17 01 24 3282.20000 9.63800000 236.00000 44.28000 15.39000 158.00000
20 9 17 01 25 3282.20000 9.63800000 236.00000 44.25000 15.39000 158.00000
20 9 17 01 25 3282.20000 9.63800000 236.00000 44.25000 15.39000 158.00000
20 9 17 01 26 3281.90000 9.63800000 236.00000 44.25000 15.39000 158.00000
20 9 17 01 26 3282.00000 9.63800000 237.30000 44.25000 15.39000 158.00000
20 9 17 01 27 3282.00000 9.63800000 237.30000 44.25000 15.39000 158.00000
20 9 17 01 27 3282.10000 9.63800000 235.73000 44.25000 15.39000 158.00000
20 9 17 01 27 3282.10000 9.63800000 235.73000 44.25000 15.39000 158.00000
20 9 17 01 28 3281.70000 9.63800000 235.73000 44.25000 15.39000 158.00000
20 9 17 01 28 3281.70000 9.63800000 237.16000 44.25000 15.39000 158.00000
20 9 17 01 29 3281.70000 9.63800000 237.19000 44.25000 15.39000 158.00000
20 9 17 01 29 3281.70000 9.63800000 237.19000 44.25000 15.39000 158.00000
20 9 17 01 30 3281.70000 9.63800000 237.19000 44.35000 15.39000 158.00000
20 9 17 01 30 3281.70000 9.63800000 237.19000 44.38000 15.39000 158.00000
20 9 17 01 30 3281.70000 9.63800000 237.19000 44.38000 15.39000 158.00000
20 9 17 01 31 3280.00000 9.63800000 237.24000 44.38000 15.39000 158.00000
20 9 17 01 31 3280.30000 9.63800000 237.26000 44.38000 15.39000 158.00000
20 9 17 01 32 3280.30000 9.63800000 237.24000 44.38000 15.39000 158.00000
20 9 17 01 32 3282.20000 9.63800000 237.19000 44.38000 15.39000 158.00000
20 9 17 01 33 3282.20000 9.63800000 237.19000 44.38000 15.39000 158.00000
20 9 17 01 33 3282.20000 9.63800000 237.19000 44.38000 15.39000 158.00000
20 9 17 01 33 3283.00000 9.63800000 237.19000 44.38000 15.39000 158.00000
20 9 17 01 34 3280.00000 9.63800000 237.19000 44.38000 15.39000 158.00000
20 9 17 01 34 3280.00000 9.63800000 237.15000 44.38000 15.39000 158.00000
20 9 17 01 35 3280.00000 9.63800000 237.19000 44.38000 15.39000 158.00000
20 9 17 01 35 3280.00000 9.63800000 237.24000 44.38000 15.39000 158.00000
20 9 17 01 36 3280.00000 9.63800000 237.24000 44.40000 15.39000 158.00000
20 9 17 01 36 3280.00000 9.63800000 237.24000 44.40000 15.39000 158.00000
20 9 17 01 36 3280.00000 9.63800000 237.24000 44.40000 15.39000 158.00000
20 9 17 01 37 3280.00000 9.63800000 237.24000 44.40000 15.39000 158.77800
20 9 17 01 37 3280.00000 9.63800000 237.24000 44.40000 15.39000 158.77800
20 9 17 01 38 3280.00000 9.63800000 237.30000 44.40000 15.39000 158.77800
20 9 17 01 38 3280.00000 9.64000000 237.30000 44.40000 15.39000 158.77800
20 9 17 01 39 3280.00000 9.64000000 237.30000 44.40000 15.39000 158.77800
20 9 17 01 39 3280.00000 9.64000000 237.30000 44.40000 15.39000 158.77800
20 9 17 01 39 3280.00000 9.64000000 237.26000 44.40000 15.39000 158.77800
20 9 17 01 40 3280.00000 9.64000000 237.26000 44.40000 15.39000 158.77800
20 9 17 01 40 3280.70000 9.64000000 237.24000 44.40000 15.39000 158.77800
20 9 17 01 41 3280.70000 9.64000000 237.24000 44.40000 15.39000 158.77800
20 9 17 01 41 3280.70000 9.64000000 237.24000 44.40000 15.39000 158.77800
20 9 17 01 42 3280.70000 9.64000000 237.13000 44.40000 15.39000 158.77800
20 9 17 01 42 3280.70000 9.63000000 237.13000 44.40000 15.39000 158.77800
20 9 17 01 42 3280.70000 9.63000000 237.13000 44.40000 15.39000 158.77800
20 9 17 01 43 3280.00000 9.63000000 237.13000 44.40000 15.39000 158.77800
20 9 17 01 43 3280.00000 9.63000000 237.13000 44.40000 15.39000 158.77800
20 9 17 01 44 3280.00000 9.63000000 237.13000 44.40000 15.39000 158.77800
20 9 17 01 44 3280.00000 9.63000000 237.30000 44.40000 15.39000 158.77800
20 9 17 01 45 3279.50000 9.63000000 237.30000 44.40000 15.39000 158.77800
20 9 17 01 45 3270.00000 9.63000000 237.29000 44.40000 15.39000 158.77800
20 9 17 01 45 3263.80000 9.63000000 237.30000 44.40000 15.39000 158.77800
20 9 17 01 46 3263.80000 9.63000000 237.30000 44.40000 15.39000 158.77800
20 9 17 01 46 3277.20000 9.63000000 237.30000 44.40000 15.39000 158.77800
20 9 17 01 47 3277.20000 9.63000000 237.30000 44.40000 15.39000 158.77800
20 9 17 01 47 3277.20000 9.63000000 237.30000 44.40000 15.39000 158.77800
20 9 17 01 47 3271.10000 9.63000000 237.23000 44.40000 15.39000 158.77800
20 9 17 01 48 3271.10000 9.63000000 235.79000 44.40000 15.39000 158.77800
20 9 17 01 48 3271.10000 9.63000000 235.80000 44.40000 15.39000 158.77800
20 9 17 01 49 3267.10000 9.63000000 235.60000 44.40000 15.39000 158.77800
20 9 17 01 49 3265.10000 9.63000000 235.60000 44.40000 15.39000 158.77800
20 9 17 01 50 3265.10000 9.63000000 235.60000 44.40000 15.39000 158.77800
20 9 17 01 50 3265.00000 9.63000000 235.60000 44.40000 15.39000 158.77800
20 9 17 01 50 3261.90000 9.63000000 235.60000 44.10000 15.39000 158.77800
20 9 17 01 51 3261.90000 9.63000000 235.60000 44.10000 15.39000 158.77800
20 9 17 01 51 3266.60000 9.63000000 235.60000 44.32000 15.39000 158.77800
20 9 17 01 52 3266.60000 9.63000000 235.60000 44.32000 15.47800 158.77800
20 9 17 01 52 3265.00000 9.63000000 236.20000 44.32000 15.47600 158.77800
20 9 17 01 53 3265.00000 9.63000000 236.20000 44.32000 15.47600 158.77800
20 9 17 01 53 3266.20000 9.63000000 236.20000 44.32000 15.47600 158.77800
20 9 17 01 53 3266.50000 9.63000000 236.20000 44.32000 15.47600 158.77800
20 9 17 01 54 3266.20000 9.63000000 236.20000 44.32000 15.47600 158.77800
20 9 17 01 54 3266.20000 9.63000000 236.20000 44.32000 15.47600 158.77800
20 9 17 01 55 3266.20000 9.63000000 236.20000 44.32000 15.47600 158.77800
20 9 17 01 55 3265.60000 9.63000000 236.20000 44.32000 15.47600 158.77800
20 9 17 01 56 3266.20000 9.63000000 236.20000 44.32000 15.47600 158.77800
20 9 17 01 56 3266.20000 9.52800000 236.01000 44.32000 15.47600 158.77800
20 9 17 01 56 3266.20000 9.52800000 236.01000 44.32000 15.47600 158.77800
20 9 17 01 57 3256.00000 9.52800000 236.01000 44.05000 15.47600 158.77800
20 9 17 01 57 3253.20000 9.52800000 236.00000 44.05000 15.47600 158.77800
20 9 17 01 58 3256.10000 9.52800000 235.00000 44.00000 15.47600 158.77800
20 9 17 01 58 3240.00000 9.52800000 235.16000 44.00000 15.47600 158.77800
20 9 17 01 59 3245.30000 9.52700000 235.16000 44.00000 15.47600 158.77800
20 9 17 01 59 3245.30000 9.52700000 235.16000 44.00000 15.47600 158.77800
20 9 17 01 59 3237.10000 9.52700000 235.16000 43.98000 15.47600 158.77800
20 9 17 02 00 3252.20000 9.52700000 235.96000 43.98000 15.47600 158.77800
20 9 17 02 00 3251.20000 9.52700000 235.96000 43.98000 15.47600 158.77800
20 9 17 02 01 3251.10000 9.52700000 235.96000 43.84000 15.47600 158.77800
20 9 17 02 01 3248.60000 9.59600000 235.96000 43.82000 15.47600 158.77800
20 9 17 02 02 3248.60000 9.59600000 235.96000 43.81000 15.47600 158.77800
20 9 17 02 02 3248.60000 9.59600000 235.96000 43.81000 15.47600 158.77800
20 9 17 02 02 3246.90000 9.59600000 235.96000 43.81000 15.47600 158.77800
20 9 17 02 03 3252.00000 9.59600000 235.96000 43.80000 15.47600 158.77800
20 9 17 02 03 3247.00000 9.59600000 235.96000 43.80000 15.47600 156.53000
20 9 17 02 04 3257.00000 9.59600000 235.96000 43.80000 15.47600 156.53000
20 9 17 02 04 3268.50000 9.59600000 235.96000 43.80000 15.47600 156.53000
20 9 17 02 05 3279.80000 9.59600000 235.96000 43.80000 15.47600 156.53000
20 9 17 02 05 3273.50000 9.59600000 235.96000 43.80000 15.47600 156.53000
20 9 17 02 05 3262.50000 9.59600000 236.00000 43.76000 15.47600 156.53000
20 9 17 02 06 3262.50000 9.59600000 236.00000 43.80000 15.47600 156.53000
20 9 17 02 06 3262.80000 9.59600000 236.00000 43.80000 15.47600 156.53000
20 9 17 02 07 3272.40000 9.59600000 236.20000 43.79000 15.47600 156.53000
20 9 17 02 07 3272.40000 9.59600000 236.91000 43.80000 15.47600 156.53000
20 9 17 02 08 3272.40000 9.59600000 236.50000 43.80000 15.47600 156.53000
20 9 17 02 08 3263.30000 9.59600000 236.50000 43.80000 15.47600 156.53000
20 9 17 02 08 3263.30000 9.53000000 236.50000 43.80000 15.47600 156.53000
20 9 17 02 09 3263.40000 9.53000000 236.50000 43.80000 15.47600 156.53000
20 9 17 02 09 3263.40000 9.53000000 236.50000 43.80000 15.47600 156.53000
20 9 17 02 10 3263.30000 9.53000000 236.50000 43.80000 15.47600 156.53000
20 9 17 02 10 3263.30000 9.53000000 236.50000 43.80000 15.47600 156.53000
20 9 17 02 11 3258.40000 9.53000000 236.50000 43.80000 15.47600 156.53000
20 9 17 02 11 3258.40000 9.53000000 235.61000 43.80000 15.47600 156.53000
20 9 17 02 11 3257.90000 9.53000000 236.20000 43.80000 15.47600 156.53000
20 9 17 02 12 3257.90000 9.53000000 236.20000 43.80000 15.47600 156.53000
20 9 17 02 12 3263.50000 9.53000000 236.20000 43.80000 15.47600 156.53000
20 9 17 02 13 3263.50000 9.53000000 236.20000 43.80000 15.47600 156.53000
20 9 17 02 13 3268.60000 9.53000000 236.00000 43.99000 15.47600 156.53000
20 9 17 02 13 3268.60000 9.53000000 236.00000 43.99000 15.47600 156.53000
20 9 17 02 14 3268.70000 9.53000000 236.01000 44.03000 15.47600 156.53000
20 9 17 02 14 3268.70000 9.53000000 236.01000 44.03000 15.47600 156.53000
20 9 17 02 15 3273.50000 9.53000000 236.01000 44.03000 15.47600 156.53000
20 9 17 02 15 3274.20000 9.53000000 236.01000 44.03000 15.47600 156.53000
20 9 17 02 16 3274.20000 9.53000000 236.01000 44.02000 15.47600 156.53000
20 9 17 02 16 3279.20000 9.53000000 236.40000 44.02000 15.47600 156.53000
20 9 17 02 17 3279.20000 9.53000000 236.40000 44.42000 15.47600 156.53000
20 9 17 02 17 3279.20000 9.53000000 236.40000 44.42000 15.47600 156.53000
20 9 17 02 17 3279.00000 9.53000000 236.40000 44.03000 15.47600 156.53000
20 9 17 02 18 3279.00000 9.53000000 236.40000 44.03000 15.47600 156.70000
20 9 17 02 18 3279.00000 9.53000000 236.73000 44.03000 15.47600 156.70000
20 9 17 02 19 3279.00000 9.53000000 236.73000 44.03000 15.47600 156.70000
20 9 17 02 19 3281.00000 9.53000000 236.73000 44.03000 15.47600 156.70000
20 9 17 02 19 3281.00000 9.53000000 236.99000 44.03000 15.41500 156.70000
20 9 17 02 20 3284.90000 9.53000000 236.99000 44.03000 15.41500 156.70000
20 9 17 02 20 3280.00000 9.53000000 236.99000 44.03000 15.41500 156.70000
20 9 17 02 21 3280.10000 9.53000000 236.99000 44.03000 15.41500 156.70000
20 9 17 02 21 3280.10000 9.53000000 236.99000 44.03000 15.41500 156.70000
20 9 17 02 22 3280.10000 9.53000000 236.99000 44.03000 15.41500 156.70000
20 9 17 02 22 3284.90000 9.53000000 236.99000 44.03000 15.41500 156.70000
20 9 17 02 23 3284.90000 9.53000000 237.48000 44.31000 15.41500 156.70000
20 9 17 02 23 3284.90000 9.59600000 237.49000 44.31000 15.41500 156.70000
20 9 17 02 23 3284.90000 9.59600000 237.49000 44.31000 15.41500 156.70000
20 9 17 02 24 3284.90000 9.59600000 237.49000 44.31000 15.41500 156.70000
20 9 17 02 24 3284.90000 9.59600000 237.20000 44.31000 15.41500 156.70000
20 9 17 02 25 3284.90000 9.59600000 237.20000 44.31000 15.41500 156.70000
20 9 17 02 25 3281.00000 9.59600000 237.20000 44.31000 15.41500 156.70000
20 9 17 02 25 3270.50000 9.59600000 237.20000 44.31000 15.41500 156.70000
20 9 17 02 26 3270.50000 9.59600000 236.48000 44.31000 15.41500 156.70000
20 9 17 02 26 3280.00000 9.59600000 236.48000 44.31000 15.41500 156.70000
20 9 17 02 27 3271.20000 9.59600000 236.48000 44.31000 15.41500 156.70000
20 9 17 02 27 3271.20000 9.59600000 236.48000 44.31000 15.41500 156.70000
20 9 17 02 28 3271.20000 9.59600000 236.31000 44.08000 15.41500 156.70000
20 9 17 02 28 3271.20000 9.59600000 236.20000 44.08000 15.41500 156.70000
20 9 17 02 28 3271.20000 9.59600000 236.20000 44.05000 15.41500 156.70000
20 9 17 02 29 3271.20000 9.59600000 237.46000 44.05000 15.41500 156.53000
20 9 17 02 29 3274.10000 9.59600000 237.46000 44.05000 15.41500 156.53000
20 9 17 02 30 3274.10000 9.59600000 236.56000 44.05000 15.41500 156.53000
20 9 17 02 30 3274.20000 9.59600000 236.56000 44.05000 15.41500 156.53000
20 9 17 02 31 3274.20000 9.59600000 236.56000 43.97000 15.41500 156.53000
20 9 17 02 31 3274.20000 9.59000000 236.56000 43.97000 15.41500 156.53000
20 9 17 02 31 3284.20000 9.59000000 236.56000 43.97000 15.41500 156.53000
20 9 17 02 32 3284.20000 9.59000000 236.56000 43.97000 15.41500 156.53000
20 9 17 02 32 3283.90000 9.59000000 236.55000 43.97000 15.41500 156.53000
20 9 17 02 33 3283.90000 9.59000000 236.55000 43.97000 15.41500 156.53000
20 9 17 02 33 3283.90000 9.59000000 236.55000 43.97000 15.41500 156.53000
20 9 17 02 34 3283.60000 9.59000000 236.55000 43.97000 15.41500 156.53000
20 9 17 02 34 3283.60000 9.59000000 236.55000 43.97000 15.41500 156.53000
20 9 17 02 34 3283.40000 9.59000000 236.55000 43.97000 15.41500 156.53000
20 9 17 02 35 3275.00000 9.59000000 236.35000 43.97000 15.41500 156.53000
20 9 17 02 35 3275.00000 9.59000000 236.35000 43.97000 15.41500 156.53000
20 9 17 02 36 3275.00000 9.59000000 236.07000 43.97000 15.49500 156.53000
20 9 17 02 36 3281.80000 9.59000000 236.35000 43.97000 15.49500 156.53000
20 9 17 02 37 3281.80000 9.59000000 236.35000 43.97000 15.49500 156.53000
20 9 17 02 37 3281.80000 9.59000000 236.35000 43.97000 15.49400 156.53000
20 9 17 02 37 3263.40000 9.59000000 236.35000 43.97000 15.49400 156.53000
20 9 17 02 38 3263.40000 9.59000000 236.35000 43.97000 15.49400 156.53000
20 9 17 02 38 3263.40000 9.59000000 236.35000 43.97000 15.49400 156.53000
20 9 17 02 39 3263.40000 9.59000000 236.35000 43.97000 15.49400 156.53000
20 9 17 02 39 3263.40000 9.59000000 236.35000 43.97000 15.49400 156.53000
20 9 17 02 40 3263.40000 9.59000000 236.35000 43.92000 15.49400 156.53000
20 9 17 02 40 3263.40000 9.59000000 236.30000 44.07000 15.49400 156.53000
20 9 17 02 40 3263.40000 9.59000000 236.30000 44.07000 15.49400 156.53000
20 9 17 02 41 3263.40000 9.59000000 236.30000 44.07000 15.49400 156.53000
20 9 17 02 41 3263.40000 9.59000000 236.30000 44.07000 15.49400 156.53000
20 9 17 02 42 3263.40000 9.59000000 236.30000 44.07000 15.49400 156.53000
20 9 17 02 42 3263.40000 9.59000000 236.30000 43.92000 15.49400 156.53000
20 9 17 02 43 3263.40000 9.59000000 236.26000 43.88000 15.49400 156.53000
20 9 17 02 43 3274.30000 9.59000000 236.23000 43.88000 15.49400 156.53000
20 9 17 02 43 3274.30000 9.59000000 236.23000 43.88000 15.49400 156.53000
20 9 17 02 44 3274.30000 9.59000000 236.23000 43.83000 15.49400 156.53000
20 9 17 02 44 3274.30000 9.59000000 236.23000 43.82000 15.49400 156.53000
20 9 17 02 45 3274.30000 9.59000000 236.23000 43.84000 15.49400 156.53000
20 9 17 02 45 3273.70000 9.59000000 236.23000 43.84000 15.49400 156.53000
20 9 17 02 45 3273.70000 9.59000000 236.28000 43.84000 15.49400 156.53000
20 9 17 02 46 3273.70000 9.59000000 236.28000 43.84000 15.49400 156.53000
20 9 17 02 46 3275.50000 9.59000000 235.78000 43.84000 15.49400 156.53000
20 9 17 02 47 3275.50000 9.59000000 235.78000 43.84000 15.49400 156.53000
20 9 17 02 47 3275.50000 9.59000000 235.78000 43.84000 15.49400 156.53000
20 9 17 02 48 3275.50000 9.59000000 235.78000 43.84000 15.49400 156.53000
20 9 17 02 48 3275.50000 9.59000000 235.78000 43.84000 15.49400 156.53000
20 9 17 02 48 3274.90000 9.59000000 235.78000 43.84000 15.49400 156.53000
20 9 17 02 49 3274.90000 9.59000000 235.78000 43.84000 15.49400 156.53000
20 9 17 02 49 3274.60000 9.59000000 235.78000 43.84000 15.49400 156.53000
20 9 17 02 50 3274.60000 9.59000000 235.78000 43.84000 15.49400 156.53000
20 9 17 02 50 3274.40000 9.59000000 235.78000 43.84000 15.49400 156.53000
20 9 17 02 51 3274.40000 9.59000000 235.78000 43.84000 15.49400 156.53000
20 9 17 02 51 3274.40000 9.59000000 235.78000 43.84000 15.49400 156.53000
20 9 17 02 51 3273.20000 9.59000000 235.78000 43.84000 15.49400 156.53000
20 9 17 02 52 3273.20000 9.59000000 235.78000 43.84000 15.49400 156.53000
20 9 17 02 52 3268.10000 9.59000000 235.78000 43.84000 15.49400 156.53000
20 9 17 02 53 3272.00000 9.59000000 235.78000 43.84000 15.49400 156.53000
20 9 17 02 53 3269.00000 9.59000000 235.78000 43.84000 15.49400 156.53000
20 9 17 02 54 3269.00000 9.59000000 235.78000 43.84000 15.49400 156.53000
20 9 17 02 54 3270.00000 9.59000000 236.28000 43.84000 15.49400 156.53000
20 9 17 02 54 3270.30000 9.59000000 236.30000 43.84000 15.49400 156.53000
20 9 17 02 55 3280.20000 9.59000000 236.30000 43.84000 15.49400 156.53000
20 9 17 02 55 3280.20000 9.59000000 236.85000 43.84000 15.49400 156.53000
20 9 17 02 56 3280.20000 9.59000000 236.82000 43.84000 15.49400 156.53000
20 9 17 02 56 3280.20000 9.59000000 236.82000 43.84000 15.49400 156.53000
20 9 17 02 57 3278.90000 9.59000000 236.82000 43.84000 15.49400 156.56000
20 9 17 02 57 3270.00000 9.59000000 236.82000 43.84000 15.49400 156.56000
20 9 17 02 57 3270.00000 9.59000000 236.81000 43.84000 15.49400 156.56000
20 9 17 02 58 3270.00000 9.59000000 236.81000 43.84000 15.49400 156.56000
20 9 17 02 58 3270.00000 9.59000000 236.81000 43.85000 15.49400 156.56000
20 9 17 02 59 3264.00000 9.59000000 236.85000 43.85000 15.49400 156.56000
20 9 17 02 59 3264.00000 9.59000000 236.62000 43.85000 15.49400 156.56000
20 9 17 03 00 3267.80000 9.59600000 236.62000 43.85000 15.49400 156.56000
20 9 17 03 00 3267.80000 9.59600000 236.62000 44.01000 15.49400 156.56000
20 9 17 03 00 3264.70000 9.59600000 236.62000 44.01000 15.49400 156.56000
20 9 17 03 01 3264.50000 9.59600000 236.62000 44.01000 15.49400 156.56000
20 9 17 03 01 3264.50000 9.59600000 236.26000 44.01000 15.49400 156.56000
20 9 17 03 02 3264.40000 9.68900000 236.26000 44.01000 15.49400 156.56000
20 9 17 03 02 3264.40000 9.68900000 236.26000 44.01000 15.49400 156.56000
20 9 17 03 03 3264.40000 9.68900000 236.26000 44.01000 15.49400 156.56000
20 9 17 03 03 3264.40000 9.68900000 236.26000 44.01000 15.33500 156.56000
20 9 17 03 03 3264.40000 9.68900000 236.26000 44.01000 15.33500 156.56000
20 9 17 03 04 3266.10000 9.68900000 236.30000 44.01000 15.33500 156.56000
20 9 17 03 04 3266.10000 9.68900000 236.30000 44.01000 15.33500 156.56000
20 9 17 03 05 3266.10000 9.68900000 236.30000 44.01000 15.33500 156.60000
20 9 17 03 05 3274.60000 9.68900000 236.30000 44.01000 15.33500 156.60000
20 9 17 03 06 3274.60000 9.68900000 236.30000 44.01000 15.33500 156.60000
20 9 17 03 06 3274.60000 9.68900000 236.30000 44.01000 15.33500 156.60000
20 9 17 03 06 3274.60000 9.68900000 236.30000 44.01000 15.33500 156.60000
20 9 17 03 07 3274.60000 9.68900000 236.30000 44.01000 15.33500 156.60000
20 9 17 03 07 3274.60000 9.68900000 236.26000 44.01000 15.33500 156.60000
20 9 17 03 08 3274.60000 9.68900000 236.26000 44.01000 15.33500 156.60000
20 9 17 03 08 3274.60000 9.68900000 236.26000 44.01000 15.33500 156.60000
20 9 17 03 09 3274.60000 9.68900000 236.26000 44.01000 15.49400 156.60000
20 9 17 03 09 3274.60000 9.59300000 236.26000 44.01000 15.49700 156.60000
20 9 17 03 09 3265.20000 9.59300000 236.26000 44.01000 15.49700 156.60000
20 9 17 03 10 3265.20000 9.59300000 236.25000 44.04000 15.49700 156.60000
20 9 17 03 10 3265.20000 9.59300000 236.25000 44.04000 15.49700 156.60000
20 9 17 03 11 3265.20000 9.59300000 236.24000 44.04000 15.49700 156.60000
20 9 17 03 11 3265.20000 9.59300000 236.24000 44.04000 15.49700 156.60000
20 9 17 03 12 3265.20000 9.59300000 236.24000 44.04000 15.49700 156.60000
20 9 17 03 12 3265.20000 9.59300000 236.24000 44.04000 15.49700 157.81400
20 9 17 03 12 3265.20000 9.59300000 236.24000 44.04000 15.49700 157.81400
20 9 17 03 13 3265.20000 9.59300000 236.24000 44.04000 15.49700 157.81400
20 9 17 03 13 3267.00000 9.59300000 236.24000 44.04000 15.49700 157.81400
20 9 17 03 14 3267.00000 9.59300000 236.22000 43.84000 15.49700 157.81400
20 9 17 03 14 3267.00000 9.59300000 236.22000 43.84000 15.49700 157.81400
20 9 17 03 15 3267.00000 9.59300000 236.22000 43.84000 15.49700 157.81400
20 9 17 03 15 3265.30000 9.59300000 236.22000 43.84000 15.49700 157.81400
20 9 17 03 15 3265.30000 9.59300000 236.22000 43.84000 15.49700 157.81400
20 9 17 03 16 3265.30000 9.59300000 235.69000 43.84000 15.49700 157.81400
20 9 17 03 16 3265.30000 9.59300000 235.47000 43.84000 15.49700 157.81400
20 9 17 03 17 3258.00000 9.59300000 235.47000 43.84000 15.49700 157.81400
20 9 17 03 17 3258.00000 9.59300000 235.47000 43.83000 15.49700 157.81400
20 9 17 03 18 3258.00000 9.59300000 235.47000 43.82000 15.49700 157.81400
20 9 17 03 18 3258.00000 9.59300000 235.47000 43.81000 15.49700 157.81400
20 9 17 03 18 3258.00000 9.59300000 235.47000 43.81000 15.49700 157.81400
20 9 17 03 19 3263.10000 9.50000000 235.56000 43.81000 15.49700 157.81400
20 9 17 03 19 3263.10000 9.50000000 235.56000 43.81000 15.49700 157.81400
20 9 17 03 20 3263.10000 9.50000000 235.56000 43.81000 15.49700 157.81400
20 9 17 03 20 3262.90000 9.50000000 235.56000 43.81000 15.49700 157.81400
20 9 17 03 21 3262.70000 9.50000000 235.56000 43.81000 15.49700 157.81400
20 9 17 03 21 3252.40000 9.50000000 235.79000 43.81000 15.49700 157.81400
20 9 17 03 21 3252.70000 9.50000000 236.20000 43.80000 15.49700 157.81400
20 9 17 03 22 3252.70000 9.50000000 236.20000 43.80000 15.49700 157.81400
20 9 17 03 22 3252.70000 9.50000000 236.20000 43.80000 15.49700 157.81400
20 9 17 03 23 3252.70000 9.50000000 236.20000 43.80000 15.49700 157.81400
20 9 17 03 23 3252.70000 9.50000000 236.20000 43.80000 15.49700 157.81400
20 9 17 03 24 3255.10000 9.50000000 236.20000 43.80000 15.49700 157.81400
20 9 17 03 24 3255.10000 9.50000000 236.20000 43.80000 15.49700 157.81400
20 9 17 03 24 3262.10000 9.50000000 236.20000 43.80000 15.49700 157.81400
20 9 17 03 25 3262.10000 9.50000000 236.20000 43.80000 15.49700 157.81400
20 9 17 03 25 3262.10000 9.50000000 236.20000 43.80000 15.49700 157.81400
20 9 17 03 26 3264.00000 9.50000000 236.72000 43.80000 15.49700 157.81400
20 9 17 03 26 3264.40000 9.50000000 235.79000 43.80000 15.49700 157.81400
20 9 17 03 27 3264.40000 9.50000000 235.79000 43.80000 15.49700 157.81400
20 9 17 03 27 3264.40000 9.50000000 235.79000 43.80000 15.49700 157.81400
20 9 17 03 27 3266.60000 9.50000000 235.79000 43.80000 15.49700 157.81400
20 9 17 03 28 3266.60000 9.50000000 235.79000 43.80000 15.49700 157.81400
20 9 17 03 28 3266.60000 9.50000000 235.79000 43.80000 15.49700 157.81400
20 9 17 03 29 3266.60000 9.50000000 235.79000 43.80000 15.49700 157.81400
20 9 17 03 29 3266.60000 9.50000000 235.79000 43.80000 15.49700 157.81400
20 9 17 03 29 3266.60000 9.50000000 236.46000 43.80000 15.49700 157.81400
20 9 17 03 30 3252.60000 9.50000000 236.46000 43.80000 15.49700 157.81400
20 9 17 03 30 3252.60000 9.50000000 236.46000 43.80000 15.49700 157.81400
20 9 17 03 31 3252.50000 9.50000000 236.46000 43.80000 15.49700 157.81400
20 9 17 03 31 3252.50000 9.59100000 236.46000 43.80000 15.49700 157.81400
20 9 17 03 32 3252.50000 9.59100000 236.46000 43.87000 15.49700 157.81400
20 9 17 03 32 3264.90000 9.59100000 236.46000 43.80000 15.49700 157.81400
20 9 17 03 32 3264.90000 9.59100000 236.46000 43.80000 15.49700 157.81400
20 9 17 03 33 3264.90000 9.59100000 236.46000 43.80000 15.49700 157.81400
20 9 17 03 33 3264.90000 9.59100000 236.46000 43.80000 15.49700 157.81400
20 9 17 03 34 3259.00000 9.59100000 236.46000 43.80000 15.49700 157.81400
20 9 17 03 34 3259.00000 9.59100000 236.46000 43.80000 15.49700 157.81400
20 9 17 03 35 3259.00000 9.59100000 236.70000 43.80000 15.49700 157.81400
20 9 17 03 35 3259.00000 9.59100000 236.70000 43.80000 15.49700 157.81400
20 9 17 03 35 3259.00000 9.59100000 236.00000 43.80000 15.49700 157.81400
20 9 17 03 36 3259.00000 9.59100000 236.00000 43.80000 15.49700 157.81400
20 9 17 03 36 3259.00000 9.59100000 236.00000 43.80000 15.49700 157.81400
20 9 17 03 37 3259.90000 9.59100000 236.00000 43.80000 15.49700 157.81400
20 9 17 03 37 3259.90000 9.59100000 236.00000 43.80000 15.49700 157.81400
20 9 17 03 38 3259.90000 9.59100000 235.99000 43.80000 15.49700 157.81400
20 9 17 03 38 3259.90000 9.59100000 235.99000 43.80000 15.49700 157.81400
20 9 17 03 38 3260.00000 9.59100000 236.00000 43.80000 15.49700 157.81400
20 9 17 03 39 3260.00000 9.59100000 235.99000 43.80000 15.49700 157.81400
20 9 17 03 39 3259.70000 9.59100000 235.99000 43.80000 15.49700 157.81400
20 9 17 03 40 3257.80000 9.59100000 235.99000 43.80000 15.49700 157.81400
20 9 17 03 40 3260.00000 9.59100000 235.99000 43.80000 15.49700 157.81400
20 9 17 03 41 3260.00000 9.59100000 235.99000 43.80000 15.49700 157.81400
20 9 17 03 41 3260.00000 9.59100000 235.99000 43.80000 15.49700 157.81400
20 9 17 03 41 3260.00000 9.59100000 235.99000 43.75000 15.49700 157.81400
20 9 17 03 42 3260.00000 9.59100000 235.99000 43.75000 15.49700 157.81400
20 9 17 03 42 3260.00000 9.59100000 235.99000 43.75000 15.49700 157.81400
20 9 17 03 43 3260.00000 9.59100000 236.48000 43.75000 15.49700 157.81400
20 9 17 03 43 3260.00000 9.59100000 236.48000 43.79000 15.49700 157.81400
20 9 17 03 44 3262.10000 9.59100000 236.48000 43.79000 15.49700 157.81400
20 9 17 03 44 3262.10000 9.59100000 236.07000 43.78000 15.49700 157.81400
20 9 17 03 44 3257.80000 9.59100000 236.07000 43.78000 15.49700 157.81400
20 9 17 03 45 3260.60000 9.59100000 236.07000 43.78000 15.49700 157.81400
20 9 17 03 45 3260.50000 9.59100000 236.07000 43.77000 15.49700 157.81400
20 9 17 03 46 3260.50000 9.59100000 236.07000 43.75000 15.49700 157.81400
20 9 17 03 46 3260.50000 9.59100000 236.07000 43.75000 15.49700 157.81400
20 9 17 03 47 3260.60000 9.59100000 236.07000 43.75000 15.49700 157.81400
20 9 17 03 47 3257.80000 9.59100000 236.08000 43.75000 15.49700 157.81400
20 9 17 03 47 3257.80000 9.59100000 236.08000 43.75000 15.49700 157.81400
20 9 17 03 48 3260.50000 9.59100000 235.99000 43.75000 15.49700 157.81400
20 9 17 03 48 3252.10000 9.59100000 235.99000 43.75000 15.49700 157.00000
20 9 17 03 49 3255.90000 9.59100000 235.50000 43.75000 15.49700 157.00000
20 9 17 03 49 3249.00000 9.59100000 235.99000 43.72000 15.49700 157.00000
20 9 17 03 50 3252.10000 9.59100000 235.99000 43.70000 15.49700 157.00000
20 9 17 03 50 3252.10000 9.59100000 235.96000 43.70000 15.49700 157.00000
20 9 17 03 50 3245.10000 9.59100000 235.96000 43.70000 15.49700 157.00000
20 9 17 03 51 3251.50000 9.59100000 235.96000 43.71000 15.49700 157.00000
20 9 17 03 51 3251.90000 9.59100000 235.60000 43.71000 15.49700 157.00000
20 9 17 03 52 3251.50000 9.59100000 235.33000 43.71000 15.49700 157.00000
20 9 17 03 52 3251.20000 9.59100000 235.33000 43.71000 15.49700 157.00000
20 9 17 03 52 3251.20000 9.59100000 235.33000 43.59000 15.49700 157.00000
20 9 17 03 53 3250.30000 9.59100000 235.02000 43.59000 15.49700 157.00000
20 9 17 03 53 3250.80000 9.59100000 235.02000 43.69000 15.49700 157.00000
20 9 17 03 54 3254.10000 9.59100000 235.02000 43.86000 15.49700 157.00000
20 9 17 03 54 3254.10000 9.59100000 235.02000 43.51000 15.49700 157.00000
20 9 17 03 55 3250.80000 9.59100000 235.02000 43.50000 15.49700 157.00000
20 9 17 03 55 3250.30000 9.59100000 235.02000 43.50000 15.49700 157.00000
20 9 17 03 55 3250.00000 9.59100000 235.52000 43.50000 15.49700 157.00000
20 9 17 03 56 3250.00000 9.59100000 235.52000 43.50000 15.49700 157.00000
20 9 17 03 56 3250.00000 9.59100000 235.52000 43.50000 15.49700 157.00000
20 9 17 03 57 3249.70000 9.59100000 235.69000 43.50000 15.49700 157.00000
20 9 17 03 57 3249.70000 9.59100000 235.60000 43.50000 15.49700 157.00000
20 9 17 03 58 3249.70000 9.59100000 235.04000 43.50000 15.49700 157.00000
20 9 17 03 58 3249.80000 9.59100000 235.05000 43.50000 15.49700 157.00000
20 9 17 03 58 3250.00000 9.59100000 235.05000 43.53000 15.49700 157.00000
20 9 17 03 59 3250.00000 9.50000000 235.05000 43.53000 15.49700 157.00000
20 9 17 03 59 3250.00000 9.50000000 235.05000 43.50000 15.49700 157.00000
20 9 17 04 00 3249.50000 9.50000000 235.52000 43.50000 15.49700 157.00000
20 9 17 04 00 3248.00000 9.50000000 235.52000 43.49000 15.49700 157.00000
20 9 17 04 01 3248.00000 9.50000000 235.52000 43.49000 15.49700 157.00000
20 9 17 04 01 3247.00000 9.50000000 235.52000 43.49000 15.49700 157.00000
20 9 17 04 01 3246.80000 9.50000000 235.52000 43.42000 15.49700 157.00000
20 9 17 04 02 3236.00000 9.50000000 235.52000 43.42000 15.49700 157.00000
20 9 17 04 02 3234.20000 9.50000000 235.10000 43.42000 15.49700 157.00000
20 9 17 04 03 3245.20000 9.50000000 235.24000 43.42000 15.49700 157.00000
20 9 17 04 03 3245.00000 9.50000000 235.24000 43.42000 15.49700 157.00000
20 9 17 04 04 3245.00000 9.50000000 235.24000 43.42000 15.49700 157.00000
20 9 17 04 04 3244.80000 9.50000000 235.24000 43.40000 15.49700 157.00000
20 9 17 04 04 3234.40000 9.50000000 235.24000 43.40000 15.49700 157.00000
20 9 17 04 05 3234.40000 9.50000000 235.00000 43.40000 15.49700 157.00000
20 9 17 04 05 3244.20000 9.50000000 235.26000 43.40000 15.49700 157.00000
20 9 17 04 06 3244.20000 9.50000000 235.28000 43.40000 15.49700 157.00000
20 9 17 04 06 3244.20000 9.50000000 234.29000 43.40000 15.49700 157.00000
20 9 17 04 07 3244.20000 9.50000000 234.29000 43.34000 15.49700 157.00000
20 9 17 04 07 3243.40000 9.50000000 234.29000 43.34000 15.49700 157.00000
20 9 17 04 07 3237.50000 9.50000000 234.29000 43.31000 15.49700 157.00000
20 9 17 04 08 3238.10000 9.50000000 234.85000 43.30000 15.49700 157.00000
20 9 17 04 08 3235.00000 9.50000000 234.80000 43.30000 15.49700 157.00000
20 9 17 04 09 3235.00000 9.50000000 234.80000 43.29000 15.49700 157.00000
20 9 17 04 09 3235.00000 9.50000000 234.80000 43.29000 15.49700 157.00000
20 9 17 04 10 3235.00000 9.50000000 234.80000 43.22000 15.49700 157.00000
20 9 17 04 10 3234.90000 9.50000000 234.72000 43.22000 15.49700 157.00000
20 9 17 04 10 3234.80000 9.50000000 234.25000 43.20000 15.49700 157.00000
20 9 17 04 11 3234.90000 9.50000000 234.25000 43.20000 15.49700 157.00000
20 9 17 04 11 3235.00000 9.50000000 234.23000 43.20000 15.49700 157.00000
20 9 17 04 12 3235.00000 9.50000000 234.12000 43.18000 15.49700 157.00000
20 9 17 04 12 3235.00000 9.50000000 234.12000 43.18000 15.49700 157.00000
20 9 17 04 13 3235.00000 9.50000000 234.12000 43.18000 15.49700 157.00000
20 9 17 04 13 3233.80000 9.50000000 234.12000 43.18000 15.49700 157.00000
20 9 17 04 13 3233.70000 9.50000000 234.10000 43.16000 15.49700 157.00000
20 9 17 04 14 3227.10000 9.50000000 234.00000 43.16000 15.49700 157.00000
20 9 17 04 14 3227.10000 9.50000000 233.60000 43.16000 15.49700 157.00000
20 9 17 04 15 3220.00000 9.50000000 233.62000 43.17000 15.49700 157.00000
20 9 17 04 15 3211.60000 9.50000000 233.60000 43.17000 15.49700 156.53000
20 9 17 04 15 3224.00000 9.50000000 233.56000 43.16000 15.49700 156.50000
20 9 17 04 16 3232.40000 9.50000000 233.56000 43.16000 15.49700 156.50000
20 9 17 04 16 3219.40000 9.50000000 233.61000 43.16000 15.49700 156.50000
20 9 17 04 17 3220.00000 9.50000000 233.54000 43.15000 15.49700 156.54000
20 9 17 04 17 3235.70000 9.50000000 233.50000 43.15000 15.49700 156.51000
20 9 17 04 18 3232.10000 9.50000000 233.50000 43.15000 15.49700 156.52000
20 9 17 04 18 3220.50000 9.49400000 233.50000 43.15000 15.49700 156.51000
20 9 17 04 18 3231.90000 9.49400000 233.55000 43.15000 15.49700 156.50000
20 9 17 04 19 3231.90000 9.49400000 233.50000 43.15000 15.49700 156.50000
20 9 17 04 19 3232.10000 9.49400000 233.50000 43.15000 15.49700 156.50000
20 9 17 04 20 3232.10000 9.46100000 233.36000 43.15000 15.49700 156.50000
20 9 17 04 20 3231.90000 9.46000000 233.20000 43.15000 15.49700 156.25100
20 9 17 04 21 3229.30000 9.46000000 233.36000 43.15000 15.49700 156.24900
20 9 17 04 21 3220.00000 9.46000000 233.36000 43.15000 15.49700 156.19000
20 9 17 04 22 3212.90000 9.46000000 233.22000 43.15000 15.49700 156.19000
20 9 17 04 22 3230.70000 9.46000000 233.31000 43.15000 15.49700 156.19000
20 9 17 04 22 3229.30000 9.46000000 233.12000 43.15000 15.49700 156.19000
20 9 17 04 23 3227.20000 9.46000000 233.12000 43.11000 15.49700 156.19000
20 9 17 04 23 3223.50000 9.46000000 233.36000 43.10000 15.49700 156.19000
20 9 17 04 24 3210.00000 9.46000000 233.36000 43.10000 15.49700 156.07300
20 9 17 04 24 3210.00000 9.46000000 233.36000 43.03000 15.49700 156.00000
20 9 17 04 24 3210.00000 9.46000000 233.10000 43.01000 15.49700 155.04000
20 9 17 04 25 3210.00000 9.46000000 233.10000 43.00000 15.49700 155.04000
20 9 17 04 25 3210.00000 9.46000000 233.10000 42.98000 15.49700 155.04000
20 9 17 04 26 3210.00000 9.46000000 233.18000 42.80000 15.49700 155.04000
20 9 17 04 26 3210.00000 9.46000000 233.10000 42.80000 15.49700 155.04000
20 9 17 04 27 3210.00000 9.46000000 233.10000 42.80000 15.49700 155.04000
20 9 17 04 27 3208.10000 9.46000000 233.10000 42.80000 15.49700 155.04000
20 9 17 04 27 3209.00000 9.46000000 233.10000 42.80000 15.49700 155.04000
20 9 17 04 28 3209.00000 9.46000000 233.10000 42.89000 15.49700 155.04000
20 9 17 04 28 3209.00000 9.46000000 233.10000 42.82000 15.49700 155.04000
20 9 17 04 29 3209.00000 9.46000000 233.10000 42.82000 15.49700 155.02000
20 9 17 04 29 3208.10000 9.46000000 233.30000 42.82000 15.49700 155.02000
20 9 17 04 30 3208.10000 9.46000000 233.10000 42.80000 15.49700 155.02000
20 9 17 04 30 3208.10000 9.46000000 233.10000 42.80000 15.49700 155.02000
20 9 17 04 30 3208.10000 9.45000000 233.10000 42.80000 15.49700 155.02000
20 9 17 04 31 3208.10000 9.45000000 233.45000 42.91000 15.49700 155.02000
20 9 17 04 31 3209.00000 9.45000000 232.81000 42.91000 15.49700 155.04000
20 9 17 04 32 3209.00000 9.45000000 232.27000 42.91000 15.49700 155.04000
20 9 17 04 32 3208.10000 9.45000000 232.00000 42.91000 15.49700 155.04000
20 9 17 04 33 3209.00000 9.45000000 233.50000 43.10000 15.49700 155.04000
20 9 17 04 33 3208.20000 9.45000000 233.50000 43.06000 15.49700 155.04000
20 9 17 04 33 3209.50000 9.45000000 233.00000 43.06000 15.49700 155.04000
20 9 17 04 34 3210.00000 9.42000000 233.00000 43.06000 15.49700 155.04000
20 9 17 04 34 3219.50000 9.42000000 233.49000 43.06000 15.49700 155.04000
20 9 17 04 35 3219.50000 9.42000000 233.00000 43.06000 15.49700 155.04000
20 9 17 04 35 3219.10000 9.42000000 233.00000 43.06000 15.49700 155.04000
20 9 17 04 36 3220.30000 9.42000000 233.00000 43.06000 15.49700 155.04000
20 9 17 04 36 3211.00000 9.40500000 233.00000 43.06000 15.49700 155.04000
20 9 17 04 36 3220.00000 9.40000000 233.43000 43.06000 15.49700 155.04000
20 9 17 04 37 3222.90000 9.40000000 233.55000 43.35000 15.49700 155.04000
20 9 17 04 37 3215.50000 9.40000000 233.53000 43.35000 15.49700 155.04000
20 9 17 04 38 3219.70000 9.40000000 233.55000 43.35000 15.49700 155.04000
20 9 17 04 38 3221.10000 9.40000000 233.55000 43.35000 15.49700 155.00000
20 9 17 04 39 3225.00000 9.40000000 233.01000 43.35000 15.49700 155.00000
20 9 17 04 39 3228.40000 9.40000000 233.63000 43.30000 15.49700 155.00000
20 9 17 04 39 3230.90000 9.40000000 234.20000 43.30000 15.49700 155.00000
20 9 17 04 40 3230.90000 9.40000000 233.63000 43.35000 15.49700 155.00000
20 9 17 04 40 3224.00000 9.40000000 233.63000 43.25000 15.49700 155.00000
20 9 17 04 41 3224.00000 9.40000000 233.25000 43.25000 15.49700 155.00000
20 9 17 04 41 3224.30000 9.40000000 233.25000 43.25000 15.49700 155.00000
20 9 17 04 42 3224.30000 9.40000000 233.25000 43.25000 15.49700 155.00000
20 9 17 04 42 3220.30000 9.40000000 233.29000 43.25000 15.49700 155.00000
20 9 17 04 42 3224.30000 9.40000000 233.00000 43.21000 15.49700 155.00000
20 9 17 04 43 3224.20000 9.40000000 233.00000 43.21000 15.49700 155.00000
20 9 17 04 43 3224.20000 9.40000000 233.00000 43.21000 15.49700 155.00000
20 9 17 04 44 3224.20000 9.40000000 233.86000 43.25000 15.49700 155.00000
20 9 17 04 44 3233.50000 9.40000000 233.86000 43.25000 15.49700 155.00000
20 9 17 04 44 3221.00000 9.40000000 233.86000 43.25000 15.49700 155.00000
20 9 17 04 45 3232.90000 9.40000000 233.86000 43.25000 15.49700 155.00000
20 9 17 04 45 3224.30000 9.40000000 233.86000 43.25000 15.49700 155.00000
20 9 17 04 46 3232.60000 9.40000000 234.00000 43.25000 15.49700 155.00000
20 9 17 04 46 3227.00000 9.40000000 234.00000 43.42000 15.49700 155.00000
20 9 17 04 47 3220.00000 9.40000000 234.60000 43.42000 15.49700 155.00000
20 9 17 04 47 3220.00000 9.40000000 234.01000 43.40000 15.49700 155.00000
20 9 17 04 47 3220.00000 9.40000000 234.00000 43.40000 15.49700 155.00000
20 9 17 04 48 3220.00000 9.40000000 234.00000 43.40000 15.23300 155.00000
20 9 17 04 48 3220.00000 9.40000000 233.86000 43.51000 15.23300 155.00000
20 9 17 04 49 3220.00000 9.40000000 234.39000 43.51000 15.23300 155.00000
20 9 17 04 49 3220.00000 9.40000000 234.39000 43.51000 15.23300 155.00000
20 9 17 04 50 3220.00000 9.40000000 234.39000 43.51000 15.23300 155.23000
20 9 17 04 50 3232.80000 9.40000000 234.33000 43.51000 15.23300 155.23000
20 9 17 04 50 3232.80000 9.40000000 234.31000 43.51000 15.23300 155.23000
20 9 17 04 51 3232.80000 9.40000000 234.31000 43.51000 15.23300 155.23000
20 9 17 04 51 3228.20000 9.40000000 234.14000 43.51000 15.23300 155.23000
20 9 17 04 52 3236.00000 9.40000000 234.14000 43.51000 15.23300 155.23000
20 9 17 04 52 3229.30000 9.40000000 234.00000 43.51000 15.23300 155.23000
20 9 17 04 53 3230.10000 9.40000000 234.12000 43.51000 15.23300 155.23000
20 9 17 04 53 3230.10000 9.40000000 234.12000 43.50000 15.23300 155.23000
20 9 17 04 53 3230.10000 9.40000000 233.99000 43.50000 15.23300 155.23000
20 9 17 04 54 3232.20000 9.40000000 233.99000 43.45000 15.23300 155.23000
20 9 17 04 54 3236.30000 9.40000000 233.99000 43.45000 15.23300 155.23000
20 9 17 04 55 3240.00000 9.40000000 234.00000 43.45000 15.23300 155.23000
20 9 17 04 55 3239.80000 9.40000000 234.03000 43.45000 15.23300 155.23000
20 9 17 04 56 3236.40000 9.40000000 234.03000 43.45000 15.23300 155.23000
20 9 17 04 56 3238.20000 9.40000000 234.03000 43.45000 15.23300 155.23000
20 9 17 04 56 3237.80000 9.40000000 234.10000 43.45000 15.23300 155.23000
20 9 17 04 57 3238.10000 9.40000000 234.11000 43.45000 15.23300 155.23000
20 9 17 04 57 3237.50000 9.40000000 234.11000 43.45000 15.23300 155.23000
20 9 17 04 58 3237.40000 9.40000000 234.40000 43.45000 15.23300 155.34000
20 9 17 04 58 3237.90000 9.40000000 234.41000 43.45000 15.23300 155.34000
20 9 17 04 59 3237.90000 9.40000000 234.39000 43.45000 15.23300 155.34000
20 9 17 04 59 3237.90000 9.40000000 234.40000 43.45000 15.23300 155.34000
20 9 17 04 59 3237.90000 9.40000000 234.00000 43.45000 15.23300 155.34000
20 9 17 05 00 3237.80000 9.40000000 233.21000 43.45000 15.22600 155.34000
20 9 17 05 00 3237.70000 9.40000000 233.21000 43.38000 15.22600 155.34000
20 9 17 05 01 3237.20000 9.40000000 233.51000 43.38000 15.22600 155.34000
20 9 17 05 01 3231.70000 9.40000000 233.97000 43.40000 15.22600 155.34000
20 9 17 05 02 3231.70000 9.40000000 233.96000 43.28000 15.22600 155.34000
20 9 17 05 02 3232.70000 9.40000000 233.96000 43.28000 15.22600 155.34000
20 9 17 05 02 3232.50000 9.40000000 233.96000 43.28000 15.22600 155.34000
20 9 17 05 03 3230.50000 9.40000000 233.94000 43.25000 15.22600 155.34000
20 9 17 05 03 3230.50000 9.40000000 233.00000 43.21000 15.22600 155.34000
20 9 17 05 04 3220.00000 9.40000000 234.16000 43.21000 15.22600 155.34000
20 9 17 05 04 3225.10000 9.40000000 233.03000 43.15000 15.22600 155.34000
20 9 17 05 05 3220.10000 9.40000000 233.88000 43.15000 15.22600 155.34000
20 9 17 05 05 3227.20000 9.40000000 233.84000 43.15000 15.22600 155.34000
20 9 17 05 05 3227.10000 9.40000000 233.03000 43.15000 15.22600 155.34000
20 9 17 05 06 3226.90000 9.40000000 233.03000 43.15000 15.22600 155.34000
20 9 17 05 06 3226.40000 9.40000000 233.03000 43.15000 15.22600 155.34000
20 9 17 05 07 3220.00000 9.40000000 233.10000 43.15000 15.22600 155.34000
20 9 17 05 07 3210.00000 9.40000000 233.10000 43.20000 15.22600 155.34000
20 9 17 05 08 3210.00000 9.40000000 232.80000 43.20000 15.22600 155.34000
20 9 17 05 08 3216.20000 9.40000000 232.80000 43.20000 15.22600 155.34000
20 9 17 05 08 3219.80000 9.40000000 232.51000 43.15000 15.22600 155.34000
20 9 17 05 09 3219.70000 9.40000000 232.51000 43.15000 15.22600 155.34000
20 9 17 05 09 3224.30000 9.40000000 232.61000 43.15000 15.22600 155.34000
20 9 17 05 10 3221.00000 9.40000000 232.61000 43.15000 15.22600 155.34000
20 9 17 05 10 3221.10000 9.40000000 232.80000 43.15000 15.22600 155.34000
20 9 17 05 11 3221.00000 9.40000000 232.80000 43.15000 15.22600 155.34000
20 9 17 05 11 3221.00000 9.40000000 232.80000 43.15000 15.22600 155.34000
20 9 17 05 11 3221.00000 9.40000000 232.80000 43.28000 15.22600 155.34000
20 9 17 05 12 3224.60000 9.40000000 232.80000 43.29000 15.22600 155.34000
20 9 17 05 12 3224.60000 9.40000000 232.80000 43.28000 15.22600 155.50000
20 9 17 05 13 3224.60000 9.42000000 232.80000 43.15000 15.22600 155.50000
20 9 17 05 13 3224.60000 9.42000000 232.80000 43.15000 15.22600 155.50000
20 9 17 05 14 3224.60000 9.42000000 232.80000 42.92000 15.22600 155.50000
20 9 17 05 14 3224.60000 9.42000000 232.80000 42.92000 15.22600 155.50000
20 9 17 05 14 3224.60000 9.42000000 232.80000 42.92000 15.22600 155.50000
20 9 17 05 15 3224.60000 9.42000000 232.80000 42.92000 15.22600 155.50000
20 9 17 05 15 3224.60000 9.42000000 232.80000 43.15000 15.22600 155.50000
20 9 17 05 16 3229.30000 9.42000000 232.80000 43.15000 15.22600 155.50000
20 9 17 05 16 3228.90000 9.42000000 233.53000 43.15000 15.22600 155.50000
20 9 17 05 17 3231.40000 9.42000000 233.53000 43.15000 15.22600 155.50000
20 9 17 05 17 3231.40000 9.42000000 233.40000 43.15000 15.22600 155.50000
20 9 17 05 17 3231.40000 9.42000000 233.40000 43.15000 15.22600 155.50000
20 9 17 05 18 3236.30000 9.42000000 233.00000 43.15000 15.22600 155.50000
20 9 17 05 18 3233.90000 9.42000000 233.00000 43.15000 15.22600 155.50000
20 9 17 05 19 3233.50000 9.42000000 233.00000 43.15000 15.22600 155.50000
20 9 17 05 19 3233.20000 9.42000000 233.98000 43.16000 15.22600 155.50000
20 9 17 05 20 3233.10000 9.42000000 233.97000 43.16000 15.22600 155.50000
20 9 17 05 20 3232.70000 9.42000000 233.53000 43.11000 15.22600 155.50000
20 9 17 05 20 3232.70000 9.42000000 233.52000 43.11000 15.22600 155.50000
20 9 17 05 21 3232.90000 9.42000000 233.86000 43.11000 15.22600 155.50000
20 9 17 05 21 3225.60000 9.42000000 233.52000 43.11000 15.22600 155.50000
20 9 17 05 22 3211.90000 9.42000000 233.52000 43.11000 15.22600 155.50000
20 9 17 05 22 3229.70000 9.42000000 233.16000 43.11000 15.22600 155.50000
20 9 17 05 23 3224.90000 9.42000000 233.00000 43.11000 15.22600 155.50000
20 9 17 05 23 3224.90000 9.42000000 232.85000 42.90000 15.22600 156.00000
20 9 17 05 23 3224.90000 9.42000000 232.85000 43.13000 15.22600 156.00000
20 9 17 05 24 3220.10000 9.42000000 232.85000 43.13000 15.22600 156.00000
20 9 17 05 24 3215.30000 9.40000000 232.80000 43.15000 15.22600 156.00000
20 9 17 05 25 3210.20000 9.40000000 232.00000 43.13000 15.22600 156.00000
20 9 17 05 25 3224.20000 9.40000000 232.00000 43.12000 15.22600 156.00000
20 9 17 05 26 3220.00000 9.40000000 232.09000 43.12000 15.22600 156.00000
20 9 17 05 26 3215.30000 9.40000000 232.04000 43.10000 15.22600 156.00000
20 9 17 05 26 3216.10000 9.40000000 232.00000 43.10000 15.22600 156.00000
20 9 17 05 27 3215.00000 9.40000000 233.05000 43.10000 15.21800 156.00000
20 9 17 05 27 3212.00000 9.40000000 232.65000 43.10000 15.21800 155.50000
20 9 17 05 28 3215.00000 9.40000000 232.50000 43.10000 15.21800 155.50000
20 9 17 05 28 3216.10000 9.40000000 232.47000 43.11000 15.21800 155.50000
20 9 17 05 29 3216.10000 9.40000000 232.47000 43.11000 15.21800 155.50000
20 9 17 05 29 3215.20000 9.40000000 232.47000 43.11000 15.21800 155.50000
20 9 17 05 29 3216.00000 9.40000000 232.50000 43.15000 15.21800 155.50000
20 9 17 05 30 3216.10000 9.40000000 232.50000 43.15000 15.21800 155.50000
20 9 17 05 30 3215.00000 9.40000000 232.50000 43.40000 15.16200 155.50000
20 9 17 05 31 3216.10000 9.40000000 232.53000 43.40000 15.16200 155.50000
20 9 17 05 31 3216.10000 9.40000000 232.53000 43.38000 15.16200 155.50000
20 9 17 05 32 3216.10000 9.40000000 232.76000 43.38000 15.16200 155.50000
20 9 17 05 32 3217.00000 9.40000000 233.24000 43.38000 15.16200 155.50000
20 9 17 05 32 3223.20000 9.39700000 232.80000 43.38000 15.16200 155.50000
20 9 17 05 33 3217.10000 9.39700000 232.80000 43.38000 15.16200 155.50000
20 9 17 05 33 3222.70000 9.39700000 233.32000 43.38000 15.16200 155.50000
20 9 17 05 34 3222.70000 9.39700000 232.00000 43.29000 15.16200 155.50000
20 9 17 05 34 3219.90000 9.39700000 232.00000 43.29000 15.16200 155.50000
20 9 17 05 35 3219.90000 9.39700000 232.00000 43.37000 15.16200 155.50000
20 9 17 05 35 3220.00000 9.39600000 233.19000 43.37000 15.16200 155.50000
20 9 17 05 35 3227.10000 9.39600000 233.15000 43.37000 15.16200 155.50000
20 9 17 05 36 3225.30000 9.39600000 232.10000 43.37000 15.16200 155.50000
20 9 17 05 36 3235.70000 9.39600000 233.55000 43.29000 15.16200 155.50000
20 9 17 05 37 3230.50000 9.39600000 234.35000 43.29000 15.16200 155.50000
20 9 17 05 37 3237.00000 9.39600000 234.35000 43.29000 15.16200 155.50000
20 9 17 05 38 3241.10000 9.39600000 234.12000 43.29000 15.16200 155.50000
20 9 17 05 38 3253.90000 9.39600000 234.12000 43.29000 15.16200 155.50000
20 9 17 05 38 3260.30000 9.40000000 234.30000 43.31000 15.16200 155.50000
20 9 17 05 39 3263.90000 9.40000000 234.35000 43.30000 15.16200 155.50000
20 9 17 05 39 3255.00000 9.40000000 234.94000 43.30000 15.16200 155.50000
20 9 17 05 40 3255.00000 9.40000000 234.91000 43.30000 15.16200 155.50000
20 9 17 05 40 3260.20000 9.40000000 235.00000 43.30000 15.16200 155.50000
20 9 17 05 41 3260.10000 9.40000000 235.00000 43.50000 15.16200 155.50000
20 9 17 05 41 3255.00000 9.40000000 235.12000 43.60000 15.16200 155.50000
20 9 17 05 41 3255.00000 9.40000000 235.12000 43.50000 15.16200 155.50000
20 9 17 05 42 3254.00000 9.40000000 235.26000 43.50000 15.16200 155.50000
20 9 17 05 42 3250.00000 9.40000000 235.37000 43.50000 15.16200 155.50000
20 9 17 05 43 3250.00000 9.40000000 235.10000 43.50000 15.16200 155.50000
20 9 17 05 43 3242.50000 9.40000000 235.10000 43.50000 15.16200 155.50000
20 9 17 05 44 3250.00000 9.40000000 235.10000 43.50000 15.16200 155.50000
20 9 17 05 44 3250.00000 9.40000000 235.10000 43.32000 15.16200 155.50000
20 9 17 05 44 3247.00000 9.40000000 235.01000 43.32000 15.16200 155.50000
20 9 17 05 45 3244.00000 9.40000000 235.30000 43.32000 15.16200 155.50000
20 9 17 05 45 3251.00000 9.40000000 235.30000 43.32000 15.16200 155.50000
20 9 17 05 46 3263.60000 9.40000000 235.05000 43.32000 15.16200 155.50000
20 9 17 05 46 3263.40000 9.40000000 235.30000 43.32000 15.16200 155.50000
20 9 17 05 46 3268.70000 9.40000000 235.30000 43.50000 15.16200 155.50000
20 9 17 05 47 3265.70000 9.40000000 235.89000 43.50000 15.16200 155.50000
20 9 17 05 47 3268.50000 9.45000000 235.30000 43.50000 15.16200 155.50000
20 9 17 05 48 3273.60000 9.45000000 235.77000 43.88000 15.16200 155.50000
20 9 17 05 48 3273.60000 9.45000000 235.89000 43.88000 15.16200 155.50000
20 9 17 05 49 3274.00000 9.45000000 236.22000 43.88000 15.16200 157.99900
20 9 17 05 49 3274.00000 9.45000000 236.22000 43.88000 15.16200 157.99900
20 9 17 05 49 3274.60000 9.45000000 236.22000 43.70000 15.27100 157.99900
20 9 17 05 50 3274.80000 9.45000000 236.20000 43.70000 15.27100 157.99900
20 9 17 05 50 3274.60000 9.45000000 236.20000 43.70000 15.40000 157.94900
20 9 17 05 51 3274.30000 9.45000000 236.25000 43.90000 15.40000 157.94900
20 9 17 05 51 3274.20000 9.45000000 236.25000 43.90000 15.40000 157.94900
20 9 17 05 52 3274.30000 9.45000000 236.26000 43.94000 15.40000 157.94900
20 9 17 05 52 3268.80000 9.45000000 236.72000 43.94000 15.40000 157.94900
20 9 17 05 52 3268.80000 9.45000000 236.01000 43.93000 15.40000 157.94900
20 9 17 05 53 3271.70000 9.45000000 236.01000 43.93000 15.40000 157.94900
20 9 17 05 53 3267.10000 9.45000000 236.78000 43.93000 15.40000 157.94900
20 9 17 05 54 3267.10000 9.45000000 236.75000 43.93000 15.40000 157.94900
20 9 17 05 54 3267.10000 9.45000000 236.78000 43.93000 15.40000 157.94900
20 9 17 05 55 3267.00000 9.45000000 236.83000 43.93000 15.40000 157.94900
20 9 17 05 55 3271.70000 9.45000000 236.89000 43.93000 15.22500 157.94900
20 9 17 05 55 3271.70000 9.45000000 236.87000 43.90000 15.22500 157.94900
20 9 17 05 56 3271.70000 9.45000000 236.88000 43.90000 15.22500 157.94900
20 9 17 05 56 3268.90000 9.45000000 236.67000 43.90000 15.22500 157.94900
20 9 17 05 57 3268.00000 9.45000000 236.85000 43.91000 15.23500 157.94900
20 9 17 05 57 3268.90000 9.45000000 236.85000 43.91000 15.23500 157.94900
20 9 17 05 58 3268.80000 9.45000000 236.85000 43.93000 15.38100 157.94900
20 9 17 05 58 3268.80000 9.45000000 236.85000 43.91000 15.38100 157.94900
20 9 17 05 58 3271.00000 9.45000000 237.00000 43.91000 15.38100 157.94900
20 9 17 05 59 3271.00000 9.45000000 237.00000 43.93000 15.38100 157.94900
20 9 17 05 59 3272.00000 9.45000000 237.00000 43.91000 15.38100 157.94900
20 9 17 06 00 3270.20000 9.45000000 237.00000 43.91000 15.38100 157.72000
20 9 17 06 00 3269.20000 9.45000000 236.99000 43.91000 15.38100 157.72000
20 9 17 06 01 3272.00000 9.45000000 236.86000 43.91000 15.38100 156.42000
20 9 17 06 01 3267.80000 9.45000000 236.86000 43.91000 15.38100 156.42000
20 9 17 06 01 3266.70000 9.45000000 236.85000 43.91000 15.38100 156.42000
20 9 17 06 02 3267.20000 9.45000000 236.86000 43.90000 15.38100 156.42000
20 9 17 06 02 3267.20000 9.45000000 236.85000 43.90000 15.38100 156.42000
20 9 17 06 03 3267.30000 9.45000000 236.87000 43.90000 15.38100 156.42000
20 9 17 06 03 3267.10000 9.45000000 235.61000 43.90000 15.38100 156.42000
20 9 17 06 04 3267.10000 9.45000000 236.86000 43.89000 15.38100 156.42000
20 9 17 06 04 3267.10000 9.45000000 236.43000 43.90000 15.38100 156.42000
20 9 17 06 04 3267.10000 9.45000000 237.01000 43.90000 15.38100 156.42000
20 9 17 06 05 3266.00000 9.45000000 236.87000 43.91000 15.38100 156.42000
20 9 17 06 05 3266.90000 9.56200000 236.86000 43.91000 15.38100 156.42000
20 9 17 06 06 3266.00000 9.56200000 236.81000 43.91000 15.38100 156.42000
20 9 17 06 06 3260.00000 9.56200000 235.09000 43.93000 15.38100 156.42000
20 9 17 06 07 3265.60000 9.56200000 235.09000 43.93000 15.38100 156.42000
20 9 17 06 07 3260.00000 9.56200000 236.55000 43.93000 15.38100 156.42000
20 9 17 06 07 3260.00000 9.56200000 235.18000 43.70000 15.38100 156.42000
20 9 17 06 08 3250.00000 9.56200000 236.49000 43.70000 15.38100 156.42000
20 9 17 06 08 3259.50000 9.56200000 235.26000 43.60000 15.37300 156.42000
20 9 17 06 09 3258.10000 9.56200000 235.19000 43.60000 15.37300 156.42000
20 9 17 06 09 3258.10000 9.50200000 235.99000 43.59000 15.37300 156.42000
20 9 17 06 10 3252.00000 9.50200000 235.19000 43.59000 15.37300 156.42000
20 9 17 06 10 3252.00000 9.50200000 235.23000 43.59000 15.37300 156.42000
20 9 17 06 10 3252.00000 9.50200000 235.19000 43.59000 15.37300 156.42000
20 9 17 06 11 3252.00000 9.50200000 235.52000 43.59000 15.37300 156.42000
20 9 17 06 11 3252.00000 9.50200000 235.55000 43.59000 15.37300 157.37700
20 9 17 06 12 3256.60000 9.50200000 235.70000 43.59000 15.37300 157.37700
20 9 17 06 12 3256.60000 9.50200000 235.79000 43.59000 15.37300 157.37700
20 9 17 06 12 3256.50000 9.50000000 235.70000 43.59000 15.37300 157.37700
20 9 17 06 13 3257.00000 9.50000000 235.70000 43.59000 15.37300 157.37700
20 9 17 06 13 3256.90000 9.50000000 235.59000 43.59000 15.37300 157.37700
20 9 17 06 14 3256.90000 9.50000000 235.50000 43.92000 15.37300 157.37700
20 9 17 06 14 3267.50000 9.50000000 236.21000 43.92000 15.37300 157.37700
20 9 17 06 15 3267.60000 9.50000000 235.68000 43.92000 15.37300 157.37700
20 9 17 06 15 3273.70000 9.50000000 235.52000 43.92000 15.37300 157.37700
20 9 17 06 15 3273.90000 9.50000000 235.19000 43.65000 15.37300 157.37700
20 9 17 06 16 3264.90000 9.50000000 235.24000 43.65000 15.37300 157.37700
20 9 17 06 16 3272.70000 9.46400000 236.70000 43.65000 15.37300 157.37700
20 9 17 06 17 3268.20000 9.46400000 236.70000 43.65000 15.37300 157.37700
20 9 17 06 17 3268.20000 9.46400000 236.70000 43.65000 15.37300 157.37700
20 9 17 06 18 3270.00000 9.46400000 236.70000 43.96000 15.37300 157.37700
20 9 17 06 18 3279.80000 9.46400000 236.56000 43.96000 15.37300 157.37700
20 9 17 06 18 3280.30000 9.46400000 236.83000 43.96000 15.37300 157.37700
20 9 17 06 19 3274.40000 9.50000000 236.83000 43.96000 15.37300 157.37700
20 9 17 06 19 3279.50000 9.50000000 236.67000 43.96000 15.37300 157.37700
20 9 17 06 20 3279.50000 9.50000000 236.67000 43.75000 15.37300 157.37700
20 9 17 06 20 3279.50000 9.50000000 237.00000 43.85000 15.37300 157.37700
20 9 17 06 21 3280.00000 9.50000000 237.00000 43.96000 15.37300 157.37700
20 9 17 06 21 3284.00000 9.50000000 237.00000 43.96000 15.37300 157.37700
20 9 17 06 21 3283.90000 9.50000000 237.11000 43.96000 15.37300 159.36100
20 9 17 06 22 3284.90000 9.50000000 237.11000 43.96000 15.37300 159.36100
20 9 17 06 22 3284.80000 9.50000000 237.11000 43.96000 15.37300 159.36100
20 9 17 06 23 3284.90000 9.50000000 237.58000 43.96000 15.37300 159.36100
20 9 17 06 23 3284.80000 9.50000000 237.16000 43.96000 15.37300 159.36100
20 9 17 06 24 3289.00000 9.50000000 237.58000 44.14000 15.37300 159.36100
20 9 17 06 24 3290.00000 9.50000000 238.13000 44.14000 15.37300 159.36100
20 9 17 06 24 3290.00000 9.50000000 238.14000 44.14000 15.37300 159.36100
20 9 17 06 25 3291.80000 9.50000000 238.18000 44.39000 15.39500 159.36100
20 9 17 06 25 3296.10000 9.50000000 238.16000 44.38000 15.39500 159.36100
20 9 17 06 26 3292.00000 9.50000000 238.14000 44.38000 15.39500 159.36100
20 9 17 06 26 3292.70000 9.50000000 238.63000 44.40000 15.39500 159.36100
20 9 17 06 27 3296.50000 9.50000000 238.50000 44.33000 15.40000 159.36100
20 9 17 06 27 3296.70000 9.50000000 238.50000 44.06000 15.40000 159.36100
20 9 17 06 27 3297.00000 9.50000000 238.70000 44.36000 15.40000 159.36100
20 9 17 06 28 3297.50000 9.50000000 238.68000 44.34000 15.40000 159.36100
20 9 17 06 28 3298.90000 9.50000000 238.73000 44.34000 15.40000 159.36100
20 9 17 06 29 3298.90000 9.50000000 238.70000 43.76000 15.40000 159.36100
20 9 17 06 29 3299.00000 9.50000000 238.68000 44.14000 15.40000 159.36100
20 9 17 06 30 3296.90000 9.50000000 238.68000 44.14000 15.40000 159.36100
20 9 17 06 30 3298.90000 9.50000000 238.68000 44.14000 15.40000 159.36100
20 9 17 06 30 3286.50000 9.50000000 238.70000 44.30000 15.40000 159.36100
20 9 17 06 31 3279.90000 9.50000000 238.70000 44.30000 15.40000 159.36100
20 9 17 06 31 3297.90000 9.50000000 238.70000 44.30000 15.40000 159.36100
20 9 17 06 32 3297.90000 9.50000000 238.91000 44.12000 15.40000 158.70800
20 9 17 06 32 3297.80000 9.62600000 238.68000 44.31000 15.40000 158.70800
20 9 17 06 33 3297.30000 9.62600000 238.86000 44.22000 15.40000 158.70800
20 9 17 06 33 3295.50000 9.62600000 238.86000 44.17000 15.40000 158.70800
20 9 17 06 33 3297.00000 9.62600000 238.86000 44.17000 15.40000 158.70800
20 9 17 06 34 3295.50000 9.62600000 238.89000 44.13000 15.40000 158.70800
20 9 17 06 34 3298.00000 9.62600000 238.98000 44.13000 15.40000 158.70800
20 9 17 06 35 3299.40000 9.58000000 238.98000 44.15000 15.40000 158.53000
20 9 17 06 35 3299.10000 9.62600000 238.97000 44.38000 15.40000 158.53000
20 9 17 06 36 3293.20000 9.62600000 238.09000 44.15000 15.40000 158.53000
20 9 17 06 36 3295.70000 9.62600000 238.95000 44.15000 15.40000 158.53000
20 9 17 06 36 3295.70000 9.62600000 238.91000 44.06000 15.40000 158.53000
20 9 17 06 37 3295.70000 9.62600000 238.01000 44.00000 15.40000 158.53000
20 9 17 06 37 3296.30000 9.58000000 238.91000 44.00000 15.40000 158.53000
20 9 17 06 38 3295.70000 9.58000000 238.93000 44.32000 15.40000 158.53000
20 9 17 06 38 3296.00000 9.58000000 238.91000 44.32000 15.40000 158.41000
20 9 17 06 38 3300.00000 9.58000000 238.92000 44.37000 15.40000 158.41000
20 9 17 06 39 3300.00000 9.58000000 238.85000 44.38000 15.40000 158.41000
20 9 17 06 39 3302.90000 9.58000000 238.85000 44.38000 15.40000 158.41000
20 9 17 06 40 3303.30000 9.58000000 238.85000 44.32000 15.40000 158.41000
20 9 17 06 40 3304.10000 9.58000000 238.86000 44.32000 15.40000 157.06000
20 9 17 06 41 3304.80000 9.58000000 238.86000 44.32000 15.40000 157.06000
20 9 17 06 41 3305.00000 9.58000000 238.93000 44.32000 15.40000 157.06000
20 9 17 06 41 3305.00000 9.58000000 238.75000 44.36000 15.40000 157.05000
20 9 17 06 42 3306.90000 9.58000000 238.97000 44.34000 15.51453 157.05000
20 9 17 06 42 3305.80000 9.58000000 238.94000 44.40000 15.54100 157.05000
20 9 17 06 43 3306.80000 9.58000000 238.66000 44.40000 15.54100 157.05000
20 9 17 06 43 3304.00000 9.58000000 238.66000 44.40000 15.54100 158.39000
20 9 17 06 44 3304.00000 9.64500000 239.00000 44.43000 15.54100 158.39000
20 9 17 06 44 3304.00000 9.64800000 239.00000 44.41000 15.54100 158.39000
20 9 17 06 44 3308.00000 9.55100000 239.00000 44.50000 15.54100 158.39000
20 9 17 06 45 3305.00000 9.55100000 239.00000 44.50000 15.54100 158.39000
20 9 17 06 45 3307.90000 9.55100000 239.34000 44.50000 15.54100 158.39000
20 9 17 06 46 3310.00000 9.64300000 239.93000 44.53000 15.54100 157.10000
20 9 17 06 46 3311.40000 9.64300000 239.61000 44.53000 15.54100 157.10000
20 9 17 06 47 3310.00000 9.64300000 240.18000 44.83000 15.54100 157.10000
20 9 17 06 47 3313.60000 9.64300000 240.00000 44.60000 15.54100 157.10000
20 9 17 06 48 3310.60000 9.55900000 240.16000 44.60000 15.54100 157.10000
20 9 17 06 48 3315.30000 9.55900000 240.46000 44.72000 15.54100 157.10000
20 9 17 06 48 3315.80000 9.55900000 240.20000 44.76000 15.54100 159.17900
20 9 17 06 49 3316.00000 9.55900000 240.20000 44.76000 15.54100 159.17900
20 9 17 06 49 3316.20000 9.55900000 240.50000 44.76000 15.54100 159.17900
20 9 17 06 50 3318.90000 9.55900000 240.48000 44.76000 15.54100 159.17900
20 9 17 06 50 3318.90000 9.56100000 240.50000 44.76000 15.54100 159.17900
20 9 17 06 50 3318.80000 9.56100000 240.50000 44.76000 15.54100 159.17900
20 9 17 06 51 3318.70000 9.56100000 240.50000 44.93000 15.54100 159.17900
20 9 17 06 51 3320.00000 9.56100000 240.50000 44.87000 15.54100 159.17900
20 9 17 06 52 3320.00000 9.56100000 240.50000 44.87000 15.54100 159.17900
20 9 17 06 52 3318.10000 9.56100000 240.50000 44.93000 15.54100 159.17900
20 9 17 06 53 3319.60000 9.56100000 240.80000 44.93000 15.54900 159.17900
20 9 17 06 53 3319.50000 9.56100000 241.00000 44.93000 15.54900 159.17900
20 9 17 06 53 3319.20000 9.56100000 240.86000 44.93000 15.59000 159.17900
20 9 17 06 54 3319.50000 9.56100000 241.06000 44.93000 15.59000 159.17900
20 9 17 06 54 3319.90000 9.56100000 241.27000 44.98000 15.59000 159.17900
20 9 17 06 55 3320.00000 9.56100000 241.30000 44.59000 15.59000 159.17900
20 9 17 06 55 3319.90000 9.56100000 241.15000 44.93000 15.59000 159.17900
20 9 17 06 56 3326.80000 9.56100000 241.47000 44.62000 15.59000 159.17900
20 9 17 06 56 3326.80000 9.56100000 241.46000 44.61000 15.59000 159.17900
20 9 17 06 56 3320.50000 9.56100000 241.00000 44.72000 15.59000 159.17900
20 9 17 06 57 3319.80000 9.60000000 241.00000 44.72000 15.59000 159.17900
20 9 17 06 57 3324.00000 9.60000000 241.00000 44.97000 15.59000 159.17900
20 9 17 06 58 3328.50000 9.60000000 240.50000 44.73000 15.59000 159.17900
20 9 17 06 58 3328.50000 9.60000000 240.50000 44.70000 15.59000 159.17900
20 9 17 06 59 3328.90000 9.70100000 240.50000 44.59000 15.59000 159.17900
20 9 17 06 59 3328.90000 9.70100000 240.00000 44.59000 15.59000 159.17900
20 9 17 06 59 3329.00000 9.70100000 240.00000 44.60000 15.59000 159.17900
20 9 17 07 00 3328.90000 9.70100000 240.00000 44.60000 15.59000 157.50000
20 9 17 07 00 3329.00000 9.70100000 240.00000 44.62000 15.59000 159.23900
20 9 17 07 01 3324.30000 9.70100000 240.00000 44.60000 15.59000 159.23900
20 9 17 07 01 3327.90000 9.70100000 240.00000 44.60000 15.59000 159.23900
20 9 17 07 02 3328.20000 9.70100000 240.00000 44.60000 15.59000 157.52000
20 9 17 07 02 3328.70000 9.70100000 240.00000 44.60000 15.59000 159.12900
20 9 17 07 02 3329.90000 9.70100000 240.41000 44.61000 15.59000 159.12900
20 9 17 07 03 3330.00000 9.70100000 240.98000 44.61000 15.59000 159.12900
20 9 17 07 03 3330.00000 9.70100000 240.93000 44.61000 15.59000 159.12900
20 9 17 07 04 3330.00000 9.70100000 240.93000 44.64000 15.59000 159.12900
20 9 17 07 04 3323.50000 9.70100000 240.95000 44.65000 15.59000 159.09800
20 9 17 07 05 3330.00000 9.69300000 240.54000 44.61000 15.59000 159.09800
20 9 17 07 05 3330.00000 9.70200000 240.93000 44.60000 15.59000 159.09800
20 9 17 07 05 3328.80000 9.69300000 240.94000 44.96000 15.59000 159.09800
20 9 17 07 06 3328.80000 9.69300000 240.56000 44.96000 15.59000 159.09800
20 9 17 07 06 3328.00000 9.69300000 240.91000 44.59000 15.59000 159.09800
20 9 17 07 07 3325.70000 9.62400000 240.00000 44.59000 15.59000 159.09800
20 9 17 07 07 3328.80000 9.62400000 240.90000 44.60000 15.59000 159.09800
20 9 17 07 07 3328.00000 9.62400000 240.58000 44.60000 15.59000 159.95700
20 9 17 07 08 3316.00000 9.62400000 239.87000 44.60000 15.59000 159.34000
20 9 17 07 08 3319.70000 9.62400000 240.61000 44.59000 15.59000 159.34000
20 9 17 07 09 3323.00000 9.62400000 240.40000 44.59000 15.59000 159.93000
20 9 17 07 09 3323.50000 9.62400000 240.00000 44.59000 15.59000 159.94900
20 9 17 07 10 3323.30000 9.62400000 240.86000 44.43000 15.59000 159.93000
20 9 17 07 10 3323.40000 9.62400000 240.86000 44.43000 15.59000 159.94000
20 9 17 07 10 3326.00000 9.62400000 240.35000 44.46000 15.59000 159.95000
20 9 17 07 11 3326.00000 9.62400000 239.93000 44.53000 15.59000 159.94000
20 9 17 07 11 3327.10000 9.62400000 240.30000 44.53000 15.59000 159.93000
20 9 17 07 12 3326.00000 9.62400000 239.94000 44.53000 15.59000 159.92000
20 9 17 07 12 3327.00000 9.62400000 240.25000 44.53000 15.59000 159.93000
20 9 17 07 13 3327.70000 9.62400000 240.25000 44.53000 15.59000 159.93000
20 9 17 07 13 3326.00000 9.62400000 240.00000 44.54000 15.59000 160.00000
20 9 17 07 13 3323.00000 9.62400000 240.15000 44.55000 15.59000 160.00000
20 9 17 07 14 3324.70000 9.62400000 240.15000 44.55000 15.59000 160.00000
20 9 17 07 14 3324.00000 9.62400000 240.15000 44.58000 15.59000 160.00000
20 9 17 07 15 3321.00000 9.66800000 240.10000 44.58000 15.59000 160.00000
20 9 17 07 15 3321.00000 9.66800000 240.35000 44.58000 15.59000 160.00000
20 9 17 07 16 3323.70000 9.66700000 240.86000 44.47000 15.59000 160.10000
20 9 17 07 16 3324.00000 9.66700000 240.35000 44.44000 15.59000 160.00000
20 9 17 07 16 3324.00000 9.66700000 241.00000 44.52000 15.59000 160.00000
20 9 17 07 17 3324.60000 9.66700000 240.96000 44.52000 15.59000 160.00000
20 9 17 07 17 3324.60000 9.66700000 240.96000 44.44000 15.59000 160.00000
20 9 17 07 18 3324.60000 9.60000000 240.84000 44.58000 15.59000 160.00000
20 9 17 07 18 3324.70000 9.60000000 240.84000 44.44000 15.59000 160.00000
20 9 17 07 19 3324.60000 9.60000000 240.95000 44.44000 15.59000 160.00000
20 9 17 07 19 3322.00000 9.60000000 240.39000 44.41000 15.59000 159.93800
20 9 17 07 19 3322.50000 9.60000000 241.00000 44.40000 15.59000 159.93800
20 9 17 07 20 3322.10000 9.60000000 240.96000 44.40000 15.59000 159.93800
20 9 17 07 20 3324.00000 9.60000000 240.76000 44.40000 15.59000 159.87000
20 9 17 07 21 3324.60000 9.60000000 240.70000 44.40000 15.59000 159.85000
20 9 17 07 21 3324.50000 9.60000000 240.02000 44.40000 15.59000 159.88700
20 9 17 07 22 3324.40000 9.67400000 240.00000 44.40000 15.59000 159.87700
20 9 17 07 22 3324.50000 9.67400000 240.01000 44.40000 15.59000 159.88500
20 9 17 07 22 3324.10000 9.67400000 240.01000 44.40000 15.59000 159.88500
20 9 17 07 23 3322.20000 9.67400000 239.99000 44.41000 15.59000 159.88500
20 9 17 07 23 3322.10000 9.67400000 240.00000 44.41000 15.59000 159.88500
20 9 17 07 24 3322.10000 9.67400000 240.01000 44.51000 15.59000 159.88500
20 9 17 07 24 3317.40000 9.67400000 240.01000 44.52000 15.59000 159.88500
20 9 17 07 25 3318.90000 9.67400000 239.91000 44.52000 15.59000 159.88500
20 9 17 07 25 3319.00000 9.67400000 239.91000 44.46000 15.59000 159.88500
20 9 17 07 25 3316.10000 9.67000000 239.90000 44.43000 15.59000 159.88500
20 9 17 07 26 3319.40000 9.66500000 239.99000 44.52000 15.59000 159.88500
20 9 17 07 26 3319.00000 9.66500000 239.84000 44.44000 15.59000 159.88500
20 9 17 07 27 3316.00000 9.66500000 239.99000 44.44000 15.59000 159.88500
20 9 17 07 27 3318.40000 9.66500000 239.99000 44.42000 15.59000 159.88500
20 9 17 07 28 3315.80000 9.66500000 239.53000 44.41000 15.59000 159.88000
20 9 17 07 28 3310.00000 9.66500000 239.41000 44.41000 15.59000 159.88000
20 9 17 07 28 3306.80000 9.66500000 239.98000 44.41000 15.59000 159.88000
20 9 17 07 29 3313.00000 9.66500000 239.16000 44.41000 15.59000 159.88000
20 9 17 07 29 3314.80000 9.59700000 240.00000 44.41000 15.59000 159.88000
20 9 17 07 30 3310.20000 9.59700000 239.70000 44.41000 15.59000 159.87900
20 9 17 07 30 3314.60000 9.59700000 239.70000 44.40000 15.59000 159.87700
20 9 17 07 30 3317.30000 9.59700000 239.50000 44.40000 15.59000 159.87700
20 9 17 07 31 3300.10000 9.59700000 239.48000 44.40000 15.59000 159.87700
20 9 17 07 31 3314.30000 9.59700000 239.50000 44.40000 15.59000 159.87700
20 9 17 07 32 3305.70000 9.59700000 239.48000 44.40000 15.59000 159.87700
20 9 17 07 32 3314.30000 9.59700000 239.48000 44.39000 15.59000 159.87700
20 9 17 07 33 3314.30000 9.59700000 239.50000 44.39000 15.59000 159.87700
20 9 17 07 33 3313.10000 9.59700000 239.14000 44.38000 15.59000 159.87700
20 9 17 07 34 3314.90000 9.59700000 239.14000 44.36000 15.59000 159.87700
20 9 17 07 34 3314.30000 9.59700000 239.17000 44.36000 15.59000 159.87700
20 9 17 07 34 3313.40000 9.59700000 239.50000 44.36000 15.59100 159.87700
20 9 17 07 35 3318.00000 9.59700000 239.60000 44.36000 15.59100 159.87700
20 9 17 07 35 3314.20000 9.59700000 239.60000 44.36000 15.59100 159.87700
20 9 17 07 36 3316.90000 9.59700000 239.22000 44.36000 15.59100 159.87700
20 9 17 07 36 3316.90000 9.59700000 239.22000 44.36000 15.59100 159.87700
20 9 17 07 36 3316.90000 9.59700000 239.30000 44.36000 15.59100 159.87700
20 9 17 07 37 3316.90000 9.59700000 239.23000 44.30000 15.59100 159.87700
20 9 17 07 37 3318.00000 9.59700000 239.24000 44.30000 15.59100 159.87700
20 9 17 07 38 3318.00000 9.59700000 239.24000 44.30000 15.59100 159.87700
20 9 17 07 38 3318.00000 9.59700000 239.60000 44.30000 15.59100 159.87700
20 9 17 07 39 3318.00000 9.59700000 239.60000 44.38000 15.59100 159.87700
20 9 17 07 39 3318.00000 9.59700000 239.60000 44.30000 15.59100 159.87700
20 9 17 07 39 3318.00000 9.59700000 239.60000 44.31000 15.59100 159.87700
20 9 17 07 40 3318.00000 9.59700000 239.60000 44.31000 15.50000 159.87700
20 9 17 07 40 3318.00000 9.59700000 239.60000 44.27000 15.50000 159.87700
20 9 17 07 41 3318.00000 9.59700000 239.60000 44.31000 15.50000 159.87700
20 9 17 07 41 3318.00000 9.59700000 239.15000 44.38000 15.50000 159.87700
20 9 17 07 42 3318.00000 9.59700000 239.33000 44.42000 15.50000 159.87700
20 9 17 07 42 3318.00000 9.59700000 239.60000 44.40000 15.50000 159.87700
20 9 17 07 42 3318.00000 9.59700000 239.60000 44.37000 15.50000 159.87700
20 9 17 07 43 3318.00000 9.59700000 239.60000 44.34000 15.50000 159.87700
20 9 17 07 43 3318.00000 9.59700000 239.60000 44.34000 15.50000 159.87000
20 9 17 07 44 3318.00000 9.59700000 239.60000 44.34000 15.50000 159.87000
20 9 17 07 44 3318.00000 9.59700000 239.60000 44.39000 15.50000 159.87000
20 9 17 07 45 3317.70000 9.59700000 239.60000 44.47000 15.50000 159.87000
20 9 17 07 45 3318.00000 9.59700000 239.60000 44.39000 15.50000 159.87000
20 9 17 07 45 3318.00000 9.64000000 239.85000 44.39000 15.50000 159.00000
20 9 17 07 46 3318.00000 9.58100000 239.85000 44.43000 15.50000 159.00000
20 9 17 07 46 3318.00000 9.58100000 239.88000 44.36000 15.50000 159.00000
20 9 17 07 47 3318.00000 9.58100000 239.56000 44.43000 15.50000 159.00000
20 9 17 07 47 3318.50000 9.58100000 240.00000 44.43000 15.50000 159.00000
20 9 17 07 48 3322.00000 9.60800000 240.00000 44.47000 15.50000 159.00000
20 9 17 07 48 3321.90000 9.60800000 239.80000 44.47000 15.59199 159.00000
20 9 17 07 48 3323.70000 9.60800000 239.80000 44.57000 15.59199 159.00000
20 9 17 07 49 3323.80000 9.60800000 239.79000 44.57000 15.59199 159.68900
20 9 17 07 49 3324.10000 9.60800000 239.80000 44.43000 15.59199 159.68900
20 9 17 07 50 3324.20000 9.60800000 239.80000 44.43000 15.59199 159.68900
20 9 17 07 50 3326.20000 9.60800000 239.76000 44.43000 15.59199 159.68900
20 9 17 07 51 3326.10000 9.60800000 240.00000 44.40000 15.59199 159.68900
20 9 17 07 51 3326.00000 9.60800000 240.00000 44.40000 15.61900 159.68900
20 9 17 07 51 3328.70000 9.60800000 239.78000 44.40000 15.61900 159.68900
20 9 17 07 52 3328.10000 9.60800000 240.02000 44.40000 15.62100 158.71100
20 9 17 07 52 3328.10000 9.60800000 240.02000 44.40000 15.62100 158.71100
20 9 17 07 53 3328.20000 9.58300000 240.10000 44.42000 15.62100 158.71100
20 9 17 07 53 3328.00000 9.58300000 240.01000 44.42000 15.62100 158.73300
20 9 17 07 54 3328.00000 9.64000000 239.90000 44.43000 15.62100 158.73300
20 9 17 07 54 3324.70000 9.64000000 239.90000 44.43000 15.62100 158.73300
20 9 17 07 54 3324.60000 9.64000000 239.90000 44.43000 15.61900 158.73300
20 9 17 07 55 3324.00000 9.64000000 239.90000 44.45000 15.61900 158.73300
20 9 17 07 55 3323.00000 9.64000000 240.00000 44.42000 15.61900 158.73300
20 9 17 07 56 3321.10000 9.64000000 240.00000 44.42000 15.61900 158.73300
20 9 17 07 56 3316.50000 9.64000000 240.00000 44.42000 15.61900 158.73300
20 9 17 07 57 3323.90000 9.64000000 240.00000 44.42000 15.61900 158.73300
20 9 17 07 57 3320.00000 9.64300000 240.15000 44.42000 15.61900 158.73300
20 9 17 07 57 3319.90000 9.64300000 239.78000 44.42000 15.61900 158.73300
20 9 17 07 58 3319.70000 9.64300000 239.78000 44.42000 15.61900 158.73300
20 9 17 07 58 3319.30000 9.64300000 239.78000 44.31000 15.61900 158.50000
20 9 17 07 59 3319.30000 9.64300000 239.72000 44.30000 15.61900 158.50100
20 9 17 07 59 3319.20000 9.64300000 239.90000 44.30000 15.61900 158.50100
20 9 17 08 00 3310.60000 9.59300000 239.90000 44.30000 15.61900 158.50100
20 9 17 08 00 3318.20000 9.59300000 239.90000 44.32000 15.61900 158.50100
20 9 17 08 00 3317.80000 9.59300000 239.90000 44.32000 15.61900 158.50100
20 9 17 08 01 3311.90000 9.59300000 239.90000 44.32000 15.61900 158.50100
20 9 17 08 01 3312.30000 9.59300000 239.95000 44.32000 15.61900 158.50000
20 9 17 08 02 3312.60000 9.59300000 239.95000 44.33000 15.61900 158.50000
20 9 17 08 02 3317.10000 9.59300000 239.80000 44.37000 15.61900 158.50000
20 9 17 08 02 3312.50000 9.59300000 239.00000 44.37000 15.61900 158.50000
20 9 17 08 03 3313.50000 9.59300000 239.02000 44.37000 15.61900 158.50000
20 9 17 08 03 3316.70000 9.59000000 239.89000 44.33000 15.61900 158.50000
20 9 17 08 04 3316.60000 9.59000000 238.15000 44.32000 15.61900 158.50000
20 9 17 08 04 3314.70000 9.59000000 239.88000 44.35000 15.61900 158.76300
20 9 17 08 05 3315.00000 9.59000000 239.80000 44.35000 15.61900 158.76300
20 9 17 08 05 3314.10000 9.58800000 239.80000 44.30000 15.61900 158.76300
20 9 17 08 05 3310.60000 9.58800000 239.80000 44.30000 15.61900 158.76300
20 9 17 08 06 3310.60000 9.58800000 239.03000 44.30000 15.61900 158.76300
20 9 17 08 06 3310.60000 9.58700000 239.80000 44.34000 15.61900 158.76300
20 9 17 08 07 3310.60000 9.58700000 239.79000 44.34000 15.61900 158.76300
20 9 17 08 07 3310.70000 9.58700000 239.79000 44.34000 15.61900 158.76300
20 9 17 08 08 3310.60000 9.58700000 239.78000 44.33000 15.61900 158.76300
20 9 17 08 08 3315.10000 9.58700000 239.31000 44.33000 15.61900 158.76300
20 9 17 08 08 3314.90000 9.58700000 239.31000 44.33000 15.61900 158.76300
20 9 17 08 09 3314.80000 9.58700000 239.35000 44.33000 15.61900 158.76300
20 9 17 08 09 3314.70000 9.58700000 239.72000 44.18000 15.61900 158.76300
20 9 17 08 10 3314.80000 9.58700000 239.72000 44.18000 15.61900 158.76300
20 9 17 08 10 3312.90000 9.58700000 239.72000 44.18000 15.61900 158.76300
20 9 17 08 11 3312.90000 9.58700000 239.72000 44.18000 15.61900 158.76300
20 9 17 08 11 3312.90000 9.58700000 239.71000 44.18000 15.61900 158.76300
20 9 17 08 11 3310.60000 9.58200000 239.71000 44.18000 15.61900 158.76300
20 9 17 08 12 3307.70000 9.58000000 239.71000 44.30000 15.61900 158.76300
20 9 17 08 12 3303.20000 9.58000000 239.42000 44.30000 15.61900 158.76300
20 9 17 08 13 3305.70000 9.58000000 239.40000 44.29000 15.61900 158.50000
20 9 17 08 13 3303.00000 9.58000000 239.74000 44.23000 15.61900 158.50000
20 9 17 08 14 3303.00000 9.58000000 239.41000 44.23000 15.61900 158.50000
20 9 17 08 14 3302.90000 9.58000000 239.00000 44.23000 15.61900 158.50000
20 9 17 08 14 3300.00000 9.58000000 239.00000 44.23000 15.61900 158.50000
20 9 17 08 15 3285.20000 9.58000000 238.98000 44.23000 15.61900 158.50000
20 9 17 08 15 3293.20000 9.52700000 239.00000 44.29000 15.61900 158.50000
20 9 17 08 16 3299.50000 9.52000000 239.00000 44.29000 15.61900 158.50000
20 9 17 08 16 3296.30000 9.57600000 238.53000 44.29000 15.61900 158.93600
20 9 17 08 17 3287.30000 9.57600000 238.53000 44.29000 15.61900 158.93600
20 9 17 08 17 3297.10000 9.57600000 238.53000 44.29000 15.61900 158.50000
20 9 17 08 17 3297.80000 9.57600000 238.90000 44.30000 15.61900 158.50000
20 9 17 08 18 3297.90000 9.57600000 238.21000 44.30000 15.61900 158.50000
20 9 17 08 18 3297.00000 9.57800000 238.20000 44.20000 15.61900 158.50000
20 9 17 08 19 3297.60000 9.57800000 237.39000 44.24000 15.61900 158.50000
20 9 17 08 19 3295.50000 9.54000000 237.39000 44.24000 15.61900 158.50000
20 9 17 08 20 3295.50000 9.54000000 237.70000 44.25000 15.61900 158.50000
20 9 17 08 20 3295.40000 9.54000000 238.00000 44.20000 15.61900 158.50000
20 9 17 08 20 3295.40000 9.56700000 238.00000 44.20000 15.61900 158.50000
20 9 17 08 21 3294.00000 9.56700000 238.05000 44.23000 15.61900 158.50000
20 9 17 08 21 3294.00000 9.56700000 238.06000 44.12000 15.61900 158.50000
20 9 17 08 22 3295.50000 9.56700000 238.06000 44.10000 15.61900 158.50000
20 9 17 08 22 3294.00000 9.56700000 238.03000 44.10000 15.47900 158.50000
20 9 17 08 23 3294.00000 9.56700000 238.05000 44.10000 15.47900 158.19900
20 9 17 08 23 3294.40000 9.56700000 238.16000 44.20000 15.47900 158.19900
20 9 17 08 23 3294.30000 9.56700000 238.20000 44.10000 15.47900 158.19900
20 9 17 08 24 3294.40000 9.57900000 238.20000 44.10000 15.47900 158.19900
20 9 17 08 24 3295.40000 9.57900000 238.45000 44.10000 15.47900 158.19900
20 9 17 08 25 3295.40000 9.57900000 238.40000 44.10000 15.47900 158.03900
20 9 17 08 25 3295.00000 9.57900000 238.40000 44.10000 15.47900 158.00000
20 9 17 08 26 3295.00000 9.57900000 238.69000 44.10000 15.47900 158.00000
20 9 17 08 26 3294.90000 9.56700000 238.92000 44.10000 15.47900 158.00000
20 9 17 08 26 3295.40000 9.56700000 238.54000 44.10000 15.47900 158.00000
20 9 17 08 27 3295.40000 9.56700000 238.87000 44.10000 15.47900 158.00000
20 9 17 08 27 3290.30000 9.56700000 238.46000 44.10000 15.47900 158.00000
20 9 17 08 28 3295.20000 9.56700000 238.92000 44.07000 15.47900 158.00000
20 9 17 08 28 3295.00000 9.56700000 238.96000 44.07000 15.47900 158.00000
20 9 17 08 29 3295.50000 9.56700000 238.96000 44.07000 15.47900 158.00000
20 9 17 08 29 3295.40000 9.56700000 238.33000 44.07000 15.47900 158.00000
20 9 17 08 29 3295.50000 9.56700000 238.75000 44.10000 15.47900 158.00000
20 9 17 08 30 3295.80000 9.56700000 238.06000 44.10000 15.47900 158.00000
20 9 17 08 30 3298.00000 9.52700000 238.89000 44.07000 15.47900 158.00000
20 9 17 08 31 3300.00000 9.52700000 238.50000 44.07000 15.47900 158.00000
20 9 17 08 31 3300.00000 9.57900000 238.09000 44.07000 15.47900 158.00000
20 9 17 08 32 3300.30000 9.57900000 238.31000 44.07000 15.47900 158.00000
20 9 17 08 32 3301.30000 9.57900000 238.10000 44.07000 15.47900 158.00000
20 9 17 08 32 3303.00000 9.57900000 238.11000 44.20000 15.47900 158.00000
20 9 17 08 33 3303.00000 9.57900000 238.12000 44.20000 15.47900 158.00000
20 9 17 08 33 3303.00000 9.57900000 238.12000 44.20000 15.47900 158.76000
20 9 17 08 34 3305.80000 9.57900000 238.12000 44.18000 15.47900 158.76000
20 9 17 08 34 3304.10000 9.57900000 238.15000 44.20000 15.47900 158.76000
20 9 17 08 35 3306.00000 9.57900000 238.31000 44.18000 15.47900 158.76000
20 9 17 08 35 3306.00000 9.57900000 238.50000 44.15000 15.47900 158.76000
20 9 17 08 35 3306.00000 9.57800000 238.50000 44.15000 15.47900 158.76000
20 9 17 08 36 3305.90000 9.57800000 238.50000 44.14000 15.47900 158.76000
20 9 17 08 36 3306.00000 9.57800000 238.61000 44.14000 15.47900 158.76000
20 9 17 08 37 3306.00000 9.61900000 238.61000 44.08000 15.47900 158.76000
20 9 17 08 37 3306.00000 9.61900000 238.90000 44.08000 15.47900 158.76000
20 9 17 08 38 3306.00000 9.61900000 238.90000 44.08000 15.47900 158.76000
20 9 17 08 38 3306.00000 9.61900000 238.96000 44.19000 15.47900 158.76000
20 9 17 08 38 3306.00000 9.61900000 239.60000 44.19000 15.47900 158.76000
20 9 17 08 39 3306.00000 9.61900000 239.90000 44.19000 15.47900 158.76000
20 9 17 08 39 3306.00000 9.61900000 239.01000 44.19000 15.47900 158.76000
20 9 17 08 40 3306.00000 9.58000000 239.01000 44.25000 15.47900 158.76000
20 9 17 08 40 3306.00000 9.58000000 239.02000 44.25000 15.47900 158.76000
20 9 17 08 40 3305.20000 9.58000000 238.93000 44.25000 15.47900 158.76000
20 9 17 08 41 3304.00000 9.57000000 239.01000 44.23000 15.47900 158.76000
20 9 17 08 41 3305.00000 9.57000000 238.92000 44.23000 15.47900 158.76000
20 9 17 08 42 3304.70000 9.57000000 238.90000 44.23000 15.47900 157.14100
20 9 17 08 42 3303.30000 9.57000000 239.12000 44.23000 15.47900 157.14100
20 9 17 08 43 3303.00000 9.57000000 239.12000 44.23000 15.47900 157.14100
20 9 17 08 43 3300.00000 9.57000000 238.98000 44.23000 15.47900 157.14100
20 9 17 08 44 3300.20000 9.57000000 238.94000 44.23000 15.47900 157.14100
20 9 17 08 44 3304.50000 9.57000000 238.94000 44.22000 15.47900 157.14100
20 9 17 08 44 3303.00000 9.57000000 238.93000 44.14000 15.47900 157.14100
20 9 17 08 45 3303.00000 9.57000000 238.97000 44.14000 15.47900 157.14100
20 9 17 08 45 3305.30000 9.56900000 238.96000 44.10000 15.47900 157.14100
20 9 17 08 46 3304.80000 9.56900000 238.95000 44.10000 15.47900 157.14100
20 9 17 08 46 3306.00000 9.56900000 239.31000 44.09000 15.47900 157.14100
20 9 17 08 47 3304.50000 9.56900000 239.31000 44.09000 15.47900 157.14100
20 9 17 08 47 3304.60000 9.56900000 239.20000 44.09000 15.47900 157.14100
20 9 17 08 47 3306.00000 9.56900000 238.92000 44.09000 15.47900 157.14100
20 9 17 08 48 3305.00000 9.56900000 238.93000 44.27000 15.47900 158.18900
20 9 17 08 48 3305.60000 9.61400000 238.93000 44.27000 15.47900 158.18900
20 9 17 08 49 3305.50000 9.61400000 239.11000 44.27000 15.47900 158.18900
20 9 17 08 49 3305.50000 9.61400000 239.15000 44.28000 15.47900 158.18900
20 9 17 08 50 3306.00000 9.52800000 239.15000 44.28000 15.47900 158.18900
20 9 17 08 50 3305.80000 9.52800000 239.36000 44.28000 15.47900 158.18900
20 9 17 08 50 3306.70000 9.52800000 239.70000 44.28000 15.65500 158.18900
20 9 17 08 51 3308.30000 9.61600000 238.75000 44.28000 15.65500 158.95700
20 9 17 08 51 3306.90000 9.61600000 238.75000 44.28000 15.65500 158.95700
20 9 17 08 52 3307.70000 9.52100000 238.77000 44.30000 15.65500 158.95700
20 9 17 08 52 3306.80000 9.52100000 239.37000 44.48000 15.65500 158.95700
20 9 17 08 53 3307.80000 9.52100000 239.37000 44.48000 15.65500 158.95700
20 9 17 08 53 3308.60000 9.52100000 239.30000 44.48000 15.65500 158.95700
20 9 17 08 53 3307.70000 9.52100000 239.87000 44.48000 15.65500 158.95700
20 9 17 08 54 3308.90000 9.52100000 239.00000 44.48000 15.65500 158.95700
20 9 17 08 54 3308.90000 9.52100000 239.50000 44.48000 15.65500 158.95700
20 9 17 08 55 3308.80000 9.52100000 239.50000 44.48000 15.65500 158.95700
20 9 17 08 55 3308.70000 9.52100000 239.49000 44.39000 15.65500 158.95700
20 9 17 08 56 3307.10000 9.52100000 239.49000 44.50000 15.65500 158.95700
20 9 17 08 56 3308.70000 9.52100000 239.48000 44.50000 15.65500 158.95700
20 9 17 08 56 3308.00000 9.52100000 239.48000 44.39000 15.65500 158.95700
20 9 17 08 57 3307.90000 9.61200000 239.39000 44.39000 15.65500 158.95700
20 9 17 08 57 3307.10000 9.61200000 239.38000 44.39000 15.65500 158.95700
20 9 17 08 58 3307.80000 9.61200000 239.20000 44.28000 15.65500 158.95700
20 9 17 08 58 3308.00000 9.61200000 239.37000 44.28000 15.65500 158.95700
20 9 17 08 59 3308.00000 9.61200000 239.20000 44.20000 15.65500 158.95700
20 9 17 08 59 3306.60000 9.61200000 239.12000 44.20000 15.65400 158.95700
20 9 17 08 59 3306.70000 9.61200000 239.12000 44.20000 15.65400 158.95700
20 9 17 09 00 3307.80000 9.61200000 239.35000 44.34000 15.65400 158.95700
20 9 17 09 00 3307.90000 9.61200000 239.34000 44.35000 15.65400 158.95700
20 9 17 09 01 3305.50000 9.61200000 239.38000 44.35000 15.65400 158.95700
20 9 17 09 01 3305.00000 9.61200000 239.34000 44.38000 15.65400 158.95700
20 9 17 09 02 3305.00000 9.61200000 239.18000 44.39000 15.65400 158.24900
20 9 17 09 02 3305.00000 9.61200000 239.35000 44.40000 15.65400 158.24900
20 9 17 09 02 3304.50000 9.61200000 239.00000 44.40000 15.65400 158.24900
20 9 17 09 03 3304.90000 9.61200000 239.00000 44.40000 15.65400 158.24900
20 9 17 09 03 3304.70000 9.61200000 239.30000 44.40000 15.65400 158.18000
20 9 17 09 04 3304.50000 9.61200000 239.01000 44.40000 15.65400 158.18000
20 9 17 09 04 3304.90000 9.61200000 239.00000 44.40000 15.65400 158.18000
20 9 17 09 05 3305.00000 9.61400000 239.02000 44.26000 15.65400 158.18000
20 9 17 09 05 3300.20000 9.61400000 239.30000 44.26000 15.65400 158.18000
20 9 17 09 05 3305.00000 9.61400000 239.35000 44.26000 15.65400 158.18000
20 9 17 09 06 3305.00000 9.61400000 239.11000 44.20000 15.65400 158.18000
