24 8 17 00 00 3549.86800 13.05207000 271.95579 46.10000 18.71276 196.80004
24 8 17 00 00 3550.11900 13.05207000 271.00022 45.60001 18.71276 196.80004
24 8 17 00 01 3555.00000 13.22788000 271.00022 46.15000 18.71276 196.80004
24 8 17 00 01 3553.00000 13.22788000 271.00021 46.20000 18.71276 195.72000
24 8 17 00 01 3552.99200 13.22580000 271.71799 46.20000 18.71276 195.72000
24 8 17 00 02 3553.00000 13.22680000 271.00037 46.16000 18.71276 195.72000
24 8 17 00 02 3552.99600 13.22579000 271.98719 46.15000 18.71276 195.72000
24 8 17 00 03 3553.00000 13.22579000 271.00000 46.15000 18.71276 195.72000
24 8 17 00 03 3552.94700 13.05207000 271.02000 46.15000 18.71276 195.72000
24 8 17 00 04 3552.94700 13.05207000 271.02000 46.15000 18.71276 195.72000
24 8 17 00 04 3549.86700 13.22371000 271.65896 45.00000 18.71276 195.72000
24 8 17 00 04 3552.58500 13.22371000 271.65895 44.99651 18.71276 195.72000
24 8 17 00 05 3549.86700 13.22371000 271.65888 46.00997 18.71276 195.72000
24 8 17 00 05 3549.86700 13.22371000 271.00037 44.99651 18.71276 195.72000
24 8 17 00 06 3549.86700 13.05207000 271.65887 45.06600 18.71276 195.72000
24 8 17 00 06 3546.11200 13.22160000 271.62800 44.87900 18.71276 195.72000
24 8 17 00 07 3546.11200 13.22160000 271.62800 44.88062 18.71276 195.72000
24 8 17 00 07 3549.99600 13.22055000 271.02012 44.87300 18.71276 195.72000
24 8 17 00 07 3546.95800 13.22055000 271.02012 44.55000 18.71276 195.72000
24 8 17 00 08 3546.95900 13.21953000 271.65640 44.87200 18.71276 195.72000
24 8 17 00 08 3548.10200 13.21953000 271.00002 45.00000 18.71276 195.72000
24 8 17 00 09 3549.99900 13.21952000 271.00003 44.85600 18.71276 195.72000
24 8 17 00 09 3552.47700 13.05106000 271.00000 44.77000 18.71276 195.72000
24 8 17 00 10 3546.95900 13.05000000 271.00001 44.77000 18.71276 195.72000
24 8 17 00 10 3550.16200 13.05000000 271.65445 44.77000 18.71276 195.72000
24 8 17 00 10 3550.16300 13.22040000 271.65000 44.77000 19.10000 195.72000
24 8 17 00 12 3552.70000 13.22040000 271.65413 44.77000 19.10000 195.72000
24 8 17 00 11 3550.27800 13.22132000 271.00001 44.77000 19.10000 195.72000
24 8 17 00 12 3550.27800 13.22399000 271.64994 44.77000 19.10000 195.72000
24 8 17 00 13 3552.69900 13.22132000 271.00001 44.77000 19.10000 195.72000
24 8 17 00 13 3550.28200 13.22132000 271.64971 44.70106 19.10000 195.72000
24 8 17 00 13 3552.94700 13.22132000 271.96999 44.77000 19.10000 195.72000
24 8 17 00 13 3550.50100 13.22130000 271.96999 44.77000 19.10000 195.72000
24 8 17 00 14 3555.11500 13.22131000 271.00056 44.79000 19.10000 195.72000
24 8 17 00 14 3561.99700 13.05003000 271.00057 44.82500 19.10000 196.80004
24 8 17 00 15 3553.01900 13.05000000 271.00057 44.82500 19.10000 196.90000
24 8 17 00 15 3553.02200 13.05000000 271.35914 44.70107 19.10000 196.90000
24 8 17 00 16 3561.99700 13.22014000 271.29876 44.79000 19.10000 196.90000
24 8 17 00 16 3553.03300 13.05004000 271.35000 44.82499 19.10000 196.90000
24 8 17 00 16 3553.03600 13.05004000 271.01638 44.82499 19.10000 196.90000
24 8 17 00 18 3553.25500 13.21806000 271.35000 44.82499 19.10000 196.90000
24 8 17 00 17 3553.25500 13.21799000 271.34999 45.00000 19.10000 196.90000
24 8 17 00 18 3562.00000 13.21698000 271.12051 45.00000 19.10000 196.90000
24 8 17 00 18 3553.26000 13.21697000 271.16854 45.00106 19.10000 196.90000
24 8 17 00 19 3553.26400 13.21697000 272.00000 45.06100 19.10000 196.90000
24 8 17 00 20 3553.37500 13.21697000 272.00000 45.10000 19.10000 196.90000
24 8 17 00 19 3561.70000 13.21697000 271.60288 45.10760 19.10000 196.90000
24 8 17 00 20 3561.70000 13.21589000 271.60288 45.10760 19.10000 196.90000
24 8 17 00 20 3553.70900 13.21473000 271.50000 45.08000 19.10000 196.90000
24 8 17 00 21 3553.82000 13.21473000 271.96938 45.08000 19.10000 196.90000
24 8 17 00 21 3553.82200 13.21472000 271.96935 45.08000 19.10000 196.90000
24 8 17 00 22 3561.57300 13.21264000 271.23624 44.72000 19.10000 196.90000
24 8 17 00 22 3561.70000 13.21364000 271.96909 44.99797 19.10000 196.90000
24 8 17 00 22 3553.94700 13.21363000 271.00000 45.00800 19.10000 196.90000
24 8 17 00 23 3562.71900 13.21348000 271.06629 45.00800 19.10000 196.90000
24 8 17 00 23 3554.16900 13.21348000 271.06629 45.00800 19.10000 196.90000
24 8 17 00 24 3554.17500 13.21348000 272.35480 45.00000 19.10000 196.90000
24 8 17 00 24 3554.28600 13.08055000 271.02026 45.00000 19.10000 196.90000
24 8 17 00 25 3554.18300 13.08055000 271.02026 45.24301 19.10000 196.90000
24 8 17 00 25 3553.94700 13.21100000 271.15481 45.24301 19.10000 196.90000
24 8 17 00 25 3553.94700 13.21100000 271.15481 45.24664 19.10000 196.90003
24 8 17 00 26 3553.82200 13.21100000 271.16658 45.25000 19.10000 196.90000
24 8 17 00 26 3553.94000 13.21100000 272.16699 45.25400 19.10000 196.90000
24 8 17 00 27 3554.00000 13.21100000 271.02000 45.25401 19.10000 196.90000
24 8 17 00 27 3550.01100 13.21100000 272.16694 45.25402 19.10000 196.90000
24 8 17 00 28 3550.01200 13.22183000 272.16694 45.25402 19.10000 196.90000
24 8 17 00 28 3550.01300 13.22183000 271.25377 45.24301 19.10000 196.90000
24 8 17 00 28 3550.12400 13.22081000 271.25377 45.24301 19.10000 196.90000
24 8 17 00 29 3550.23500 13.22081000 272.11471 45.24301 19.10000 196.90000
24 8 17 00 29 3550.01100 13.22081000 271.02000 45.24301 19.10000 196.90000
24 8 17 00 30 3550.01100 13.22081000 271.02001 45.23792 19.10000 195.70418
24 8 17 00 30 3550.00000 13.08207000 270.85000 45.23792 19.10000 195.70418
24 8 17 00 31 3547.89400 13.08208000 271.17322 45.23792 19.10000 195.70418
24 8 17 00 31 3553.00000 13.21974000 272.16400 45.23792 19.10000 195.70418
24 8 17 00 32 3554.28500 13.08281000 271.17323 45.23792 19.10000 195.70418
24 8 17 00 32 3554.28500 13.21856000 271.17323 45.22999 18.82564 195.70418
24 8 17 00 33 3554.28500 13.21842000 271.17324 45.23997 18.82564 195.70418
24 8 17 00 34 3553.24100 13.08284000 271.17829 45.24001 18.82564 195.70418
24 8 17 00 33 3558.96000 13.08284000 271.17829 45.72117 18.82564 195.70418
24 8 17 00 34 3557.83900 13.08284000 272.16399 45.23986 18.82564 195.70418
24 8 17 00 34 3557.83900 13.21855000 272.16400 45.22999 18.82564 195.70418
24 8 17 00 34 3557.83900 13.21855000 271.17323 45.12299 18.82564 195.70418
24 8 17 00 35 3557.83900 13.21855000 271.17324 45.00209 18.82564 195.70418
24 8 17 00 35 3562.72100 13.08427000 272.36035 45.12298 18.82564 195.51106
24 8 17 00 37 3562.51600 13.21647000 272.36035 45.24363 18.82564 195.51207
24 8 17 00 36 3557.83900 13.08500000 272.44775 45.24363 18.82564 195.51014
24 8 17 00 36 3557.84000 13.08284000 272.44775 45.24363 18.82564 195.51207
24 8 17 00 37 3557.83900 13.08503000 272.44775 45.01500 18.82564 195.51207
24 8 17 00 37 3557.83900 13.08503000 272.44775 45.00293 18.82564 195.51207
24 8 17 00 38 3557.83900 13.21599000 272.45000 45.00209 18.82564 195.51207
24 8 17 00 38 3557.83900 13.21599000 272.36275 45.00706 18.82564 195.51207
24 8 17 00 39 3550.86200 13.21599000 272.36275 45.00000 18.82564 195.51207
24 8 17 00 39 3550.86200 13.08207000 272.45000 45.00000 18.82564 195.51207
24 8 17 00 40 3550.86200 13.08205000 272.36437 45.00000 18.82564 195.51207
24 8 17 00 40 3554.77500 13.08205000 272.36644 45.22393 18.82564 195.51207
24 8 17 00 40 3550.10000 13.08078000 272.36644 45.22393 18.82564 195.51207
24 8 17 00 41 3550.10000 13.08194000 272.07777 45.21600 18.82564 195.51207
24 8 17 00 42 3550.00000 13.21358000 271.91465 45.21393 18.82564 195.51207
24 8 17 00 42 3550.00000 13.21358000 271.57401 45.21393 18.82564 195.51207
24 8 17 00 42 3547.91000 13.21358000 271.91434 45.22185 18.82564 195.51207
24 8 17 00 43 3550.00100 13.08213000 271.57373 45.22185 18.82564 195.51207
24 8 17 00 43 3550.00100 13.08213000 271.17343 45.22185 18.82564 195.51207
24 8 17 00 43 3552.00000 13.08213000 271.57166 45.01403 18.82564 195.51207
24 8 17 00 44 3545.00000 13.08213000 271.57165 45.01403 18.82564 195.51207
24 8 17 00 44 3544.00000 13.08213000 271.57163 45.02200 18.82564 195.51207
24 8 17 00 45 3545.00000 13.08213000 271.56927 45.02200 19.05425 195.51207
24 8 17 00 45 3549.00000 13.08213000 271.15500 45.02200 19.05425 195.51207
24 8 17 00 46 3544.00000 13.08213000 271.00000 45.02203 19.05425 195.51207
24 8 17 00 46 3544.00100 13.08213000 270.99999 45.02203 19.05425 195.51207
24 8 17 00 46 3544.00000 13.08091000 270.99972 45.02602 19.05425 195.51207
24 8 17 00 47 3544.00000 13.08091000 270.99972 45.02602 19.05425 195.51207
24 8 17 00 48 3544.00000 13.08213000 270.99971 45.02602 19.05425 195.51207
24 8 17 00 48 3542.56000 13.08213000 270.73600 45.02602 19.05425 195.51207
24 8 17 00 48 3539.90000 13.08091000 270.50632 45.02602 19.05425 195.51207
24 8 17 00 49 3542.96600 13.08213000 270.50632 45.02602 19.05425 195.51207
24 8 17 00 50 3538.35200 13.08214000 270.73544 45.02602 19.05425 195.51014
24 8 17 00 49 3537.99900 13.08021000 270.73544 45.02602 19.05425 195.51014
24 8 17 00 50 3537.24400 13.19999000 270.73544 45.16200 19.05425 195.51014
24 8 17 00 50 3537.24700 13.08229000 270.50000 45.16200 19.05425 195.51014
24 8 17 00 51 3537.24700 13.08229000 270.20858 45.16200 19.03953 195.51014
24 8 17 00 51 3537.24300 13.08229000 270.49972 45.02600 19.03953 195.51014
24 8 17 00 52 3537.24200 13.07745000 270.49972 45.02600 19.03953 195.51014
24 8 17 00 52 3532.99300 13.19789000 270.21141 45.03400 19.03953 195.51014
24 8 17 00 52 3532.99300 13.19788000 270.49970 45.02961 19.03953 195.51014
24 8 17 00 53 3533.00000 13.19681000 270.49970 45.02961 19.03953 195.51014
24 8 17 00 53 3533.11100 13.19758000 270.20028 45.02961 19.03953 195.51014
24 8 17 00 54 3533.11200 13.08288000 270.20028 45.02961 19.03953 195.51014
24 8 17 00 54 3533.11200 13.08096000 270.20028 45.34859 19.03953 195.51106
24 8 17 00 54 3535.53300 13.19579000 270.20028 45.34859 19.03953 195.51106
24 8 17 00 55 3537.47000 13.19578000 270.20028 45.04800 19.03953 195.51207
24 8 17 00 55 3537.47300 13.19371000 270.20028 45.04800 19.03953 195.51207
24 8 17 00 56 3542.00000 13.19471000 271.43998 45.06200 19.03953 195.51106
24 8 17 00 56 3538.11600 13.19370000 270.20138 45.04401 19.03953 195.51106
24 8 17 00 57 3546.00000 13.19370000 270.20138 45.00000 19.03953 195.51207
24 8 17 00 57 3538.11700 13.19370000 270.20138 45.00000 19.03953 195.51106
24 8 17 00 58 3538.11700 13.19370000 271.55541 45.00000 19.03953 195.51106
24 8 17 00 58 3537.47000 13.19370000 271.55793 45.00000 19.03953 195.51106
24 8 17 00 58 3534.36300 13.19263000 270.20201 45.00000 19.03953 195.51014
24 8 17 00 59 3538.00000 13.19364000 270.20203 45.00000 19.03953 195.51000
24 8 17 00 59 3538.75000 13.19364000 270.20517 45.00000 19.03953 195.51003
24 8 17 01 01 3538.75700 13.19055000 270.20517 45.00000 19.03953 195.51000
24 8 17 01 00 3538.75700 13.08186000 270.20517 45.00000 19.03953 195.51000
24 8 17 01 01 3538.75300 13.19055000 270.20517 45.16477 19.03953 195.51000
24 8 17 01 01 3548.00800 13.08285000 270.22114 45.16477 19.03953 195.51000
24 8 17 01 01 3538.75700 13.08285000 270.22114 45.00207 19.03953 195.51000
24 8 17 01 02 3538.86200 13.08285000 270.22114 45.00207 19.03953 195.35210
24 8 17 01 02 3547.78100 13.08285000 270.22114 45.00106 19.03953 195.35210
24 8 17 01 03 3547.78100 13.19243000 270.24698 45.00207 19.03953 195.35210
24 8 17 01 03 3547.55900 13.20412000 271.54470 45.00000 19.03953 195.35210
24 8 17 01 04 3547.66500 13.20311000 270.24624 44.82002 19.03953 195.22502
24 8 17 01 04 3538.75000 13.20412000 271.53172 45.00000 19.03953 195.22502
24 8 17 01 04 3538.75000 13.20514000 271.53199 45.00000 19.03953 195.22501
24 8 17 01 05 3538.75000 13.20514000 271.54879 45.00000 19.03953 195.22501
24 8 17 01 05 3538.75000 13.20000000 271.55767 45.15786 19.03953 195.22501
24 8 17 01 06 3536.77700 13.08302000 271.54476 45.15600 19.03953 195.22501
24 8 17 01 06 3536.00000 13.20000000 271.54476 45.00000 19.03953 195.22501
24 8 17 01 06 3536.00000 13.19997000 271.54476 45.00000 19.03953 195.22501
24 8 17 01 07 3535.00000 13.19894000 271.54445 45.00000 19.03953 195.22501
24 8 17 01 07 3535.11100 13.19894000 271.54241 45.00000 19.03953 195.22501
24 8 17 01 08 3554.86800 13.19981000 271.54233 45.00000 19.03953 195.22501
24 8 17 01 08 3535.02300 13.19993000 271.54232 45.00000 19.03953 195.22501
24 8 17 01 09 3535.02300 13.19894000 271.55894 45.00000 19.03953 195.22501
24 8 17 01 09 3535.13400 13.19783000 271.55751 45.00106 19.03953 195.22501
24 8 17 01 09 3534.80000 13.19783000 271.55143 45.15497 19.03953 195.22501
24 8 17 01 10 3534.42000 13.19782000 271.54238 45.15497 19.03953 195.22501
24 8 17 01 10 3534.90000 13.19782000 271.54238 45.15497 19.03953 195.22501
24 8 17 01 11 3534.90000 13.19578000 271.54210 45.15497 19.03953 195.22501
24 8 17 01 11 3535.83100 13.08302000 271.54210 45.15497 19.03953 195.22501
24 8 17 01 12 3535.94200 13.19578000 271.54208 45.00000 19.03953 195.22501
24 8 17 01 12 3543.19200 13.19471000 271.54180 45.15099 19.03953 195.22501
24 8 17 01 12 3543.19500 13.08400000 271.54151 45.15097 19.03953 195.22501
24 8 17 01 13 3543.30300 13.08400000 270.50220 45.00207 19.03953 195.22501
24 8 17 01 14 3543.30300 13.19456000 271.55145 45.00000 19.03953 195.22501
24 8 17 01 14 3550.03600 13.19562000 271.56000 45.00000 19.03953 195.22501
24 8 17 01 14 3550.03600 13.19355000 271.32114 45.00000 19.03953 195.22501
24 8 17 01 15 3550.03900 13.08403000 272.44990 44.82009 19.03953 195.22501
24 8 17 01 15 3546.79700 13.19578000 272.00000 44.92380 19.03953 195.22501
24 8 17 01 15 3543.63600 13.08403000 272.44300 44.81600 19.03953 195.22501
24 8 17 01 16 3546.79600 13.08403000 272.00000 44.81599 19.03953 195.22501
24 8 17 01 16 3543.63600 13.19578000 272.44298 44.81599 19.03953 195.22501
24 8 17 01 17 3546.79500 13.19578000 272.44298 44.81599 19.03953 195.22501
24 8 17 01 18 3546.79100 13.19578000 271.35922 44.81601 19.03953 195.22501
24 8 17 01 18 3550.03400 13.19578000 271.35921 44.81601 19.03953 195.22501
24 8 17 01 18 3547.77300 13.19578000 271.35921 44.31000 19.03953 195.22501
24 8 17 01 18 3561.99900 13.10217000 271.27964 44.81602 19.03953 195.22501
24 8 17 01 19 3564.23900 13.10217000 271.27968 44.71302 19.03953 195.22501
24 8 17 01 19 3563.54400 13.10217000 271.99778 44.71302 19.03953 195.22501
24 8 17 01 20 3561.75700 13.10217000 271.99979 44.61302 19.03953 195.22501
24 8 17 01 20 3546.78600 13.10217000 271.99786 44.31208 19.03953 195.22501
24 8 17 01 21 3561.64600 13.08404000 271.27980 44.61302 19.03953 195.22501
24 8 17 01 21 3547.00000 13.08404000 271.99785 44.70293 19.03953 195.22501
24 8 17 01 22 3561.64600 13.08500000 271.27977 44.61302 19.03953 195.22501
24 8 17 01 22 3551.27000 13.08500000 271.27972 44.61302 19.03953 195.22501
24 8 17 01 22 3550.91000 13.08500000 271.27999 44.61302 19.03953 195.22501
24 8 17 01 23 3547.11300 13.08499000 271.27972 44.31215 19.03953 195.22501
24 8 17 01 23 3550.80000 13.08403000 270.50819 44.31215 19.03953 195.22501
24 8 17 01 24 3547.12500 13.08403000 271.00000 44.31213 19.03953 195.22501
24 8 17 01 24 3550.77100 13.08402000 271.96993 44.31213 19.03953 195.22501
24 8 17 01 24 3547.12400 13.08109000 270.50829 44.31213 19.03953 195.22501
24 8 17 01 25 3547.15000 13.08109000 270.50935 44.31213 19.03953 195.22501
24 8 17 01 25 3547.15000 13.08110000 270.50000 44.31000 19.03953 195.22501
24 8 17 01 26 3547.26600 13.08199000 270.50936 44.31213 19.03953 195.22501
24 8 17 01 26 3547.15000 13.08400000 271.27967 44.31213 19.03953 195.22501
24 8 17 01 27 3547.11300 13.08400000 270.50938 44.31213 19.03953 195.22501
24 8 17 01 27 3547.47800 13.08317000 270.52000 44.32600 19.03953 195.22501
24 8 17 01 27 3547.30500 13.08400000 271.96768 44.32600 19.03953 195.22501
24 8 17 01 28 3563.30100 13.08400000 270.52001 44.59999 19.03953 195.22501
24 8 17 01 29 3560.25100 13.08400000 271.96762 44.61300 19.03953 195.22501
24 8 17 01 29 3564.23900 13.08400000 270.52008 44.45000 19.03953 195.22501
24 8 17 01 29 3565.79000 13.08402000 271.89524 44.70692 19.03953 195.22501
24 8 17 01 30 3564.59400 13.08402000 270.52121 44.73800 19.03953 195.22501
24 8 17 01 30 3566.65500 13.08114000 271.88148 44.73801 19.03953 195.22501
24 8 17 01 30 3568.95800 13.08402000 271.88148 44.79986 19.03953 195.22501
24 8 17 01 31 3569.31400 13.08112000 271.86789 44.75000 19.03953 195.22501
24 8 17 01 31 3569.67000 13.08110000 270.52337 44.73802 19.03953 195.22501
24 8 17 01 32 3575.00000 13.08401000 271.86787 44.73802 19.03953 195.22501
24 8 17 01 33 3569.58800 13.08402000 271.85441 44.73802 19.03953 195.22501
24 8 17 01 32 3570.38300 13.08124000 271.85412 44.73802 19.03953 195.22501
24 8 17 01 33 3574.99600 13.08124000 270.59090 44.70294 19.03953 195.22501
24 8 17 01 33 3575.00000 13.08402000 270.59097 44.73595 19.03953 195.22501
24 8 17 01 34 3570.38300 13.08317000 270.59298 44.73595 19.03953 195.20000
24 8 17 01 34 3570.38300 13.08317000 271.82915 44.73596 19.03953 195.20000
24 8 17 01 35 3565.45400 13.08318000 270.63211 44.73597 19.03953 195.20000
24 8 17 01 35 3568.22700 13.08318000 270.63212 44.73596 19.03953 195.20000
24 8 17 01 36 3570.37800 13.08317000 270.63215 44.73000 19.03953 195.20000
24 8 17 01 36 3570.22600 13.08317000 270.63215 44.70298 19.03953 195.20000
24 8 17 01 36 3570.22600 13.08318000 271.80501 44.70298 19.03953 195.20000
24 8 17 01 37 3570.22600 13.08318000 270.63427 44.70298 19.03953 195.20000
24 8 17 01 38 3570.00000 13.08318000 270.63432 44.70298 19.03953 195.20000
24 8 17 01 38 3570.00000 13.08318000 270.63541 44.72793 19.03953 195.20000
24 8 17 01 39 3570.00000 13.08317000 270.63541 44.73000 19.03953 195.20000
24 8 17 01 39 3570.00000 13.08317000 270.63751 44.73000 19.03953 195.20000
24 8 17 01 40 3570.35400 13.08317000 271.80427 44.73000 19.03953 195.20000
24 8 17 01 39 3570.00000 13.08317000 271.80223 44.73000 19.03953 195.20000
24 8 17 01 40 3570.38200 13.08317000 271.80222 44.73000 19.03953 195.20000
24 8 17 01 40 3570.38200 13.08317000 270.63814 44.73000 19.03953 195.20000
24 8 17 01 41 3570.38200 13.08317000 270.63814 44.72790 19.03953 195.20000
24 8 17 01 41 3570.38200 13.08317000 270.63814 44.72790 19.03953 195.20000
24 8 17 01 42 3570.38200 13.08317000 271.80214 44.70298 19.03953 195.20000
24 8 17 01 42 3570.38900 13.08317000 271.80108 44.71894 19.03953 195.20000
24 8 17 01 42 3570.38900 13.08317000 270.64130 44.71894 19.03953 195.20000
24 8 17 01 43 3573.00000 13.08317000 270.64130 44.71986 19.03953 195.20000
24 8 17 01 43 3573.00000 13.08317000 270.64138 44.71997 19.03953 195.20000
24 8 17 01 44 3574.88900 13.08317000 271.79865 44.70300 19.03953 195.20000
24 8 17 01 44 3570.39400 13.08317000 270.64143 44.70300 19.03953 195.20000
24 8 17 01 44 3572.00000 13.07648000 270.64250 44.70299 19.03953 195.20000
24 8 17 01 45 3572.00000 13.07663000 271.79863 44.70299 19.03953 195.20000
24 8 17 01 45 3573.80000 13.07660000 271.79863 44.72000 19.03953 195.20000
24 8 17 01 46 3573.80100 13.07660000 271.79864 44.71792 19.03953 195.20000
24 8 17 01 47 3576.81800 13.07660000 271.79864 44.71792 19.03953 195.20000
24 8 17 01 47 3581.00000 13.07965000 271.83300 44.70293 19.03953 195.20000
24 8 17 01 47 3586.00000 13.07969000 271.95313 44.71792 19.03953 195.20000
24 8 17 01 48 3586.00000 13.07969000 271.83327 44.70293 19.03953 195.20000
24 8 17 01 48 3587.12600 13.07969000 270.70318 44.70293 19.03953 195.20000
24 8 17 01 48 3587.12600 13.08073000 272.00500 44.70293 19.03953 195.20000
24 8 17 01 49 3583.99000 13.08402000 271.83330 44.56357 19.03953 195.20000
24 8 17 01 49 3589.99900 13.17621000 273.19085 44.56355 19.03953 195.20000
24 8 17 01 50 3591.06200 13.17621000 273.19085 44.56355 19.03953 195.20000
24 8 17 01 51 3593.58900 13.17540000 273.18954 44.56355 19.03953 195.20000
24 8 17 01 51 3594.50000 13.17540000 273.18954 44.56355 19.03953 195.20000
24 8 17 01 51 3600.00000 13.17423000 273.18954 44.56355 19.03953 195.20000
24 8 17 01 51 3600.00000 13.07661000 272.50459 44.56355 19.03953 195.20000
24 8 17 01 52 3600.00000 13.17216000 272.17301 44.56355 19.03953 195.20000
24 8 17 01 52 3600.00000 13.17317000 272.17306 44.56355 19.03953 195.20000
24 8 17 01 53 3600.00000 13.17000000 272.47100 44.72000 19.03953 195.20000
24 8 17 01 53 3611.00000 13.16999000 272.50454 44.72000 19.03953 195.20000
24 8 17 01 54 3611.00000 13.07856000 272.42500 44.72000 19.03953 195.20000
24 8 17 01 54 3615.00000 13.07857000 272.42500 44.72000 19.03953 195.20000
24 8 17 01 54 3603.00000 13.07857000 272.17312 44.56355 19.03953 195.20000
24 8 17 01 55 3602.00000 13.07857000 271.83348 44.56355 19.03953 195.20000
24 8 17 01 55 3584.11000 13.16999000 271.42034 44.56355 19.03953 195.20000
24 8 17 01 56 3584.11200 13.16996000 271.35200 44.56355 19.03953 195.20000
24 8 17 01 56 3583.99400 13.16892000 271.69999 44.56353 19.03953 195.20000
24 8 17 01 56 3584.11200 13.07857000 271.02242 44.56354 19.03953 195.20000
24 8 17 01 57 3583.99200 13.16888000 271.02122 44.72000 19.03953 195.20000
24 8 17 01 57 3583.99100 13.16891000 271.02242 44.56354 19.03953 195.20000
24 8 17 01 58 3572.95500 13.16888000 271.02242 44.56354 19.03953 195.20000
24 8 17 01 59 3572.84400 13.16873000 271.00000 44.56354 19.03953 195.20000
24 8 17 01 59 3580.48700 13.16882000 270.64144 44.56353 19.03953 195.20000
24 8 17 01 59 3572.95500 13.16882000 270.64599 44.50003 19.03953 195.20000
24 8 17 01 59 3565.00000 13.07858000 271.00000 44.50004 19.03953 195.20000
24 8 17 02 00 3560.00000 13.01000000 271.00000 44.50001 19.03953 195.20000
24 8 17 02 00 3570.00000 13.07755000 271.96960 44.56350 19.03953 195.20000
24 8 17 02 01 3578.71900 13.03231000 271.96960 44.50005 19.03953 195.20000
24 8 17 02 01 3572.95600 13.16670000 271.00000 44.56353 19.03953 195.20000
24 8 17 02 02 3572.95600 13.16669000 271.00001 44.65000 19.03953 195.20000
24 8 17 02 02 3575.90800 13.16669000 271.37523 44.58201 19.03953 195.20000
24 8 17 02 03 3587.40700 13.03471000 271.24100 44.58202 19.03953 195.20000
24 8 17 02 03 3587.40700 13.16462000 270.99998 44.58202 19.03953 195.20000
24 8 17 02 03 3587.40800 13.16461000 271.24099 44.58202 19.03953 195.20000
24 8 17 02 04 3585.01800 13.16461000 271.02242 44.64793 19.03953 198.01292
24 8 17 02 04 3584.00000 13.16461000 271.02242 44.64794 19.03953 198.01292
24 8 17 02 05 3584.00000 13.08041000 271.02243 44.72000 19.03953 198.01292
24 8 17 02 05 3584.00000 13.08041000 271.02355 44.64796 19.03953 198.01292
24 8 17 02 06 3584.01000 13.16354000 271.02355 44.64796 19.03953 198.01292
24 8 17 02 06 3584.01000 13.16354000 271.96999 44.64796 19.03953 198.01292
24 8 17 02 06 3584.01000 13.16353000 271.22614 44.64796 19.03953 198.01292
24 8 17 02 07 3584.01000 13.03214000 271.46100 44.64796 19.03953 198.01292
24 8 17 02 07 3584.01000 13.03216000 271.46100 44.64796 19.03953 198.01292
24 8 17 02 08 3584.01000 13.16038000 271.96990 44.71793 19.03953 198.01292
24 8 17 02 08 3586.63500 13.16037000 272.64349 44.71793 19.03953 197.21981
24 8 17 02 09 3586.63500 13.16037000 272.64349 44.67792 19.03953 197.21981
24 8 17 02 09 3586.65600 13.16037000 271.35260 44.50001 19.03953 197.21981
24 8 17 02 09 3584.30800 13.16037000 272.62755 44.50001 19.03953 197.21981
24 8 17 02 11 3599.82000 13.16670000 272.62656 44.50001 19.03953 197.21981
24 8 17 02 10 3586.09000 13.16670000 272.62656 44.50001 19.03953 197.21981
24 8 17 02 11 3586.09000 13.16670000 272.62546 44.50001 19.03953 197.21981
24 8 17 02 11 3595.72700 13.21957000 271.35260 44.50001 19.03953 197.21981
24 8 17 02 12 3584.31400 13.21956000 271.35266 44.50001 19.03953 197.21981
24 8 17 02 12 3595.18700 13.03217000 271.35261 44.50001 19.03953 197.21981
24 8 17 02 12 3584.42500 13.03217000 271.02273 44.50001 19.03953 197.21981
24 8 17 02 13 3584.31500 13.03217000 271.35261 44.67792 19.03953 197.21981
24 8 17 02 13 3584.31500 13.03000000 271.35262 44.67792 19.03953 197.21981
24 8 17 02 15 3585.69000 13.03000000 271.35700 44.65000 19.03953 197.21981
24 8 17 02 14 3585.68500 13.01223000 271.35700 44.50001 19.03953 197.21981
24 8 17 02 15 3585.68500 13.01223000 271.35701 44.50001 19.03953 197.21981
24 8 17 02 15 3585.68600 13.01223000 271.02289 44.50001 19.03953 197.21981
24 8 17 02 15 3585.68600 13.21744000 271.02289 44.50001 19.03953 197.21981
24 8 17 02 16 3584.31500 13.21744000 271.02317 44.50001 19.03953 197.21981
24 8 17 02 16 3584.31500 13.21534000 271.02318 44.65000 19.03953 197.21981
24 8 17 02 17 3585.68600 13.21534000 271.02281 44.60000 19.03953 197.21981
24 8 17 02 17 3584.32000 13.21534000 271.35211 44.65000 19.03953 197.21981
24 8 17 02 17 3584.32000 13.21534000 271.02308 44.65000 19.03953 197.21981
24 8 17 02 19 3584.31500 13.21532000 271.02308 44.65000 19.03953 197.21981
24 8 17 02 18 3575.15000 13.21531000 271.02000 44.65000 19.03953 197.21981
24 8 17 02 19 3569.99900 13.21326000 270.65200 44.65000 19.03953 197.21981
24 8 17 02 19 3567.00600 13.01226000 270.65200 44.60000 19.03953 197.21981
24 8 17 02 20 3569.46500 13.01226000 270.65200 44.60000 19.03953 197.21981
24 8 17 02 20 3567.00000 13.21325000 270.65692 44.64999 19.03953 197.21981
24 8 17 02 20 3558.58800 13.21325000 270.65172 44.60000 19.03953 197.21981
24 8 17 02 21 3560.00000 13.21324000 270.65172 44.64985 19.03953 197.21981
24 8 17 02 21 3560.00000 13.21324000 270.65171 44.60000 18.93123 197.21981
24 8 17 02 22 3566.88800 13.21324000 270.45894 44.60000 18.93123 197.21981
24 8 17 02 22 3562.09200 13.21324000 270.45894 44.50000 18.92698 197.21981
24 8 17 02 23 3566.99400 13.21111000 270.46300 44.50001 18.92698 197.21981
24 8 17 02 23 3566.99400 13.21111000 270.65192 44.50000 18.92698 195.25000
24 8 17 02 24 3562.27700 13.21111000 270.46327 44.50000 18.88571 195.25000
24 8 17 02 24 3566.88800 13.21111000 270.46327 44.50000 18.88677 195.25000
24 8 17 02 24 3562.98600 13.21111000 270.46329 44.50000 18.88677 195.25000
24 8 17 02 25 3566.99000 13.21111000 270.65692 44.50000 18.88677 195.25000
24 8 17 02 25 3560.00000 13.21109000 270.65719 44.50000 18.88677 195.25000
24 8 17 02 26 3560.00100 13.21109000 270.66100 44.50000 18.88677 195.25000
24 8 17 02 26 3560.00000 13.21107000 270.66100 44.50000 18.88677 195.25000
24 8 17 02 27 3560.00200 13.21107000 270.66101 44.50000 18.88677 195.25000
24 8 17 02 27 3560.00200 13.01856000 270.45894 44.50000 18.88677 195.25000
24 8 17 02 27 3569.53800 13.01856000 271.10838 44.31014 18.88677 195.25000
24 8 17 02 28 3569.54200 13.21108000 271.00000 44.20101 18.88677 195.25000
24 8 17 02 28 3569.53800 13.21108000 271.10838 44.20101 19.09369 195.25000
24 8 17 02 29 3569.54400 13.21108000 271.11200 44.20101 19.09369 195.25000
24 8 17 02 29 3569.53900 13.21108000 271.93737 44.20101 19.09369 195.25000
24 8 17 02 29 3569.77000 13.21108000 271.00002 44.55000 19.09369 195.25000
24 8 17 02 30 3566.90600 13.21108000 271.00000 44.55000 19.09369 195.25000
24 8 17 02 30 3560.00300 13.21108000 270.26913 44.31407 19.09369 195.25000
24 8 17 02 31 3568.61700 13.21108000 270.27200 44.31407 19.09369 195.25000
24 8 17 02 31 3568.61700 13.02483000 270.27600 44.31407 19.09369 195.25000
24 8 17 02 32 3568.88100 13.02483000 270.27600 44.54999 19.09369 195.25000
24 8 17 02 32 3570.00000 13.11000000 270.27199 44.20212 19.09369 195.25000
24 8 17 02 33 3582.00000 13.11000000 270.99994 44.20102 19.09369 195.25000
24 8 17 02 33 3568.88100 13.11000000 270.99992 44.20212 19.09369 195.25000
24 8 17 02 33 3570.10000 13.11000000 270.99992 44.20212 19.09369 195.25000
24 8 17 02 34 3570.10000 13.11000000 270.99992 44.54999 19.09369 195.25000
24 8 17 02 34 3574.37000 13.11000000 270.99992 44.54999 19.09369 195.25000
24 8 17 02 35 3584.86300 13.11001000 270.52417 44.50000 19.09369 195.25000
24 8 17 02 35 3574.21100 13.11001000 271.80452 44.50000 19.09369 195.25000
24 8 17 02 36 3574.37000 13.11001000 270.52413 44.50001 19.09369 195.25000
24 8 17 02 36 3574.48100 13.11001000 270.99300 44.50001 19.09369 195.25000
24 8 17 02 36 3570.10000 13.11001000 271.80450 44.50001 19.09369 195.25000
24 8 17 02 37 3583.99600 13.11001000 271.97000 44.49997 19.09369 195.25000
24 8 17 02 37 3573.68200 13.21100000 272.58846 44.49997 19.09369 195.25000
24 8 17 02 38 3582.71900 13.21100000 272.58841 44.20109 19.09369 195.25000
24 8 17 02 38 3582.71900 13.21099000 272.56600 44.20101 19.09369 195.25000
24 8 17 02 39 3583.98700 13.21099000 271.11203 44.20101 19.09369 195.25000
24 8 17 02 39 3584.00000 13.21099000 271.11203 44.20101 19.09369 195.25000
24 8 17 02 39 3583.98700 13.21099000 271.11213 44.20103 19.09369 195.25000
24 8 17 02 40 3584.00000 13.21108000 272.56321 44.20103 19.09369 195.25000
24 8 17 02 40 3584.00000 13.21108000 272.56128 44.20103 19.09369 195.25000
24 8 17 02 41 3584.00000 13.21108000 272.55993 44.20100 19.09369 195.25000
24 8 17 02 41 3562.10900 13.21325000 272.26100 44.20100 19.09369 195.25000
24 8 17 02 42 3583.99900 13.21324000 271.11233 44.20100 19.09369 195.25000
24 8 17 02 43 3583.99800 13.21324000 272.26097 44.20002 19.09369 195.25000
24 8 17 02 43 3572.00000 13.21324000 271.11281 44.20002 19.09369 195.25000
24 8 17 02 43 3583.99400 13.21324000 271.11474 44.20000 19.09369 195.25000
24 8 17 02 43 3570.55600 13.21324000 271.11474 44.20001 19.09369 195.25000
24 8 17 02 44 3570.55600 13.22578000 271.11900 44.25800 19.09369 195.25000
24 8 17 02 44 3575.67900 13.11001000 271.69389 44.25800 19.09369 195.25000
24 8 17 02 44 3583.98800 13.11001000 271.11927 44.25800 19.09369 195.25000
24 8 17 02 45 3587.99400 13.30605000 271.12300 44.20001 19.09369 195.25000
24 8 17 02 45 3587.99400 13.30605000 271.62749 44.49997 19.09369 195.25000
24 8 17 02 46 3575.69900 13.30497000 271.12296 44.49997 19.09369 195.25000
24 8 17 02 46 3575.69500 13.30497000 271.11964 44.37000 19.09369 195.25000
24 8 17 02 47 3587.87800 13.30275000 271.62747 44.37001 19.09369 195.25000
24 8 17 02 47 3575.92200 13.30275000 271.11600 44.37001 19.09369 195.25000
24 8 17 02 48 3583.38800 13.30275000 271.00000 44.37001 19.09369 195.25000
24 8 17 02 48 3579.11500 13.30275000 271.00007 44.25800 19.09369 195.25000
24 8 17 02 48 3579.11500 13.11209000 271.00000 44.20000 19.09369 195.25000
24 8 17 02 49 3578.67800 13.11209000 271.00000 44.20000 19.09369 195.25000
24 8 17 02 49 3578.15900 13.29664000 271.00000 44.20000 19.09369 195.25000
24 8 17 02 50 3578.15500 13.29664000 271.00003 44.20000 19.09369 195.25000
24 8 17 02 50 3575.81100 13.29664000 271.00003 44.20000 19.09369 195.25000
24 8 17 02 51 3575.81100 13.29664000 271.00014 44.21200 19.09369 195.25000
24 8 17 02 51 3575.92400 13.11000000 271.00207 44.21200 19.09369 195.25000
24 8 17 02 51 3575.92400 13.11000000 271.00207 44.21200 19.09369 195.25000
24 8 17 02 52 3575.92400 13.11000000 271.00003 44.19112 19.09369 195.25000
24 8 17 02 52 3576.03500 13.11000000 271.00000 44.19113 19.09369 195.25000
24 8 17 02 53 3576.03500 13.11000000 271.00106 44.19220 19.09369 195.25000
24 8 17 02 53 3576.03600 13.11000000 271.00106 44.19220 19.09369 195.25000
24 8 17 02 55 3576.14700 13.11000000 271.00000 44.19323 19.09369 195.25000
24 8 17 02 55 3576.14700 13.11000000 271.00000 44.48996 19.09369 195.25000
24 8 17 02 54 3587.09700 13.28512000 271.00000 44.48996 19.09369 195.25000
24 8 17 02 55 3576.25800 13.28512000 271.37580 44.48996 19.09369 195.25000
24 8 17 02 55 3576.25800 13.28498000 271.37573 44.19530 19.09369 195.20106
24 8 17 02 56 3575.69900 13.11000000 271.37572 44.19530 19.09369 195.20207
24 8 17 02 56 3575.23300 13.11000000 271.00207 44.19531 19.09369 195.20003
24 8 17 02 57 3575.23300 13.11000000 271.00208 44.19531 19.09369 195.20003
24 8 17 02 57 3564.44000 13.11000000 271.00000 44.25599 19.09369 195.20106
24 8 17 02 57 3570.82600 13.11000000 271.36900 44.25599 19.09369 195.20106
24 8 17 02 58 3558.55500 13.11000000 271.00000 44.12288 19.09369 195.20106
24 8 17 02 58 3548.63200 13.11000000 271.00000 44.12389 19.09369 195.20106
24 8 17 02 59 3559.00100 13.11000000 271.00014 44.20000 19.09369 195.20106
24 8 17 02 59 3553.80400 13.11001000 271.00001 44.20000 19.09369 195.20106
24 8 17 03 00 3553.80400 13.11001000 271.00003 44.32890 19.09369 195.20106
24 8 17 03 00 3553.69300 13.11001000 271.00003 44.22100 19.09369 195.20106
24 8 17 03 00 3558.77800 13.11001000 271.00001 44.22100 19.09369 195.20106
24 8 17 03 01 3558.66700 13.27348000 271.00000 44.32890 19.09369 195.20106
24 8 17 03 01 3558.55600 13.27348000 271.00000 44.47994 19.09369 195.20106
24 8 17 03 02 3557.28000 13.27348000 271.00000 44.73595 19.09369 195.20106
24 8 17 03 02 3558.65900 13.27348000 271.00000 44.47994 19.09369 195.20106
24 8 17 03 03 3568.61000 13.27348000 271.00000 44.43100 19.09369 195.20001
24 8 17 03 04 3558.55800 13.27348000 271.00800 44.43100 19.09369 195.20001
24 8 17 03 03 3558.65900 13.27348000 271.00800 44.47993 19.09369 195.20001
24 8 17 03 04 3558.57100 13.27348000 271.00009 44.34433 19.09369 195.20001
24 8 17 03 05 3553.88500 13.27348000 271.00012 44.34433 19.09369 195.20001
24 8 17 03 06 3558.65700 13.27348000 271.00012 44.34434 19.09369 195.20001
24 8 17 03 05 3553.88700 13.27348000 271.00012 44.42900 19.09369 195.20001
24 8 17 03 06 3553.88800 13.27348000 271.96321 44.42900 19.09369 195.20001
24 8 17 03 06 3553.88800 13.27348000 271.00400 44.42901 19.09369 195.20001
24 8 17 03 06 3553.88900 13.27348000 271.00400 44.42901 19.09369 195.20000
24 8 17 03 07 3553.88900 13.27348000 271.00013 44.42901 19.09369 195.20000
24 8 17 03 07 3552.00000 13.27348000 271.00001 44.42901 19.09369 195.20000
24 8 17 03 08 3549.00000 13.27348000 270.83326 44.42901 19.09369 195.20000
24 8 17 03 08 3543.62500 13.27348000 271.00000 44.40002 19.09369 195.20000
24 8 17 03 09 3540.89200 13.27348000 271.00000 44.47993 19.09369 195.20000
24 8 17 03 09 3544.83500 13.27348000 270.34045 44.48000 19.09369 195.20000
24 8 17 03 09 3544.83500 13.27348000 270.80793 44.48000 19.09369 195.20000
24 8 17 03 10 3552.62200 13.27348000 270.80792 44.48000 19.09369 195.20000
24 8 17 03 10 3540.89300 13.27348000 270.34045 44.49000 19.09369 195.20000
24 8 17 03 11 3540.89500 13.27348000 270.34000 44.49000 19.09369 195.20000
24 8 17 03 11 3540.89500 13.27348000 270.34000 44.73802 19.09369 195.20106
24 8 17 03 12 3540.89300 13.27348000 270.34000 44.73802 19.09369 195.20106
24 8 17 03 12 3540.89500 13.26804000 270.26410 44.73802 19.09369 195.20106
24 8 17 03 12 3538.00000 13.26697000 270.26409 44.73802 19.09369 195.20106
24 8 17 03 13 3540.89500 13.26789000 270.26409 44.73802 19.09369 195.20106
24 8 17 03 13 3540.89500 13.26595000 270.26409 44.73802 19.09369 195.20106
24 8 17 03 14 3547.52300 13.26387000 270.97891 44.73802 19.09369 195.20106
24 8 17 03 14 3543.70900 13.26178000 270.97891 44.73802 19.09369 195.20106
24 8 17 03 15 3558.67600 13.26178000 270.97881 44.73802 19.09369 195.20106
24 8 17 03 15 3543.71200 13.26178000 270.97881 44.73802 19.09369 195.20106
24 8 17 03 16 3545.27000 13.26178000 270.97899 44.73802 19.09369 195.20106
24 8 17 03 16 3545.27000 13.26178000 271.38276 44.73803 19.09369 195.20106
24 8 17 03 16 3545.27300 13.26178000 271.96535 44.73803 19.09369 195.20106
24 8 17 03 17 3545.27300 13.26174000 271.96534 45.01759 19.09369 195.20106
24 8 17 03 17 3545.27300 13.26174000 271.41528 45.02500 19.09369 195.20106
24 8 17 03 18 3536.11100 13.26174000 271.96534 45.02500 19.09369 195.20106
24 8 17 03 18 3536.11100 13.25966000 271.08169 45.03065 19.09369 195.20106
24 8 17 03 18 3536.81800 13.25965000 271.41529 45.02800 19.10000 195.20106
24 8 17 03 19 3536.81800 13.25859000 270.95421 45.03066 19.10000 195.20106
24 8 17 03 19 3536.07000 13.25858000 270.68645 45.10106 19.09986 195.20106
24 8 17 03 20 3536.07000 13.25858000 270.68645 45.10208 19.09986 195.20106
24 8 17 03 20 3537.34800 13.25726000 270.50100 45.11003 19.10000 195.20106
24 8 17 03 20 3537.34800 13.25739000 270.68645 45.11003 19.09986 195.20106
24 8 17 03 21 3537.48700 13.25739000 270.95421 45.30037 19.09997 195.20106
24 8 17 03 21 3546.28000 13.25739000 270.77604 45.20016 19.09793 195.20106
24 8 17 03 22 3537.49000 13.01001000 270.77604 45.20106 19.09793 195.20106
24 8 17 03 22 3537.50000 13.25515000 270.77604 45.30452 19.09793 195.20106
24 8 17 03 23 3537.49000 13.25514000 270.80000 45.90023 19.09793 195.20106
24 8 17 03 23 3537.50000 13.25514000 270.80000 45.89814 19.09793 195.20106
24 8 17 03 23 3538.00000 13.25514000 270.68325 45.89916 19.09793 195.20106
24 8 17 03 24 3545.35900 13.25514000 270.68325 45.89810 19.09793 195.20106
24 8 17 03 25 3530.99900 13.25292000 270.95414 45.65392 19.10000 195.20106
24 8 17 03 25 3529.68000 13.25292000 270.68326 45.64940 19.10000 195.20106
24 8 17 03 25 3528.90700 13.25185000 270.68325 45.34000 19.09986 195.20106
24 8 17 03 26 3528.90700 13.25287000 270.68314 45.34114 19.09986 195.20106
24 8 17 03 26 3527.00000 13.25083000 270.68325 45.40207 19.09986 195.20106
24 8 17 03 27 3527.00000 13.25083000 270.68314 45.40207 19.09986 195.20106
24 8 17 03 28 3527.00000 13.25083000 270.68314 45.40570 19.14879 195.20106
24 8 17 03 28 3525.00000 13.25083000 271.36354 46.00000 19.64176 195.20106
