27 5 17 05 46 1887.99900 10.84743000 131.30000 19.97500 17.55677 156.10000
27 5 17 05 47 1875.21000 11.27204000 130.00000 19.97500 17.55677 156.10000
27 5 17 05 47 1880.00000 10.83013000 130.05312 19.97500 17.55677 156.10000
27 5 17 05 48 1876.50200 10.83013000 130.00002 19.97500 17.55677 156.10000
27 5 17 05 48 1876.00000 10.83013000 130.00101 19.97500 17.55677 156.10000
27 5 17 05 49 1865.07600 10.85000000 129.83200 19.99998 17.55677 156.10000
27 5 17 05 49 1865.07600 11.00001000 128.49357 19.97700 17.55677 156.10000
27 5 17 05 50 1865.00000 11.00000000 129.80208 19.84000 17.25086 156.10000
27 5 17 05 50 1865.00000 11.00000000 128.00007 19.90998 17.25086 156.10000
27 5 17 05 51 1864.56900 11.00000000 128.99999 19.91000 17.25086 156.10000
27 5 17 05 51 1864.57000 11.00000000 128.00009 19.84000 17.25086 156.10000
27 5 17 05 52 1864.55000 11.00000000 128.00024 19.84000 17.25086 156.10000
27 5 17 05 53 1864.49900 11.00000000 128.10000 19.76000 17.25086 155.00001
27 5 17 05 53 1855.00000 11.00000000 128.10000 19.75000 17.25086 155.00001
27 5 17 05 53 1855.00000 10.83020000 128.10000 19.73900 17.25086 155.00001
27 5 17 05 54 1854.79300 10.83067000 127.68000 19.49010 17.25086 155.00001
27 5 17 05 55 1855.55000 10.83067000 127.68000 19.57001 17.25086 155.00001
27 5 17 05 55 1862.99900 10.83023000 127.99980 19.57000 17.25086 155.00001
27 5 17 05 56 1865.79000 10.77000000 127.97200 19.52500 17.30000 155.00001
27 5 17 05 56 1865.79000 10.77000000 127.53000 19.52501 17.30000 155.00000
27 5 17 05 57 1873.19500 10.82999000 127.53000 19.57000 17.30000 155.00000
27 5 17 05 57 1873.19400 10.77000000 127.53000 19.52504 17.30000 155.00000
27 5 17 05 58 1865.79000 10.77000000 127.35998 19.70088 17.30000 158.54389
27 5 17 05 58 1866.39200 10.77000000 127.35998 19.70089 17.30000 158.54389
27 5 17 05 59 1866.39200 10.66800000 127.35998 19.70101 17.30000 158.54389
27 5 17 05 59 1866.00000 10.75000000 127.35998 19.73000 17.30000 155.00007
27 5 17 06 00 1856.51000 10.66801000 127.24100 19.73000 17.30000 154.00107
27 5 17 06 00 1856.76500 10.66800000 127.19998 19.73000 17.30001 154.00000
27 5 17 06 01 1856.51000 10.41000000 127.19999 19.73000 17.30001 154.00000
27 5 17 06 02 1855.54900 10.25112000 127.10000 19.72996 17.30001 154.00002
27 5 17 06 02 1850.87000 10.25112000 126.89000 19.12300 17.30000 154.00000
27 5 17 06 02 1850.87000 10.40000000 126.29353 19.62900 17.30000 154.00000
27 5 17 06 03 1850.00200 10.25110000 125.70010 19.32703 17.30000 154.00000
27 5 17 06 04 1850.00000 10.25001000 125.69199 19.72995 17.30000 154.00000
27 5 17 06 04 1850.00000 10.25001000 125.60000 19.72997 17.30001 154.00000
27 5 17 06 05 1850.00000 10.40000000 125.60000 19.72997 17.30000 154.00000
27 5 17 06 05 1850.00000 10.40000000 125.25000 19.72996 17.30000 154.00000
27 5 17 06 06 1850.00000 10.40000000 125.20000 19.72996 17.30000 154.00000
27 5 17 06 06 1847.27000 10.40000000 125.14000 19.72994 17.30000 154.00000
27 5 17 06 07 1847.27000 10.30000000 125.00001 19.71000 17.30000 153.99988
27 5 17 06 07 1846.19000 10.30000000 124.99999 19.71000 17.30000 153.99978
27 5 17 06 46 1831.66000 10.25000000 126.30000 19.22001 17.27361 153.80662
27 5 17 06 47 1834.48100 10.39995000 126.00000 19.29998 16.35060 150.89369
27 5 17 06 47 1836.13200 9.80000000 126.00000 19.30100 16.39418 153.80662
27 5 17 06 48 1819.84000 10.39993000 124.00002 19.30000 16.39419 153.80662
27 5 17 06 48 1811.02300 10.00014000 125.30000 19.30099 17.17332 150.00000
27 5 17 06 49 1811.01800 10.30000000 125.30000 19.30100 17.17332 150.00000
27 5 17 06 50 1811.00000 10.30000000 125.25000 19.02101 16.35066 150.00000
27 5 17 06 50 1816.36700 10.30001000 124.80139 19.22010 16.94100 149.56366
27 5 17 06 51 1816.36700 10.39981000 124.26707 19.29998 16.39426 149.56366
27 5 17 06 51 1821.65900 10.43273000 122.13516 19.30000 16.39426 150.00042
27 5 17 06 51 1828.93000 10.66738000 124.30002 19.29996 16.39426 150.00042
27 5 17 06 52 1834.48100 10.21016000 124.12300 19.30000 16.39426 150.00042
27 5 17 06 52 1831.00000 10.21018000 123.30000 19.30000 16.39429 150.00061
27 5 17 06 53 1838.07900 10.21019000 124.12000 19.45615 16.39429 150.00061
27 5 17 06 53 1838.08000 10.59988000 123.58532 19.56619 16.39429 150.00061
27 5 17 06 54 1840.00000 10.59988000 123.30002 19.56619 16.39429 150.00061
27 5 17 06 55 1847.26800 10.58999000 123.67946 19.56620 16.39436 150.00061
27 5 17 06 55 1847.27000 10.58999000 124.29997 19.56620 16.39436 150.00061
27 5 17 06 55 1847.26900 10.58977000 124.79991 19.56620 17.02528 150.00301
27 5 17 06 56 1851.00000 10.58973000 125.00000 19.76997 16.89296 153.80476
27 5 17 06 57 1856.50900 10.58996000 125.70000 19.76997 16.89296 150.00346
27 5 17 06 57 1856.51000 10.58961000 125.79156 19.56626 16.89293 150.00347
27 5 17 06 57 1856.51000 10.58996000 125.79157 19.83882 16.89291 150.00347
27 5 17 06 58 1856.51000 10.58962000 125.83999 19.87029 16.99999 150.00347
27 5 17 06 59 1856.62100 10.58961000 126.00000 19.83878 17.12168 153.80662
27 5 17 06 59 1865.78900 10.82971000 126.50007 19.60215 17.12168 153.80662
27 5 17 07 00 1865.79000 10.77422000 127.00000 20.04998 17.12168 153.80662
27 5 17 07 00 1865.00300 10.82963000 127.99999 19.83881 17.30000 154.99908
27 5 17 07 01 1875.12000 10.82967000 127.00001 20.03999 17.30000 153.80639
27 5 17 07 01 1875.12000 10.82958000 127.17978 20.24268 17.17196 153.80639
27 5 17 07 02 1874.00200 10.82958000 127.17980 20.41099 17.17196 153.80639
27 5 17 07 02 1874.00100 10.82967000 127.99999 20.50000 17.17196 155.00000
27 5 17 07 03 1875.12000 10.90000000 128.14979 20.50003 17.42760 154.99957
27 5 17 07 03 1875.12000 10.90000000 128.21686 20.57129 17.42760 150.01675
27 5 17 07 04 1877.66600 10.89996000 128.80035 20.80992 17.48344 150.01675
27 5 17 07 04 1883.99000 10.60003000 129.59362 20.67512 17.53876 150.01675
27 5 17 07 05 1883.99000 10.94956000 129.89605 20.57130 17.53876 155.00000
27 5 17 07 05 1883.99000 10.94956000 130.00000 20.75062 17.50000 155.00000
27 5 17 07 06 1884.49000 11.00000000 130.44645 20.82000 17.50002 155.00000
27 5 17 07 06 1884.49000 11.00001000 131.99984 20.95000 17.50003 155.00011
27 5 17 07 07 1884.49000 11.21999000 130.00001 20.80426 17.50000 156.70000
27 5 17 07 07 1888.00000 11.20342000 132.00000 20.50003 17.50000 157.35642
27 5 17 07 08 1888.00000 11.24226000 131.96885 20.80422 17.50000 157.35642
27 5 17 07 09 1888.00000 11.24227000 131.00001 20.50000 17.50000 157.35642
27 5 17 07 09 1890.00000 11.24229000 130.96001 20.12000 17.50000 157.35642
27 5 17 07 10 1892.90000 11.20371000 132.52030 20.04999 17.50000 157.35642
27 5 17 07 10 1891.00000 11.21000000 132.52031 20.50004 17.65053 157.35642
27 5 17 07 11 1887.99900 11.21000000 132.57001 20.58081 17.65053 158.80000
27 5 17 07 11 1875.12000 11.28598000 133.90000 20.68000 17.65053 158.79990
27 5 17 07 12 1865.79100 11.12796000 133.00002 19.30015 17.65053 158.80000
27 5 17 07 12 1884.26600 11.19998000 134.89987 20.50003 17.65053 158.90000
27 5 17 07 13 1884.26200 11.21000000 133.86305 20.37000 17.73892 158.90000
27 5 17 07 13 1880.99800 11.01020000 133.99999 20.36995 17.20004 158.90000
27 5 17 07 14 1876.66400 11.01020000 133.74998 20.37000 17.20012 158.90000
27 5 17 07 14 1876.47700 11.20996000 133.75000 20.36999 17.20012 158.90000
27 5 17 07 15 1880.98600 11.02461000 131.14867 20.50000 17.20012 158.90000
27 5 17 07 16 1875.00000 11.01000000 132.99998 20.50000 17.20014 158.90000
27 5 17 07 16 1867.11900 11.01000000 132.20000 20.50000 17.20014 158.90000
27 5 17 07 16 1877.25400 11.01007000 132.56319 20.50000 17.73881 158.90000
27 5 17 07 17 1867.14100 10.96101000 130.20009 20.36999 17.30001 158.90000
27 5 17 07 17 1865.98100 10.94318000 130.20018 20.36999 17.73879 159.89000
27 5 17 07 18 1871.56800 10.87701000 131.00000 20.30699 17.73879 159.89997
27 5 17 07 19 1865.78900 10.87699000 130.20018 20.30700 17.73879 159.89997
27 5 17 07 19 1867.13600 10.56040000 129.99999 20.20000 17.73879 159.89998
27 5 17 07 19 1871.32100 10.87698000 128.80046 20.21302 17.73866 158.10104
27 5 17 07 20 1871.32100 10.56046000 128.90038 20.36999 17.73866 158.10085
27 5 17 07 21 1872.00000 10.88438000 128.97869 20.25500 17.73866 158.10085
27 5 17 07 21 1872.43800 10.63673000 129.57225 20.25500 17.73866 158.10062
27 5 17 07 22 1873.75900 10.87684000 129.00000 20.28500 17.35012 158.10062
27 5 17 07 22 1873.75900 10.87681000 128.31000 20.32001 17.35012 158.10000
27 5 17 07 23 1875.12000 10.87681000 128.31002 20.32001 17.35012 158.00010
27 5 17 07 23 1875.11800 10.87681000 128.80000 20.34900 17.35026 158.00010
27 5 17 07 24 1873.51000 10.87657000 128.79998 20.29001 17.81570 158.00010
27 5 17 07 24 1873.39800 10.63755000 128.79997 20.30000 17.55678 158.00010
27 5 17 07 25 1868.00100 10.87635000 128.50011 20.31900 17.55678 158.00010
27 5 17 07 25 1867.81000 10.79996000 128.22000 20.31899 17.55682 158.00010
27 5 17 07 26 1870.88700 10.63772000 128.05801 20.31899 17.55682 158.00010
27 5 17 07 26 1867.81100 10.63750000 128.05801 20.31899 17.55682 158.00010
27 5 17 07 27 1870.77500 10.63750000 128.00060 20.31899 17.55682 158.00000
27 5 17 07 27 1870.88700 10.63750000 128.00000 20.26299 17.55706 158.00010
27 5 17 07 28 1867.82100 10.56032000 127.50121 20.18124 17.55706 158.00010
27 5 17 07 28 1867.00000 10.56032000 127.87000 20.18129 17.55706 158.00010
27 5 17 07 29 1867.00100 10.60001000 125.84000 20.26298 17.55706 158.00010
27 5 17 07 29 1867.60700 10.79999000 125.79160 20.10001 17.55706 159.89654
27 5 17 07 30 1860.00000 10.79999000 126.50000 20.18000 17.82807 158.00010
27 5 17 07 30 1857.19800 10.79999000 126.64558 20.10006 17.82807 158.00022
27 5 17 07 31 1854.25600 10.60004000 126.64558 20.18000 17.55712 158.00022
27 5 17 07 31 1847.26800 10.79987000 126.50000 20.18000 17.55712 158.00022
27 5 17 07 32 1840.00000 10.60004000 126.28653 20.10002 17.55718 158.00000
27 5 17 07 32 1835.00000 10.60004000 126.64546 20.00001 17.55716 158.00000
27 5 17 07 33 1828.93000 10.50596000 126.00000 19.99996 16.99007 158.00000
27 5 17 07 33 1830.00000 10.50595000 125.00006 20.08998 16.99007 158.00000
27 5 17 07 34 1839.88900 10.42874000 125.00008 20.08995 17.55711 158.00000
27 5 17 07 35 1835.00200 10.62376000 125.01125 20.08994 17.55711 155.52565
27 5 17 07 35 1847.00000 10.62376000 125.11001 20.08987 16.89410 155.52565
27 5 17 07 35 1824.02100 10.41766000 125.11005 20.00000 17.17682 155.52599
27 5 17 07 36 1824.13400 10.41765000 125.56000 19.99995 17.17682 155.52565
27 5 17 07 36 1837.78500 10.41768000 125.12004 19.99992 17.17682 155.52565
27 5 17 07 37 1836.00000 10.56966000 125.57000 19.99985 17.17682 153.83670
27 5 17 07 37 1837.55700 10.60000000 125.45000 19.81000 17.17682 153.00102
27 5 17 07 38 1825.55700 10.62339000 125.11005 19.81001 17.17682 153.00102
27 5 17 07 38 1832.49300 10.38814000 125.11004 19.81001 17.17682 153.00101
27 5 17 07 39 1832.60700 10.38815000 125.25000 19.80547 17.17682 153.00105
27 5 17 07 39 1825.88800 10.37737000 125.45000 19.80546 17.17682 153.00105
27 5 17 07 40 1832.60800 10.50000000 125.57001 19.78000 17.43568 153.00105
27 5 17 07 40 1826.22500 10.50000000 125.57000 19.98917 17.43568 153.00026
27 5 17 07 41 1832.60600 10.37957000 125.39999 19.98912 16.98995 153.00001
27 5 17 07 41 1835.88700 10.60000000 125.40001 19.80547 16.98995 153.00001
27 5 17 07 42 1838.07700 10.60000000 125.45110 19.80548 16.98995 152.50010
27 5 17 07 42 1838.08000 10.60000000 125.99990 19.80547 16.98995 152.50011
27 5 17 07 43 1838.08000 10.60000000 126.99999 19.80547 16.98994 152.50031
27 5 17 07 43 1838.08000 10.68000000 127.25679 19.98907 16.98994 152.50031
27 5 17 07 44 1847.27000 10.68002000 127.00000 19.98907 16.98994 152.50031
27 5 17 07 44 1845.08000 10.68999000 126.35673 19.98909 16.98994 153.00079
27 5 17 07 45 1847.27000 10.68009000 127.00000 19.98909 17.10000 153.00079
27 5 17 07 46 1847.27000 10.68009000 127.99993 19.80568 17.10000 153.00084
27 5 17 07 46 1845.27000 10.69999000 127.99978 19.98908 17.43547 155.39606
27 5 17 07 46 1847.27000 10.70000000 127.99981 19.80573 17.43547 155.39606
27 5 17 07 47 1855.09700 10.80000000 128.16531 19.98907 17.43567 155.39606
27 5 17 07 48 1851.95000 10.85000000 128.71015 19.99998 17.43567 155.39606
27 5 17 07 48 1857.46400 10.85001000 128.99992 20.00000 17.43566 155.39606
27 5 17 07 49 1864.99900 10.87747000 129.88999 20.10002 17.43566 155.39606
27 5 17 07 49 1865.79000 10.90952000 129.88971 20.10006 17.43566 158.99857
27 5 17 07 50 1865.79000 10.85003000 129.20001 20.10006 17.43566 155.40000
27 5 17 07 50 1870.00000 11.18992000 129.88964 20.10006 17.24188 155.29945
27 5 17 07 51 1870.42300 10.96016000 129.97084 20.11006 17.48262 152.50306
27 5 17 07 51 1870.64900 11.00001000 129.98786 20.21827 17.48262 152.75035
27 5 17 07 52 1873.99900 11.01927000 130.00000 20.39999 17.48262 152.75045
27 5 17 07 52 1870.65300 11.00500000 130.00000 20.39999 17.48262 152.75079
27 5 17 07 53 1874.00000 10.54091000 130.00000 20.26292 17.48262 158.99719
27 5 17 07 53 1870.65200 11.00000000 130.65997 20.26292 17.50000 158.99719
27 5 17 07 54 1875.00000 11.00000000 130.91152 20.61743 17.50000 158.99719
27 5 17 07 54 1870.00000 11.10556000 130.00027 20.11039 17.49999 158.99719
27 5 17 07 55 1870.00000 11.10556000 130.00018 20.61419 17.50000 158.99719
27 5 17 07 55 1869.99900 10.94998000 129.90000 20.61419 17.48274 153.98798
27 5 17 07 56 1874.99600 10.95000000 129.90001 20.61411 17.50000 153.98799
27 5 17 07 56 1870.00000 10.74819000 129.87000 20.61409 17.24102 153.98799
27 5 17 07 57 1870.00100 11.10409000 129.00188 20.53492 17.24102 153.98799
27 5 17 07 57 1875.00000 11.10406000 128.79625 20.16000 17.24102 157.74159
27 5 17 07 58 1862.00000 11.10406000 129.00000 20.18979 17.24097 157.74159
27 5 17 07 58 1874.88700 11.10406000 128.67731 20.18979 17.24000 157.74159
27 5 17 07 59 1862.00400 10.75335000 128.73516 20.18985 17.24000 157.74159
27 5 17 07 59 1862.00000 11.10393000 128.50020 20.18985 17.24000 153.98798
27 5 17 08 00 1860.00000 10.75439000 128.44000 20.61392 17.23999 153.98798
27 5 17 08 00 1857.00000 10.75444000 128.50000 20.18998 17.23999 153.98798
27 5 17 08 01 1859.99900 10.75444000 127.66789 20.18998 17.24000 153.98798
27 5 17 08 01 1856.62300 10.79549000 128.50020 20.19003 17.15521 153.98798
27 5 17 08 02 1856.51000 11.06194000 128.00000 20.19003 17.15519 153.98798
27 5 17 08 02 1869.49800 11.06185000 128.50019 20.80631 17.23999 153.98798
27 5 17 08 03 1851.95100 11.06185000 129.78988 20.80631 17.24000 153.98800
27 5 17 08 03 1860.00000 10.79570000 127.71266 20.49997 17.23999 153.98800
27 5 17 08 04 1852.00000 10.79570000 127.71267 20.49997 17.23998 153.98800
27 5 17 08 04 1848.00000 10.79570000 127.66802 20.49997 17.23998 153.98800
27 5 17 08 05 1860.11900 11.10095000 128.00000 20.49987 17.23998 153.98800
27 5 17 08 05 1847.27000 11.07381000 126.70111 20.49987 17.23998 153.98800
27 5 17 08 06 1847.27000 11.07381000 127.89997 20.49987 17.23998 153.98800
27 5 17 08 06 1847.27000 11.07381000 125.55230 20.49987 17.23998 153.98800
27 5 17 08 07 1859.42300 11.00000000 126.99999 20.49973 17.23734 153.98800
27 5 17 08 07 1860.11900 11.09999000 127.01767 20.24110 17.24000 153.98800
27 5 17 08 08 1860.00000 11.09999000 127.00000 20.24110 17.24000 153.98800
27 5 17 08 08 1862.00000 11.09999000 127.00000 20.24110 17.24000 153.98800
27 5 17 08 09 1847.33400 11.09999000 127.00000 20.24503 17.24000 153.98800
27 5 17 08 09 1865.00000 11.09999000 127.00003 20.47687 17.24000 156.51309
27 5 17 08 10 1865.00000 10.83303000 127.98974 20.47687 17.15840 156.51309
27 5 17 08 11 1857.00300 11.00000000 127.01770 20.47678 17.10562 153.98931
27 5 17 08 11 1865.00000 11.10000000 127.01771 20.24602 17.10543 156.00001
27 5 17 08 12 1857.67000 11.10000000 127.01771 20.24602 17.10542 156.00000
27 5 17 08 12 1865.79000 11.10000000 127.01771 20.24602 17.10542 156.00000
27 5 17 08 13 1859.99900 11.10000000 127.98924 20.25511 17.10542 153.99007
27 5 17 08 13 1859.99900 11.10000000 125.98000 20.25511 17.10542 153.99007
27 5 17 08 14 1853.00000 10.83322000 127.84505 20.47678 17.05268 153.99007
27 5 17 08 14 1853.00000 10.84645000 127.37139 20.25524 17.05268 152.80588
27 5 17 08 15 1850.11400 10.84645000 127.37139 20.47669 17.00026 155.99873
27 5 17 08 15 1860.99500 11.10000000 127.09008 20.47666 16.87004 152.64826
27 5 17 08 16 1858.04100 11.09999000 127.80000 20.25533 16.79887 152.64826
27 5 17 08 16 1862.00000 11.00000000 127.02266 20.25533 16.76597 152.64826
27 5 17 08 17 1850.13100 11.10000000 126.33000 20.25533 16.76597 152.50033
27 5 17 08 17 1865.78800 11.10000000 127.02264 20.76783 17.00995 152.50035
27 5 17 08 18 1852.00500 11.10000000 126.33014 20.45876 17.00995 152.50035
27 5 17 08 18 1852.00000 11.10000000 126.33007 20.76772 17.00995 152.50035
27 5 17 08 19 1852.00500 11.11000000 127.73320 20.76772 17.01000 152.50035
27 5 17 08 19 1847.27800 10.83495000 126.39000 20.29001 17.00998 152.50035
27 5 17 08 20 1847.27000 11.11000000 126.67124 20.29001 17.00998 155.83034
27 5 17 08 20 1847.45900 11.11000000 126.08963 20.29007 17.00998 155.83034
27 5 17 08 21 1847.27400 11.10000000 126.39005 20.29007 17.00998 155.82998
27 5 17 08 21 1847.27000 11.10000000 125.51003 20.29007 17.00998 155.82998
27 5 17 08 22 1838.08000 11.09000000 126.00000 20.29007 17.00998 155.82998
27 5 17 08 22 1844.77800 11.09000000 125.88000 20.71982 17.00998 155.82998
27 5 17 08 23 1844.54400 11.09000000 126.00000 20.71982 17.00998 155.82998
27 5 17 08 23 1838.00100 11.09000000 126.00000 20.29908 17.00998 155.82998
27 5 17 08 24 1832.30000 11.09000000 126.00000 20.29908 16.59351 155.82998
27 5 17 08 24 1830.00000 11.09000000 125.99998 20.49999 16.59351 155.82998
27 5 17 08 25 1828.93000 11.10000000 126.00000 19.91033 16.59351 152.49999
27 5 17 08 25 1828.93000 10.90000000 125.99997 19.94110 16.59358 152.50156
27 5 17 08 26 1828.93000 10.90000000 125.00000 19.94119 16.59362 152.50156
27 5 17 08 27 1828.93000 10.90005000 125.73716 19.94119 16.59362 150.40021
27 5 17 08 27 1828.81900 10.90005000 125.00000 20.44980 16.59362 150.01514
27 5 17 08 27 1819.84000 10.90015000 125.00000 20.44980 16.59362 150.01500
27 5 17 08 28 1828.70500 10.90015000 123.60007 20.44980 16.59362 150.01500
27 5 17 08 28 1829.96000 10.90015000 123.29872 19.94146 16.59370 150.01513
27 5 17 08 29 1820.00000 10.90000000 124.00003 19.94150 16.59370 150.01500
27 5 17 08 29 1822.02000 10.64934000 124.00005 19.94150 16.62678 150.01500
27 5 17 08 30 1838.07800 10.64934000 124.00000 20.41110 16.62678 150.01500
27 5 17 08 30 1838.07200 10.64934000 124.00000 20.41110 16.60964 150.01500
27 5 17 08 31 1824.65500 10.64934000 124.69999 20.19599 16.44137 150.01500
27 5 17 08 32 1820.50800 10.54138000 124.00000 19.81814 16.44139 150.01535
27 5 17 08 32 1820.50800 10.54139000 123.00001 20.09998 15.91067 154.04416
27 5 17 08 32 1810.78000 10.54144000 124.00001 19.72102 15.91067 154.04416
27 5 17 08 33 1814.88900 10.99427000 124.95922 19.72102 15.91067 154.04416
27 5 17 08 34 1805.10000 10.80000000 125.00000 19.72107 16.61157 154.04416
27 5 17 08 34 1801.77000 10.79992000 123.50010 19.95900 16.61157 154.04416
27 5 17 08 35 1792.81700 10.54157000 124.19619 19.72114 16.61157 154.04416
27 5 17 08 35 1795.00400 10.54157000 123.50003 19.72114 16.61157 150.00000
27 5 17 08 36 1795.00000 10.88996000 123.50000 19.56005 16.61157 150.00000
27 5 17 08 36 1800.00000 10.88996000 123.50002 19.56005 16.61157 150.00000
27 5 17 08 37 1805.10000 10.88996000 123.17578 19.56005 16.61157 150.00000
27 5 17 08 37 1803.11200 10.88996000 123.50001 19.89988 16.55779 150.00000
27 5 17 08 38 1805.00000 10.88996000 123.17583 19.56015 16.62184 150.00000
27 5 17 08 38 1810.78000 10.54175000 123.50003 19.56021 16.62184 145.00000
27 5 17 08 39 1810.76000 10.54175000 123.46760 19.89979 16.62184 145.77995
27 5 17 08 39 1810.77900 10.54181000 123.50000 20.19585 16.62184 151.70854
27 5 17 08 40 1810.77700 10.83991000 123.50001 20.19585 16.62184 148.00000
27 5 17 08 40 1811.00000 10.54187000 124.00000 19.66002 16.62184 148.00000
27 5 17 08 41 1819.83600 10.54187000 124.00000 20.15499 15.97225 148.00000
27 5 17 08 41 1819.83700 10.60001000 124.00002 20.15499 15.97225 151.70793
27 5 17 08 42 1811.00000 10.80864000 122.50000 20.15499 15.97225 150.96490
27 5 17 08 42 1810.00100 10.60000000 123.46757 20.04599 15.97225 150.96490
27 5 17 08 43 1811.00000 10.80861000 124.10254 20.04599 15.97225 149.90011
27 5 17 08 43 1804.22500 10.60005000 125.00000 20.04595 15.97225 151.50096
27 5 17 08 44 1815.37800 10.60006000 124.73516 20.01499 15.97225 151.50151
27 5 17 08 44 1815.84000 10.72271000 125.51966 20.01503 15.97225 151.50087
27 5 17 08 45 1811.00000 10.60022000 125.51966 20.01506 15.97225 149.90010
27 5 17 08 45 1815.83800 10.80828000 125.51966 20.01506 16.05002 149.90010
27 5 17 08 46 1819.72800 10.80828000 125.46769 20.01509 16.05002 149.90010
27 5 17 08 46 1818.11000 10.60030000 125.51966 20.01513 16.10331 149.90010
27 5 17 08 47 1818.11000 10.60030000 125.51966 20.01515 16.10338 149.90000
27 5 17 08 47 1818.10900 10.60030000 125.51966 20.01517 16.60829 149.90000
27 5 17 08 48 1817.99900 10.60038000 125.51966 20.01517 16.10342 149.90000
27 5 17 08 48 1812.73500 10.60042000 125.51966 20.09998 16.12077 149.90000
27 5 17 08 49 1811.38200 10.60043000 125.51966 20.09998 16.12077 149.90000
27 5 17 08 49 1813.85000 10.60043000 125.51966 20.02000 16.12077 149.90000
27 5 17 08 50 1813.99800 10.78059000 125.51966 20.02000 16.12077 149.95023
27 5 17 08 50 1810.01000 10.78055000 123.00000 20.02001 16.12077 149.95023
27 5 17 08 51 1813.99000 10.78055000 125.50874 20.01499 16.12077 149.95001
27 5 17 08 51 1813.99000 10.60061000 124.40715 20.01998 15.97265 149.95025
27 5 17 08 52 1807.00200 10.60061000 124.40731 20.00200 15.97265 150.00001
27 5 17 08 52 1805.00000 10.78040000 124.99999 20.00001 16.00000 150.00001
27 5 17 08 53 1801.77000 10.60201000 124.16566 19.98920 16.00000 149.90000
27 5 17 08 53 1805.00000 10.72998000 124.90000 19.92811 16.00000 149.90000
27 5 17 08 54 1800.80800 10.72998000 124.50000 19.85200 16.00000 149.90000
27 5 17 08 54 1800.80700 10.60200000 124.16575 19.85200 16.00000 150.00001
27 5 17 08 55 1793.00000 10.60200000 124.50000 19.72800 16.00000 150.00001
27 5 17 08 55 1799.99900 10.60000000 124.00000 19.70000 16.00000 150.00001
27 5 17 08 56 1793.00000 10.59900000 124.00000 19.64600 16.00000 145.00000
27 5 17 08 57 1792.92200 10.44508000 123.99988 19.56001 16.01826 145.00011
27 5 17 08 57 1792.81000 10.52000000 122.91326 19.82700 16.01826 145.00011
27 5 17 08 57 1792.31500 10.52000000 122.02311 19.80097 16.01826 145.00011
27 5 17 08 58 1793.00000 10.52000000 123.00000 19.79997 16.01826 140.57094
27 5 17 08 58 1795.64500 10.59000000 123.13553 19.56000 16.42291 140.57094
27 5 17 08 59 1792.00000 10.71908000 123.99999 19.79989 16.35362 146.00000
27 5 17 08 59 1783.89000 10.59002000 124.00000 19.79989 16.28434 146.00000
27 5 17 09 00 1782.61000 10.59002000 123.99992 19.79989 16.37666 151.50920
27 5 17 09 00 1780.00000 10.52000000 123.99998 19.56000 16.37664 146.00001
27 5 17 09 01 1782.99900 10.52000000 123.00201 19.56001 16.37664 146.00001
27 5 17 09 01 1777.50100 10.63000000 123.00200 19.06375 16.37664 146.00001
27 5 17 09 02 1782.00000 10.63000000 123.00000 19.54700 16.37664 146.00001
27 5 17 09 03 1777.50000 10.63000000 122.50024 19.06379 16.37664 146.00001
27 5 17 09 03 1777.50000 10.63001000 122.00000 19.42597 16.37664 146.00001
27 5 17 09 04 1779.99900 10.59910000 122.01000 19.42595 16.37664 146.00001
27 5 17 09 04 1781.40300 10.59900000 122.10001 19.42587 16.37664 146.00001
27 5 17 09 05 1781.40300 10.59900000 122.00000 19.06375 16.37664 146.00001
27 5 17 09 05 1789.00000 10.52001000 122.10002 19.27344 16.09997 146.00001
27 5 17 09 06 1782.00000 10.44503000 122.88706 19.29703 16.09993 146.56151
27 5 17 09 06 1782.00200 10.40100000 122.10003 19.29705 16.23967 150.25664
27 5 17 09 07 1791.00000 10.44478000 122.00001 19.06375 16.23967 150.45977
27 5 17 09 07 1792.81000 10.52000000 122.00001 19.29711 16.09996 152.00000
27 5 17 09 08 1792.80000 10.52000000 122.00001 19.29713 16.18130 151.99979
27 5 17 09 08 1787.42200 10.44485000 122.00001 19.29713 16.18129 153.28445
27 5 17 09 09 1792.11100 10.49000000 122.00001 19.29713 16.18129 153.18342
27 5 17 09 09 1792.11100 10.44492000 122.00001 19.29715 16.18129 153.99999
27 5 17 09 10 1791.19000 10.47000000 122.00001 19.29719 16.09999 153.18344
27 5 17 09 10 1791.18800 10.29522000 122.00001 19.29721 16.09999 154.00000
27 5 17 09 11 1783.89000 10.47000000 122.00001 19.29727 16.09999 154.00000
27 5 17 09 11 1786.99900 10.48000000 122.00000 19.29727 16.09999 154.00000
27 5 17 09 12 1784.14500 10.48000000 120.40001 19.29727 16.00014 145.00021
27 5 17 09 12 1780.00000 10.48000000 121.10000 19.29735 16.37614 150.46071
27 5 17 09 13 1775.01000 10.29538000 120.90000 19.29734 16.37614 153.18259
27 5 17 09 14 1776.00000 10.39500000 120.41002 19.20482 16.37614 145.00066
27 5 17 09 14 1775.01000 10.40000000 120.41000 19.20486 15.86000 145.00066
27 5 17 09 15 1776.00000 10.40000000 120.50000 19.20486 16.08554 145.00066
27 5 17 09 15 1775.01000 10.29569000 120.41002 19.20000 16.08554 149.00089
27 5 17 09 15 1775.50000 10.20002000 120.50000 19.19998 16.08554 145.58569
27 5 17 09 16 1776.00000 10.20031000 120.40001 19.06378 16.37591 149.00190
27 5 17 09 17 1775.01000 10.39991000 120.40000 19.00000 15.91054 145.60003
27 5 17 09 17 1775.01000 10.20032000 120.40001 19.00000 15.90000 149.00190
27 5 17 09 17 1775.01000 10.20033000 120.10000 19.26142 15.90000 149.00190
27 5 17 09 18 1772.00000 10.20033000 120.39998 19.22700 15.91056 149.00190
27 5 17 09 19 1766.18000 10.20034000 120.10001 19.22700 15.91057 149.00202
27 5 17 09 19 1760.00000 10.22002000 120.11000 19.00007 15.90000 153.18089
27 5 17 09 20 1760.00000 10.37792000 119.99998 19.00010 15.90001 153.18089
27 5 17 09 20 1752.00000 10.00001000 118.12307 19.09999 15.90001 149.00234
27 5 17 09 21 1752.00000 10.20000000 118.12306 19.00013 15.90002 149.00236
27 5 17 09 21 1752.00000 10.20000000 117.74500 19.00012 15.90000 153.18021
27 5 17 09 22 1752.00000 10.00000000 118.00000 18.82705 15.86000 149.00268
27 5 17 09 22 1752.00000 10.00008000 117.74500 18.57202 15.86018 149.00268
27 5 17 09 23 1751.00000 10.18995000 117.99998 18.82706 15.58743 153.17952
27 5 17 09 23 1751.00000 10.00009000 117.50000 18.82709 15.89983 153.17952
27 5 17 09 24 1747.80900 10.23212000 116.55000 18.43500 15.86016 153.17952
27 5 17 09 24 1747.12300 10.01006000 117.50000 18.00000 15.86016 152.42053
27 5 17 09 25 1747.81000 9.67002000 116.95000 18.63591 15.86014 145.60072
27 5 17 09 25 1744.12300 10.01005000 116.00004 18.63592 15.86014 145.60099
27 5 17 09 26 1744.12200 10.00000000 117.00000 18.50000 15.86014 145.60099
27 5 17 09 27 1748.00000 10.01009000 116.59002 18.50000 15.86014 145.60000
27 5 17 09 27 1748.12200 10.17000000 117.00000 18.40000 15.86014 145.60075
27 5 17 09 28 1747.81000 10.16999000 117.50000 18.40000 15.55000 145.60000
27 5 17 09 28 1750.00000 10.17000000 117.99998 18.40000 15.55000 145.60054
27 5 17 09 29 1757.40000 10.10000000 118.49999 18.43501 15.86005 145.60053
27 5 17 09 29 1753.00000 10.10000000 118.39002 18.60000 15.86016 142.93688
27 5 17 09 30 1757.40000 10.18470000 117.50000 18.60000 15.86015 142.93688
27 5 17 09 30 1762.47500 10.10003000 117.50000 18.65116 15.95167 142.93688
27 5 17 09 31 1762.47500 10.18468000 117.88000 18.79402 16.00000 145.60029
27 5 17 09 31 1762.47500 10.18370000 117.88000 18.65119 16.00000 145.60029
27 5 17 09 32 1766.18000 10.10000000 117.50002 18.65119 16.00000 145.60029
27 5 17 09 32 1766.18000 10.00040000 117.50000 18.65121 15.90000 145.60029
27 5 17 09 33 1762.47500 10.00041000 117.40000 18.65125 16.00001 145.60029
27 5 17 09 33 1760.00300 10.00042000 117.48100 18.80000 16.00001 145.60001
27 5 17 09 34 1752.90600 9.71915000 116.10002 18.79998 16.00000 145.60001
27 5 17 09 35 1748.65100 9.74186000 116.10003 18.68121 16.00000 145.60001
27 5 17 09 35 1746.45100 9.71917000 116.00002 18.68121 16.00000 145.59959
27 5 17 09 35 1741.47800 9.71919000 117.12416 18.79999 16.00000 145.59959
27 5 17 09 36 1751.05400 9.71934000 116.20001 18.79999 16.00000 145.59959
27 5 17 09 37 1752.00000 9.71939000 116.00000 18.79998 16.00000 144.00057
27 5 17 09 37 1744.72100 10.09878000 116.00000 18.65500 16.00000 144.00057
27 5 17 09 38 1742.11000 10.05052000 115.10001 18.51000 16.00002 144.00057
27 5 17 09 38 1739.95000 9.75443000 115.10003 18.79000 15.86056 144.99988
27 5 17 09 39 1733.30800 10.04945000 115.10000 17.52000 15.85001 144.99988
27 5 17 19 17 1856.50900 12.95000000 139.00000 20.94396 17.97970 169.86283
27 5 17 19 18 1856.07000 12.95000000 138.95002 20.94396 17.97970 169.86283
27 5 17 19 18 1853.29300 12.95000000 138.95001 20.94396 17.93895 169.86283
27 5 17 19 19 1853.50000 12.95000000 138.94996 20.90000 17.93895 169.86283
27 5 17 19 19 1851.78900 12.95000000 138.95000 20.94380 17.93895 169.86283
27 5 17 19 20 1850.77200 12.81132000 137.07979 20.92097 17.93895 169.86283
27 5 17 19 20 1851.87000 12.81134000 138.41617 20.92097 17.98000 169.86283
27 5 17 19 21 1856.12400 12.95000000 138.41626 20.92097 17.98000 169.86283
27 5 17 19 21 1856.11000 12.95000000 138.53263 20.92097 17.98000 169.86283
27 5 17 19 22 1855.00000 12.99950000 139.49999 20.92097 17.97994 169.86283
27 5 17 19 22 1856.50000 13.09983000 138.70007 20.92097 17.97994 169.55931
27 5 17 19 23 1856.51000 13.09983000 138.70039 20.92097 17.97991 169.55931
27 5 17 19 23 1856.50900 13.00001000 139.49988 20.92097 17.97991 169.55931
27 5 17 19 24 1856.51000 13.09977000 139.49988 20.92097 17.93895 169.55931
27 5 17 19 24 1856.50000 13.08000000 139.48999 20.89399 17.90947 169.55931
27 5 17 19 25 1856.51000 13.08000000 139.48999 20.89399 17.88410 166.74309
27 5 17 19 25 1856.51000 13.08000000 139.48999 20.89399 17.85917 166.74309
27 5 17 19 26 1856.51000 13.00000000 139.48999 20.89399 17.85917 166.74309
27 5 17 19 26 1856.51000 13.08000000 139.49999 20.71100 17.98000 166.72126
27 5 17 19 27 1856.51000 13.08000000 139.49998 20.74054 17.98000 166.72126
27 5 17 19 27 1855.00000 13.08000000 139.50000 20.74054 17.98000 166.72126
27 5 17 19 28 1854.50000 13.08000000 139.49997 20.72000 17.98000 166.72126
27 5 17 19 28 1851.21000 13.08000000 139.49992 20.72000 17.98000 166.72126
27 5 17 19 29 1856.06500 13.15000000 139.40000 20.74000 17.98000 166.72126
27 5 17 19 29 1856.06500 13.09001000 139.40000 20.84196 17.82928 166.79243
27 5 17 19 30 1856.45800 13.15000000 139.99557 20.84195 17.82928 166.79275
27 5 17 19 30 1856.46000 13.15000000 139.99535 20.84195 17.82928 166.79275
27 5 17 19 31 1854.35700 13.23678000 139.99523 20.84195 17.82928 166.79275
27 5 17 19 31 1851.80000 13.25000000 139.99516 20.84100 17.82933 166.79275
27 5 17 19 32 1861.82900 13.10018000 139.99540 20.86998 17.82933 170.89989
27 5 17 19 32 1861.93900 13.10018000 139.99506 20.89498 17.82933 170.89989
27 5 17 19 33 1861.00000 13.28546000 139.50005 20.89498 17.82933 170.89989
27 5 17 19 33 1860.09100 13.28544000 139.99487 20.94586 17.82933 170.89989
27 5 17 19 34 1863.00000 13.28544000 139.99484 20.94583 17.82933 170.89989
27 5 17 19 34 1865.79000 13.28544000 139.91000 20.94583 17.82933 170.89989
27 5 17 19 35 1865.79000 13.39998000 139.99487 20.94583 17.83014 170.89989
27 5 17 19 36 1865.79000 13.38247000 139.99489 20.94583 17.83014 170.89989
27 5 17 19 36 1863.95700 13.47944000 139.50000 20.94583 17.83014 170.89989
27 5 17 19 37 1863.95700 13.47929000 139.99540 20.96506 17.83004 170.89989
27 5 17 19 37 1863.95700 13.46995000 140.00000 20.91500 17.83004 170.89989
27 5 17 19 37 1865.79000 13.46995000 139.99998 20.91500 17.83004 170.89989
27 5 17 19 38 1865.79000 13.46995000 139.99999 20.91500 17.83004 170.89989
27 5 17 19 39 1865.79000 13.46995000 140.00000 20.91500 17.83004 170.89989
27 5 17 19 39 1865.11100 13.26417000 140.00000 20.91500 17.83004 170.89989
27 5 17 19 39 1865.79000 13.26417000 140.49987 20.91500 17.83004 170.89989
27 5 17 19 40 1865.00000 13.40000000 140.20129 20.95994 17.98000 170.89989
27 5 17 19 41 1865.79000 13.40000000 140.20129 20.86302 17.98000 170.00000
27 5 17 19 41 1865.79000 13.40000000 140.20166 20.80801 17.97995 170.00000
27 5 17 19 41 1865.78900 13.40000000 140.20132 20.68604 17.98000 170.00000
27 5 17 19 42 1865.79000 13.40000000 140.49986 20.71507 17.98000 170.90000
27 5 17 19 43 1865.79000 13.39999000 140.50001 20.65404 17.98000 170.90000
27 5 17 19 43 1865.79000 13.40000000 140.50008 20.63198 17.98000 170.90000
27 5 17 19 44 1865.79000 13.40000000 141.00000 20.63195 17.98000 170.90000
27 5 17 19 44 1865.78800 13.40000000 140.99999 20.63194 17.98000 170.90000
27 5 17 19 45 1865.78900 13.40000000 140.86988 20.63191 17.98000 172.64491
27 5 17 19 45 1865.79000 13.39997000 140.86997 20.63191 17.98000 172.64491
27 5 17 19 46 1865.00000 13.39899000 140.87018 20.63191 17.98000 172.64491
27 5 17 19 46 1864.80000 13.39997000 140.87014 20.63191 17.97996 172.64491
27 5 17 19 47 1865.00000 13.40000000 140.87012 20.63191 17.97996 172.64491
27 5 17 19 47 1865.78900 13.39998000 140.50007 20.64302 17.97996 172.64491
27 5 17 19 48 1865.00000 13.49900000 140.21053 20.66101 17.97996 172.64491
27 5 17 19 48 1864.99000 13.40001000 141.49951 20.61503 17.85518 172.64491
27 5 17 19 49 1864.99000 13.27273000 140.51197 20.75598 17.85518 170.00056
27 5 17 19 49 1864.98900 13.40000000 140.70000 20.71482 17.85522 170.00056
27 5 17 19 50 1863.00000 13.40000000 140.70000 20.75598 17.85522 170.00056
27 5 17 19 50 1863.10000 13.39899000 141.49000 20.75598 17.85522 171.89000
27 5 17 19 51 1864.17700 13.39896000 140.90004 20.75598 17.85522 171.89000
27 5 17 19 51 1862.16700 13.33000000 141.00000 20.75598 17.85522 171.89000
27 5 17 19 52 1865.00000 13.33000000 140.72011 20.75598 17.85522 171.89000
27 5 17 19 52 1864.30000 13.27281000 140.72000 20.75598 17.85522 170.00110
27 5 17 19 53 1862.23700 13.27260000 140.90030 20.75598 17.85522 170.00116
27 5 17 19 53 1861.99500 13.27260000 140.72000 20.75598 17.85540 170.00116
27 5 17 19 54 1864.36600 13.20042000 140.72000 20.75598 17.85540 170.00116
27 5 17 19 54 1864.29800 13.20042000 140.72000 20.75598 17.85540 170.00119
27 5 17 19 55 1860.04000 13.21279000 140.71992 20.75598 17.85540 170.00119
27 5 17 19 55 1864.99900 13.21279000 140.71990 20.75598 17.85519 170.00119
27 5 17 19 56 1865.00000 13.38991000 140.71988 20.75598 17.85519 170.00119
27 5 17 19 56 1865.00000 13.38991000 140.71988 20.75598 17.97969 170.00119
27 5 17 19 57 1864.99900 13.38991000 140.69996 20.73000 17.97969 170.00119
27 5 17 19 57 1864.99900 13.38991000 140.69996 20.86363 17.97969 170.00119
27 5 17 19 58 1865.00000 13.38991000 140.69998 20.86363 17.97969 170.00119
27 5 17 19 58 1865.00000 13.38991000 140.10011 20.86363 17.97969 170.00119
27 5 17 19 59 1865.00000 13.38991000 140.71960 20.86363 17.97969 170.00119
27 5 17 19 59 1864.85700 13.20024000 140.10039 20.77900 17.97969 170.00119
27 5 17 20 00 1865.78900 13.20024000 140.71940 20.77900 17.97969 170.00119
27 5 17 20 00 1865.78800 13.20024000 139.99998 20.77900 17.97969 170.10065
27 5 17 20 01 1865.78900 13.37902000 139.99992 20.77900 17.97969 170.10065
27 5 17 20 01 1864.73200 13.37902000 140.00000 20.77900 17.97969 170.10065
27 5 17 20 02 1865.24000 13.37902000 139.99999 20.81997 17.97969 171.89040
27 5 17 20 02 1864.73200 13.37902000 139.99999 20.81997 17.96965 171.89040
27 5 17 20 03 1861.24900 13.10049000 140.71940 20.81997 17.96967 171.89040
27 5 17 20 04 1857.76300 13.10049000 140.71954 20.81997 17.96967 171.89040
27 5 17 20 04 1865.78900 13.10049000 140.00014 20.69400 17.96967 172.64557
27 5 17 20 05 1858.48500 13.10049000 140.00000 20.64700 17.85527 172.64558
27 5 17 20 05 1858.37400 13.10049000 139.99997 20.62200 17.85528 172.68754
27 5 17 20 06 1859.35200 13.29994000 140.00001 20.64698 17.85528 172.68754
27 5 17 20 06 1856.51000 13.29992000 140.00000 20.64700 17.85528 172.68754
27 5 17 20 07 1862.00000 13.29981000 140.00000 20.64700 17.85528 172.89723
27 5 17 20 07 1865.60000 13.30000000 140.00012 20.65000 17.85528 172.93927
27 5 17 20 08 1862.44600 13.30000000 139.30072 20.67100 17.85528 173.67506
27 5 17 20 08 1862.44600 13.30000000 139.99983 20.67100 17.85528 172.64572
27 5 17 20 09 1856.51000 13.14917000 139.30094 20.65000 17.85528 172.64572
27 5 17 20 09 1856.51000 13.14917000 139.99954 20.58000 17.85528 172.64572
27 5 17 20 10 1856.51000 13.14917000 139.99983 20.58000 17.85528 172.64572
27 5 17 20 10 1856.51000 13.29987000 139.02262 20.58000 17.85528 172.64572
27 5 17 20 11 1852.60400 13.29987000 140.39207 20.46100 17.85528 172.64572
27 5 17 20 11 1850.60000 13.29987000 139.02280 20.54495 17.85528 172.64572
27 5 17 20 12 1853.43200 13.22491000 139.98992 20.52100 17.85528 172.64572
27 5 17 20 12 1853.43200 13.22491000 139.80000 20.49397 17.85528 172.64572
27 5 17 20 13 1853.43200 13.22491000 139.80000 20.49397 17.85528 172.64572
27 5 17 20 13 1850.45000 13.21000000 139.76999 20.49397 17.85528 172.64572
27 5 17 20 14 1850.45000 13.14500000 139.76999 20.49397 17.85528 172.64572
27 5 17 20 14 1850.63500 13.14500000 138.77675 20.49397 17.85528 172.64572
27 5 17 20 15 1847.40000 13.10035000 139.00000 20.40000 17.85528 172.64572
27 5 17 20 15 1847.27000 13.05002000 139.00000 20.40000 17.85528 176.99998
27 5 17 20 16 1847.63100 13.05002000 139.00001 20.40007 17.85528 176.99998
27 5 17 20 16 1845.00000 13.22000000 139.49990 20.44400 17.85528 176.99998
27 5 17 20 17 1841.52800 13.21998000 138.77678 20.40007 17.85528 176.99998
27 5 17 20 18 1837.84500 13.05013000 138.10003 20.40007 17.85528 176.99998
27 5 17 20 18 1830.00000 13.00000000 137.00001 20.40007 17.85532 173.01197
27 5 17 20 18 1830.00000 13.14999000 137.00000 20.40000 17.85530 173.01197
27 5 17 20 19 1828.93000 13.00000000 136.51000 20.38000 17.85528 173.01196
27 5 17 20 19 1816.41800 13.00000000 136.50000 20.37998 17.85503 173.01194
27 5 17 20 20 1802.02000 12.93027000 136.00002 20.09306 17.85503 172.64557
27 5 17 20 20 1801.77000 12.91728000 136.00001 20.04076 17.62723 170.72597
27 5 17 20 21 1801.77000 12.93024000 135.51027 20.00010 17.62725 171.72573
27 5 17 20 22 1801.76900 12.91209000 135.23723 20.02234 17.62725 173.01193
27 5 17 20 22 1801.77000 13.13000000 134.70000 20.09300 17.62723 171.72576
27 5 17 20 23 1801.77000 12.82119000 133.80000 20.00010 17.74269 171.72577
27 5 17 20 23 1801.77000 12.82119000 134.98000 20.00010 17.62725 171.72577
27 5 17 20 24 1801.76000 12.80000000 135.00000 20.00010 17.62725 173.01169
27 5 17 20 24 1801.76000 12.76999000 134.50000 20.20199 17.62730 168.15754
27 5 17 20 25 1800.00000 12.66001000 134.50000 20.09294 17.62731 168.15754
27 5 17 20 25 1800.00000 12.70000000 134.50001 20.00010 17.62732 168.15754
27 5 17 20 26 1801.77000 12.66205000 134.50002 20.00010 17.62732 168.15754
27 5 17 20 26 1810.55100 12.66206000 134.50002 20.13989 17.62732 168.15754
27 5 17 20 27 1800.30700 12.75000000 135.89000 20.07000 17.62732 168.15754
27 5 17 20 27 1809.99900 12.66640000 135.00002 20.03300 17.80081 168.15754
27 5 17 20 28 1800.58900 12.66646000 135.00000 20.04000 17.80262 172.66756
27 5 17 20 28 1808.96900 12.66646000 135.00000 20.04000 17.80262 172.66756
27 5 17 20 29 1804.99800 12.65000000 135.00000 20.04000 17.80262 172.66756
27 5 17 20 29 1803.24800 12.65000000 135.00000 20.04000 17.80262 172.66756
27 5 17 20 30 1808.68900 12.65000000 134.06003 20.04000 17.50001 172.66756
27 5 17 20 30 1803.24800 12.65000000 134.15351 20.00010 17.74281 172.66756
27 5 17 20 31 1800.00000 12.65000000 134.50039 20.00010 17.74281 172.66756
27 5 17 20 31 1804.95800 12.65000000 134.15370 20.00010 17.74281 168.78837
27 5 17 20 32 1804.95700 12.65000000 134.50041 20.00010 17.74281 168.78858
27 5 17 20 32 1792.81200 12.65000000 134.20002 20.00010 17.74281 168.78858
27 5 17 20 33 1792.81000 12.65000000 134.20003 20.00010 17.80233 168.79089
27 5 17 20 33 1790.00000 12.65000000 134.00000 20.00010 17.50000 168.78883
27 5 17 20 34 1790.00000 12.65000000 134.20003 20.00010 17.50000 168.79092
27 5 17 20 34 1789.98900 12.65000000 132.70000 19.75001 17.50000 168.79112
27 5 17 20 35 1784.58800 12.52094000 133.00000 19.82998 17.50000 167.48355
27 5 17 20 35 1775.01000 12.52094000 132.66350 18.40000 17.50001 166.45438
27 5 17 20 36 1770.85600 12.65000000 132.50000 18.01210 17.48203 164.19999
27 5 17 20 37 1767.11900 12.50004000 131.20000 18.01210 17.35892 164.20000
27 5 17 20 37 1767.11900 12.40002000 130.23274 18.01210 17.35783 164.20000
27 5 17 20 38 1766.98800 12.24733000 130.23270 18.00000 17.30521 164.20000
27 5 17 20 38 1765.00000 12.49999000 130.23276 18.00000 17.30520 168.78991
27 5 17 20 39 1763.00000 12.05001000 130.23277 18.00000 17.30520 164.20003
27 5 17 20 39 1763.00000 12.05001000 130.23275 19.19703 17.01989 164.20012
27 5 17 20 40 1767.13200 12.20000000 130.39997 19.19703 17.01989 162.00001
27 5 17 20 40 1775.01000 12.20000000 130.23275 19.27801 17.01989 162.00001
27 5 17 20 41 1783.88600 12.20000000 130.23275 19.27801 17.01989 162.00000
27 5 17 20 41 1782.00000 12.25000000 130.50000 19.27801 17.01989 162.00003
27 5 17 20 42 1783.75000 12.25001000 130.79994 19.27805 17.01989 162.00013
27 5 17 20 42 1775.13100 12.49976000 131.87965 18.00100 17.01989 162.00014
27 5 17 20 43 1783.89000 12.25005000 132.66346 19.27000 17.01989 164.19969
27 5 17 20 43 1783.00000 12.25005000 131.87986 19.27000 17.01989 164.19969
27 5 17 20 44 1776.36600 12.25005000 131.87988 19.27000 17.01999 164.19969
27 5 17 20 44 1776.58700 12.25005000 132.00001 19.27000 17.01999 164.19969
27 5 17 20 45 1783.88700 12.50000000 132.50000 19.29996 17.02003 162.00000
27 5 17 20 45 1778.56400 12.50000000 133.49999 19.29991 17.02003 162.00010
27 5 17 20 46 1782.00000 12.55000000 133.18279 19.10000 17.30513 155.51001
27 5 17 20 46 1779.00100 12.55000000 133.18272 19.10000 17.30520 164.19821
27 5 17 20 47 1783.88600 12.55000000 133.49988 19.31644 17.49085 164.19821
27 5 17 20 48 1786.74100 12.55000000 133.18261 19.37599 17.49085 164.19821
27 5 17 20 48 1785.00000 12.55000000 133.18254 19.23202 17.49085 164.19821
27 5 17 20 48 1784.88900 12.55000000 133.18237 19.45400 17.48923 163.42358
27 5 17 20 49 1785.00000 12.59999000 133.00001 19.45400 17.43997 163.42358
27 5 17 20 49 1784.00000 12.59999000 133.18213 19.45400 17.33804 163.42358
27 5 17 20 50 1791.14900 12.59999000 133.00000 19.45400 17.33804 163.42358
27 5 17 20 51 1790.51000 12.59999000 133.47979 19.41103 17.00001 163.42358
27 5 17 20 51 1785.00000 12.55003000 133.47976 19.48100 17.00001 163.42358
27 5 17 20 52 1785.00000 12.55000000 133.18211 19.56991 17.00001 163.42358
27 5 17 20 52 1790.00000 12.59000000 134.40348 19.56991 17.00001 163.42358
27 5 17 20 52 1792.00000 12.59000000 134.40348 19.52000 17.00001 163.42358
27 5 17 20 53 1792.81000 12.59000000 134.00000 19.52000 17.00001 163.42358
27 5 17 20 54 1792.81000 12.76542000 134.40000 19.52000 17.00001 163.42358
27 5 17 20 54 1792.00000 12.76542000 134.50000 19.68186 17.00001 163.42358
27 5 17 20 55 1791.00000 12.76598000 135.15924 19.63700 17.00001 163.42358
27 5 17 20 55 1792.00000 12.76598000 134.50000 19.59902 17.00001 163.42358
27 5 17 20 56 1792.81000 12.76598000 134.60001 19.68179 17.00001 163.42358
27 5 17 20 56 1790.40300 12.76598000 134.60000 19.63002 17.00001 163.42358
27 5 17 20 57 1790.11100 12.61009000 134.50000 19.63002 17.00001 163.42358
27 5 17 20 57 1791.38000 12.61013000 133.90150 19.62801 17.00001 163.42358
27 5 17 20 58 1791.38000 12.61013000 133.90000 19.74999 17.00001 163.42358
27 5 17 20 58 1790.00000 12.61013000 133.50054 19.65700 17.00001 163.42358
27 5 17 20 59 1790.00000 12.61000000 133.90000 19.68500 17.00001 163.42358
27 5 17 20 59 1788.81000 12.57011000 133.50082 19.71400 17.00001 163.42309
27 5 17 21 00 1789.04800 12.57011000 133.90000 19.65700 17.00001 162.91415
27 5 17 21 00 1787.02000 12.57011000 133.90000 19.65700 17.00001 162.91388
27 5 17 21 01 1787.02000 12.55000000 133.50000 19.65700 17.00001 162.91378
27 5 17 21 01 1785.00000 12.55000000 133.50000 19.65700 17.00001 162.91378
27 5 17 21 02 1780.00100 12.55000000 133.40000 19.65700 17.00001 168.78459
27 5 17 21 02 1775.43000 12.55000000 132.60088 19.59900 17.00001 168.78437
27 5 17 21 03 1775.01000 12.55000000 133.20013 19.56658 17.00001 168.78437
27 5 17 21 03 1775.43800 12.69557000 132.99999 19.42617 17.00001 168.78437
27 5 17 21 04 1773.57400 12.69548000 131.59543 19.46900 17.00001 162.90045
27 5 17 21 04 1766.18000 12.50001000 131.01818 19.32506 17.01001 162.90026
27 5 17 21 05 1769.90000 12.50000000 131.59542 19.32506 17.01001 162.90026
27 5 17 21 05 1766.18000 12.50000000 131.50000 19.52700 17.01001 168.78327
27 5 17 21 06 1762.97000 12.50000000 131.49998 19.55800 17.01001 168.78327
27 5 17 21 06 1757.40100 12.50000000 130.46380 19.32505 17.01000 168.78327
27 5 17 21 07 1755.03000 12.50000000 130.46380 19.31139 17.01000 168.78327
27 5 17 21 08 1754.18200 12.50000000 130.00012 19.29400 17.01000 168.78327
27 5 17 21 08 1750.00100 12.32684000 130.10000 19.29300 17.01000 168.78327
27 5 17 21 08 1757.37000 12.32684000 130.98996 19.21000 17.01000 159.25458
27 5 17 21 09 1756.00000 12.50000000 130.00021 19.21001 17.01000 159.25458
27 5 17 21 09 1752.00000 12.50000000 130.10000 19.12800 17.01000 167.99911
27 5 17 21 10 1754.22000 12.11085000 130.87991 19.16199 17.19238 167.99911
27 5 17 21 10 1754.01000 12.24500000 130.87989 19.16198 17.11295 167.99854
27 5 17 21 11 1760.00000 12.24500000 130.20028 19.09200 17.09531 156.15033
27 5 17 21 11 1766.00000 12.24500000 131.71206 19.15000 17.01000 156.15033
27 5 17 21 12 1766.00000 12.24508000 131.71206 19.15000 17.01011 167.99802
27 5 17 21 13 1760.00000 12.44999000 131.71203 19.22729 17.00003 167.99802
27 5 17 21 13 1760.00000 12.44999000 131.71204 19.22729 17.00003 167.99802
27 5 17 21 13 1760.00000 12.24523000 131.02032 19.22729 17.00003 167.99802
27 5 17 21 14 1760.00000 12.24523000 131.09998 19.22729 17.00003 167.99561
27 5 17 21 15 1763.96800 12.24523000 131.69995 19.21000 17.00003 167.99561
27 5 17 21 15 1760.00000 12.45000000 131.69995 19.21000 17.00003 167.99561
27 5 17 21 16 1765.00000 12.45000000 131.49998 19.21000 17.00003 167.99561
27 5 17 21 16 1760.00000 12.45000000 131.10004 19.21000 17.00003 167.99561
27 5 17 21 17 1763.91700 12.45000000 131.00000 19.12823 16.70297 167.99561
27 5 17 21 17 1750.00000 12.45000000 130.79321 18.82600 16.70297 156.15610
27 5 17 21 18 1750.00000 12.45000000 130.00001 18.82600 16.70297 167.99408
27 5 17 21 18 1753.41500 12.45000000 130.00000 18.82603 16.70297 167.99408
27 5 17 21 19 1753.41500 12.45000000 130.10000 18.82603 16.70297 167.99408
27 5 17 21 19 1749.44200 12.45000000 129.16008 18.82603 16.70297 167.99408
27 5 17 21 20 1749.32700 12.45000000 129.00000 18.82603 16.50001 167.99408
27 5 17 21 20 1750.06300 12.24000000 128.35006 18.89800 16.50001 167.99408
27 5 17 21 21 1748.65100 12.24000000 129.49998 18.89800 16.50001 167.99408
27 5 17 21 21 1766.17300 12.24000000 129.00000 18.93400 16.50001 167.99408
27 5 17 21 22 1758.00000 12.24000000 128.50007 18.99600 16.50000 167.99408
27 5 17 21 22 1765.99800 12.23996000 128.99000 18.93400 16.50000 167.99408
27 5 17 21 23 1754.36100 12.11000000 129.10981 19.04998 16.50000 167.99408
27 5 17 21 23 1764.76700 12.11000000 129.00000 19.04998 16.50000 167.99408
27 5 17 21 24 1764.00000 12.11000000 129.39996 19.04998 16.50000 167.99408
27 5 17 21 24 1755.00100 12.11002000 129.00000 18.87600 16.50000 167.99408
27 5 17 21 25 1756.62000 12.00001000 129.00000 18.87600 16.50000 167.99408
27 5 17 21 25 1754.96000 12.00001000 128.35064 19.04996 16.50000 167.99408
27 5 17 21 26 1751.12200 11.94440400 129.00010 18.91000 16.50000 167.99408
27 5 17 21 26 1755.00000 11.94440400 129.00000 18.76800 16.50000 167.99408
27 5 17 21 27 1754.00000 11.94444000 128.10010 18.76800 16.50000 167.99408
27 5 17 21 27 1752.00000 11.94440400 128.00003 18.76800 16.50000 155.00100
27 5 17 21 28 1753.00000 11.94440400 128.00000 18.76800 16.50000 154.87020
27 5 17 21 28 1755.03000 11.94440400 128.59038 18.76800 16.50000 154.87020
27 5 17 21 29 1752.00000 11.94441000 128.59031 18.76800 16.50000 154.87033
27 5 17 21 29 1752.11700 11.94441000 128.00025 18.76800 17.05487 154.87033
27 5 17 21 30 1756.28500 11.94441000 128.00032 18.90700 17.05487 154.87033
27 5 17 21 30 1756.28400 11.90001000 128.59038 18.90698 16.50090 154.87033
27 5 17 21 31 1756.28300 11.90001000 128.03601 18.90698 16.50090 154.87033
27 5 17 21 31 1756.00000 11.90003000 128.00000 18.80793 16.50090 154.87033
27 5 17 21 32 1751.99900 11.90004000 128.59026 18.80793 16.50090 154.87033
27 5 17 21 32 1751.99900 11.90004000 128.57995 18.80793 16.50090 154.87033
27 5 17 21 33 1755.00000 11.90004000 128.57988 18.80793 16.50090 154.87033
27 5 17 21 34 1748.65100 11.90004000 128.10000 18.80793 16.50090 154.87033
27 5 17 21 34 1748.65000 11.90000000 128.10000 18.80394 16.50090 154.87033
27 5 17 21 35 1751.27800 11.80131000 128.20000 18.80398 16.50090 159.91000
27 5 17 21 35 1748.65000 11.80001000 128.10000 18.80399 16.50090 159.91000
27 5 17 21 35 1742.00000 12.15018000 128.20000 18.64300 16.50090 159.91000
27 5 17 21 36 1741.57900 12.15018000 128.00000 18.64300 16.50090 159.91000
27 5 17 21 37 1742.00000 12.15018000 127.35000 18.64300 16.50090 153.95934
27 5 17 21 37 1744.10000 12.15018000 127.00000 18.64300 16.50090 153.95934
27 5 17 21 38 1744.11000 12.15018000 127.00000 18.64300 16.50000 153.95934
27 5 17 21 38 1746.41800 12.15018000 127.59100 18.64300 16.50000 153.95934
27 5 17 21 39 1740.00000 11.71404000 127.00005 18.64300 16.50000 153.95934
27 5 17 21 39 1746.41400 11.71408000 127.50000 18.64300 16.50000 153.96003
27 5 17 21 40 1739.95000 11.71414000 127.05003 18.64300 16.50000 153.96003
27 5 17 21 40 1746.41800 11.71414000 127.09002 18.64300 16.50000 153.96003
27 5 17 21 41 1749.42200 11.71414000 127.05000 18.64300 16.50000 153.96003
27 5 17 21 41 1746.46000 11.71414000 127.09003 18.64000 16.50000 153.96003
27 5 17 21 42 1747.01000 11.71414000 127.00000 18.64000 16.50000 153.96003
27 5 17 21 42 1740.00500 11.71414000 128.10000 18.64008 17.03823 159.36812
27 5 17 21 43 1754.24300 11.71414000 128.01000 18.85487 17.03823 159.36812
27 5 17 21 43 1754.96900 11.71475000 129.59358 18.85489 17.03823 159.36812
27 5 17 21 44 1756.99900 11.71475000 129.59359 18.85490 17.03823 159.36812
27 5 17 21 44 1757.40000 11.71475000 129.99993 18.85489 17.03823 159.36812
27 5 17 21 45 1757.39200 11.71475000 128.50000 18.96240 16.50007 159.36812
27 5 17 21 45 1757.40000 11.71480000 129.70992 19.04500 16.50007 159.36812
27 5 17 21 46 1757.00000 11.71480000 129.70976 19.05000 16.50007 159.36812
27 5 17 21 46 1757.00000 11.71480000 129.60375 19.11673 16.50007 159.36812
27 5 17 21 47 1759.46900 11.98000000 129.00007 19.11673 16.50007 159.36812
27 5 17 21 47 1762.50200 12.03584000 129.60071 19.11673 16.50007 159.36812
27 5 17 21 48 1758.89300 11.98000000 129.60374 19.11673 16.50007 159.36812
27 5 17 21 48 1758.73100 11.98000000 129.70982 19.11673 16.50007 159.36812
27 5 17 21 49 1757.10000 11.98000000 130.60000 19.11673 16.50007 159.36812
27 5 17 21 49 1765.98400 12.14000000 131.06535 19.11673 16.50007 159.36812
27 5 17 21 50 1761.45000 12.14000000 131.20000 18.85495 16.50007 159.36812
27 5 17 21 51 1764.91600 12.14000000 132.59253 19.35000 16.50007 155.00000
27 5 17 21 51 1760.81600 12.14000000 132.11416 18.85506 17.07850 155.00000
27 5 17 21 51 1756.78900 12.14000000 132.11412 18.85506 17.07860 157.81926
27 5 17 21 52 1762.86900 12.14000000 131.89530 19.25799 17.07860 157.81926
27 5 17 21 52 1760.90600 12.14000000 130.75000 19.22900 17.07860 157.81926
27 5 17 21 53 1756.54000 12.14000000 130.25357 19.25800 17.07860 157.81926
27 5 17 21 53 1753.90000 12.12440000 130.15424 19.25800 17.07860 154.01586
27 5 17 21 54 1753.89000 12.12440000 130.25357 19.25800 17.07860 154.01586
27 5 17 21 55 1751.00000 12.12440000 130.00007 19.25800 17.07860 154.01586
27 5 17 21 55 1751.00000 12.12440000 130.15500 19.25800 17.07860 154.01638
27 5 17 21 55 1751.00000 12.12440000 130.15500 19.25800 17.07860 154.01638
27 5 17 21 56 1750.17700 12.12440000 130.15390 19.27081 17.07860 154.01638
27 5 17 21 56 1748.65000 12.12440000 129.58716 19.27080 17.07860 154.01638
27 5 17 21 57 1751.00000 12.12440000 130.87259 19.27073 17.07860 154.01638
27 5 17 21 58 1757.04200 12.12440000 129.74702 19.27073 17.07860 154.01638
27 5 17 21 58 1757.19700 12.12440000 129.75010 19.27073 17.07860 154.01638
27 5 17 21 59 1754.61600 12.12440000 131.31786 19.27073 17.07860 154.01638
27 5 17 21 59 1754.89000 12.12315000 129.42691 18.98721 17.07860 154.01638
27 5 17 22 00 1760.69000 12.12315000 129.75101 18.98721 17.07860 154.01638
27 5 17 22 00 1760.66000 12.12315000 129.75102 18.98721 17.07860 154.01749
27 5 17 22 01 1755.01000 12.12315000 129.67301 18.98721 17.07860 154.01749
27 5 17 22 01 1760.72100 12.12315000 130.34274 18.98721 17.07860 154.01795
27 5 17 22 02 1753.87400 12.12315000 129.24863 18.98746 17.07860 154.01795
27 5 17 22 02 1750.00000 12.12315000 129.24862 18.98746 17.07860 154.01795
27 5 17 22 03 1750.00000 12.12315000 129.24863 18.98746 17.07860 155.85000
27 5 17 22 03 1754.98900 12.12315000 129.05001 18.98746 16.60045 155.85000
27 5 17 22 04 1749.00000 12.12315000 129.04996 18.98746 16.60045 155.85000
27 5 17 22 04 1751.66600 12.12315000 129.04998 18.98746 16.93534 157.39885
27 5 17 22 05 1754.74100 12.12315000 129.05000 18.98746 16.93534 157.39885
27 5 17 22 05 1748.65000 11.85559000 129.19998 18.98780 16.93534 157.39885
27 5 17 22 06 1754.99800 11.85559000 129.19998 18.98789 16.93534 157.39885
27 5 17 22 06 1750.00000 11.85559000 129.20000 18.98794 16.93534 156.70001
27 5 17 22 07 1750.00000 11.85559000 129.67298 18.98794 16.86487 156.70001
27 5 17 22 07 1755.00000 11.85559000 129.99999 19.15055 16.60077 156.70000
27 5 17 22 08 1753.07000 11.85559000 129.22005 19.17868 16.60077 156.70000
27 5 17 22 08 1755.00000 12.00000000 129.86988 19.17870 16.60077 156.70001
27 5 17 22 09 1761.19300 12.14000000 129.99988 19.23492 16.60077 156.70000
27 5 17 22 09 1759.25300 12.14000000 129.99993 19.23492 16.60077 156.70000
27 5 17 22 10 1762.42500 12.13999000 129.74613 19.23493 16.60077 156.70000
27 5 17 22 10 1759.33900 12.13999000 129.40597 19.23493 16.86472 156.70000
27 5 17 22 11 1761.40000 12.14000000 129.22002 19.23493 16.86469 156.70000
27 5 17 22 11 1759.28200 12.14000000 129.10021 19.17877 16.93482 156.70000
27 5 17 22 12 1762.42700 12.14000000 129.29804 19.17877 16.98102 156.70000
27 5 17 22 12 1753.44300 12.14000000 129.30000 19.27200 16.98102 156.70000
27 5 17 22 13 1766.17600 12.14000000 129.55553 19.27200 16.98102 156.99982
27 5 17 22 13 1753.25200 12.16900000 129.55551 19.27195 16.86479 156.99982
27 5 17 22 14 1764.41100 12.16900000 129.41000 19.27194 16.86479 156.99982
27 5 17 22 14 1766.18000 12.16903000 129.29804 19.33400 16.86472 156.99982
27 5 17 22 15 1766.18000 12.21930000 129.55555 19.35900 16.86472 156.99982
27 5 17 22 15 1775.01000 12.27297000 129.55555 19.35902 16.86472 156.99982
27 5 17 22 16 1773.05000 12.21931000 129.55555 19.35902 16.86472 156.99982
27 5 17 22 16 1773.04300 12.30756000 130.00000 19.35900 16.86472 156.99982
27 5 17 22 17 1775.01000 12.30756000 130.00001 19.35900 16.86472 156.99982
27 5 17 22 18 1775.01000 12.31806000 130.30845 19.39552 16.86472 156.99982
27 5 17 22 18 1774.98100 12.32419000 130.99995 19.39552 16.86472 157.94850
27 5 17 22 18 1777.00000 12.35392000 130.86983 19.42393 16.86487 156.00072
27 5 17 22 19 1777.00000 12.35726000 130.99992 19.42391 16.86490 157.94841
27 5 17 22 19 1780.00000 12.44993000 130.99984 19.42396 16.86490 157.94831
27 5 17 22 20 1783.08500 12.44993000 130.34278 19.49000 17.00374 158.00002
27 5 17 22 20 1783.89000 12.45000000 130.99966 19.49000 17.00374 159.90909
27 5 17 22 21 1782.99000 12.45000000 130.99960 19.49000 17.00373 159.90909
27 5 17 22 22 1790.95400 12.49900000 132.63916 19.49000 17.00373 159.65000
27 5 17 22 22 1790.95300 12.49900000 132.50997 19.49000 17.04955 159.90999
27 5 17 22 23 1783.00900 12.69988000 131.50001 19.59459 17.12967 159.90999
27 5 17 22 23 1787.23000 12.69997000 132.40883 19.59459 17.12966 159.91000
27 5 17 22 24 1792.81000 12.69997000 131.97383 19.63655 17.11804 160.50188
27 5 17 22 24 1790.77000 12.50006000 131.52001 19.66599 17.11804 160.97187
27 5 17 22 25 1792.70100 12.50006000 132.50968 19.63100 17.11803 160.97187
27 5 17 22 25 1792.65000 12.69997000 132.00000 19.67900 17.11803 160.97191
27 5 17 22 26 1792.70000 12.69997000 132.50958 19.67899 17.11800 160.97191
27 5 17 22 26 1792.80900 12.69997000 133.00000 19.67899 17.11800 161.20684
27 5 17 22 27 1792.81000 12.70000000 133.10492 19.77997 17.11800 161.20684
27 5 17 22 27 1793.00000 12.70000000 133.87999 19.77997 17.12968 161.20684
27 5 17 22 28 1797.48300 12.78073000 134.00000 19.77996 17.16315 161.20684
27 5 17 22 28 1797.48300 12.96951000 134.99995 19.77995 17.16315 161.20684
27 5 17 22 29 1800.91100 12.70205000 133.52978 19.77995 17.16315 161.20684
27 5 17 22 29 1797.59400 12.89878000 134.00000 19.77995 17.16317 161.20684
27 5 17 22 30 1801.76800 12.89878000 134.00001 19.77800 17.17998 162.98997
27 5 17 22 30 1801.76800 12.96943000 134.00001 19.77800 17.25544 162.98997
27 5 17 22 31 1801.76800 12.96937000 134.34912 19.92794 17.25544 162.98989
27 5 17 22 31 1801.00000 12.80000000 133.53064 19.85408 17.25544 164.63380
27 5 17 22 32 1801.77000 12.99074000 134.33998 19.85408 17.25544 164.63380
27 5 17 22 32 1801.77000 12.99074000 134.26720 19.92786 17.25544 164.47986
27 5 17 22 33 1801.77000 12.99074000 133.99990 19.85417 17.25544 164.48000
27 5 17 22 33 1801.77000 12.99074000 133.99991 19.82400 17.25544 164.48000
27 5 17 22 34 1806.69700 12.99074000 134.00001 19.84700 17.25544 165.49952
27 5 17 22 35 1810.78000 12.99074000 134.60032 19.84700 17.25544 165.49952
27 5 17 22 35 1808.10100 12.99074000 135.00000 19.84700 17.25545 165.49952
27 5 17 22 35 1810.00000 12.97970000 135.00000 19.84700 17.28060 165.49952
27 5 17 22 36 1805.00100 12.97000000 135.00000 19.84700 17.28060 165.24491
27 5 17 22 36 1805.00000 12.97000000 135.99798 19.84700 17.41594 165.99989
27 5 17 22 37 1807.89700 12.97969000 136.09269 19.88100 17.72146 161.82649
27 5 17 22 37 1807.89800 12.99000000 135.98344 19.85800 17.72146 165.99946
27 5 17 22 38 1802.33200 12.99000000 135.50000 19.88400 17.72146 165.99946
27 5 17 22 38 1801.75000 12.99000000 135.07970 19.88400 17.72146 162.23094
27 5 17 22 39 1800.37600 13.00000000 135.00000 19.90800 17.72146 162.23094
27 5 17 22 39 1800.48700 13.00000000 135.00000 19.90800 17.59365 167.86944
27 5 17 22 40 1804.40700 13.00000000 135.00000 19.90800 17.59363 167.86944
27 5 17 22 40 1804.41000 13.00000000 133.80061 19.90800 17.59354 167.86944
27 5 17 22 41 1810.55400 13.00000000 134.00000 19.88307 17.59354 167.67768
27 5 17 22 42 1804.41000 13.00000000 134.00000 19.88311 17.59354 167.67768
27 5 17 22 42 1804.52100 13.00000000 133.99988 19.89801 17.59354 167.67768
27 5 17 22 43 1807.67100 13.00000000 133.90000 20.00000 17.59354 167.67768
27 5 17 22 43 1802.07800 12.84405000 133.80088 19.90104 17.02709 167.67768
27 5 17 22 44 1797.54000 12.85109000 133.80088 20.02996 17.02709 167.58251
27 5 17 22 44 1801.12300 12.97999000 133.10530 20.02997 17.02709 167.58239
27 5 17 22 45 1804.65000 12.97999000 134.00000 20.02997 17.02709 167.58239
27 5 17 22 45 1804.65000 12.97999000 133.10564 20.07399 17.02709 167.58239
27 5 17 22 46 1804.65100 12.97999000 133.10619 20.02997 17.51345 167.58239
27 5 17 22 46 1804.65100 12.97999000 134.54953 20.02997 17.51354 167.58239
27 5 17 22 47 1801.49500 12.97999000 133.10686 20.02997 17.51354 167.58239
27 5 17 22 47 1807.99500 12.97999000 133.10696 20.09999 17.51354 167.58239
27 5 17 22 48 1808.42300 12.97999000 134.49971 20.09999 17.51354 167.58239
27 5 17 22 48 1808.42400 12.97999000 134.49955 20.03601 17.51354 167.58239
27 5 17 22 49 1808.00000 12.99999000 134.49948 20.03601 17.51354 167.58239
27 5 17 22 49 1808.00000 12.99999000 134.49921 20.03601 17.51354 167.58239
27 5 17 22 50 1803.48500 12.85002000 134.49893 20.03601 17.51354 167.58239
27 5 17 22 50 1806.72600 12.85206000 133.50008 20.03601 17.51354 167.58239
27 5 17 22 51 1809.68500 12.85206000 133.69016 20.03601 17.51354 167.58239
27 5 17 22 51 1809.69000 12.85206000 133.50007 20.03601 17.51354 167.58239
27 5 17 22 52 1806.34600 12.85206000 133.50024 20.03601 17.51312 167.58239
27 5 17 22 52 1809.68200 12.85206000 133.98979 20.03601 17.51312 167.58239
27 5 17 22 53 1802.15000 12.85206000 133.60458 20.03601 17.51312 167.58239
27 5 17 22 53 1806.72700 12.85206000 133.98969 20.03601 17.51312 167.58239
27 5 17 22 54 1794.34400 12.85206000 133.98968 20.03601 17.51312 167.58239
27 5 17 22 54 1800.74900 12.85206000 133.98967 20.03601 17.51312 167.58239
27 5 17 22 55 1797.88900 12.85206000 133.98967 20.03601 17.51312 167.58239
27 5 17 22 55 1800.52700 12.85206000 134.00000 20.03601 17.51312 167.58239
27 5 17 22 56 1800.41500 12.85206000 133.99998 20.03601 17.51312 167.58239
27 5 17 22 56 1794.40200 12.85206000 133.99998 20.01000 17.51312 167.58239
27 5 17 22 57 1794.40300 12.85206000 133.80000 20.01000 17.51312 167.58239
27 5 17 22 58 1798.47600 12.85206000 133.00000 20.01000 17.51312 167.58239
27 5 17 22 58 1794.37300 12.85206000 133.80000 20.14000 17.51312 167.58239
27 5 17 22 59 1794.40300 12.85206000 133.77818 20.14000 17.51312 167.58239
27 5 17 22 59 1798.58300 12.85206000 133.77815 20.05400 17.51312 167.58239
27 5 17 22 59 1794.37000 12.85206000 133.00080 20.05400 17.51312 167.58239
27 5 17 23 00 1792.81100 12.85206000 133.77815 20.05400 17.51312 167.58239
27 5 17 23 00 1792.81000 12.68134000 133.77822 20.05408 17.51312 167.58239
27 5 17 23 01 1792.81000 12.68134000 134.58896 20.03400 17.51312 167.58239
27 5 17 23 02 1794.99900 12.99277000 134.59901 20.03400 17.51312 167.58239
27 5 17 23 02 1792.32200 12.83000000 133.77821 20.03400 17.51312 167.58239
27 5 17 23 03 1794.88900 12.82999000 134.19902 20.03400 17.36526 167.58239
27 5 17 23 03 1794.88800 12.70015000 133.77815 20.03400 17.36526 167.58239
27 5 17 23 03 1794.77700 12.92998000 133.77814 20.03400 17.36521 167.58239
27 5 17 23 04 1789.09600 12.70035000 134.19901 20.03400 17.36521 167.58239
27 5 17 23 04 1789.09500 12.70035000 133.06222 20.03400 17.36521 167.58239
27 5 17 23 05 1786.50000 12.70035000 133.06228 19.98600 17.36521 167.58239
27 5 17 23 06 1785.01100 12.80000000 134.00000 19.98600 17.36521 167.58239
27 5 17 23 06 1783.89000 12.64748000 134.00000 19.98600 17.36521 167.58239
27 5 17 23 07 1783.89000 12.62198000 133.06245 19.93900 17.36521 167.58239
27 5 17 23 07 1779.27100 12.60421000 133.06246 19.93900 17.36521 167.58239
27 5 17 23 08 1779.15800 12.52019000 133.01000 19.93900 17.36521 167.58239
27 5 17 23 08 1777.13900 12.52019000 133.01000 19.93900 17.36521 167.58239
27 5 17 23 09 1776.91600 12.52019000 133.06243 19.93900 17.36521 163.58293
27 5 17 23 09 1782.40400 12.52019000 133.00001 19.93900 17.36521 164.97807
27 5 17 23 10 1779.23500 12.52019000 132.95651 19.93900 17.36521 164.97807
27 5 17 23 10 1779.34500 12.65731000 132.00023 19.93900 17.36521 164.97807
27 5 17 23 11 1778.99900 12.52032000 132.00023 19.93900 17.36521 162.00011
27 5 17 23 11 1779.10000 12.52032000 132.01102 19.93900 17.36521 162.00011
27 5 17 23 12 1777.59600 12.54205000 132.01102 19.93863 17.36521 162.40500
27 5 17 23 12 1785.87400 12.54205000 132.12007 19.93863 17.36521 162.40500
27 5 17 23 13 1789.46200 12.54212000 132.99983 19.93863 17.36521 162.40500
27 5 17 23 13 1789.46200 12.54856000 133.58988 19.93863 17.36521 162.40500
27 5 17 23 14 1783.18000 12.54856000 133.57000 19.93863 17.36521 162.40500
27 5 17 23 14 1786.37900 12.87821000 133.56985 19.93863 17.36521 162.40500
27 5 17 23 15 1783.21000 12.87821000 133.56999 19.93863 17.36521 161.82712
27 5 17 23 15 1783.58500 12.87821000 133.21002 19.93863 17.36521 161.82712
27 5 17 23 16 1783.21000 12.87821000 133.21000 19.93863 17.36521 161.82712
27 5 17 23 16 1783.18000 12.87821000 133.21001 19.93863 17.36521 161.82712
27 5 17 23 17 1780.00000 12.57200000 133.21001 19.93863 17.36521 161.82712
27 5 17 23 17 1780.00000 12.57687000 133.56987 19.93863 17.36521 161.82712
27 5 17 23 18 1779.44600 12.57687000 133.21001 19.93863 17.36521 161.82712
27 5 17 23 19 1780.46300 12.57687000 133.21001 19.93863 17.36521 161.82712
27 5 17 23 19 1780.47300 12.57687000 133.21001 19.93863 17.36521 162.00010
27 5 17 23 19 1783.20900 12.57687000 133.21001 19.87300 17.20526 162.00010
27 5 17 23 20 1780.48300 12.57724000 133.21001 19.93614 17.20526 162.00000
27 5 17 23 20 1783.09000 12.91552000 133.21003 19.89601 17.20526 162.00010
27 5 17 23 21 1784.00000 12.91552000 133.21004 19.89601 16.94041 162.00010
27 5 17 23 21 1784.94900 12.91552000 133.21003 19.89601 16.94041 162.00030
27 5 17 23 22 1784.94700 12.91552000 133.21003 19.89601 16.94041 162.00030
27 5 17 23 22 1784.94900 12.91552000 133.21001 20.01181 16.94041 162.00030
27 5 17 23 23 1791.00000 12.91552000 133.57000 20.01181 16.94041 162.00030
27 5 17 23 23 1786.35000 12.91552000 133.57000 20.01181 16.94041 162.00030
27 5 17 23 24 1790.99900 12.91552000 133.90001 20.01181 16.94041 162.00000
27 5 17 23 24 1792.81000 12.91552000 134.99964 20.01181 16.94041 162.00000
27 5 17 23 25 1788.42100 12.58308000 133.30501 19.99000 17.20499 162.00000
27 5 17 23 25 1777.68600 12.58308000 134.99952 20.01600 17.20499 162.00000
27 5 17 23 26 1791.45000 12.58308000 133.80502 20.06363 17.20499 162.00000
27 5 17 23 27 1792.81000 12.58308000 133.80504 20.06363 17.20499 162.00000
27 5 17 23 27 1792.80900 12.95362000 133.90001 20.06363 17.20499 162.00000
27 5 17 23 27 1791.43700 12.95362000 134.69488 20.06363 17.20499 162.00000
27 5 17 23 28 1792.81000 12.95385000 134.00001 20.06363 17.20499 162.00000
27 5 17 23 29 1792.80900 12.96141000 134.00000 20.06363 17.20499 162.00000
27 5 17 23 29 1789.21000 12.97274000 133.90002 20.06345 17.20499 162.00000
27 5 17 23 29 1792.69900 12.98049000 133.90002 20.06345 17.20499 162.00010
27 5 17 23 30 1792.81000 12.98049000 133.90007 20.06345 17.20499 162.00010
27 5 17 23 30 1790.69300 12.99990000 133.90007 19.91908 17.20499 162.00010
27 5 17 23 31 1790.70300 12.97000000 133.21025 19.91908 17.20499 162.00010
27 5 17 23 32 1789.50000 12.97000000 133.21032 19.91908 17.20499 162.00010
27 5 17 23 32 1787.68400 12.97000000 134.10000 19.91908 17.20499 162.00010
27 5 17 23 33 1790.46100 12.97000000 133.21029 19.91417 17.20499 162.00000
27 5 17 23 33 1790.46000 12.97000000 134.09998 19.91417 17.20499 162.00000
27 5 17 23 34 1790.96500 12.97000000 134.09998 19.91417 17.20499 162.00000
27 5 17 23 34 1792.81000 13.00000000 134.10000 19.91417 17.20499 162.00000
27 5 17 23 35 1792.81000 13.00000000 134.00000 19.91417 17.20499 162.00020
27 5 17 23 35 1792.81000 13.00000000 134.00000 19.98300 17.20499 162.00020
27 5 17 23 36 1792.80900 12.98000000 133.27856 20.05900 17.20499 160.25592
27 5 17 23 36 1791.18500 13.00000000 133.27856 20.05901 17.20499 160.25592
27 5 17 23 37 1783.49300 13.00000000 133.27868 20.05901 17.34260 160.25592
27 5 17 23 37 1788.49300 13.00000000 133.27869 20.05901 17.34260 160.25592
27 5 17 23 38 1783.73100 13.00000000 133.27869 20.05901 17.34260 160.25592
27 5 17 23 38 1780.00000 13.00000000 133.99975 20.05901 17.34260 160.25592
27 5 17 23 39 1779.77700 13.00000000 133.99002 20.05901 17.34260 160.25592
27 5 17 23 39 1779.77900 13.00000000 133.21004 20.05901 17.34260 160.25592
27 5 17 23 40 1776.00000 13.00000000 132.55580 20.03996 17.34260 160.25592
27 5 17 23 40 1776.00000 13.00000000 132.99998 20.03996 17.32332 159.55661
27 5 17 23 41 1775.01000 13.00000000 132.55569 20.03996 17.45265 159.55661
27 5 17 23 41 1768.98800 13.00000000 132.01105 20.03996 17.55114 159.55652
27 5 17 23 42 1774.88600 13.00000000 132.34102 20.03996 17.55708 159.55652
27 5 17 23 42 1766.18200 13.00000000 132.99997 19.86300 17.55718 159.55652
27 5 17 23 43 1766.18200 13.14999000 132.00023 19.81700 17.55718 159.55652
27 5 17 23 43 1770.63900 13.14999000 132.99998 19.57583 17.55718 159.55652
27 5 17 23 44 1783.46000 13.29999000 132.99997 19.57583 17.58000 159.55652
27 5 17 23 44 1777.99000 13.29986000 132.45168 19.86287 17.59351 159.55652
27 5 17 23 45 1777.84800 13.29981000 132.45168 19.86285 17.60253 159.55652
27 5 17 23 45 1771.26600 13.29975000 132.99998 19.86281 17.60253 159.55652
27 5 17 23 46 1771.27400 13.20000000 133.46937 19.86281 17.60253 159.55652
27 5 17 23 47 1771.27500 13.20000000 133.46937 19.86281 17.60266 159.55652
27 5 17 23 47 1771.27400 13.02755000 133.10000 19.86281 17.60268 159.55652
27 5 17 23 47 1776.09100 13.24143000 133.46970 19.86281 17.72150 159.55652
27 5 17 23 48 1771.27400 13.15001000 134.00000 19.86281 17.72150 159.91479
27 5 17 23 48 1775.86300 13.15002000 133.99999 19.86281 17.72150 159.91479
27 5 17 23 49 1775.86300 13.01236000 134.10000 19.86281 17.72150 159.91479
27 5 17 23 49 1775.86300 13.01236000 134.09998 19.86281 17.72150 159.91479
27 5 17 23 50 1778.55800 13.01236000 134.09998 19.98900 17.72150 159.91479
27 5 17 23 50 1773.37400 13.01236000 133.99998 19.98900 17.85324 159.91479
27 5 17 23 51 1775.85600 13.01236000 134.10000 19.98900 17.85324 159.91479
27 5 17 23 51 1775.85800 12.82750000 134.10000 19.98900 17.67085 159.91479
27 5 17 23 52 1775.85700 12.82749000 134.34850 19.98900 17.67085 159.91479
27 5 17 23 52 1775.85600 13.23397000 134.47949 19.98900 17.67085 159.91493
27 5 17 23 53 1783.89000 13.23296000 135.00000 19.98979 17.67085 163.78923
27 5 17 23 53 1783.77900 13.23296000 135.00000 19.98979 17.67085 161.27887
27 5 17 23 54 1783.75000 13.23296000 135.00000 19.98979 17.67085 161.68219
27 5 17 23 54 1781.23200 13.23296000 134.91003 19.98979 17.67085 161.68219
27 5 17 23 55 1783.66400 13.28999000 134.91003 19.98979 17.67085 161.68219
27 5 17 23 56 1783.66400 13.29000000 135.40000 19.98979 17.67085 161.68219
27 5 17 23 56 1783.89000 13.29000000 134.35015 19.98979 17.67085 161.68219
27 5 17 23 57 1783.74400 13.29999000 134.35015 19.98979 17.67085 161.68219
27 5 17 23 57 1783.89000 13.29000000 135.90018 19.87601 17.67085 161.68219
27 5 17 23 58 1783.89000 13.30000000 135.15010 19.87601 17.67085 161.68219
27 5 17 23 58 1783.61500 13.30000000 135.90021 19.87000 17.67085 161.68219
27 5 17 23 59 1783.89000 13.30000000 135.90016 19.51325 17.67085 161.68219
27 5 17 23 59 1790.17300 13.30000000 135.20005 19.51325 17.67085 161.68219
