 7 6 17 13 57 2530.06800 16.45000000 234.01241 26.71000 33.86500 247.67960
 7 6 17 13 58 2530.07000 16.45000000 234.49994 26.75200 33.86500 246.00000
 7 6 17 13 58 2530.07000 16.45000000 234.01241 26.75200 33.86500 247.67983
 7 6 17 13 58 2525.00000 16.45000000 234.01239 26.75200 33.86500 251.59398
 7 6 17 13 59 2528.42500 16.48900000 234.01473 26.75200 33.86500 247.67945
 7 6 17 14 00 2521.22500 16.49000000 234.79999 26.75200 33.86500 247.67945
 7 6 17 14 00 2524.48700 16.45000000 234.02002 26.75200 33.86500 250.92406
 7 6 17 14 01 2525.73100 16.45000000 234.02002 26.75200 33.86500 247.67945
 7 6 17 14 01 2525.73000 16.47500000 234.02238 26.75200 33.86500 247.67945
 7 6 17 14 02 2523.86300 16.50000000 234.39897 26.75200 33.86500 247.67945
 7 6 17 14 02 2523.97400 16.51472000 234.35000 26.84671 34.19970 250.90000
 7 6 17 14 03 2524.48800 16.57000000 234.34998 26.84669 34.19970 247.78047
 7 6 17 14 03 2524.00100 16.59000000 234.34992 26.81328 33.60000 247.78048
 7 6 17 14 04 2525.95000 16.57000000 234.02003 26.81328 33.60000 247.78048
 7 6 17 14 04 2524.00000 16.55000000 234.00000 26.71011 33.55800 250.92257
 7 6 17 14 05 2524.00000 16.57000000 233.89000 26.84799 33.55800 250.92257
 7 6 17 14 05 2525.78200 16.54500000 233.15450 26.81329 33.50001 250.92257
 7 6 17 14 06 2524.00000 16.52000000 233.89999 26.81329 33.50002 250.92257
 7 6 17 14 06 2523.46800 16.53499000 233.89949 26.81329 33.50002 250.92257
 7 6 17 14 07 2525.00000 16.52000000 233.16000 26.77905 33.50002 250.92257
 7 6 17 14 07 2523.83100 16.50000000 233.19423 26.81329 33.50000 250.92257
 7 6 17 14 08 2523.46800 16.51997000 233.16000 26.79618 33.50000 250.92257
 7 6 17 14 09 2524.59800 16.40000000 233.43729 26.79618 33.50000 250.92089
 7 6 17 14 09 2523.47100 16.40000000 233.16000 26.80473 33.50000 250.92065
 7 6 17 14 09 2523.25900 16.40000000 233.16000 26.80473 33.50000 250.92065
 7 6 17 14 10 2523.65700 16.40000000 233.43725 26.80473 33.50000 250.92021
 7 6 17 14 11 2523.26100 16.33002000 233.16001 26.80473 33.50000 250.00000
 7 6 17 14 11 2523.65700 16.46649000 233.16000 26.80473 33.50000 250.91988
 7 6 17 14 12 2523.65600 16.33003000 233.16000 26.81328 33.50000 250.00000
 7 6 17 14 12 2523.26000 16.33000000 233.16000 26.81328 33.50000 250.00000
 7 6 17 14 13 2523.65700 16.35001000 233.16000 26.81328 33.50000 250.00000
 7 6 17 14 25 2520.45000 16.10000000 233.00000 26.83997 33.35195 250.10000
 7 6 17 14 26 2520.11300 16.16975000 232.92001 26.71008 33.49974 250.10000
 7 6 17 14 26 2523.95300 16.16975000 233.00000 26.71008 33.49974 250.10000
 7 6 17 14 27 2524.57000 16.10000000 233.00000 26.71008 33.49974 250.10000
 7 6 17 14 27 2524.18800 16.00394000 233.00000 26.84000 33.49974 250.10000
 7 6 17 14 28 2520.53700 16.00000000 233.00000 26.77505 33.49974 250.10000
 7 6 17 14 28 2520.46700 16.09847000 232.99999 26.71008 33.35201 250.10000
 7 6 17 14 29 2523.00000 16.00000000 233.00000 26.71002 33.35205 250.10000
 7 6 17 14 29 2520.00000 16.00000000 232.99999 26.71002 33.35205 250.10000
 7 6 17 14 30 2517.17100 16.00000000 232.99999 26.71002 33.35205 250.10000
 7 6 17 14 31 2517.25300 16.00000000 232.99000 26.74251 33.35205 249.99545
 7 6 17 14 31 2516.67000 16.00000000 232.99999 26.74251 33.35205 247.67946
 7 6 17 14 32 2511.99000 16.00050000 232.88592 26.80100 33.35205 247.67943
 7 6 17 14 32 2506.00000 16.00000000 232.60000 26.80100 33.35205 247.67943
 7 6 17 14 33 2506.02600 16.00000000 232.59879 26.80100 33.35012 247.67946
 7 6 17 14 33 2504.15000 16.00949000 232.59999 26.80100 33.29023 247.67940
 7 6 17 14 34 2506.00000 15.96083000 232.59984 26.80100 33.25013 247.67940
 7 6 17 14 34 2506.00000 16.00000000 232.57207 26.80100 33.25011 247.67940
 7 6 17 14 35 2505.99900 16.00000000 232.10000 26.87993 33.25011 247.67940
 7 6 17 14 35 2505.99900 16.00000000 232.41098 26.87993 33.25010 247.11136
 7 6 17 14 36 2510.03200 16.00000000 232.16699 26.93218 33.25012 248.33100
 7 6 17 14 36 2514.09900 15.96757000 232.58849 26.93218 33.59148 248.33100
 7 6 17 14 37 2510.03200 16.02000000 232.75000 26.93218 33.59146 248.33100
 7 6 17 14 37 2513.00000 15.87101000 232.16706 26.88000 33.59146 248.33100
 7 6 17 14 38 2511.00000 15.87100000 232.16706 26.88000 33.25014 248.33100
 7 6 17 14 38 2507.09200 15.80000000 232.10001 26.88000 33.25012 248.33100
 7 6 17 14 39 2506.00000 15.80000000 232.16706 26.80300 33.25012 249.65554
 7 6 17 14 39 2505.00900 15.78000000 232.10236 26.77550 33.25012 249.65554
 7 6 17 14 40 2505.74900 15.89999000 232.10002 26.80300 33.25011 246.10189
