 7 5 17 00 00 1403.78100 6.20113000 84.99875 25.23000 15.66586 98.00000
 7 5 17 00 00 1404.41000 6.20113000 84.90000 25.23000 15.66586 98.00000
 7 5 17 00 01 1403.77900 6.20113000 84.90000 25.23000 15.66586 98.00000
 7 5 17 00 01 1404.41000 6.20113000 85.16244 25.23000 15.66586 98.00000
 7 5 17 00 02 1402.82200 6.20152000 85.16244 25.23000 15.66586 98.00000
 7 5 17 00 02 1402.82200 6.25000000 85.16244 25.23000 15.66586 98.00000
 7 5 17 00 03 1402.82000 6.28000000 85.16244 25.23000 15.66586 98.00000
 7 5 17 00 03 1402.92600 6.20174000 84.87000 25.25100 15.66586 98.00000
 7 5 17 00 04 1404.99000 6.30000000 84.70049 25.25100 15.66586 98.00000
 7 5 17 00 04 1404.99000 6.30000000 85.13499 25.25100 15.66586 98.00000
 7 5 17 00 05 1402.92600 6.30000000 85.13499 25.25100 15.66586 98.00000
 7 5 17 00 05 1402.92600 6.30000000 84.73003 25.25100 15.66586 98.00000
 7 5 17 00 06 1403.78100 6.30000000 85.09992 25.25100 15.66586 98.00000
 7 5 17 00 06 1405.04200 6.30000000 85.09992 25.25100 15.66586 97.88350
 7 5 17 00 07 1404.97800 6.29937000 84.70007 25.25100 15.66586 97.88350
 7 5 17 00 07 1403.79500 6.30000000 84.70016 25.25300 15.66586 97.88350
 7 5 17 00 08 1405.32300 6.29937000 84.99999 25.25300 15.66586 97.88350
 7 5 17 00 08 1402.94000 6.29937000 84.99999 25.25300 15.66586 97.88350
 7 5 17 00 09 1402.94000 6.29937000 84.72001 25.25300 15.66586 97.88350
 7 5 17 00 10 1405.30800 6.29937000 85.00000 25.25300 15.66586 97.88350
 7 5 17 00 10 1405.30800 6.29937000 85.00000 25.25300 15.66586 97.88350
 7 5 17 00 10 1403.80900 6.34624000 84.99893 25.25300 15.66586 97.88350
 7 5 17 00 11 1402.95400 6.34624000 84.99882 25.25300 15.66586 97.88350
 7 5 17 00 11 1405.07000 6.21068000 84.72000 25.25300 15.66586 97.88350
 7 5 17 00 12 1405.32300 6.21068000 84.72000 25.25300 15.66586 95.75644
 7 5 17 00 12 1402.97000 6.27000000 84.99826 25.34417 15.66586 95.75644
 7 5 17 00 13 1405.32100 6.27000000 84.73231 25.34417 15.66586 95.75644
 7 5 17 00 14 1405.32100 6.27000000 84.73232 25.34415 15.66586 95.75644
 7 5 17 00 14 1402.98400 6.27000000 84.99826 25.35143 15.66423 95.75644
 7 5 17 00 15 1402.98400 6.27001000 84.99826 25.35143 15.66423 95.75644
 7 5 17 00 15 1405.30600 6.27001000 84.99897 25.34415 15.66423 96.60447
 7 5 17 00 16 1403.12400 6.33086000 84.99897 25.34415 15.66423 96.60444
 7 5 17 00 16 1403.12500 6.33086000 84.99827 25.34415 15.66423 96.84591
 7 5 17 00 17 1403.13800 6.33086000 84.73482 25.34415 15.66423 96.84591
 7 5 17 00 17 1403.13800 6.33086000 84.73482 25.34415 15.66423 95.97426
 7 5 17 00 18 1405.32300 6.33085000 84.73483 25.34415 15.66423 95.97426
 7 5 17 00 18 1405.32300 6.33085000 84.72000 25.34415 15.66423 95.97426
 7 5 17 00 19 1403.01300 6.33150000 84.55143 25.34415 15.66423 95.75790
 7 5 17 00 19 1405.19400 6.33150000 84.55143 25.34415 15.66423 95.75790
 7 5 17 00 20 1405.19400 6.33150000 84.55143 25.34415 15.66423 95.75790
 7 5 17 00 20 1403.02700 6.33150000 84.56161 25.34415 15.66423 95.75790
 7 5 17 00 21 1403.01300 6.33150000 84.56161 25.34415 15.66423 95.75790
 7 5 17 00 21 1403.04100 6.33150000 84.56161 25.34415 15.66423 95.75790
 7 5 17 00 22 1403.07300 6.35377000 84.56216 25.34415 15.66423 95.75790
 7 5 17 00 22 1404.61800 6.35377000 84.56216 25.34415 15.66423 97.47495
 7 5 17 00 23 1403.07300 6.35800000 84.56279 25.34415 15.66423 97.47495
 7 5 17 00 23 1403.02700 6.36099000 84.56279 25.31400 15.66423 97.47495
 7 5 17 00 24 1403.05500 6.35596000 84.82560 25.44547 15.66423 97.47495
 7 5 17 00 24 1403.04100 6.30337000 84.99696 25.44547 15.66423 97.47495
 7 5 17 00 25 1404.82700 6.35660000 84.60056 25.45000 15.66423 97.47495
 7 5 17 00 25 1403.04200 6.36099000 84.61015 25.45000 15.66423 97.47495
 7 5 17 00 26 1405.32300 6.36099000 84.61015 25.45000 15.66423 97.47495
 7 5 17 00 26 1404.82600 6.35596000 84.67615 25.48997 15.66423 97.47495
 7 5 17 00 27 1405.74500 6.35596000 84.61008 25.48997 15.66423 97.47495
 7 5 17 00 27 1401.98500 6.36099000 84.61016 25.48997 15.66423 97.47495
 7 5 17 00 28 1403.28500 6.39975000 84.61020 25.48997 15.66423 97.47495
 7 5 17 00 28 1403.17400 6.36035000 84.60001 25.48997 15.66423 97.47495
 7 5 17 00 29 1405.61800 6.36035000 84.60001 25.44000 15.66423 97.47495
 7 5 17 00 29 1405.50600 6.36035000 84.50010 25.44000 15.55555 97.47495
 7 5 17 00 30 1402.01600 6.36035000 84.49999 25.46300 15.55554 97.47495
 7 5 17 00 30 1401.41100 6.36035000 84.15826 25.46300 15.55554 97.47495
 7 5 17 00 31 1402.89500 6.36035000 84.15826 25.46300 15.55554 97.47495
 7 5 17 00 31 1402.89500 6.35596000 84.15949 25.46300 15.55554 97.47495
 7 5 17 00 32 1404.80600 6.35596000 84.31197 25.46300 15.55554 97.47495
 7 5 17 00 32 1402.89500 6.35596000 84.31197 25.46300 15.55554 97.47495
 7 5 17 02 21 1409.45300 6.32268000 84.29000 26.88999 15.66750 93.55001
 7 5 17 02 22 1409.45400 6.32268000 84.24506 26.74900 15.66750 93.55001
 7 5 17 02 22 1409.23000 6.32268000 84.18484 26.74400 15.66750 93.55001
 7 5 17 02 23 1409.22900 6.32268000 84.18484 26.74400 15.66750 93.55001
 7 5 17 02 23 1408.20300 6.32268000 84.18484 26.74400 15.66750 93.55001
 7 5 17 02 24 1409.45300 6.32268000 84.18485 26.85432 15.66750 94.09840
 7 5 17 02 24 1409.43900 6.32268000 83.57853 26.94899 15.66750 94.09840
 7 5 17 02 25 1408.20300 6.32268000 83.57853 26.94899 15.66750 94.09840
 7 5 17 02 25 1409.43900 6.32268000 83.57853 26.99897 15.66750 94.09840
 7 5 17 02 26 1408.21700 6.32268000 83.57853 26.98876 15.66750 94.09840
 7 5 17 02 26 1409.99000 6.32268000 83.57853 26.98870 15.66750 94.09840
 7 5 17 02 27 1409.97400 6.32268000 83.57853 27.16000 15.66750 94.09840
 7 5 17 02 27 1408.21700 6.31696000 83.57853 27.00000 15.66750 94.09840
 7 5 17 02 28 1409.97500 6.31696000 83.57853 26.79000 15.66750 94.09840
 7 5 17 02 28 1409.98900 6.31676000 83.57853 26.79000 15.66750 94.09840
 7 5 17 02 29 1409.98900 6.31676000 83.57853 27.07492 15.66750 93.47600
 7 5 17 02 29 1408.35800 6.31676000 83.57853 27.07492 15.66750 93.47600
 7 5 17 02 30 1409.98900 6.31676000 83.57853 26.97500 15.66750 93.47600
 7 5 17 02 30 1408.37300 6.31676000 84.00380 27.03100 15.66750 93.47600
 7 5 17 02 31 1408.37400 6.31676000 83.60000 27.03103 15.66750 93.47600
 7 5 17 02 31 1408.37400 6.31676000 83.60000 27.16000 15.66750 93.47600
 7 5 17 02 32 1409.48800 6.31676000 84.00374 27.16000 15.66750 93.47600
 7 5 17 02 32 1408.23200 6.31676000 84.00374 27.16000 15.66750 93.47600
 7 5 17 02 33 1408.23200 6.31676000 83.50013 27.20000 15.66750 93.47600
 7 5 17 02 33 1408.24600 6.31676000 83.50014 27.20000 15.66750 93.47600
 7 5 17 02 34 1409.36700 6.31676000 83.50013 27.19168 15.66750 93.47600
 7 5 17 02 34 1403.15100 6.31676000 83.50013 27.20000 15.66750 93.47600
 7 5 17 02 35 1407.63100 6.31676000 83.50013 27.20000 15.66750 93.47600
 7 5 17 02 36 1407.62900 6.31676000 83.50013 27.20000 15.66750 93.47600
 7 5 17 02 36 1409.26100 6.22086000 83.50013 27.14805 15.66750 93.47600
 7 5 17 02 36 1409.26100 6.22086000 83.50013 27.14900 15.66750 93.47600
 7 5 17 02 37 1407.64300 6.22086000 83.50013 27.14900 15.66750 93.47600
 7 5 17 02 38 1407.53100 6.22086000 83.50000 27.14900 15.66750 93.47600
 7 5 17 02 38 1403.16500 6.22086000 83.50000 27.14900 15.66750 93.47600
 7 5 17 02 39 1405.45000 6.22086000 83.79992 27.16002 15.66750 93.47600
 7 5 17 02 39 1407.65500 6.22086000 83.37000 27.20000 15.66750 93.00030
 7 5 17 02 40 1409.45800 6.22086000 83.37000 27.03063 15.66750 93.00030
 7 5 17 02 40 1406.45700 6.22086000 83.37000 26.84700 15.66750 93.00031
 7 5 17 02 41 1405.35500 6.22086000 83.70521 26.80005 15.66750 93.00031
 7 5 17 09 43 1412.00000 6.28937000 84.00000 27.31998 15.85957 93.86501
 7 5 17 09 44 1411.07800 6.30000000 84.00000 27.30935 15.85957 93.86501
 7 5 17 09 44 1412.77600 6.29937000 84.00000 27.30935 15.85957 93.86501
 7 5 17 09 45 1413.98900 6.30000000 83.99957 27.30936 15.86000 93.14728
 7 5 17 09 45 1411.06600 6.31876000 83.99957 27.30936 15.86000 93.14469
 7 5 17 09 46 1411.12300 6.31876000 83.99999 27.30936 15.86000 93.14469
 7 5 17 09 46 1414.71000 6.22549000 84.00000 27.46993 15.86000 93.14469
 7 5 17 09 47 1410.32000 6.32145000 84.00000 27.40000 15.86000 93.14469
 7 5 17 09 47 1411.99900 6.32145000 84.00000 27.40004 15.86000 93.14469
 7 5 17 09 48 1411.99900 6.33490000 83.99999 27.44999 15.86000 93.14469
 7 5 17 09 48 1412.00000 6.33500000 83.99998 27.40000 15.86000 93.14469
 7 5 17 09 48 1412.36100 6.23122000 83.99998 27.44999 15.86000 93.14458
 7 5 17 09 49 1410.15500 6.23122000 83.99998 27.47320 15.86000 93.14458
 7 5 17 09 50 1411.09300 6.31812000 83.99948 27.30000 16.02997 93.14458
 7 5 17 09 50 1412.61000 6.31876000 83.99999 27.30000 16.02997 93.14458
 7 5 17 09 51 1410.16900 6.30004000 83.99999 27.24706 16.02997 93.14458
 7 5 17 09 51 1410.15600 6.30004000 83.99999 27.24706 16.02997 93.14458
 7 5 17 09 52 1412.25600 6.30004000 83.99999 27.45000 15.90617 93.14458
 7 5 17 09 52 1412.42000 6.30004000 83.99999 27.45000 15.90615 93.14458
 7 5 17 09 53 1412.35000 6.30004000 84.00000 27.45000 15.90615 93.14458
 7 5 17 09 53 1412.00000 6.34535000 84.00000 27.45000 15.90615 93.14458
 7 5 17 09 54 1412.11300 6.34535000 84.00000 27.45000 15.90615 93.14458
 7 5 17 09 54 1411.99900 6.34535000 84.00000 27.45000 16.02536 93.14458
 7 5 17 09 55 1409.10600 6.34535000 83.99999 27.50000 16.02536 93.14459
 7 5 17 09 55 1409.10600 6.34535000 83.99999 27.40200 16.02536 93.14459
 7 5 17 09 56 1412.19800 6.34535000 83.99999 27.40200 16.02536 93.14459
 7 5 17 09 56 1409.10600 6.34535000 84.00000 27.50000 16.02536 93.14459
 7 5 17 09 57 1412.36500 6.31000000 84.00000 27.50000 16.02536 93.14458
 7 5 17 09 58 1410.91100 6.31000000 84.00000 27.50000 16.02536 93.14458
 7 5 17 09 58 1412.46400 6.31000000 84.04000 27.50000 16.02536 93.14458
 7 5 17 09 59 1412.14900 6.31000000 84.22000 27.50000 16.02536 93.14458
 7 5 17 09 59 1410.00000 6.33000000 84.08510 27.59735 16.02536 93.14458
 7 5 17 10 00 1411.00000 6.33000000 84.29100 27.59735 16.02536 93.14459
 7 5 17 10 00 1408.30300 6.33000000 84.30000 27.59732 16.02536 93.14459
 7 5 17 10 01 1412.13800 6.33000000 84.30000 27.60000 16.02536 93.14459
 7 5 17 10 01 1412.12400 6.27192000 84.30000 27.50000 16.02536 93.14459
 7 5 17 10 02 1408.31900 6.27192000 84.30000 27.50000 16.02536 93.14459
 7 5 17 10 02 1408.30300 6.32936000 84.30000 27.50001 16.02536 93.14459
 7 5 17 10 03 1408.30300 6.32936000 84.30000 27.51900 16.02536 93.14459
 7 5 17 10 03 1407.40400 6.32936000 84.30000 27.50000 16.02536 93.14459
 7 5 17 10 04 1411.13500 6.27205000 84.30000 27.51899 15.90615 93.14459
 7 5 17 10 04 1409.40600 6.27205000 84.30000 27.51897 15.90615 93.14459
 7 5 17 10 05 1406.48100 6.27205000 84.30000 27.51897 15.90615 93.14459
 7 5 17 10 05 1409.39800 6.27205000 84.30000 27.40000 15.90615 93.14459
 7 5 17 10 06 1409.40600 6.27205000 84.29003 27.40000 15.90615 93.14459
 7 5 17 10 06 1409.38000 6.32936000 84.29997 27.35300 15.90615 93.14459
 7 5 17 10 07 1406.85200 6.33000000 84.29003 27.35300 15.90615 93.14459
 7 5 17 10 07 1408.35900 6.33000000 84.29999 27.35300 15.90615 93.14459
 7 5 17 10 08 1407.18300 6.33000000 84.29999 27.35300 15.90615 93.14459
 7 5 17 10 08 1410.95600 6.33000000 84.29997 27.35300 15.90615 93.14459
 7 5 17 10 09 1408.15700 6.33000000 84.30000 27.35300 15.90615 93.14459
 7 5 17 10 09 1410.95800 6.32936000 84.30000 27.35300 15.90615 93.14459
 7 5 17 10 10 1409.00000 6.32936000 84.24350 27.35300 15.90615 93.14459
 7 5 17 10 10 1408.50000 6.32936000 84.30000 27.37600 15.90615 93.14459
 7 5 17 10 11 1410.98400 6.32936000 84.30000 27.37600 15.90615 93.14459
 7 5 17 10 11 1408.95400 6.27236000 84.29999 27.50000 15.90615 93.14459
 7 5 17 10 12 1409.27200 6.32872000 84.29996 27.50000 15.90615 94.45510
 7 5 17 10 12 1409.27100 6.32872000 84.29996 27.40004 15.90615 93.14462
 7 5 17 10 13 1409.17900 6.32872000 84.29996 27.40001 15.90615 93.14461
 7 5 17 10 13 1406.95400 6.27249000 84.12999 27.47697 16.02320 93.14461
 7 5 17 10 14 1406.55300 6.27249000 84.29995 27.45000 16.02320 93.14461
 7 5 17 10 14 1409.25600 6.32936000 84.13000 27.45198 15.85000 93.14461
 7 5 17 10 15 1406.41300 6.32936000 84.13000 27.40000 15.85000 93.14462
 7 5 17 10 16 1406.35700 6.32936000 84.12998 27.40000 15.85000 93.14206
 7 5 17 10 16 1406.22800 6.32936000 84.12998 27.40000 15.85000 93.14197
 7 5 17 10 17 1407.66600 6.32936000 84.10000 27.40000 16.02287 93.14197
 7 5 17 10 17 1408.83400 6.32936000 84.08357 27.40000 16.02287 93.14196
 7 5 17 10 18 1409.25500 6.32936000 84.08365 27.40000 16.02287 93.14196
 7 5 17 10 18 1405.39300 6.32936000 84.10000 27.40000 16.02287 93.14196
 7 5 17 10 19 1409.27700 6.32936000 84.10000 27.40000 16.02287 93.14196
 7 5 17 10 19 1405.50000 6.32936000 84.01971 27.26003 16.02287 93.14196
 7 5 17 10 20 1409.27600 6.25634000 84.01051 27.26003 16.02287 93.14196
 7 5 17 10 20 1409.22900 6.25634000 84.01150 27.42995 16.02287 93.14196
 7 5 17 10 21 1406.58700 6.25634000 84.20000 27.42995 16.02287 93.14196
 7 5 17 10 21 1409.65100 6.25613000 84.20000 27.26005 16.02287 93.14196
 7 5 17 10 22 1409.64900 6.25613000 84.20000 27.26005 16.02287 93.14196
 7 5 17 10 22 1408.16700 6.24200000 84.20000 27.26005 15.82287 93.14196
 7 5 17 10 23 1408.20600 6.24137000 84.20000 27.26005 15.82287 93.14196
 7 5 17 10 23 1409.98400 6.24200000 84.19998 27.26005 15.82287 93.14196
 7 5 17 10 24 1409.98500 6.24200000 84.20000 27.26005 15.82287 93.14196
 7 5 17 10 24 1410.92000 6.20018000 84.29995 27.26005 15.82287 93.14196
 7 5 17 10 25 1409.42200 6.20021000 84.29995 27.26005 15.82287 93.14196
 7 5 17 10 25 1409.42200 6.20021000 84.29995 27.26005 15.82287 93.14196
 7 5 17 10 26 1404.85500 6.20021000 84.29995 27.26005 15.82287 93.14196
 7 5 17 10 26 1411.01400 6.20021000 84.29999 27.30100 15.82287 93.14196
 7 5 17 10 27 1409.22800 6.20021000 84.30000 27.25000 15.82287 93.14196
 7 5 17 10 27 1404.90100 6.20021000 84.29995 27.24994 15.82287 93.14196
 7 5 17 10 28 1404.90100 6.20021000 84.49000 27.24994 15.82287 93.14196
 7 5 17 10 28 1405.00000 6.27172000 84.49876 27.24987 15.82287 93.14196
 7 5 17 10 29 1405.01300 6.27109000 84.50000 27.24980 15.82287 93.14196
 7 5 17 10 29 1409.21700 6.27109000 84.37211 27.08600 15.82287 93.14196
 7 5 17 10 30 1409.22400 6.27046000 84.50000 27.06000 15.82287 93.14196
 7 5 17 10 30 1405.05700 6.27046000 84.50000 27.01000 15.82287 93.14196
 7 5 17 10 31 1409.35500 6.27046000 84.50000 27.10000 15.82287 93.14196
 7 5 17 10 31 1409.30000 6.25000000 84.50000 27.00000 15.82287 92.45219
 7 5 17 10 32 1409.29900 6.25000000 84.49999 27.00000 15.82287 93.33671
 7 5 17 10 32 1406.98900 6.25000000 84.49999 26.91001 15.82287 93.33671
 7 5 17 10 33 1407.00000 6.25000000 84.49998 26.90999 15.82287 92.45133
 7 5 17 10 33 1404.10100 6.21043000 84.49998 26.76000 15.82287 92.45133
 7 5 17 10 34 1404.10000 6.21046000 84.50000 26.90607 15.82287 92.45133
 7 5 17 10 34 1404.99800 6.21046000 84.38220 26.70000 15.82287 92.45133
 7 5 17 10 35 1404.10000 6.21046000 84.38220 26.69302 15.82287 92.45133
 7 5 17 10 35 1409.18000 6.21046000 84.49996 26.69298 15.82287 92.45133
 7 5 17 10 36 1405.00100 6.21046000 84.55000 26.71700 15.82287 92.45133
 7 5 17 10 37 1405.00100 6.21046000 84.58446 26.71700 15.82287 92.45133
 7 5 17 10 37 1409.28300 6.22437000 84.58540 26.74000 15.82287 92.45119
 7 5 17 10 38 1408.65000 6.22437000 84.58540 26.73999 15.99818 92.45119
 7 5 17 10 38 1405.22200 6.22500000 84.58540 26.73999 15.99818 92.45119
 7 5 17 10 39 1405.22200 6.23947000 84.69995 26.73999 15.99818 92.45119
 7 5 17 10 39 1409.17100 6.22500000 84.69949 26.72100 15.99818 92.45119
 7 5 17 10 40 1408.99800 6.22500000 84.37230 26.73999 15.99818 92.45119
 7 5 17 10 40 1407.00000 6.22500000 84.10001 26.73999 15.99818 92.45119
 7 5 17 10 41 1410.98500 6.22500000 84.54948 26.73999 15.99818 93.14432
 7 5 17 10 41 1409.46500 6.22500000 84.37480 26.73999 15.99818 93.14432
 7 5 17 10 42 1408.15000 6.22500000 84.37480 26.70000 15.99818 93.14432
 7 5 17 10 42 1408.83000 6.22500000 84.68795 26.70000 16.07941 92.12000
 7 5 17 10 43 1411.01500 6.22500000 84.68850 26.88997 16.07941 92.00010
 7 5 17 10 43 1411.97800 6.23000000 84.68795 26.88995 15.90628 92.00010
 7 5 17 10 44 1411.01100 6.23947000 84.68795 26.74608 15.90628 92.00010
 7 5 17 10 44 1411.01000 6.24010000 84.19710 26.93799 15.90628 92.00010
 7 5 17 10 45 1411.00000 6.24010000 84.68795 26.93799 15.90628 92.00010
 7 5 17 10 45 1411.97800 6.23947000 84.68795 26.98399 15.90628 92.00010
 7 5 17 10 46 1409.48000 6.23947000 84.68795 26.98396 15.90628 92.50000
 7 5 17 10 46 1411.00000 6.24099000 84.68794 27.00000 15.90628 93.14162
 7 5 17 10 47 1411.00000 6.24010000 84.67999 27.00000 15.90628 93.14162
 7 5 17 10 47 1411.00000 6.24010000 84.67999 27.00000 15.90628 91.85000
 7 5 17 10 48 1412.12300 6.24010000 84.68000 27.00000 15.90628 91.85000
 7 5 17 10 48 1410.01400 6.24010000 84.68795 27.06649 15.90628 91.76300
 7 5 17 10 49 1411.89700 6.24010000 84.68795 27.06649 15.90628 91.76297
 7 5 17 10 49 1410.01500 6.27109000 84.68793 27.19098 15.90628 91.75999
 7 5 17 10 50 1410.01600 6.27109000 84.68795 27.19098 15.90628 91.07987
 7 5 17 10 50 1410.91100 6.27046000 84.68794 27.21900 15.90628 91.00000
 7 5 17 10 51 1411.02200 6.30000000 84.68795 27.19089 15.90628 91.00000
 7 5 17 10 51 1411.02400 6.31811000 84.68795 27.10005 15.90628 91.00000
 7 5 17 10 52 1411.02000 6.31874000 84.68795 27.21498 15.90628 90.90000
 7 5 17 10 53 1410.00200 6.31875000 84.68795 26.83947 15.90628 90.82000
 7 5 17 10 53 1410.01600 6.27174000 84.68795 27.24399 15.90628 91.00000
 7 5 17 10 53 1410.99900 6.27174000 84.68795 27.14004 15.90628 90.65000
 7 5 17 10 54 1411.00800 6.33000000 84.68794 27.22001 15.90728 90.40188
 7 5 17 10 54 1410.94900 6.33000000 84.68795 27.22001 15.90728 90.50000
 7 5 17 10 55 1410.00000 6.32936000 84.68795 27.22001 15.90728 90.40187
 7 5 17 10 55 1409.47900 6.33000000 84.68795 27.27000 15.90728 90.74926
 7 5 17 10 56 1408.15000 6.33000000 84.68794 27.27003 15.90728 90.74926
 7 5 17 10 57 1409.37300 6.33000000 84.68794 27.27003 16.07999 90.45000
 7 5 17 10 57 1408.54900 6.33000000 84.68794 27.27006 16.07999 90.30000
 7 5 17 10 58 1408.20100 6.30000000 84.68795 27.13100 16.08002 90.26510
 7 5 17 10 58 1408.86700 6.30000000 84.68795 27.17800 16.08002 90.11000
 7 5 17 10 59 1408.86600 6.30000000 84.68795 27.10000 16.11925 90.11000
 7 5 17 10 59 1406.62000 6.30000000 84.68795 27.00202 16.11925 90.10976
 7 5 17 11 00 1406.55500 6.30000000 84.69999 27.03503 16.11925 90.10963
 7 5 17 11 00 1406.55700 6.30000000 84.69999 27.22597 16.11916 90.10952
 7 5 17 11 01 1406.55800 6.30000000 84.68898 27.09400 16.11916 90.10952
 7 5 17 11 01 1408.33500 6.30000000 84.68848 27.09400 16.10000 90.10952
 7 5 17 11 02 1406.86600 6.30000000 84.68838 27.09400 16.10000 90.10050
 7 5 17 11 02 1407.46100 6.30000000 84.68838 27.15401 16.09995 90.26510
 7 5 17 11 03 1408.85500 6.30000000 84.68889 27.15400 16.09995 90.26510
 7 5 17 11 03 1406.06900 6.30000000 84.68839 27.15401 16.09995 90.26510
 7 5 17 11 04 1405.01300 6.30000000 84.68795 27.19999 16.09995 90.26510
 7 5 17 11 04 1405.55600 6.30000000 84.68828 27.19999 16.09989 90.26510
 7 5 17 11 05 1405.19500 6.30000000 84.60021 27.19998 16.09989 90.26510
 7 5 17 11 05 1405.00000 6.30000000 84.60050 27.19998 16.09989 90.26510
 7 5 17 11 06 1405.46200 6.30000000 84.60050 27.19999 16.09989 91.07758
 7 5 17 11 06 1404.10100 6.30000000 84.60099 27.19999 16.09989 91.07758
 7 5 17 11 07 1405.37200 6.32718000 84.60100 27.20000 16.12000 90.09000
 7 5 17 11 07 1405.87500 6.32718000 84.60000 27.20000 16.12000 90.09000
 7 5 17 11 08 1407.17500 6.32718000 84.60000 27.12001 16.07994 90.09000
 7 5 17 11 08 1407.17100 6.32718000 84.59994 27.00002 16.07995 90.09000
 7 5 17 11 09 1407.65400 6.32718000 84.50101 27.00001 16.07996 90.09000
 7 5 17 11 09 1408.49000 6.32718000 84.50151 27.00000 16.07996 90.09000
 7 5 17 11 10 1406.44300 6.32718000 84.50151 27.00002 16.07996 90.09000
 7 5 17 11 10 1406.45000 6.32718000 84.50150 27.10200 16.07996 90.00000
 7 5 17 11 11 1406.30700 6.32718000 84.50101 26.82999 16.07994 90.00000
 7 5 17 11 11 1407.08200 6.29936000 84.50101 26.82999 16.07994 90.00000
 7 5 17 11 12 1405.37200 6.30000000 84.50102 26.80600 16.07994 90.00000
 7 5 17 11 12 1405.37200 6.30000000 84.50150 26.97593 16.07994 90.00000
 7 5 17 11 13 1405.37200 6.30000000 84.50150 26.97590 16.07994 90.00000
 7 5 17 11 13 1405.37200 6.30000000 84.50150 26.97590 16.07994 90.00000
 7 5 17 11 14 1406.94900 6.30000000 84.60000 26.83101 16.07994 90.00000
 7 5 17 11 14 1406.94900 6.20105000 84.59951 26.83101 16.07994 90.00000
 7 5 17 11 15 1406.94900 6.20122000 84.59951 26.83101 15.91100 90.40004
 7 5 17 11 15 1406.26100 6.20122000 84.55980 26.81000 15.91100 90.40004
 7 5 17 11 16 1405.68800 6.20122000 84.55981 26.99500 15.91100 90.40004
 7 5 17 11 17 1405.68700 6.20122000 84.50259 26.99500 15.91100 91.07380
 7 5 17 11 17 1405.68200 6.20122000 84.50150 26.99999 15.91100 91.07380
 7 5 17 11 18 1405.68700 6.20122000 84.50260 26.97698 15.91100 91.07375
 7 5 17 11 18 1405.67400 6.20122000 84.50259 26.95496 15.91100 91.07987
 7 5 17 11 19 1405.00100 6.20182000 84.50259 26.95496 15.91100 91.26487
 7 5 17 11 19 1406.93400 6.20182000 84.50260 26.95493 15.91100 91.26508
 7 5 17 11 20 1404.58800 6.27109000 84.50259 26.99999 15.91100 91.26508
 7 5 17 11 20 1406.92900 6.27109000 84.50259 26.85301 15.91100 91.26508
 7 5 17 11 20 1407.07700 6.21118000 84.55000 26.85301 15.91100 91.26508
 7 5 17 11 21 1407.07700 6.21118000 84.50360 26.98100 15.91100 91.26508
 7 5 17 11 22 1407.07600 6.21125000 84.55000 26.98100 15.91100 91.26508
 7 5 17 11 22 1407.07600 6.21125000 84.60000 26.91800 15.91100 91.26508
 7 5 17 11 23 1407.07600 6.21125000 84.56051 26.91800 15.91100 92.13120
 7 5 17 11 23 1407.00000 6.21125000 84.56050 26.91800 15.91100 92.13120
 7 5 17 11 24 1407.07700 6.21125000 84.56102 26.89600 15.91157 92.13120
 7 5 17 11 24 1407.07700 6.21125000 84.56250 26.89600 15.91157 92.13120
 7 5 17 11 25 1407.00000 6.21125000 84.69897 26.89596 15.91168 92.13120
 7 5 17 11 25 1407.07800 6.21125000 84.57152 26.89596 15.91168 92.44717
 7 5 17 11 26 1407.07800 6.21512000 84.69897 26.80000 15.91168 92.44717
 7 5 17 11 26 1407.07700 6.21512000 84.69897 26.78499 15.91168 92.44663
 7 5 17 11 27 1407.07800 6.21512000 84.69848 26.69000 15.91168 92.44663
 7 5 17 11 27 1407.07700 6.21512000 84.69850 26.78494 15.91168 92.44663
 7 5 17 11 28 1407.07800 6.27109000 84.57200 26.75000 15.91168 92.44663
 7 5 17 11 28 1407.07700 6.27109000 84.57250 26.75000 15.91168 92.44663
 7 5 17 11 29 1407.00500 6.27109000 84.60000 26.75000 16.10955 90.51034
 7 5 17 11 29 1407.07400 6.27109000 84.60100 26.75000 16.10955 90.51034
 7 5 17 11 30 1407.00500 6.27109000 84.60100 26.77000 16.10955 90.51034
 7 5 17 11 30 1407.06300 6.27109000 84.50259 26.77000 16.10955 90.51034
 7 5 17 11 31 1407.00000 6.27109000 84.50259 26.77000 16.10950 90.51034
 7 5 17 11 31 1407.00000 6.27109000 84.53860 26.76999 16.10950 93.13558
 7 5 17 11 32 1407.06300 6.27109000 84.53860 26.75000 16.10950 92.45131
 7 5 17 11 33 1407.06300 6.27109000 84.69900 26.75000 16.10950 92.45131
 7 5 17 11 33 1406.38100 6.27109000 84.50411 26.83999 16.10950 92.45131
 7 5 17 11 34 1407.04700 6.27109000 84.66927 26.99999 16.10950 92.45131
 7 5 17 11 34 1406.18800 6.27109000 84.66927 26.98000 16.10950 92.45131
 7 5 17 11 35 1407.00000 6.27109000 84.55050 26.84100 16.10950 92.45131
 7 5 17 11 35 1406.43300 6.27000000 84.69900 26.82000 16.10939 92.45131
 7 5 17 11 36 1407.07700 6.27000000 84.55201 26.92099 16.10939 92.45131
 7 5 17 11 36 1407.07700 6.27000000 84.55250 26.77301 16.10939 92.45131
 7 5 17 11 37 1406.20200 6.27000000 84.55250 26.77301 16.10955 92.45131
 7 5 17 11 37 1406.43300 6.27000000 84.55250 26.77301 16.10955 92.45131
 7 5 17 11 38 1406.43300 6.27000000 84.60050 26.70000 16.10955 92.45131
 7 5 17 11 38 1407.06100 6.27000000 84.60050 26.70000 15.91305 92.45131
 7 5 17 11 39 1407.06200 6.26937000 84.60050 26.75599 15.91305 92.45131
 7 5 17 11 39 1406.99800 6.26937000 84.60050 26.70300 15.91305 92.45131
 7 5 17 11 40 1407.00000 6.26937000 84.60150 26.67500 15.91305 92.45131
 7 5 17 11 40 1406.23000 6.26874000 84.60150 26.65000 15.91305 93.84315
 7 5 17 11 41 1407.00000 6.26500000 84.60150 26.73200 15.91305 93.14471
 7 5 17 11 41 1406.98500 6.26500000 84.69900 26.65000 15.91305 93.14471
 7 5 17 11 42 1406.98500 6.26500000 84.69900 26.62060 15.91305 93.14471
 7 5 17 11 42 1406.99800 6.26500000 84.69900 26.62200 15.91305 93.14471
 7 5 17 11 43 1406.99800 6.26500000 84.69896 26.62060 15.91305 93.14471
 7 5 17 11 43 1406.99700 6.26874000 84.69899 26.62060 15.91305 93.14471
 7 5 17 11 44 1406.99900 6.26874000 84.69899 26.62060 15.91305 94.11219
 7 5 17 11 44 1406.99700 6.26874000 84.69894 26.61700 15.91391 94.11241
 7 5 17 11 45 1406.00000 6.26874000 84.68660 26.58278 15.91391 94.11241
 7 5 17 11 46 1405.84100 6.26874000 84.68660 26.58800 15.91391 92.45500
 7 5 17 11 46 1405.84000 6.26874000 84.68660 26.58800 16.11932 92.45500
 7 5 17 11 47 1406.00000 6.26937000 84.68000 26.58800 16.11932 92.45500
 7 5 17 11 47 1406.00000 6.26937000 84.69900 26.55000 16.11932 92.45500
 7 5 17 11 48 1406.00000 6.26937000 84.60150 26.54300 16.11932 92.45500
 7 5 17 11 48 1406.00000 6.26937000 84.69900 26.36902 16.11921 92.45500
 7 5 17 11 49 1405.61000 6.26937000 84.69900 26.37001 16.11921 92.45500
 7 5 17 11 49 1406.00000 6.31873000 84.60350 26.37001 16.10001 92.45500
 7 5 17 11 50 1405.25200 6.31873000 84.68999 26.37000 16.11999 94.45700
 7 5 17 11 50 1405.26600 6.31873000 84.60250 26.37000 16.11999 94.45700
 7 5 17 11 51 1405.82500 6.31873000 84.60150 26.36000 16.12000 94.45700
 7 5 17 11 51 1405.82200 6.31873000 84.69897 26.39502 16.11997 94.45700
 7 5 17 11 52 1405.81900 6.31873000 84.69900 26.39502 16.12000 94.45700
 7 5 17 11 52 1403.00000 6.31873000 84.60401 26.39502 16.12000 94.45700
 7 5 17 11 53 1402.07800 6.27000000 84.60401 26.50000 16.12999 94.45700
 7 5 17 11 53 1402.02700 6.27000000 84.60601 26.51798 16.12999 94.45700
 7 5 17 11 54 1402.02700 6.27000000 84.69899 26.51798 16.12999 94.45700
 7 5 17 11 54 1402.07800 6.27000000 84.60850 26.51798 16.12999 94.45700
 7 5 17 11 55 1401.19600 6.23300000 84.60950 26.50000 16.12999 94.45700
 7 5 17 11 55 1404.05300 6.27000000 84.69899 26.50000 16.12999 94.45700
 7 5 17 11 56 1400.12700 6.27000000 84.60051 26.51798 16.12999 94.45700
 7 5 17 11 56 1404.05700 6.27000000 84.60100 26.59106 16.12999 94.45700
 7 5 17 11 57 1405.12900 6.27000000 84.69899 26.59106 16.12999 94.45700
 7 5 17 11 58 1405.12900 6.27000000 84.60050 26.59106 16.14564 92.80005
 7 5 17 11 58 1405.12900 6.27000000 84.50261 26.66302 16.14564 92.80005
 7 5 17 11 58 1405.14300 6.31303000 84.59998 26.66302 16.17001 92.80005
 7 5 17 11 59 1404.99900 6.31303000 84.59998 26.66375 16.17001 92.00150
 7 5 17 11 59 1405.13000 6.31303000 84.50511 26.66375 16.17001 92.00150
 7 5 17 12 00 1404.04900 6.31303000 84.76000 26.69700 16.17001 92.00150
 7 5 17 12 00 1401.76800 6.31303000 84.50810 26.66375 16.17008 92.00150
 7 5 17 12 01 1401.76800 6.26000000 84.87986 26.69200 16.17001 93.14457
 7 5 17 12 01 1404.04700 6.27000000 84.94000 26.75049 16.17001 93.99954
 7 5 17 12 02 1404.14400 6.27000000 84.89999 26.66375 16.17003 93.99954
 7 5 17 12 03 1401.43100 6.26000000 84.89999 26.60000 16.17003 93.99954
 7 5 17 12 03 1400.42800 6.24054000 84.51311 26.60000 16.17003 93.99954
 7 5 17 12 04 1405.12800 6.22503000 84.89997 26.80000 16.17002 93.99954
 7 5 17 12 04 1403.96400 6.22503000 84.89998 26.75400 16.17000 93.99954
 7 5 17 12 05 1400.68800 6.22503000 84.93990 26.77700 16.17000 93.99954
 7 5 17 12 05 1403.96400 6.26932000 84.89998 26.73200 16.17000 93.99954
 7 5 17 12 05 1403.96500 6.30977000 84.89998 26.73200 16.17000 93.99954
 7 5 17 12 06 1403.96500 6.30977000 84.93990 26.73200 16.17000 93.99954
 7 5 17 12 07 1402.38000 6.30977000 84.93990 26.73200 16.17000 93.99954
 7 5 17 12 07 1403.49800 6.23003000 84.80421 26.75400 16.17000 93.99954
 7 5 17 12 08 1400.92300 6.23003000 84.80421 26.73200 16.17000 92.45399
 7 5 17 12 08 1403.49800 6.23003000 84.93988 26.73000 16.17000 92.45399
 7 5 17 12 09 1403.49800 6.23001000 84.94000 26.73000 16.17000 93.99994
 7 5 17 12 09 1403.49800 6.23001000 84.94000 26.65001 16.17000 93.99994
 7 5 17 12 10 1401.69700 6.24100000 84.94000 26.65001 16.17000 92.45498
 7 5 17 12 10 1401.36500 6.24100000 84.94000 26.65001 16.02556 92.45498
 7 5 17 12 11 1401.15700 6.24100000 84.90053 26.65001 16.02556 92.45498
 7 5 17 12 11 1401.32000 6.26000000 84.94000 26.65000 16.02556 92.45498
 7 5 17 12 12 1401.19700 6.26000000 84.94000 26.65000 16.02556 92.45498
 7 5 17 12 12 1403.62300 6.26000000 84.90320 26.65000 16.02556 92.45498
 7 5 17 12 13 1402.00000 6.26000000 84.99000 26.72500 16.02556 93.75664
 7 5 17 12 13 1401.22500 6.24100000 85.00000 26.62718 16.16894 93.75664
 7 5 17 12 14 1403.60700 6.24100000 85.00000 26.62718 16.17002 93.75664
 7 5 17 12 14 1403.95000 6.24100000 85.24567 26.62718 16.17000 92.45858
 7 5 17 12 15 1403.00000 6.24100000 85.24000 26.62718 16.17000 92.45858
 7 5 17 12 15 1403.00100 6.24100000 85.24567 26.62718 16.17003 92.45858
 7 5 17 12 16 1401.53100 6.24100000 85.24567 26.64907 16.17003 92.45858
 7 5 17 12 16 1403.15700 6.24100000 85.24567 26.64907 16.17003 92.45858
 7 5 17 12 17 1401.54500 6.24100000 85.24006 26.64907 16.17003 92.45858
 7 5 17 12 17 1402.38000 6.30036000 85.24001 26.70000 16.17003 92.45858
 7 5 17 12 18 1401.54700 6.30036000 85.20004 26.75700 16.20194 93.99999
 7 5 17 12 18 1401.54700 6.30036000 85.24567 26.73400 16.22998 94.00000
 7 5 17 12 19 1401.23900 6.30036000 85.35000 26.73401 16.24000 94.00000
 7 5 17 12 19 1402.43900 6.30036000 85.35000 26.73401 16.24000 94.00000
 7 5 17 12 20 1401.65600 6.30036000 85.35000 26.73401 16.29041 94.00000
 7 5 17 12 20 1402.40000 6.27000000 85.35000 26.64807 16.29041 94.00000
 7 5 17 12 21 1402.75700 6.27000000 85.41580 26.71100 16.29041 94.00000
 7 5 17 12 21 1401.22500 6.27000000 85.35002 26.71100 16.30000 94.00000
 7 5 17 12 22 1401.28600 6.29937000 85.41578 26.71100 16.30000 94.00000
 7 5 17 12 22 1401.31000 6.29936000 85.41000 26.71100 16.30000 94.00000
 7 5 17 12 23 1401.00000 6.29874000 85.41580 26.73406 16.30000 94.00000
 7 5 17 12 24 1401.99700 6.29873000 85.41580 26.80000 16.30000 94.00000
 7 5 17 12 24 1400.00000 6.29855000 85.50000 26.80000 16.30000 94.00000
 7 5 17 12 24 1400.00000 6.29788000 85.51000 26.73500 16.30000 94.00000
 7 5 17 12 25 1400.00100 6.29789000 85.54999 26.73500 16.29999 94.00000
 7 5 17 12 25 1401.63000 6.23039000 85.55000 26.73429 16.29999 94.00000
 7 5 17 12 26 1399.00100 6.29725000 85.57672 26.74000 16.30823 94.00000
 7 5 17 12 27 1400.38200 6.29725000 85.58000 26.76600 16.29998 94.00000
 7 5 17 12 27 1399.11100 6.29723000 85.50000 26.76599 16.23038 94.00000
 7 5 17 12 27 1399.01400 6.29826000 85.50001 26.76599 16.23038 94.00000
 7 5 17 12 28 1399.01500 6.29824000 85.50000 26.76000 16.23038 94.00000
 7 5 17 12 28 1399.99800 6.29816000 85.50002 26.76001 16.23038 94.00000
 7 5 17 12 29 1399.01400 6.29753000 85.31959 26.80000 16.23038 94.00000
 7 5 17 12 30 1399.98600 6.29748000 85.59998 26.80000 16.23038 94.00000
 7 5 17 12 30 1399.99000 6.23004000 85.31975 26.80000 16.23038 94.00000
 7 5 17 12 31 1399.39700 6.29741000 85.59997 26.80000 16.23038 94.00000
 7 5 17 12 31 1399.02100 6.29741000 85.31981 26.73473 16.23038 94.00000
 7 5 17 12 32 1400.00000 6.29741000 85.11330 26.73405 16.23034 94.00000
 7 5 17 12 32 1401.10500 6.29741000 85.60000 26.73896 16.23034 94.41317
 7 5 17 12 33 1398.02300 6.29741000 85.59000 26.73405 16.35000 94.41317
 7 5 17 12 33 1398.02300 6.29741000 85.50000 26.67372 16.35000 94.41317
 7 5 17 12 34 1398.15100 6.23001000 85.59000 26.67372 16.34998 94.41337
 7 5 17 12 34 1398.15200 6.23001000 85.59000 26.67372 16.34998 94.41337
 7 5 17 12 35 1399.84900 6.23001000 85.60000 26.67383 16.34998 94.41337
 7 5 17 12 35 1398.50000 6.23001000 85.60042 26.67383 16.34998 92.47802
 7 5 17 12 36 1397.11000 6.29051000 85.60042 26.67383 16.35000 92.47802
 7 5 17 12 36 1397.11000 6.29051000 85.68112 26.67383 16.35000 92.47802
 7 5 17 12 37 1399.34000 6.29051000 85.69999 26.67383 16.35000 92.47802
 7 5 17 12 37 1398.99600 6.29051000 85.71390 26.67383 16.23080 92.47802
 7 5 17 12 38 1397.67900 6.29051000 85.72999 26.78000 16.23080 92.47802
 7 5 17 12 38 1398.99700 6.29051000 85.73000 26.80000 16.35878 92.47802
 7 5 17 12 39 1398.99400 6.29051000 85.73000 26.79999 16.35878 92.47802
 7 5 17 12 39 1398.99400 6.29051000 85.72999 26.99999 16.35878 92.47802
 7 5 17 12 40 1398.99400 6.29051000 85.70001 26.99999 16.35878 92.47802
 7 5 17 12 40 1398.95000 6.23001000 85.73000 27.00000 16.35878 92.47802
 7 5 17 12 41 1397.73400 6.23001000 85.70001 27.00000 16.35878 92.47802
 7 5 17 12 41 1397.11000 6.23001000 85.59011 27.00000 16.35878 92.47802
 7 5 17 12 42 1397.11000 6.23001000 85.69998 27.15099 16.35878 92.73601
 7 5 17 12 42 1397.25000 6.23001000 85.69998 27.15099 16.35878 92.73601
 7 5 17 12 43 1398.63200 6.23001000 85.73000 27.15099 16.35878 92.73601
 7 5 17 12 43 1397.66600 6.23001000 85.69995 27.17300 16.35878 92.73601
 7 5 17 12 44 1397.11100 6.23001000 85.70000 27.17300 16.35878 92.74402
 7 5 17 12 44 1398.60700 6.20163000 85.73000 27.12000 16.35878 92.74402
 7 5 17 12 45 1398.49200 6.26872000 85.72999 27.04309 16.35878 92.74402
 7 5 17 12 45 1398.49200 6.26872000 85.69999 27.08700 16.35878 92.74402
 7 5 17 12 46 1398.53900 6.26872000 85.72001 27.12900 16.35878 92.74402
 7 5 17 12 46 1398.51800 6.26872000 85.59113 27.12900 16.35878 92.74402
 7 5 17 12 47 1397.20000 6.26872000 85.50000 27.10728 16.35878 92.74402
 7 5 17 12 47 1397.55600 6.26872000 85.50000 27.10728 16.23178 92.74402
 7 5 17 12 48 1398.41200 6.26872000 85.50000 27.18999 16.23178 92.74402
 7 5 17 12 48 1398.41200 6.26872000 85.50000 27.14920 16.23178 92.74402
 7 5 17 12 49 1398.41200 6.26872000 85.50000 27.19000 16.37999 92.74402
 7 5 17 12 50 1398.27100 6.26872000 85.50000 27.19000 16.37999 92.74402
 7 5 17 12 50 1398.54100 6.25999000 85.70899 27.19000 16.37999 92.74402
 7 5 17 12 51 1398.41200 6.25999000 85.70899 27.19000 16.37999 92.74402
 7 5 17 12 51 1398.41300 6.25999000 85.70899 27.19000 16.37999 92.74402
 7 5 17 12 52 1398.53700 6.25933000 85.70898 27.19000 16.37999 92.75679
 7 5 17 12 52 1398.53700 6.25870000 85.70898 27.19000 16.38873 92.75679
 7 5 17 12 53 1398.53700 6.25870000 85.70895 27.19000 16.38873 92.75679
 7 5 17 12 53 1398.27100 6.25870000 85.55089 27.18999 16.38873 92.75679
 7 5 17 12 54 1398.53700 6.25870000 85.55089 27.17998 16.39748 92.75749
 7 5 17 12 54 1398.39000 6.25870000 85.55089 27.18400 16.39748 92.75749
 7 5 17 12 55 1398.55900 6.25870000 86.00000 27.18400 16.39748 92.75749
 7 5 17 12 55 1399.47200 6.25870000 85.84963 27.18198 16.39748 92.75749
 7 5 17 12 56 1398.50000 6.25870000 85.53776 27.18999 16.42999 92.75749
 7 5 17 12 56 1399.47200 6.25870000 85.51199 27.13299 16.44980 92.75749
 7 5 17 12 57 1399.47200 6.25870000 85.70582 27.13299 16.43356 92.75749
 7 5 17 12 57 1399.26000 6.28986000 85.70000 27.10999 16.43356 92.75749
 7 5 17 12 58 1399.47200 6.23040000 85.69991 27.10999 16.43356 92.75577
 7 5 17 12 58 1402.13300 6.23040000 85.52001 27.06000 16.43356 92.75510
 7 5 17 12 59 1398.39000 6.22505000 85.52000 27.06000 16.44980 92.98699
 7 5 17 12 59 1398.27200 6.22505000 85.69969 26.95708 16.44980 92.98697
 7 5 17 13 00 1398.41300 6.26155000 85.51213 26.95708 16.44986 92.98696
 7 5 17 13 00 1398.27300 6.26155000 85.69955 27.01694 16.44986 92.98696
 7 5 17 13 01 1398.27100 6.26155000 85.69955 27.01694 16.45999 92.98696
 7 5 17 13 01 1398.27000 6.26155000 85.21332 27.01694 16.45999 92.98696
 7 5 17 13 02 1398.27100 6.26024000 85.69902 26.92999 16.30000 92.98696
 7 5 17 13 02 1398.20000 6.20176000 85.21320 26.97500 16.45998 92.98696
 7 5 17 13 03 1398.26900 6.26154000 85.20000 26.97100 16.45998 92.98696
 7 5 17 13 03 1398.00000 6.26154000 85.68878 26.86008 16.46009 92.98696
 7 5 17 13 04 1397.67700 6.26154000 85.20000 26.86008 16.47999 92.98696
 7 5 17 13 04 1398.26900 6.26154000 85.20000 27.01100 16.47999 92.98696
 7 5 17 13 05 1397.40800 6.26154000 85.49987 27.01100 16.49990 92.98696
 7 5 17 13 05 1398.27000 6.26154000 85.11970 26.98700 16.50000 92.98696
 7 5 17 13 06 1398.25600 6.26154000 85.20097 26.99100 16.50000 92.98696
 7 5 17 13 06 1398.11200 6.26154000 85.20097 26.99100 16.50000 92.98696
 7 5 17 13 07 1398.10000 6.26154000 85.20134 26.99100 16.50000 92.98696
 7 5 17 13 08 1398.10000 6.26154000 85.20165 26.99100 16.50000 92.98696
 7 5 17 13 08 1397.97000 6.25960000 85.50619 26.99100 16.50000 92.98696
 7 5 17 13 08 1398.00000 6.20193000 85.50614 26.99100 16.50000 92.98696
 7 5 17 13 09 1397.11200 6.20193000 85.50628 27.01000 16.50000 92.98696
 7 5 17 13 09 1398.15900 6.20193000 85.20210 27.05000 16.50000 92.98696
 7 5 17 13 10 1398.27000 6.20193000 85.59970 27.05000 16.50000 92.98696
 7 5 17 13 10 1398.27000 6.20193000 85.59970 27.00600 16.50000 92.98696
 7 5 17 13 11 1397.11100 6.20193000 85.49999 27.10499 16.35000 92.98696
 7 5 17 13 11 1398.25600 6.25001000 85.57567 27.10499 16.35000 92.98696
 7 5 17 13 12 1398.25700 6.25001000 85.59756 27.10499 16.35000 92.98696
 7 5 17 13 13 1398.00000 6.25001000 85.59755 27.10499 16.35000 92.98696
 7 5 17 13 13 1397.50000 6.25000000 85.59755 27.10499 16.40000 92.75237
 7 5 17 13 14 1397.11000 6.25000000 85.59979 27.10499 16.40000 92.75235
 7 5 17 13 14 1397.00100 6.25000000 85.59755 27.10499 16.40000 92.75210
 7 5 17 13 15 1397.10800 6.25000000 85.76900 27.10499 16.40000 92.75210
 7 5 17 13 15 1396.00000 6.25000000 85.75000 27.08500 16.40000 92.68864
 7 5 17 13 16 1395.99900 6.25000000 85.76899 27.08500 16.40000 92.68864
 7 5 17 13 16 1394.00000 6.25000000 85.76900 27.08000 16.40000 92.68864
 7 5 17 13 17 1394.00000 6.25000000 85.87094 27.08000 16.40000 92.68864
 7 5 17 13 17 1394.15800 6.25000000 85.98500 27.08000 16.40000 92.68864
 7 5 17 13 18 1395.98600 6.25000000 85.99123 27.03700 16.40000 92.68864
 7 5 17 13 18 1395.98300 6.25000000 85.99123 27.03700 16.40000 92.68864
 7 5 17 13 19 1394.12400 6.25000000 86.00000 27.03700 16.40015 92.68864
 7 5 17 13 19 1394.00000 6.25000000 85.99215 26.98999 16.40015 92.68864
 7 5 17 13 20 1393.11200 6.24935000 85.99207 26.98999 16.40015 92.68864
 7 5 17 13 20 1395.96700 6.26757000 86.00000 26.91001 16.40015 92.68864
 7 5 17 13 21 1393.12500 6.26777000 86.00000 26.91001 16.40029 92.68864
 7 5 17 13 21 1395.00000 6.26777000 86.00000 26.96900 16.40029 92.68864
 7 5 17 13 22 1394.99800 6.26777000 85.90000 26.96900 16.40029 92.68864
 7 5 17 13 22 1395.28900 6.26777000 85.90002 26.96898 16.40029 92.68864
 7 5 17 13 23 1395.00000 6.26777000 85.90000 26.96898 16.40029 92.68864
 7 5 17 13 23 1395.95300 6.26777000 85.90000 26.96898 16.40029 92.68864
 7 5 17 13 24 1395.46000 6.26777000 85.90000 26.91000 16.40029 92.68864
 7 5 17 13 24 1397.10900 6.26777000 86.00000 27.01000 16.40029 92.68864
 7 5 17 13 25 1396.87900 6.26777000 86.00000 26.91000 16.40029 92.68864
 7 5 17 13 25 1395.46000 6.27109000 85.99998 26.96898 16.40029 92.68864
 7 5 17 13 26 1396.86800 6.27109000 86.00000 26.96898 16.40029 92.68864
 7 5 17 13 26 1395.20000 6.27109000 86.00000 26.96898 16.40029 92.45925
 7 5 17 13 27 1396.84900 6.29000000 86.00000 26.96898 16.40029 92.45925
 7 5 17 13 27 1395.20000 6.29000000 85.99999 26.96898 16.40029 92.45925
 7 5 17 13 28 1394.90000 6.29000000 85.99998 26.96898 16.40029 92.45925
 7 5 17 13 29 1395.19800 6.28926000 86.00001 26.90000 16.40029 92.45925
 7 5 17 13 29 1395.19500 6.28926000 86.20000 26.90000 16.40029 92.45925
 7 5 17 13 29 1395.19000 6.28926000 85.99998 26.83200 16.40029 92.45925
 7 5 17 13 30 1395.18400 6.28926000 86.19977 26.83200 16.40029 92.45925
 7 5 17 13 30 1395.00000 6.22551000 86.19978 26.83200 16.40029 92.45925
 7 5 17 13 31 1394.99500 6.29000000 86.19976 26.89800 16.40029 92.45925
 7 5 17 13 31 1394.99300 6.29900000 86.19976 26.90000 16.40029 92.45925
 7 5 17 13 32 1394.88400 6.29900000 86.19977 26.90000 16.40029 92.45925
 7 5 17 13 33 1390.49600 6.29900000 86.10001 26.90000 16.40029 92.45925
 7 5 17 13 33 1392.01200 6.26000000 86.19978 26.89800 16.40029 92.45925
 7 5 17 13 33 1393.33200 6.26000000 86.19976 26.91998 16.40029 92.45925
 7 5 17 13 34 1393.33200 6.26000000 86.19978 26.89800 16.40029 92.46255
 7 5 17 13 35 1393.13900 6.26000000 86.10002 26.90200 16.48863 92.46255
 7 5 17 13 35 1393.33100 6.26000000 86.19976 26.90200 16.48863 92.46255
 7 5 17 13 36 1392.50100 6.29900000 86.19977 26.90198 16.48863 92.46255
 7 5 17 13 36 1393.32700 6.30000000 86.19977 26.83223 16.33501 92.46255
 7 5 17 13 37 1393.31600 6.32716000 86.19978 26.78200 16.33471 92.46255
 7 5 17 13 37 1391.30700 6.32716000 86.19977 26.78200 16.32750 92.46255
 7 5 17 13 38 1393.30900 6.32716000 86.19978 26.78200 16.26673 92.46255
 7 5 17 13 38 1391.18300 6.32000000 86.19978 26.78200 16.26673 92.46255
 7 5 17 13 39 1390.21000 6.32000000 86.19973 26.79047 16.22412 92.46255
 7 5 17 13 39 1390.69300 6.22730000 86.19973 26.79047 16.22412 92.46255
 7 5 17 13 40 1393.31700 6.33000000 86.19973 26.80899 16.22412 92.46255
 7 5 17 13 40 1391.64800 6.33000000 86.01200 26.80899 16.22412 92.46255
 7 5 17 13 41 1390.58200 6.33000000 86.02741 26.79000 16.22412 92.46255
 7 5 17 13 41 1393.19300 6.33000000 86.00000 26.68404 16.22412 92.46255
 7 5 17 13 42 1390.20000 6.33000000 85.99998 26.68404 16.14573 92.46617
 7 5 17 13 42 1390.75900 6.33000000 85.99999 26.67762 16.02556 92.46617
 7 5 17 13 43 1391.00000 6.33000000 86.09993 26.68401 16.02556 92.46617
 7 5 17 13 43 1393.29900 6.30736000 86.09993 26.67762 16.02556 92.46617
 7 5 17 13 44 1393.30000 6.30736000 85.99998 26.67762 16.02556 92.46617
 7 5 17 13 44 1393.28400 6.30800000 85.99999 26.80000 16.02556 92.46617
 7 5 17 13 45 1393.30000 6.30800000 85.83000 26.80000 16.32709 92.46617
 7 5 17 13 45 1393.27900 6.30800000 85.83000 26.83097 16.32709 92.46617
 7 5 17 13 46 1390.68300 6.31748000 85.79998 26.83096 16.32709 92.46617
 7 5 17 13 46 1393.27700 6.31748000 85.75000 26.71200 16.32709 92.46617
 7 5 17 13 47 1393.28800 6.31748000 85.75000 26.68500 16.32709 92.46617
 7 5 17 13 47 1393.27900 6.30936000 85.60817 26.68500 16.32709 92.46617
 7 5 17 13 48 1391.00000 6.31000000 85.74991 26.68500 16.32709 92.46617
 7 5 17 13 49 1391.00000 6.33000000 85.79984 26.68000 16.32709 92.46617
 7 5 17 13 49 1391.00000 6.31811000 85.79984 26.68000 16.32709 93.47915
 7 5 17 13 49 1391.00000 6.31800000 85.79984 26.68000 16.32709 93.47915
 7 5 17 13 50 1390.20000 6.21001000 85.59000 26.81399 16.15005 93.47915
 7 5 17 13 50 1390.99400 6.23992000 85.59000 26.83398 16.32714 92.46978
 7 5 17 13 51 1390.98900 6.27100000 85.59000 26.83398 16.32714 92.45749
 7 5 17 13 51 1390.98900 6.27100000 85.59000 26.87700 16.14564 90.10001
 7 5 17 13 52 1390.16000 6.27100000 85.59000 26.85694 16.14566 91.07987
 7 5 17 13 52 1390.16000 6.27100000 85.58997 26.85694 16.26670 93.14299
 7 5 17 13 53 1390.16000 6.27100000 85.54236 26.85000 16.26670 93.14299
 7 5 17 13 54 1390.16000 6.27100000 85.51990 26.84199 16.26670 93.14299
 7 5 17 13 54 1390.16000 6.27100000 85.54237 26.83500 16.13995 93.14299
 7 5 17 13 55 1390.99900 6.33999000 85.79740 26.83500 16.00000 93.13888
 7 5 17 13 55 1390.98100 6.24114000 85.51990 26.84101 16.00000 93.13888
 7 5 17 13 56 1390.98500 6.24118000 85.79706 26.92700 16.00000 93.13597
 7 5 17 13 56 1390.17300 6.24118000 85.79706 26.92600 16.00000 93.13597
 7 5 17 13 57 1390.17300 6.33921000 85.79672 26.92599 15.90001 93.13597
 7 5 17 13 57 1390.73300 6.24204000 85.74999 26.91999 15.90003 93.13597
 7 5 17 13 58 1391.00000 6.24204000 86.14892 26.91999 15.90000 93.13597
 7 5 17 13 58 1391.00000 6.33851000 85.53000 27.18998 15.90000 93.13597
 7 5 17 13 58 1391.00000 6.33785000 86.14879 27.18998 15.90000 91.10020
 7 5 17 13 59 1390.73400 6.33785000 85.56784 27.18998 15.90000 91.10020
 7 5 17 14 00 1390.73400 6.33780000 85.56783 27.18998 15.90000 91.10020
 7 5 17 14 00 1392.83000 6.33722000 85.56783 27.18998 15.90000 91.10020
 7 5 17 14 00 1392.44500 6.24246000 85.54003 27.18998 15.90000 91.10020
 7 5 17 14 01 1392.44600 6.33786000 85.54003 26.94788 15.90000 91.10020
 7 5 17 14 02 1392.99900 6.33852000 85.54003 26.94788 15.90000 91.10020
 7 5 17 14 02 1392.44500 6.39999000 85.91854 26.94786 16.02316 91.10020
 7 5 17 14 03 1392.19100 6.39999000 85.80729 26.94786 16.02316 93.12289
 7 5 17 14 03 1393.33300 6.39990000 85.55004 26.94786 16.02316 93.12289
 7 5 17 14 04 1395.13600 6.39990000 85.80500 26.94786 16.02316 93.12289
 7 5 17 14 04 1396.82100 6.39926000 85.80500 26.93000 16.02316 91.23202
 7 5 17 14 05 1396.97900 6.40588000 85.80500 26.93001 16.02316 91.23202
 7 5 17 14 05 1396.97800 6.40603000 85.80500 27.10699 16.02284 91.23202
 7 5 17 14 06 1397.83000 6.40601000 85.54000 26.97500 16.02284 91.23202
 7 5 17 14 06 1395.00500 6.36620000 86.08896 27.10689 16.02000 91.23202
 7 5 17 14 07 1395.00000 6.36620000 86.08000 26.99505 16.02000 93.11689
 7 5 17 14 07 1396.77200 6.36627000 86.07986 26.99505 16.02000 93.11689
 7 5 17 14 08 1396.65900 6.41835000 86.07953 26.99505 16.02000 93.11689
 7 5 17 14 08 1396.43400 6.45000000 86.07953 26.99799 16.14344 93.11689
 7 5 17 14 09 1393.16400 6.45000000 86.07953 26.99799 16.14344 93.11689
 7 5 17 14 09 1396.20300 6.43116000 86.07953 26.99799 16.14344 93.11689
 7 5 17 14 10 1396.98100 6.44975000 85.63002 26.99799 16.14344 93.11689
 7 5 17 14 11 1396.97700 6.44906000 85.63029 26.99799 16.14344 93.11689
 7 5 17 14 11 1396.75000 6.42000000 85.99983 27.04097 16.14344 92.99990
 7 5 17 14 12 1396.52800 6.36694000 85.99983 27.04097 16.14344 92.99990
 7 5 17 14 12 1394.87900 6.42000000 85.63058 27.04097 16.14344 92.99990
 7 5 17 14 12 1392.45600 6.44902000 85.63058 27.03997 16.14344 92.99990
 7 5 17 14 13 1394.87500 6.44902000 85.63072 27.03997 15.95000 92.99990
 7 5 17 14 14 1392.33000 6.44903000 85.82321 27.03997 15.95000 91.24396
 7 5 17 14 14 1392.42500 6.47374000 85.80000 27.01700 15.95000 91.24396
 7 5 17 14 15 1391.11100 6.50000000 85.82381 27.01700 15.95000 91.24396
 7 5 17 14 15 1394.75300 6.51230000 85.82381 26.97400 15.95000 91.24451
 7 5 17 14 16 1394.63900 6.52000000 85.99887 26.97399 15.95000 91.24451
 7 5 17 14 16 1394.52600 6.52000000 85.99877 26.97399 15.95000 91.24451
 7 5 17 14 17 1391.31400 6.52000000 85.99873 26.97399 15.95000 91.24451
 7 5 17 14 17 1393.49300 6.52000000 85.82378 26.97399 15.95000 91.24451
 7 5 17 14 18 1391.00200 6.52000000 85.63000 26.84749 15.95000 91.24451
 7 5 17 14 18 1391.00100 6.52000000 85.63002 26.72306 15.95000 91.24451
 7 5 17 14 19 1390.00100 6.54297000 85.51977 26.84199 15.95000 91.24451
 7 5 17 14 19 1390.00000 6.59923000 85.51977 26.84200 15.90642 91.24451
 7 5 17 14 20 1390.00000 6.59923000 85.51977 26.84200 15.90645 91.24451
 7 5 17 14 20 1391.00000 6.59916000 85.89975 26.84200 15.90645 91.24451
 7 5 17 14 21 1391.99900 6.59849000 85.60000 26.61300 15.83707 91.24451
 7 5 17 14 21 1391.99900 6.59849000 85.60000 26.61300 15.83707 91.24451
 7 5 17 14 22 1391.73800 6.59849000 85.60004 26.61300 15.83707 91.24760
 7 5 17 14 22 1391.73600 6.59934000 85.60000 26.61300 15.83729 91.24760
 7 5 17 14 23 1390.00000 6.60000000 85.49998 26.66500 16.14055 91.24760
 7 5 17 14 23 1390.89000 6.52117000 85.41448 26.75600 16.14055 91.24760
 7 5 17 14 24 1390.00000 6.52117000 85.21740 26.75600 15.83768 91.24853
 7 5 17 14 24 1391.73500 6.52117000 85.21772 26.65000 15.83768 91.24853
 7 5 17 14 25 1391.73500 6.59914000 85.21772 26.65000 15.83768 91.24853
 7 5 17 14 26 1390.00800 6.59914000 85.20001 26.65000 15.83768 91.24853
 7 5 17 14 26 1390.01000 6.59822000 85.21990 26.65000 15.83768 91.24853
 7 5 17 14 27 1390.01300 6.54934000 85.21990 26.65000 15.83768 91.24853
 7 5 17 14 27 1390.56100 6.54111000 85.44199 26.65000 15.83768 91.24853
 7 5 17 14 27 1393.35100 6.54111000 85.44199 26.65000 15.83768 91.24853
 7 5 17 14 28 1390.67200 6.52092000 85.44192 26.65000 15.83768 91.24853
 7 5 17 14 29 1391.98500 6.54110000 85.44191 26.67403 16.11839 91.24853
 7 5 17 14 29 1391.98500 6.46248000 85.44191 26.67403 16.11839 91.24853
 7 5 17 14 30 1390.01300 6.50000000 85.45000 26.67403 16.11839 91.24853
 7 5 17 14 30 1393.46500 6.46257000 85.45000 26.67403 16.11839 91.24853
 7 5 17 14 31 1393.46600 6.46203000 85.45000 26.67403 16.11839 91.24853
 7 5 17 14 31 1391.98600 6.49935000 85.45001 26.66004 16.11839 91.24853
 7 5 17 14 32 1394.86600 6.45000000 85.45001 26.70600 16.11839 93.14457
 7 5 17 14 32 1394.65800 6.46269000 85.89999 26.79998 16.11839 93.48988
 7 5 17 14 33 1392.37900 6.53926000 85.73582 26.79998 16.11839 93.48988
 7 5 17 14 33 1392.49300 6.54000000 85.45000 26.72600 16.11839 93.48988
 7 5 17 14 34 1396.85000 6.55000000 85.45000 26.67700 16.11839 93.48988
 7 5 17 14 34 1392.51700 6.57800000 85.45000 26.65000 16.11839 93.48988
 7 5 17 14 35 1394.54600 6.60000000 85.45000 26.60001 16.11839 93.48988
 7 5 17 14 35 1392.62800 6.61000000 86.04846 26.60000 16.11839 93.48988
 7 5 17 14 36 1396.50000 6.61000000 85.45005 26.63000 16.11839 93.48988
 7 5 17 14 36 1396.49700 6.61000000 85.89996 26.60000 16.11839 93.48988
 7 5 17 14 37 1396.21000 6.60977000 85.49096 26.54000 16.11839 93.48988
 7 5 17 14 37 1396.20900 6.46350000 85.49100 26.53380 16.11839 93.48988
 7 5 17 14 38 1396.26900 6.61000000 85.49107 26.50000 16.11839 93.48864
 7 5 17 14 39 1394.65700 6.63890000 85.49108 26.40002 16.11839 93.48864
 7 5 17 14 39 1392.61400 6.61003000 85.49112 26.35606 16.11839 93.48864
 7 5 17 14 40 1395.13900 6.61003000 85.51002 26.35606 16.11839 93.48864
 7 5 17 14 40 1396.26400 6.64396000 85.75976 26.35605 16.11839 93.48800
 7 5 17 14 41 1395.24700 6.64462000 85.51008 26.22478 16.11839 91.27712
 7 5 17 14 41 1396.26400 6.64462000 85.51012 26.22480 16.11839 92.28571
 7 5 17 14 42 1396.26600 6.63999000 85.71995 26.30001 16.11839 92.28571
 7 5 17 14 42 1396.26400 6.63999000 85.71991 26.30001 16.11839 92.28571
 7 5 17 14 43 1395.99700 6.61000000 85.51021 26.20000 16.11839 93.77912
 7 5 17 14 43 1395.88400 6.61000000 85.51021 26.20001 16.11839 93.77912
 7 5 17 14 44 1395.87800 6.61000000 85.67934 26.20001 16.11839 93.24716
 7 5 17 14 44 1395.25200 6.51129000 85.67930 26.23000 16.11839 93.24716
 7 5 17 14 45 1395.97900 6.59933000 85.67896 26.22995 16.11839 93.24716
 7 5 17 14 45 1395.98000 6.59933000 85.67899 26.20003 16.11839 93.24716
 7 5 17 14 46 1395.04000 6.59933000 85.52802 26.20001 16.11790 93.24716
 7 5 17 14 46 1394.00000 6.59933000 85.52957 26.20001 16.11790 93.24716
 7 5 17 14 47 1393.99900 6.59888000 85.52957 26.20997 16.11790 93.24716
 7 5 17 14 47 1393.99900 6.51507000 85.80000 26.20000 16.11790 93.24716
 7 5 17 14 48 1393.87000 6.59888000 85.80000 26.20003 16.11700 93.24716
 7 5 17 14 48 1393.99900 6.59887000 85.80000 26.20989 15.90765 93.24716
 7 5 17 14 49 1393.87100 6.59882000 85.59051 26.20988 15.90765 93.24716
 7 5 17 14 49 1393.99900 6.59814000 85.59051 26.30000 15.90765 93.24716
 7 5 17 14 50 1393.99900 6.59814000 85.79952 26.36900 15.90765 92.49044
 7 5 17 14 50 1393.99900 6.59814000 85.79952 26.36901 15.90765 92.49044
 7 5 17 14 51 1394.00000 6.59742000 85.80150 26.43000 16.11827 92.49044
 7 5 17 14 51 1393.99800 6.59737000 85.80201 26.43000 16.11827 92.49044
 7 5 17 14 52 1393.99800 6.53001000 86.12944 26.51000 16.26653 92.49044
 7 5 17 14 53 1393.87000 6.59662000 86.12919 26.51004 16.26653 93.77967
 7 5 17 14 53 1393.98600 6.53000000 85.81690 26.51000 16.26653 93.77964
 7 5 17 14 54 1392.50800 6.53000000 86.12898 26.51000 16.11836 93.77964
 7 5 17 14 54 1393.98900 6.59531000 85.81700 26.57269 16.02626 93.77964
 7 5 17 14 55 1393.98900 6.59531000 85.81702 26.57269 16.02626 93.77934
 7 5 17 14 55 1393.98900 6.59531000 86.10950 26.50000 16.02626 93.77934
 7 5 17 14 55 1392.88700 6.59531000 86.10950 26.42001 16.02626 93.77934
 7 5 17 14 56 1393.98000 6.50000000 85.81695 26.48597 16.06645 93.77934
 7 5 17 14 57 1391.21000 6.58997000 85.80001 26.42000 16.26672 93.77934
 7 5 17 14 57 1392.60900 6.50000000 85.79999 26.22001 16.26672 93.77934
 7 5 17 14 58 1393.98800 6.53250000 85.70096 26.29996 16.26672 93.77934
 7 5 17 14 58 1392.40100 6.53250000 85.70000 26.20000 16.06660 93.77934
 7 5 17 14 59 1392.00100 6.53250000 85.99931 26.20000 16.06660 93.77934
 7 5 17 14 59 1392.14200 6.53250000 85.99000 26.20000 16.06660 93.77934
 7 5 17 15 00 1392.00000 6.53250000 85.99000 26.32897 16.06660 93.77934
 7 5 17 15 00 1392.00000 6.53250000 85.99000 26.32897 16.06660 93.77934
 7 5 17 15 01 1392.01400 6.53250000 85.99000 26.30900 16.06660 93.77934
 7 5 17 15 01 1394.00000 6.53250000 85.99000 26.15936 16.06660 93.77934
 7 5 17 15 02 1394.00000 6.50000000 85.53011 26.15000 16.06660 93.77934
 7 5 17 15 02 1394.12900 6.54057000 85.53000 26.12000 16.06660 93.77934
 7 5 17 15 03 1394.13000 6.54057000 85.53000 26.05000 16.06660 93.77934
 7 5 17 15 03 1394.13000 6.54057000 85.53000 26.04999 16.06660 93.77934
 7 5 17 15 04 1394.13000 6.54057000 85.50567 26.01999 16.06660 93.77934
 7 5 17 15 04 1395.99700 6.51000000 85.45011 26.10555 16.06660 93.77934
 7 5 17 15 05 1394.14000 6.46322000 85.45011 26.10553 16.06660 92.49743
 7 5 17 15 05 1396.96400 6.46301000 85.83000 26.10553 16.26657 92.49743
 7 5 17 15 06 1396.98100 6.46301000 85.45002 26.00000 16.26657 92.49743
 7 5 17 15 07 1397.10900 6.46301000 85.30010 26.03000 16.26653 92.49743
 7 5 17 15 07 1397.04000 6.46300000 85.29999 26.09987 16.26653 92.49743
 7 5 17 15 07 1397.10900 6.53761000 85.30000 26.03000 16.07089 92.49831
 7 5 17 15 08 1397.11000 6.53761000 85.25000 26.05000 16.07089 92.49831
 7 5 17 15 08 1397.11000 6.51999000 85.50140 26.02001 16.07089 92.49831
 7 5 17 15 09 1397.11000 6.51999000 85.50140 26.01001 16.07089 92.49890
 7 5 17 15 10 1397.11000 6.51999000 85.21990 26.02003 16.07089 92.49890
 7 5 17 15 10 1397.11000 6.47000000 85.21990 26.02003 16.07089 92.49890
 7 5 17 15 10 1397.11000 6.47000000 85.21990 26.02002 16.07089 92.49890
 7 5 17 15 11 1397.11000 6.47000000 85.21990 26.02001 16.07089 93.78004
 7 5 17 15 12 1396.06200 6.47000000 85.21990 26.02002 16.07089 93.78004
 7 5 17 15 12 1395.93300 6.47000000 85.52582 26.02002 16.07089 92.49997
 7 5 17 15 13 1395.89700 6.47000000 85.82970 26.00000 16.07137 93.78064
 7 5 17 15 13 1395.78900 6.47000000 85.75998 26.17196 16.07137 93.78064
 7 5 17 15 14 1397.09600 6.46300000 85.30258 26.09700 16.07137 93.78064
 7 5 17 15 14 1396.90000 6.46300000 85.30258 26.04400 16.07137 93.78070
 7 5 17 15 15 1397.00000 6.46300000 85.50000 26.09700 16.07137 93.50000
 7 5 17 15 15 1396.00000 6.46300000 85.50000 26.14591 16.07137 93.50001
 7 5 17 15 16 1396.99900 6.46300000 85.49996 26.00002 16.07137 93.50001
 7 5 17 15 16 1396.99900 6.46300000 85.40002 26.00002 16.07137 94.00000
 7 5 17 15 17 1397.10900 6.46300000 85.40002 26.07000 16.07137 94.00000
 7 5 17 15 18 1396.75300 6.49988000 85.69999 26.07000 16.07137 94.00000
 7 5 17 15 18 1396.69100 6.49922000 85.40059 26.07000 16.07137 93.99996
 7 5 17 15 18 1396.00000 6.49922000 85.40059 26.07000 16.07137 93.99996
 7 5 17 15 19 1396.00000 6.46300000 85.40059 26.07000 16.07137 93.99996
 7 5 17 15 19 1396.00000 6.46300000 85.40056 26.07000 16.07137 93.99996
 7 5 17 15 20 1395.80400 6.46300000 85.40062 26.07000 16.07137 93.99996
 7 5 17 15 21 1396.10300 6.46300000 85.40062 26.12000 16.07524 93.99996
 7 5 17 15 21 1396.56600 6.46300000 85.30258 26.12000 16.26597 93.99996
 7 5 17 15 22 1396.56500 6.54210000 85.30258 26.18925 16.26598 93.99996
 7 5 17 15 22 1395.81500 6.46320000 85.30258 26.18925 16.26598 93.99996
 7 5 17 15 23 1396.80000 6.50000000 85.30258 26.18925 16.26598 93.99996
 7 5 17 15 23 1394.12500 6.50000000 85.30258 26.18925 16.26598 93.14763
 7 5 17 15 24 1395.00000 6.51921000 85.30000 26.18000 16.26598 93.14763
 7 5 17 15 24 1395.00000 6.51987000 85.49998 26.18000 16.26598 93.14763
 7 5 17 15 24 1395.00000 6.51987000 85.20000 26.19000 16.07575 93.14763
 7 5 17 15 25 1396.88600 6.51987000 85.35000 26.28495 16.07575 93.14763
 7 5 17 15 26 1396.98500 6.51987000 85.20000 26.25500 16.07575 93.14763
 7 5 17 15 26 1397.11000 6.51987000 85.22000 26.25000 16.07575 93.14763
 7 5 17 15 27 1397.10900 6.51987000 85.25000 26.32400 16.07575 93.14763
 7 5 17 15 27 1397.10800 6.51987000 85.28991 26.35000 16.07575 93.14763
 7 5 17 15 28 1397.09500 6.51987000 85.10100 26.48733 16.07575 93.14763
 7 5 17 15 28 1394.20300 6.51987000 85.05932 26.48731 16.07575 94.00000
 7 5 17 15 29 1394.09300 6.51987000 85.02000 26.46400 16.07575 94.00000
 7 5 17 15 29 1392.66100 6.51987000 85.02000 26.56994 16.07575 94.00000
 7 5 17 15 30 1394.50000 6.51987000 85.05100 26.56992 16.07503 94.00000
 7 5 17 15 30 1394.50000 6.53859000 85.05100 26.56992 16.07503 94.00000
 7 5 17 15 31 1394.49600 6.53859000 85.02000 26.48900 16.07503 94.00000
 7 5 17 15 31 1396.72100 6.47086000 85.00001 26.48900 16.07503 94.00000
 7 5 17 15 32 1396.61000 6.51900000 85.00000 26.57900 16.07503 94.00000
 7 5 17 15 32 1392.89100 6.51900000 84.61103 26.57900 16.07512 94.00000
 7 5 17 15 33 1393.00100 6.51900000 84.89996 26.49000 16.07512 94.00000
 7 5 17 15 33 1392.31200 6.47102000 84.70000 26.49000 16.07512 94.00000
 7 5 17 15 34 1392.31600 6.47102000 84.62001 26.49000 16.02726 94.00000
 7 5 17 15 34 1392.31900 6.47102000 84.70993 26.49000 16.02726 94.00000
 7 5 17 15 35 1392.32300 6.47102000 84.75000 26.49000 16.02726 94.00000
 7 5 17 15 35 1392.31600 6.47102000 84.75000 26.49000 16.00000 93.20000
 7 5 17 15 36 1392.33400 6.47102000 84.62028 26.46600 16.00000 93.20000
 7 5 17 15 36 1392.31000 6.47009000 84.62028 26.46600 16.00000 93.20000
 7 5 17 15 37 1395.28300 6.47009000 84.98977 26.46600 16.00000 93.20000
 7 5 17 15 38 1392.72300 6.47009000 84.75000 26.46600 16.00000 93.20000
 7 5 17 15 38 1394.11700 6.47009000 84.75000 26.46600 16.00000 93.20000
 7 5 17 15 39 1392.72600 6.47009000 84.75000 26.43000 16.00000 93.20000
 7 5 17 15 39 1394.99900 6.46313000 84.75000 26.43000 16.00000 93.20000
 7 5 17 15 40 1392.50000 6.49935000 84.75000 26.43800 16.14554 93.20000
 7 5 17 15 40 1394.15900 6.49935000 84.76000 26.43800 16.14554 93.20000
 7 5 17 15 41 1394.98600 6.49935000 84.76000 26.43800 16.14554 93.20000
 7 5 17 15 41 1395.00000 6.46322000 84.90993 26.43800 16.14554 93.20000
 7 5 17 15 42 1395.28400 6.50000000 84.98998 26.53000 16.14554 93.20000
 7 5 17 15 42 1395.28400 6.50000000 85.00000 26.53000 16.14554 93.60000
 7 5 17 15 43 1395.27000 6.50000000 84.90988 26.48202 16.14554 93.60000
 7 5 17 15 43 1395.28400 6.50000000 84.99999 26.45700 16.14554 93.60000
 7 5 17 15 44 1395.28200 6.46301000 84.91001 26.55000 16.14554 93.60000
 7 5 17 15 44 1392.82200 6.46301000 84.91001 26.55000 16.14554 93.60000
 7 5 17 15 45 1395.28300 6.46301000 84.91001 26.58000 16.14554 93.60000
 7 5 17 15 46 1397.07000 6.46301000 84.90999 26.58000 16.14494 93.60000
 7 5 17 15 46 1393.49300 6.46301000 85.01000 26.65000 16.14494 93.60000
 7 5 17 15 46 1397.07300 6.46301000 84.91008 26.65000 16.14494 93.60000
 7 5 17 15 47 1397.07300 6.46301000 85.40000 26.65000 16.14494 93.60000
 7 5 17 15 47 1394.54000 6.46301000 85.39999 26.65000 16.14494 93.60000
 7 5 17 15 48 1394.54000 6.46301000 85.39999 26.69000 16.14494 93.60000
 7 5 17 15 49 1395.03000 6.46301000 85.40000 26.69000 16.14494 93.60000
 7 5 17 15 49 1395.19500 6.49870000 85.40000 26.70000 16.14494 93.60000
 7 5 17 15 50 1397.05900 6.49870000 85.40001 26.59200 16.14494 93.60000
 7 5 17 15 50 1395.19800 6.49870000 85.40001 26.59200 16.14494 93.60000
 7 5 17 15 51 1397.06000 6.49870000 85.59915 26.78400 16.14494 93.60000
 7 5 17 15 51 1395.20400 6.49870000 85.60000 26.78400 16.19198 93.99999
 7 5 17 15 52 1395.20400 6.49870000 85.50000 26.54504 16.19198 93.99999
 7 5 17 15 52 1395.20400 6.52000000 85.60583 26.62500 16.19198 93.99999
 7 5 17 15 53 1397.05900 6.52000000 85.40015 26.62500 16.19198 93.99999
 7 5 17 15 53 1397.06000 6.52000000 85.40012 26.62500 16.23918 93.99999
 7 5 17 15 54 1395.20500 6.52000000 85.40000 26.62500 16.23918 93.99999
 7 5 17 15 54 1395.20500 6.46371000 85.40012 26.62500 16.23918 93.99999
 7 5 17 15 55 1395.04000 6.46371000 85.40012 26.62500 16.23918 93.99999
 7 5 17 15 55 1395.04100 6.46371000 85.40000 26.62500 16.23918 93.99999
 7 5 17 15 56 1397.08000 6.46371000 85.40012 26.62500 16.23918 93.99999
 7 5 17 15 57 1396.00000 6.46371000 85.40012 26.62500 16.23918 93.99999
 7 5 17 15 57 1397.07900 6.46371000 85.40012 26.62500 16.23918 93.99999
 7 5 17 15 58 1397.07900 6.46371000 85.40012 26.62500 16.23918 92.48780
 7 5 17 15 58 1397.08000 6.46371000 85.40012 26.66200 16.23900 92.48780
 7 5 17 15 58 1396.00000 6.46371000 85.40000 26.66201 16.23900 92.48780
 7 5 17 15 59 1397.07900 6.46371000 85.40000 26.66201 16.23900 92.48780
 7 5 17 16 00 1396.00000 6.46371000 85.40000 26.72900 16.23900 92.48780
 7 5 17 16 00 1397.08000 6.46371000 85.40000 26.72902 16.23900 92.48780
 7 5 17 16 01 1397.08000 6.52000000 85.40000 26.72902 16.23900 92.72010
 7 5 17 16 01 1397.08000 6.52000000 85.20000 26.72902 16.23900 92.72010
 7 5 17 16 02 1397.08000 6.53877000 85.20000 26.72902 16.23900 92.72010
 7 5 17 16 02 1397.06600 6.53877000 85.20000 26.72902 16.23900 92.72010
 7 5 17 16 03 1397.06600 6.53873000 85.20000 26.72902 16.23900 92.72010
 7 5 17 16 03 1397.08000 6.53873000 85.20000 26.72902 16.23900 92.72010
 7 5 17 16 04 1397.08000 6.53873000 85.20000 26.72902 16.23900 92.72010
 7 5 17 16 04 1397.06600 6.53860000 85.20000 26.80500 16.23900 92.72010
 7 5 17 16 05 1397.08000 6.53860000 85.39965 26.80500 16.23900 92.72010
 7 5 17 16 05 1396.04200 6.53855000 85.39999 26.80497 16.23900 92.72010
 7 5 17 16 06 1397.00000 6.53855000 85.39965 26.80497 16.23900 92.72010
 7 5 17 16 06 1397.00000 6.53855000 85.49906 26.74800 16.23900 92.72010
 7 5 17 16 07 1397.00000 6.53855000 85.49906 26.74800 16.23900 92.72010
 7 5 17 16 07 1397.06600 6.53855000 85.60694 26.73000 16.23900 93.84259
 7 5 17 16 08 1396.01300 6.53855000 85.22895 26.72700 16.23900 93.84259
 7 5 17 16 08 1396.01300 6.53855000 85.64961 26.80500 16.23900 93.84259
 7 5 17 16 09 1397.07900 6.53855000 85.39269 26.80500 16.23900 93.84259
 7 5 17 16 09 1397.07900 6.53855000 85.64990 26.80500 16.23900 93.84259
 7 5 17 16 10 1397.07900 6.53855000 85.64990 26.80000 16.23900 93.84259
 7 5 17 16 11 1397.07900 6.53855000 85.64990 26.80001 16.23900 92.90000
 7 5 17 16 11 1397.07900 6.53855000 85.64990 26.74700 16.23900 92.90013
 7 5 17 16 11 1397.07900 6.53855000 85.40667 26.80000 16.23900 92.90013
 7 5 17 16 12 1397.07900 6.53855000 85.40667 26.80000 16.23900 92.90013
 7 5 17 16 12 1397.00000 6.53855000 85.40667 26.80000 16.23900 92.90013
 7 5 17 16 13 1397.08000 6.53855000 85.25108 26.79500 16.23900 92.90013
 7 5 17 16 13 1397.08000 6.53855000 85.25108 26.79500 16.23900 92.90013
 7 5 17 16 14 1397.07900 6.53855000 85.25108 26.79500 16.23900 92.90013
 7 5 17 16 14 1397.07900 6.53855000 85.25108 26.79500 16.23900 92.90013
 7 5 17 16 15 1397.08000 6.57962000 85.56290 26.82200 16.23900 92.90195
 7 5 17 16 16 1397.07900 6.57962000 85.50001 26.82200 16.23900 92.90195
 7 5 17 16 16 1396.03100 6.46594000 85.50001 26.82200 16.23900 92.90195
 7 5 17 16 17 1397.07900 6.50000000 85.11100 26.82200 16.23900 92.90195
 7 5 17 16 17 1397.09600 6.50003000 85.36633 26.82200 16.23900 92.90195
 7 5 17 16 18 1397.09600 6.57931000 85.58387 26.88492 16.23900 92.90195
 7 5 17 16 18 1397.65100 6.57931000 85.31200 26.81800 16.23900 92.90195
 7 5 17 16 19 1398.27000 6.57931000 85.31200 26.81800 16.23900 92.90195
 7 5 17 16 19 1398.26800 6.57931000 85.31200 26.88000 16.23900 92.90195
 7 5 17 16 20 1396.05900 6.50017000 85.31200 26.88000 16.23900 92.90383
 7 5 17 16 20 1398.26300 6.50017000 85.31200 26.88000 16.23900 92.90383
 7 5 17 16 21 1398.26000 6.50017000 85.56793 26.88000 16.02546 92.90383
 7 5 17 16 21 1398.25800 6.50017000 85.59998 26.90000 16.02546 92.90383
 7 5 17 16 22 1398.25600 6.50017000 85.59998 26.89999 16.02546 93.10000
 7 5 17 16 22 1398.27100 6.50017000 85.56793 26.89999 16.02546 93.10000
 7 5 17 16 23 1398.27100 6.50043000 85.56793 26.88500 16.02546 93.10000
 7 5 17 16 23 1394.00000 6.50043000 85.31123 26.72600 16.02546 92.90233
 7 5 17 16 24 1393.97000 6.50040000 85.56706 26.72600 16.02574 92.90233
 7 5 17 16 24 1393.99900 6.50040000 85.56706 26.72600 16.02574 92.90233
 7 5 17 16 25 1388.00000 6.50040000 84.90000 26.72600 16.02574 92.90233
 7 5 17 16 26 1388.00000 6.46501000 84.75000 26.70700 16.02542 92.90230
 7 5 17 16 26 1388.00000 6.50039000 84.75000 26.70700 16.02542 92.90230
 7 5 17 16 27 1387.99900 6.46502000 85.06991 26.59200 16.02542 92.90230
 7 5 17 16 27 1387.99300 6.46500000 84.90008 26.59200 16.02542 92.90230
 7 5 17 16 28 1387.99900 6.50018000 85.06981 26.81196 16.02542 92.90001
 7 5 17 16 28 1387.99900 6.46300000 84.91074 26.81196 16.02542 93.84201
 7 5 17 16 29 1388.00000 6.46300000 85.16554 26.59195 16.02542 93.84201
 7 5 17 20 05 1398.51400 6.35010000 84.45998 26.66994 15.82289 94.86856
 7 5 17 20 06 1399.99900 6.37000000 84.41000 26.66994 15.82289 94.86856
 7 5 17 20 06 1402.38000 6.35010000 84.30031 26.61000 15.82289 94.86856
 7 5 17 20 07 1400.00100 6.35010000 84.45997 26.56000 15.82289 94.86856
 7 5 17 20 07 1401.41700 6.35010000 84.10000 26.74999 15.82289 94.86856
 7 5 17 20 08 1401.50000 6.35010000 84.10000 26.56801 15.83040 94.86856
 7 5 17 20 08 1404.08900 6.39783000 84.34443 26.56801 15.83040 94.86856
 7 5 17 20 09 1404.10000 6.33000000 84.34443 26.56801 15.83033 94.86856
 7 5 17 20 09 1404.10000 6.33000000 84.48999 26.56801 15.83033 94.86856
 7 5 17 20 10 1405.00000 6.39461000 84.48996 26.56801 15.83033 93.88908
 7 5 17 20 10 1404.99900 6.39461000 84.48998 26.64000 15.83033 93.88909
 7 5 17 20 11 1404.45100 6.30185000 84.22220 26.66000 15.83033 93.88898
 7 5 17 20 11 1404.32200 6.30185000 84.10042 26.66000 15.83033 93.88898
 7 5 17 20 12 1404.11400 6.30501000 84.63000 26.53998 15.83033 93.88898
 7 5 17 20 13 1404.49900 6.30501000 84.50997 26.53998 15.83033 93.88898
 7 5 17 20 13 1404.50000 6.30510000 84.50993 26.53998 15.90000 94.88729
 7 5 17 20 13 1402.19500 6.30510000 84.11003 26.53998 15.90000 94.88729
 7 5 17 20 14 1404.49500 6.39422000 84.24300 26.55000 15.90000 94.88729
 7 5 17 20 14 1404.38600 6.39422000 84.40000 26.53998 15.90000 94.88729
 7 5 17 20 15 1403.99600 6.30627000 84.39927 26.39300 15.90000 93.88898
 7 5 17 20 16 1403.87000 6.30627000 84.50000 26.39300 15.83101 93.88898
 7 5 17 20 16 1403.84000 6.30627000 84.25470 26.39300 15.83101 93.88898
 7 5 17 20 16 1403.99900 6.38999000 84.25470 26.39300 15.83101 94.88759
 7 5 17 20 17 1403.98600 6.35000000 84.12015 26.39300 15.83101 94.88759
 7 5 17 20 18 1401.46800 6.35000000 84.12015 26.39300 15.83101 94.88759
 7 5 17 20 18 1406.94900 6.35000000 84.12023 26.39300 15.83101 94.88759
 7 5 17 20 19 1403.92800 6.35000000 84.12014 26.41373 15.83101 94.88759
 7 5 17 20 19 1403.92700 6.30670000 84.25499 26.41373 15.83101 94.88759
 7 5 17 20 20 1403.92700 6.38829000 84.12001 26.41373 15.83101 94.88759
 7 5 17 20 20 1403.94700 6.30683000 84.10012 26.43500 15.83101 94.88759
 7 5 17 20 21 1405.67300 6.30683000 84.10012 26.57000 15.83101 94.88759
 7 5 17 20 21 1403.94600 6.30683000 84.25482 26.59199 15.99065 94.88558
 7 5 17 20 22 1405.67400 6.37991000 84.25482 26.52592 15.99065 93.88898
 7 5 17 20 22 1406.84900 6.37991000 84.00165 26.60000 15.99065 93.20999
 7 5 17 20 23 1405.67400 6.37991000 84.31390 26.57200 15.99065 93.44302
 7 5 17 20 23 1405.76400 6.37000000 84.31390 26.53500 15.99065 93.44302
 7 5 17 20 24 1405.73800 6.37000000 84.31390 26.59400 15.99065 93.44326
 7 5 17 20 24 1405.74000 6.34000000 84.25489 26.59400 15.99065 93.44326
 7 5 17 20 25 1405.67500 6.34001000 84.37047 26.56801 15.99065 93.44326
 7 5 17 20 25 1405.76400 6.34001000 84.47000 26.59800 15.99065 93.44326
 7 5 17 20 26 1405.76200 6.36000000 84.22579 26.60000 15.99065 93.44326
 7 5 17 20 26 1403.96400 6.30821000 84.47000 26.66000 15.99065 93.44326
 7 5 17 20 27 1403.96400 6.30821000 84.80000 26.60002 15.99065 93.21010
 7 5 17 20 27 1403.97800 6.30821000 84.46999 26.61008 15.99065 93.21010
 7 5 17 20 28 1405.74900 6.30805000 84.69996 26.77999 15.99065 93.44323
 7 5 17 20 28 1401.48200 6.35000000 84.80000 26.67701 15.98997 93.44323
 7 5 17 20 29 1404.00000 6.35000000 84.80003 26.77991 15.98993 93.44334
 7 5 17 20 30 1402.28300 6.35000000 84.80002 26.77991 15.98993 93.44334
 7 5 17 20 30 1402.28600 6.35000000 84.80002 26.67801 15.98993 93.44334
 7 5 17 20 31 1402.29600 6.35000000 84.55262 26.67801 15.98993 93.44334
 7 5 17 20 31 1401.50000 6.30921000 84.79995 26.77981 15.83057 93.21065
 7 5 17 20 32 1402.00200 6.30921000 84.80002 26.74900 15.83057 93.44362
 7 5 17 20 32 1404.00000 6.30921000 84.51000 26.77978 15.83057 93.44362
 7 5 17 20 33 1403.99900 6.30921000 84.80002 26.77978 15.83057 93.44362
 7 5 17 20 33 1405.68500 6.30921000 84.74599 26.80964 15.83057 93.67721
 7 5 17 20 34 1404.10000 6.30921000 84.77296 26.80964 15.83057 93.67721
 7 5 17 20 34 1404.10000 6.36000000 84.75003 26.74900 15.99045 93.67721
 7 5 17 20 35 1403.04400 6.36000000 84.77294 26.80964 15.99045 93.67721
 7 5 17 20 35 1403.00000 6.39443000 84.31412 26.80965 15.99045 93.67721
 7 5 17 20 36 1406.80400 6.39429000 84.70048 26.80965 15.99045 93.67721
 7 5 17 20 36 1404.10000 6.39429000 84.60000 26.87200 15.99045 93.67721
 7 5 17 20 37 1400.11100 6.39429000 84.60000 26.80002 15.99045 93.21110
 7 5 17 20 37 1400.00000 6.39429000 84.31401 26.86997 15.99045 93.44412
 7 5 17 20 38 1400.00000 6.38000000 84.31400 26.86997 15.99045 93.21000
 7 5 17 20 38 1399.99900 6.37995000 84.59900 26.70000 15.99045 93.21000
 7 5 17 21 07 1398.50000 6.32500000 83.75000 26.89297 15.83128 93.50223
 7 5 17 21 07 1397.73600 6.33000000 83.75002 26.96746 15.83133 93.50223
 7 5 17 21 08 1397.11100 6.33000000 83.75002 26.96745 15.83133 93.20999
 7 5 17 21 08 1396.00000 6.33000000 83.75002 26.83500 15.83133 93.20999
 7 5 17 21 09 1395.76100 6.33001000 83.75002 26.85804 15.83133 93.50005
 7 5 17 21 09 1396.00000 6.33001000 83.75004 26.77300 15.83133 93.50005
 7 5 17 21 10 1395.75200 6.33001000 83.67896 26.85798 15.83133 93.50008
 7 5 17 21 10 1395.75200 6.33000000 83.22421 26.85796 15.83133 93.21012
 7 5 17 21 11 1395.75300 6.33000000 83.43227 26.85796 15.83114 93.21012
 7 5 17 21 11 1395.97000 6.33000000 83.43228 26.85796 15.83114 93.21012
 7 5 17 21 12 1395.97000 6.33000000 83.67885 26.85002 15.83118 93.21012
 7 5 17 21 12 1395.75400 6.33000000 83.43227 26.85000 15.83118 93.21012
 7 5 17 21 13 1395.85000 6.31205000 83.22501 26.80002 15.83118 93.21012
 7 5 17 21 14 1395.97100 6.31205000 84.01110 26.92398 15.83118 93.21105
 7 5 17 21 14 1395.79100 6.30000000 83.03001 26.92398 15.83118 93.21105
 7 5 17 21 14 1395.75300 6.30000000 83.57818 26.92398 15.83125 93.21105
 7 5 17 21 15 1395.98500 6.30004000 83.57822 26.92394 15.83125 93.21130
 7 5 17 21 16 1394.53400 6.30004000 83.73666 26.92394 15.83125 93.21130
 7 5 17 21 16 1394.13100 6.30004000 83.79975 26.92394 15.83125 93.21130
 7 5 17 21 17 1394.13200 6.30004000 83.79951 26.82000 15.83125 93.21130
 7 5 17 21 17 1394.24400 6.31217000 83.79950 26.82000 15.83125 93.21130
 7 5 17 21 18 1395.96800 6.31217000 83.77172 26.82000 15.83125 93.21130
 7 5 17 21 18 1394.37000 6.31217000 83.40001 26.74800 15.83125 93.21130
 7 5 17 21 19 1395.96600 6.30000000 83.59997 26.74800 15.83125 93.21130
 7 5 17 21 19 1394.48100 6.31222000 83.57821 26.77000 15.83125 93.21130
 7 5 17 21 20 1395.96600 6.31222000 83.49999 26.77000 15.78931 93.21130
 7 5 17 21 20 1395.97000 6.31223000 83.49999 26.77000 15.78931 93.21130
 7 5 17 21 21 1395.98500 6.31223000 83.50000 26.88723 15.50000 93.21130
 7 5 17 21 21 1396.60200 6.30000000 83.49999 26.95296 15.72004 93.21130
 7 5 17 21 22 1397.70400 6.30000000 83.49995 26.95296 15.82288 93.21130
 7 5 17 21 22 1396.01300 6.32000000 83.49000 26.95296 15.82288 93.21130
 7 5 17 21 23 1396.01300 6.32000000 83.48997 26.95296 15.82289 93.21130
 7 5 17 21 23 1396.01000 6.32000000 83.50000 26.95288 15.82289 93.21130
 7 5 17 21 24 1396.01000 6.32000000 83.50000 26.95286 15.82289 93.21130
 7 5 17 21 24 1396.34300 6.32000000 83.49998 26.95286 15.82289 93.21130
 7 5 17 21 25 1396.23200 6.32000000 83.40001 26.96500 15.82289 93.21130
 7 5 17 21 25 1397.25000 6.32000000 83.40001 26.99999 15.82289 93.21130
 7 5 17 21 26 1396.35600 6.32000000 83.40001 27.00000 15.82289 93.21130
 7 5 17 21 26 1397.69000 6.32000000 83.40000 27.00000 15.82289 93.21130
 7 5 17 21 27 1396.57800 6.32000000 83.49995 27.00000 15.82281 93.21130
 7 5 17 21 27 1396.79800 6.32000000 83.35001 27.05000 15.82281 93.21130
 7 5 17 21 28 1396.79800 6.32000000 83.59988 27.05000 15.82281 93.21130
 7 5 17 21 28 1396.36900 6.36998000 83.59997 27.05800 15.82276 93.21130
 7 5 17 21 29 1397.55100 6.36998000 83.60636 27.05800 15.93838 93.21130
 7 5 17 21 29 1395.99800 6.36998000 83.30000 27.18000 15.93837 93.21032
 7 5 17 21 30 1397.54700 6.36998000 83.58300 27.18000 15.93837 93.21032
 7 5 17 21 30 1394.15200 6.36998000 83.58299 27.18000 15.72066 93.21032
 7 5 17 21 31 1392.50000 6.36998000 83.58295 27.18000 15.93826 93.20999
 7 5 17 21 32 1394.13400 6.36998000 83.69332 27.18000 15.93826 93.20999
 7 5 17 21 32 1397.52900 6.36998000 83.73662 27.23000 15.93826 93.21011
 7 5 17 21 32 1397.52700 6.36998000 83.27128 27.24993 15.93826 93.21025
 7 5 17 21 33 1397.30800 6.36998000 83.62229 27.24993 15.93826 93.21025
 7 5 17 21 33 1397.30500 6.36998000 83.10000 27.30000 15.93826 93.21025
 7 5 17 21 34 1397.29300 6.37983000 83.58294 27.33163 15.93826 93.21025
 7 5 17 21 35 1394.19000 6.37983000 83.60000 27.33165 15.93826 93.21025
 7 5 17 21 35 1395.74600 6.37983000 83.49456 27.41000 15.93826 93.21025
 7 5 17 21 36 1393.00100 6.30530000 83.64992 27.40001 15.93826 93.21025
 7 5 17 21 36 1396.14600 6.30530000 83.64984 27.45000 15.93826 93.21025
 7 5 17 21 36 1393.00000 6.30000000 83.64973 27.45000 15.93826 93.21025
 7 5 17 21 37 1396.12800 6.37982000 83.64979 27.49990 15.93826 93.21025
 7 5 17 21 38 1393.22200 6.30003000 83.64963 27.50000 15.72100 93.21025
 7 5 17 21 38 1393.01300 6.30003000 83.34995 27.50000 15.72100 93.21025
 7 5 17 21 39 1395.64900 6.30003000 83.34000 27.50000 15.72100 93.21025
 7 5 17 21 39 1395.64900 6.30003000 83.31000 27.52854 15.72100 93.21025
 7 5 17 21 40 1392.03000 6.30000000 83.31001 27.59000 15.72100 93.21161
 7 5 17 21 40 1392.11100 6.30000000 83.34984 27.59734 15.72100 93.21161
 7 5 17 21 41 1392.00000 6.30000000 83.34984 27.61702 15.72100 93.21161
 7 5 17 21 41 1393.14000 6.30000000 83.20000 27.78507 15.93768 93.21161
 7 5 17 21 42 1393.14100 6.36990000 83.20000 27.77000 15.72114 93.21161
 7 5 17 21 42 1392.14100 6.36990000 83.19998 27.78510 15.72113 93.21161
 7 5 17 21 43 1394.06600 6.34997000 83.19999 27.84866 15.72113 94.22484
 7 5 17 21 43 1393.63800 6.34997000 83.13672 27.87599 15.72113 93.21212
 7 5 17 21 44 1392.28300 6.30011000 83.10000 27.89990 15.72113 93.20999
 7 5 17 21 44 1394.00000 6.35900000 83.10000 27.89990 15.72113 93.20999
 7 5 17 21 45 1392.28300 6.35900000 83.09998 27.89990 15.72113 93.21009
 7 5 17 21 45 1392.22900 6.35900000 83.00122 27.90000 15.72113 93.21022
 7 5 17 21 46 1392.28200 6.30000000 83.00002 27.91599 15.72406 93.20999
 7 5 17 21 47 1392.28200 6.30000000 83.00000 27.90004 15.72406 93.20999
 7 5 17 21 47 1396.11000 6.30000000 83.00000 27.90000 15.72406 93.20999
 7 5 17 21 47 1392.28300 6.30000000 83.00001 27.99000 15.72406 93.20999
 7 5 17 21 48 1396.11900 6.30000000 83.00000 27.95999 15.72406 93.20999
 7 5 17 21 49 1396.10300 6.30001000 82.92000 27.96000 15.72406 93.21047
 7 5 17 21 49 1396.13200 6.30000000 83.00000 27.80000 15.72406 93.21047
 7 5 17 21 50 1396.12000 6.30000000 83.00000 27.61940 15.72406 93.21047
 7 5 17 21 50 1398.97300 6.30000000 83.28332 27.41001 15.72406 93.21009
 7 5 17 21 51 1396.13300 6.30000000 83.00001 27.53396 15.72406 93.21009
 7 5 17 21 51 1396.13300 6.30000000 83.10000 27.60729 15.77007 93.21009
 7 5 17 21 52 1396.14000 6.30000000 83.00000 27.60000 15.77007 93.21009
 7 5 17 21 52 1396.25000 6.30000000 82.99996 27.61001 15.77007 93.21022
 7 5 17 21 53 1396.28000 6.30000000 82.96035 27.61001 15.77007 92.95293
 7 5 17 21 53 1399.49000 6.30002000 82.95100 27.79885 15.77007 92.95295
 7 5 17 21 54 1397.11300 6.30000000 83.00000 27.80190 15.77007 92.48826
 7 5 17 21 54 1397.56800 6.30002000 83.35000 27.80190 15.77007 92.95290
 7 5 17 21 55 1397.12500 6.30002000 83.00000 27.83020 15.77007 92.95290
 7 5 17 21 55 1400.63100 6.30002000 83.19927 27.67901 15.77007 92.71956
 7 5 17 21 56 1396.29300 6.30000000 82.96034 27.72702 15.77007 92.71956
 7 5 17 21 56 1396.13300 6.30000000 82.73676 27.72702 15.78010 92.95141
 7 5 17 21 57 1396.11000 6.30000000 82.68889 27.72702 15.72531 92.48781
 7 5 17 21 57 1397.12300 6.30000000 82.71000 27.72712 15.72503 92.48781
 7 5 17 21 58 1397.12300 6.39110000 82.71000 27.89898 15.72500 92.48781
 7 5 17 21 58 1397.12500 6.30000000 82.55000 27.89897 15.72500 92.48781
 7 5 17 21 59 1397.12500 6.30000000 82.59997 27.89894 15.72500 92.48781
 7 5 17 21 59 1398.81000 6.30000000 82.50000 27.89893 15.72504 92.48781
 7 5 17 22 00 1397.01600 6.30000000 82.40100 27.64718 15.72506 92.48781
 7 5 17 22 00 1398.81900 6.39092000 81.94820 27.71101 15.72501 92.48781
 7 5 17 22 01 1398.81000 6.30000000 82.00000 27.64717 15.72501 92.48781
 7 5 17 22 02 1397.60400 6.30000000 82.54052 27.64717 15.72502 92.48781
 7 5 17 22 02 1404.01600 6.30000000 82.59998 27.79999 15.93606 92.48788
 7 5 17 22 02 1397.02900 6.30000000 82.71000 27.80000 15.93606 92.48788
 7 5 17 22 03 1397.00000 6.30000000 82.70984 27.80000 15.93606 92.48788
 7 5 17 22 04 1396.12300 6.30000000 82.70976 27.72723 15.93606 92.48790
 7 5 17 22 04 1396.78400 6.38822000 82.70953 27.62804 15.93606 92.48790
 7 5 17 22 04 1397.00000 6.30000000 83.00000 27.62804 15.93606 92.48790
 7 5 17 22 05 1404.00100 6.30000000 83.10831 27.70000 15.93593 92.48790
 7 5 17 22 05 1402.18400 6.30000000 83.00000 27.70000 15.93592 92.48790
 7 5 17 22 06 1397.76400 6.30000000 83.38606 27.70000 15.93590 93.19819
 7 5 17 22 07 1397.76500 6.30000000 83.39988 27.70000 15.95000 93.19998
 7 5 17 22 07 1400.46000 6.30000000 83.39999 27.70000 15.95000 93.19999
 7 5 17 22 08 1397.98900 6.30000000 83.00011 27.54201 15.95000 93.19999
 7 5 17 22 08 1401.62400 6.30000000 83.39993 27.69998 15.99960 92.48813
 7 5 17 22 09 1395.03000 6.30000000 83.40000 27.54206 15.99999 93.19999
 7 5 17 22 09 1398.42000 6.30000000 83.30000 27.54208 15.82305 93.70000
 7 5 17 22 10 1400.33500 6.30000000 83.39992 27.54208 15.82305 93.69888
 7 5 17 22 10 1395.86100 6.30000000 83.39994 27.53396 15.82305 93.69888
 7 5 17 22 11 1400.59300 6.30000000 83.00000 27.45442 15.82305 93.69888
 7 5 17 22 11 1402.18400 6.38740000 83.00000 27.54205 15.89998 93.69888
 7 5 17 22 12 1400.61500 6.38738000 83.00000 27.46500 15.89997 94.22107
 7 5 17 22 12 1400.60100 6.38738000 83.34997 27.54205 15.89995 92.48846
 7 5 17 22 13 1403.74200 6.38738000 83.29570 27.65794 15.89999 92.48846
 7 5 17 22 13 1403.96600 6.38738000 83.05223 27.80000 15.72534 92.48846
 7 5 17 22 14 1404.00400 6.38738000 83.05233 27.83400 15.89996 92.48846
 7 5 17 22 14 1403.74200 6.30000000 83.00017 27.83000 15.89995 92.48846
 7 5 17 22 15 1403.95800 6.30000000 82.20440 27.83000 15.89997 92.48846
 7 5 17 22 16 1401.28300 6.30000000 83.34987 27.67200 15.72542 92.71999
 7 5 17 22 16 1401.31100 6.30001000 83.31979 27.67200 15.72542 92.72001
 7 5 17 22 16 1404.09900 6.30002000 83.29996 27.65798 15.72542 92.72001
 7 5 17 22 17 1404.10000 6.30002000 82.55000 27.65700 15.89987 92.72001
 7 5 17 22 18 1405.51800 6.30030000 82.53932 27.78500 15.89987 92.72001
 7 5 17 22 18 1407.69600 6.34360000 83.29975 27.75700 15.89987 92.72001
 7 5 17 22 19 1407.96400 6.38628000 83.29967 27.50000 15.89987 92.72001
 7 5 17 22 19 1409.20000 6.34000000 83.10001 27.50000 15.89987 92.72001
 7 5 17 22 20 1407.98700 6.33994000 83.27772 27.65096 15.89987 92.72001
 7 5 17 22 20 1409.00000 6.30000000 83.12000 27.65096 15.89987 92.72001
 7 5 17 22 21 1408.77600 6.30000000 83.12000 27.67598 15.89978 92.72001
 7 5 17 22 21 1409.00000 6.30000000 83.10000 27.67598 15.89978 92.72142
 7 5 17 22 22 1409.00000 6.20100000 82.60890 27.50000 15.89978 93.97702
 7 5 17 22 22 1409.00000 6.21103000 82.56000 27.50000 15.94156 92.72100
 7 5 17 22 23 1406.56500 6.21103000 82.50000 27.45443 15.99954 93.97681
 7 5 17 22 23 1405.35000 6.21103000 82.56000 27.45443 15.99954 93.97681
 7 5 17 22 24 1406.25000 6.22823000 82.52010 27.41059 15.99954 93.97681
 7 5 17 22 24 1405.30000 6.20655000 82.91845 27.41059 15.94161 93.97681
 7 5 17 22 25 1409.00000 6.25310000 82.50001 27.32782 15.94161 93.97681
 7 5 17 22 25 1406.61000 6.28000000 82.88454 27.15770 15.94161 93.97681
 7 5 17 22 26 1405.35000 6.28000000 82.33576 27.15012 15.94161 93.97591
 7 5 17 22 26 1409.00000 6.28000000 82.33395 27.25000 15.90051 92.48838
 7 5 17 22 27 1408.85800 6.25310000 82.88453 27.25000 15.99941 93.97549
 7 5 17 22 28 1405.32700 6.25310000 81.52010 27.12455 15.99941 93.97550
 7 5 17 22 28 1408.00000 6.28000000 80.99000 27.16000 15.99941 93.97550
 7 5 17 22 29 1407.99700 6.27950000 81.99190 27.12073 15.99941 93.97551
 7 5 17 22 29 1404.30600 6.27950000 81.99188 27.39399 15.82330 93.97551
 7 5 17 22 30 1403.34300 6.27950000 81.99190 27.12077 15.82325 93.97552
 7 5 17 22 30 1403.34200 6.28000000 81.62982 27.20000 15.82290 93.97527
 7 5 17 22 31 1407.75700 6.28001000 81.58190 27.20000 15.82290 93.97526
 7 5 17 22 31 1407.88900 6.20918000 81.88493 27.32261 15.72500 93.97526
 7 5 17 22 32 1406.99900 6.29999000 81.88494 27.32253 15.72500 93.97526
 7 5 17 22 32 1406.47200 6.29999000 81.88493 27.12101 15.82288 93.97526
 7 5 17 22 33 1407.60100 6.29999000 82.41404 27.00001 15.82289 93.96938
 7 5 17 22 34 1407.67800 6.29999000 82.61734 27.00000 15.72501 93.96938
 7 5 17 22 34 1406.66700 6.28949000 82.00000 27.01244 15.72501 93.96938
 7 5 17 22 35 1404.61200 6.20924000 81.99183 27.12074 15.72501 93.96938
 7 5 17 22 35 1406.36600 6.28900000 81.99998 27.00000 15.72501 93.96938
 7 5 17 22 36 1404.61300 6.28850000 81.99997 27.00001 15.72501 93.96938
 7 5 17 22 36 1406.14300 6.10000000 81.55649 27.00000 15.31469 93.90000
 7 5 17 22 37 1404.59800 6.20929000 81.80001 27.00000 15.10000 93.90000
 7 5 17 22 38 1404.61300 6.20929000 80.65000 27.19998 15.82289 93.90000
 7 5 17 22 38 1404.61300 6.20929000 81.05002 27.19998 15.82289 93.90000
 7 5 17 22 39 1406.25100 6.20929000 81.23008 27.19998 15.82289 93.90000
 7 5 17 22 39 1406.36500 6.27110000 81.05003 27.19998 15.82289 93.90000
 7 5 17 22 40 1407.66400 6.27154000 81.23005 27.19998 15.82289 92.48942
 7 5 17 22 40 1407.67800 6.27110000 81.00000 27.19998 15.82289 92.48881
 7 5 17 22 41 1407.67900 6.14418000 80.00000 27.19998 15.82289 92.48881
 7 5 17 22 42 1407.98500 6.14418000 81.23005 27.19998 15.82289 92.48881
 7 5 17 22 42 1407.77900 6.27109000 81.23004 27.19999 15.82289 92.48881
 7 5 17 22 42 1407.77900 6.27109000 81.23003 27.19999 15.82289 92.48881
