30 5 17 05 18 2066.88100 15.56914000 187.48981 23.47998 19.66475 189.99990
30 5 17 05 18 2064.88300 15.56912000 186.70000 23.34800 19.99907 189.99990
30 5 17 05 19 2065.32100 15.56921000 187.95502 23.37295 19.99907 189.99990
30 5 17 05 20 2065.23300 15.56923000 186.70004 23.50000 19.99907 187.13567
30 5 17 05 20 2062.88700 15.56923000 186.20732 23.50000 19.99907 187.13567
30 5 17 05 21 2062.88700 15.56923000 186.70004 23.50001 19.99907 188.73164
30 5 17 05 22 2061.50100 15.87542000 186.69976 23.50001 19.99907 188.73169
30 5 17 05 22 2061.50100 15.75000000 184.96002 23.50001 19.99907 188.73169
30 5 17 05 24 2052.63100 15.70000000 184.98003 23.50001 19.99907 187.13630
30 5 17 05 25 2051.49400 15.70003000 184.70000 23.34000 19.99907 187.60404
30 5 17 05 25 2051.25100 15.70003000 184.35000 23.34001 19.99907 185.90207
30 5 17 05 26 2057.71400 15.70001000 184.35003 23.34001 19.99907 185.90207
30 5 17 05 27 2051.25500 15.70001000 184.00000 23.34001 19.99907 185.90207
30 5 17 05 27 2054.00000 15.56893000 184.35003 23.34000 19.99907 185.90207
30 5 17 05 28 2055.00000 15.69839000 184.50000 23.34000 19.99907 185.90207
30 5 17 05 29 2057.66900 15.56891000 184.54001 23.36900 19.99907 185.90207
30 5 17 05 29 2059.64800 15.56865000 185.82608 23.36900 19.99907 185.90207
30 5 17 05 29 2060.98900 15.63689000 185.57622 23.57117 19.99907 185.90207
30 5 17 05 30 2062.55000 15.52753000 185.57622 23.57117 20.00000 185.90207
30 5 17 05 31 2065.16700 15.50574000 185.60000 23.41302 20.00000 186.36841
30 5 17 05 33 2062.56900 15.63440000 185.04946 23.48100 20.08578 186.36841
30 5 17 05 33 2061.00900 15.44841000 184.50001 23.44500 20.08578 193.94999
