27 7 17 09 42 2210.48800 12.48000000 175.47356 36.07000 15.68033 161.50000
27 7 17 09 42 2210.48800 12.48000000 175.47369 36.06570 15.68033 160.74018
27 7 17 09 44 2206.35900 12.48000000 175.38105 36.06570 15.68033 160.74018
27 7 17 09 45 2210.48600 12.48000000 175.47352 36.14999 15.68033 160.74018
27 7 17 09 44 2210.48900 12.48000000 175.38105 36.14999 15.68033 160.74018
27 7 17 09 44 2208.50100 12.48000000 175.47369 36.06570 15.68033 160.74018
27 7 17 09 44 2207.95100 12.48000000 175.31353 36.14999 15.68033 162.53675
27 7 17 09 46 2210.48700 12.48000000 175.31353 36.14999 15.68033 162.53676
27 7 17 09 47 2210.58500 12.47999000 175.20000 36.14999 15.68033 162.53676
27 7 17 09 46 2210.58500 12.48000000 175.47353 36.14999 15.68033 162.53676
27 7 17 09 46 2205.00000 12.48000000 175.22721 36.14999 15.68033 162.53676
27 7 17 09 48 2205.76100 12.48000000 175.47370 36.02000 15.68033 162.53676
27 7 17 09 47 2210.58500 12.48000000 175.50000 36.02001 15.68033 162.53676
27 7 17 09 48 2210.58500 12.48000000 175.50000 36.02000 15.68033 161.50000
27 7 17 09 48 2210.58500 12.47939000 175.60000 36.02000 15.68033 162.53676
27 7 17 09 48 2210.58500 12.47939000 175.60002 36.02001 15.67924 162.53676
27 7 17 09 49 2209.00000 12.47999000 175.45000 36.02001 15.68033 162.53676
27 7 17 09 49 2209.00000 12.47999000 175.38371 36.14999 15.68033 162.53676
27 7 17 10 00 2210.58500 12.49967000 177.38000 36.02000 15.86465 161.21714
27 7 17 10 00 2210.58500 12.49967000 177.38000 36.02000 15.86465 161.21703
27 7 17 10 02 2210.59000 12.49967000 177.38000 36.02000 15.86465 161.61723
27 7 17 10 01 2210.59000 12.49967000 177.38000 36.14740 15.86486 161.29911
27 7 17 10 02 2212.00000 12.49966000 177.38000 36.08895 15.86486 161.29911
27 7 17 10 02 2214.46000 12.48001000 177.38000 36.08895 15.86486 162.04562
27 7 17 10 03 2214.99900 12.48001000 177.38000 36.14740 15.86486 162.04562
27 7 17 10 03 2215.00000 12.48000000 177.38000 36.15000 15.86486 162.04562
27 7 17 10 03 2215.00000 12.50000000 177.38000 36.15000 15.86486 162.04562
27 7 17 10 05 2215.00000 12.54000000 177.80160 36.15000 15.86479 161.21703
27 7 17 10 05 2215.00000 12.54000000 177.75000 36.20000 15.86479 161.21703
27 7 17 10 05 2214.67900 12.54000000 177.46999 36.15000 15.86479 162.04562
27 7 17 10 06 2215.00000 12.54000000 177.75000 36.16400 15.86479 162.04562
27 7 17 10 06 2215.00000 12.54000000 177.48000 36.20000 15.86479 162.04562
27 7 17 10 06 2215.00000 12.66284000 177.75000 36.20000 15.86479 162.81300
27 7 17 10 07 2215.00000 12.59686000 177.48000 36.20000 15.86479 162.81300
27 7 17 10 08 2215.00000 12.59686000 177.48000 36.20000 15.86479 162.81300
27 7 17 10 07 2215.00000 12.55005000 177.48000 36.20000 15.86479 162.81300
27 7 17 10 08 2215.00000 12.55005000 177.48000 36.19999 15.86479 163.08010
27 7 17 10 08 2215.00000 12.55007000 177.48000 36.15000 15.86479 163.08010
27 7 17 10 09 2215.00000 12.55500000 177.48000 36.15000 15.86479 163.08010
27 7 17 10 10 2215.00000 12.55500000 177.48000 36.15000 15.86479 163.08010
27 7 17 10 10 2215.00000 12.55500000 177.48000 36.20000 15.86474 162.99858
27 7 17 10 11 2215.00000 12.55500000 177.48000 36.26621 15.86474 163.20000
27 7 17 10 11 2215.00000 12.51966000 177.48000 36.20000 15.86474 162.99858
27 7 17 10 11 2215.00000 12.55007000 177.48000 36.20000 15.86474 162.99858
27 7 17 10 12 2215.00000 12.55500000 177.48000 36.20000 15.86474 164.04778
27 7 17 10 12 2215.00000 12.55500000 177.48000 36.15003 15.86474 161.58723
27 7 17 10 13 2215.50100 12.57000000 177.48000 36.30000 15.86474 161.58723
27 7 17 10 13 2215.50100 12.66073000 177.48000 36.15002 15.86474 163.20000
27 7 17 10 14 2215.00000 12.66073000 177.48000 36.30000 15.86474 161.58723
27 7 17 10 15 2218.56100 12.66073000 177.48000 36.22617 15.86473 161.58723
27 7 17 10 14 2219.00000 12.66073000 177.48000 36.30000 15.86473 161.58723
27 7 17 10 15 2220.00000 12.66073000 177.48000 36.30000 15.86473 162.90000
27 7 17 10 15 2221.57100 12.66073000 177.48000 36.30000 15.86479 162.90002
27 7 17 10 16 2221.64000 12.66073000 177.48000 36.30000 15.86473 162.90002
27 7 17 10 16 2221.64000 12.66073000 177.48000 36.32513 15.86473 162.90000
27 7 17 10 17 2221.64000 12.66073000 177.48000 36.30000 15.89994 162.90001
27 7 17 10 17 2221.64000 12.66175000 177.60000 36.30000 15.80000 162.90001
27 7 17 10 17 2221.64000 12.66073000 177.60000 36.30000 15.80000 162.90001
27 7 17 10 18 2221.64000 12.66073000 177.60000 36.30000 15.80000 162.90001
27 7 17 10 19 2223.00000 12.66073000 177.60000 36.30000 15.80000 162.90001
27 7 17 10 19 2223.00000 12.61000000 177.80160 36.32513 15.80000 162.90001
27 7 17 10 19 2222.50000 12.61000000 177.60000 36.18300 15.88998 162.90001
27 7 17 10 21 2222.41700 12.61000000 177.60000 36.18300 15.88998 164.08324
27 7 17 10 20 2220.82500 12.61000000 177.81405 36.18300 15.88998 162.90001
27 7 17 10 21 2220.82500 12.61000000 177.99999 36.17712 15.88998 164.08324
27 7 17 10 21 2220.82500 12.61000000 178.00000 36.17712 15.88998 164.08324
27 7 17 10 21 2220.00600 12.61000000 178.00000 36.15000 15.88998 163.00002
27 7 17 10 22 2220.82500 12.61000000 177.99996 36.18300 15.79568 164.15976
27 7 17 10 23 2220.82500 12.61000000 178.00000 36.18300 15.80700 164.15976
27 7 17 10 24 2220.00000 12.61000000 178.00000 36.18300 15.80700 163.00001
27 7 17 10 23 2220.00000 12.61000000 178.00000 36.18300 15.80700 163.00001
27 7 17 10 24 2220.00000 12.61000000 178.00000 36.32513 15.80700 163.00001
27 7 17 10 25 2220.00000 12.61000000 177.48000 36.15001 15.80700 163.00001
27 7 17 10 26 2220.00000 12.61000000 177.48000 36.15001 15.80700 164.15976
27 7 17 10 25 2220.00000 12.61000000 177.48000 36.21480 15.80700 164.15976
27 7 17 10 26 2217.21400 12.61000000 177.48000 36.21480 15.80700 164.99926
27 7 17 10 27 2217.21400 12.64994000 177.48000 36.15001 15.80700 164.99925
27 7 17 10 28 2217.21400 12.61001000 177.48000 36.32513 15.80700 164.99925
27 7 17 10 29 2217.21400 12.61001000 177.48000 36.32513 15.88996 164.99882
27 7 17 10 28 2217.21400 12.61001000 177.48000 36.29794 15.88996 164.99882
27 7 17 10 28 2217.21400 12.61001000 177.51370 36.15001 15.88996 163.00051
27 7 17 10 29 2217.21400 12.61003000 177.45000 36.15001 15.85500 164.99882
27 7 17 10 29 2217.21400 12.61212000 177.40000 36.15000 15.85500 164.99882
27 7 17 10 30 2217.21400 12.61212000 177.40001 36.21456 15.86020 164.99882
27 7 17 10 30 2217.21400 12.61212000 177.40000 36.24440 15.88991 163.00051
27 7 17 10 31 2220.00000 12.61212000 177.00000 36.24440 15.88991 164.99882
27 7 17 10 31 2220.00000 12.61212000 177.39800 36.12001 15.88991 163.00051
27 7 17 10 32 2220.00000 12.61003000 177.00000 36.12001 15.88990 164.99882
27 7 17 10 33 2220.00000 12.61003000 176.51000 36.24440 15.88990 164.99882
27 7 17 10 32 2220.00000 12.61003000 176.20644 36.28000 15.88991 164.99882
27 7 17 10 33 2220.82500 12.61214000 176.90000 36.28000 15.88990 164.99882
27 7 17 10 33 2222.00000 12.61212000 176.90000 36.15002 15.88991 164.99882
27 7 17 10 34 2223.00000 12.61009000 176.90001 36.27999 15.88990 164.99882
27 7 17 10 36 2225.00000 12.61003000 176.90000 36.27444 15.88985 165.10000
27 7 17 10 35 2225.00000 12.64999000 177.00000 36.27444 15.88985 165.10000
27 7 17 10 36 2225.10000 12.64999000 177.01000 36.27444 15.88984 165.10000
27 7 17 10 36 2225.10100 12.61003000 177.01000 36.27444 15.88991 165.10000
27 7 17 10 36 2227.69900 12.64999000 177.44998 36.19333 15.88990 165.09978
27 7 17 10 36 2230.00000 12.64999000 177.40600 36.19333 15.88990 165.09978
27 7 17 10 37 2232.75000 12.64999000 177.50000 36.12313 15.88990 165.09978
27 7 17 10 37 2231.89900 12.64999000 177.50000 36.32200 15.88990 163.76067
27 7 17 10 38 2231.80000 12.64999000 177.50000 36.32200 15.88990 163.76067
27 7 17 10 38 2231.89900 12.64999000 177.50000 36.27444 15.88990 163.76067
27 7 17 10 39 2232.00000 12.66287000 177.48000 36.32509 15.88985 164.05908
27 7 17 10 39 2232.00000 12.64999000 177.48000 36.32509 15.88990 165.09978
27 7 17 10 40 2232.00000 12.66287000 177.05301 36.32512 15.88990 164.05908
27 7 17 10 41 2232.00000 12.64999000 177.05301 36.32513 15.88990 163.76067
27 7 17 10 40 2236.08000 12.66287000 177.01000 36.40000 15.88990 164.05908
27 7 17 10 41 2237.24400 12.66287000 177.01000 36.40000 15.88990 164.05908
27 7 17 10 41 2232.00000 12.66287000 177.01311 36.40000 15.88998 163.59081
27 7 17 10 42 2238.14900 12.66287000 177.10665 36.39999 15.88998 164.35749
27 7 17 10 43 2238.74600 12.66287000 177.65249 36.40000 15.88998 163.59080
27 7 17 10 44 2239.00000 12.65000000 177.10001 36.40000 15.88998 163.59080
27 7 17 10 44 2238.83300 12.66287000 177.50000 36.40000 15.88998 163.59081
27 7 17 10 44 2234.34600 12.65000000 177.70050 36.40000 15.88998 163.59080
27 7 17 10 44 2238.93300 12.66287000 177.91000 36.48703 15.88998 163.59081
27 7 17 10 44 2238.83200 12.66287000 177.91000 36.48703 15.88998 163.59080
27 7 17 10 45 2238.04300 12.66287000 177.91000 36.48703 15.88998 163.59081
27 7 17 10 46 2238.04300 12.68861000 177.90999 36.48493 15.88998 163.59080
27 7 17 10 46 2238.92200 12.65000000 177.91000 36.48493 15.88998 164.00000
27 7 17 10 47 2238.90000 12.68861000 177.71177 36.45000 15.88998 163.59081
27 7 17 10 47 2238.90000 12.61005000 177.91000 36.45000 15.88998 164.00000
27 7 17 10 49 2238.90000 12.65000000 177.88085 36.45000 15.88998 164.00000
27 7 17 10 49 2238.83300 12.61005000 177.88085 36.45000 15.88998 164.65545
27 7 17 10 50 2238.83300 12.61008000 177.90000 36.32400 15.88998 164.65545
27 7 17 10 51 2238.83200 12.61005000 177.71177 36.45000 15.88997 163.00042
27 7 17 10 52 2238.83200 12.61005000 177.71177 36.45000 15.88997 163.00042
27 7 17 10 52 2238.89000 12.61005000 177.71177 36.45000 15.88997 163.00042
27 7 17 10 53 2236.88700 12.61005000 177.71177 36.45000 15.88997 163.00042
27 7 17 10 53 2236.88900 12.66000000 177.71177 36.45000 15.88997 163.00042
27 7 17 10 53 2238.83200 12.68891000 177.71177 36.32400 15.88997 163.00042
27 7 17 10 54 2236.88700 12.68891000 177.71177 36.45000 15.88998 163.00042
27 7 17 10 54 2236.88700 12.68891000 177.71177 36.45000 15.88997 163.00042
27 7 17 10 55 2236.88700 12.68891000 177.71177 36.45000 15.88997 163.00042
27 7 17 10 55 2236.88700 12.69358000 177.71177 36.48493 15.88997 164.65545
27 7 17 10 56 2236.88700 12.69358000 177.71177 36.48493 15.88997 164.65545
27 7 17 10 56 2236.88700 12.69991000 177.71177 36.35000 15.88997 163.00042
27 7 17 10 57 2232.01300 12.69991000 177.71177 36.48493 15.88997 163.00042
27 7 17 10 57 2232.01400 12.69990000 177.71177 36.35000 15.88997 164.65543
27 7 17 10 57 2236.00000 12.69990000 177.71177 36.35000 15.88997 164.65543
27 7 17 10 58 2236.00000 12.69990000 177.57000 36.35000 15.88997 164.65543
27 7 17 10 59 2236.88700 12.69990000 177.57000 36.35000 15.88997 164.65543
27 7 17 10 59 2236.00000 12.69990000 177.57000 36.35000 15.88997 164.24000
27 7 17 10 59 2236.00000 12.69990000 177.57000 36.35000 15.88997 164.24000
27 7 17 11 00 2236.00000 12.69990000 177.57000 36.35000 15.88997 164.24000
27 7 17 11 00 2236.00000 12.69991000 177.57000 36.29224 15.88997 164.24000
27 7 17 11 00 2236.00000 12.69991000 177.49899 36.35000 15.88997 164.24000
27 7 17 11 01 2232.00000 12.69989000 177.40000 36.35000 15.89000 164.24000
27 7 17 11 01 2232.00000 12.69989000 177.26805 36.35000 15.89000 164.65545
27 7 17 11 02 2234.01300 12.69989000 177.20002 36.35000 15.89000 164.24000
27 7 17 11 02 2235.50000 12.69989000 177.10001 36.35000 15.89000 164.24000
27 7 17 11 03 2235.39000 12.69989000 177.25000 36.35000 15.88997 164.65545
27 7 17 11 03 2232.00000 12.69990000 177.25000 36.41871 15.89000 164.21988
27 7 17 11 04 2235.50000 12.69989000 177.25000 36.41871 15.89000 164.21988
27 7 17 11 05 2235.50000 12.69989000 177.25000 36.41871 15.89000 163.25001
27 7 17 11 04 2233.99900 12.69989000 177.25000 36.48390 15.89000 163.25001
27 7 17 11 05 2230.01000 12.69989000 177.20001 36.48390 15.89000 163.25001
27 7 17 11 06 2230.00200 12.69989000 177.03107 36.48390 15.89000 163.25001
27 7 17 11 06 2230.00200 12.69989000 176.90000 36.48390 15.89000 164.65545
27 7 17 11 07 2230.00200 12.69991000 177.20000 36.48390 15.89000 164.21945
27 7 17 11 06 2230.00200 12.69358000 176.19002 36.28294 15.88999 164.21945
27 7 17 11 08 2230.00200 12.69989000 176.20010 36.27986 15.88999 164.21945
27 7 17 11 08 2230.00200 12.64291000 176.20003 36.27986 15.88999 164.21945
27 7 17 11 10 2230.00000 12.61114000 176.20003 36.27986 15.82000 164.21945
27 7 17 11 09 2230.00000 12.61038000 176.20003 36.27986 15.88998 164.21945
27 7 17 11 11 2230.00000 12.61114000 176.20002 36.27874 15.88998 164.21945
27 7 17 11 11 2230.00100 12.61038000 176.01000 36.27874 15.88998 164.21945
27 7 17 11 12 2230.00400 12.61038000 176.00000 36.27999 15.88998 164.21945
27 7 17 11 12 2226.01100 12.61038000 176.00000 36.27999 15.88998 164.21945
27 7 17 11 13 2226.01200 12.61114000 175.64001 36.27999 15.88998 164.24000
27 7 17 11 13 2226.45700 12.69969000 176.00000 36.28605 15.88998 164.21945
27 7 17 11 15 2225.11300 12.69969000 175.66018 36.28297 15.88998 164.21945
27 7 17 11 14 2225.00000 12.69969000 175.66007 36.26296 15.88998 163.97985
27 7 17 11 15 2225.16300 12.61121000 175.65960 36.26297 15.88992 163.97985
27 7 17 11 16 2223.33300 12.69969000 175.65960 36.26297 15.88992 163.97985
27 7 17 11 16 2226.00000 12.61121000 175.66850 36.26296 15.88998 163.97994
27 7 17 11 16 2226.00000 12.61120000 175.90000 36.26296 15.88992 163.00001
27 7 17 11 16 2229.10000 12.61227000 175.89950 36.26297 15.88992 163.97993
27 7 17 11 17 2223.18000 12.61331000 175.66853 36.28799 15.88998 163.00001
27 7 17 11 18 2226.00100 12.61331000 175.66854 36.40799 15.88992 163.00001
27 7 17 11 18 2226.88900 12.66290000 175.66000 36.26608 15.88992 163.00001
27 7 17 11 18 2226.00000 12.66290000 175.65964 36.26296 15.88992 163.00001
27 7 17 11 19 2226.88800 12.66290000 175.61011 36.34861 15.88000 163.00001
27 7 17 11 21 2226.88800 12.70389000 175.66853 36.26505 15.88000 163.00001
27 7 17 11 21 2226.88800 12.71764000 175.99996 36.26505 15.77575 163.00001
27 7 17 11 22 2226.88800 12.71764000 176.00000 36.26298 15.77575 163.00001
27 7 17 11 21 2228.50000 12.71764000 175.99996 36.26296 15.88973 163.00001
27 7 17 11 22 2229.60000 12.71764000 176.40000 36.29929 15.88973 163.00001
27 7 17 11 22 2228.50000 12.71764000 176.36176 36.33094 15.88973 163.00001
27 7 17 11 23 2228.84200 12.71764000 176.49950 36.34860 15.88973 163.00001
27 7 17 11 23 2228.67400 12.71764000 176.39000 36.34860 15.88973 163.00001
27 7 17 11 23 2223.11100 12.71764000 176.39000 36.33094 15.88000 163.00001
27 7 17 11 24 2228.50000 12.71764000 176.37023 36.26297 15.88973 163.00001
27 7 17 11 25 2226.00000 12.71763000 176.36793 36.33000 15.88996 163.00001
27 7 17 11 25 2226.00000 12.71763000 176.36793 36.26296 15.89996 163.00001
27 7 17 11 26 2225.99900 12.63308000 176.37023 36.26297 15.89996 163.97985
27 7 17 11 26 2226.00000 12.63308000 176.37000 36.26502 15.89998 163.00008
27 7 17 11 28 2226.00000 12.71763000 176.36669 36.29662 15.88996 163.00008
27 7 17 11 26 2226.00000 12.61234000 176.37000 36.26296 15.89998 163.00008
27 7 17 11 27 2226.00000 12.61234000 176.39000 36.26294 15.89998 163.00008
27 7 17 11 28 2223.33500 12.61234000 176.39000 36.26192 15.89998 163.00008
27 7 17 11 28 2223.33500 12.61234000 176.39000 36.25781 15.89998 163.00008
27 7 17 11 28 2223.33500 12.61234000 176.39000 36.25781 15.88996 163.00008
27 7 17 11 29 2223.30000 12.61234000 176.39000 36.20001 15.89998 163.00008
27 7 17 11 29 2223.30000 12.61234000 176.39000 36.20001 15.89998 163.00008
27 7 17 11 30 2224.90000 12.61234000 176.39000 36.20000 15.77601 163.00008
27 7 17 11 30 2224.90000 12.61234000 176.38999 36.25777 15.89998 163.00008
27 7 17 11 31 2227.00000 12.61234000 176.39000 36.26190 15.89998 163.00001
27 7 17 11 31 2226.90000 12.61234000 176.39000 36.26191 15.77601 163.00004
27 7 17 11 32 2227.00000 12.61234000 176.39000 36.26191 15.89998 163.62490
27 7 17 11 32 2227.00000 12.61234000 176.39000 36.20000 15.77601 163.00001
27 7 17 11 33 2226.89900 12.61234000 176.39000 36.20000 15.77601 163.00001
27 7 17 11 33 2227.00000 12.71763000 176.39000 36.26190 15.89998 163.00004
27 7 17 11 34 2226.89900 12.61338000 176.39000 36.25878 15.77601 163.00004
27 7 17 11 34 2226.90000 12.61338000 176.39900 36.20001 15.90000 163.00004
27 7 17 11 35 2227.00000 12.61234000 176.39900 36.20001 15.89997 163.62490
27 7 17 11 35 2227.00000 12.70433000 176.39900 36.20001 15.90000 163.71988
27 7 17 11 35 2226.91200 12.70712000 176.39900 36.20002 15.89997 163.71988
27 7 17 11 36 2226.91200 12.70712000 176.39900 36.20001 15.89997 163.71988
27 7 17 11 37 2226.91200 12.61240000 176.13131 36.20001 15.89997 163.71988
27 7 17 11 37 2226.91200 12.70000000 176.13101 36.20001 15.89997 163.71988
27 7 17 11 39 2226.91200 12.70000000 176.39900 36.20001 15.89997 163.62490
27 7 17 11 39 2226.80300 12.70000000 176.39900 36.20001 15.89997 163.71988
27 7 17 11 38 2224.30000 12.70000000 176.39900 36.15000 15.89997 163.71988
27 7 17 11 39 2225.00000 12.70000000 176.39900 36.20001 15.89997 163.71988
27 7 17 11 39 2225.00000 12.70000000 176.39900 36.20001 15.89997 163.71988
27 7 17 11 39 2224.00000 12.61122000 176.39900 36.19999 15.89997 163.71988
27 7 17 11 40 2223.33300 12.61122000 176.20000 36.15000 15.89995 163.00001
27 7 17 11 40 2223.87000 12.61240000 176.17359 36.12001 15.89997 163.71988
27 7 17 11 40 2223.80000 12.61122000 176.19998 36.12001 15.89995 163.62490
27 7 17 11 41 2223.87000 12.61122000 176.19998 36.12001 15.89995 163.62490
27 7 17 11 42 2221.64000 12.61122000 176.20000 36.12002 15.89995 163.71988
27 7 17 11 42 2221.00000 12.61122000 176.19998 36.20000 15.89997 163.71988
27 7 17 11 43 2221.00000 12.61122000 176.20000 36.12002 15.89995 163.00029
27 7 17 11 43 2220.99900 12.61122000 176.19998 36.12002 15.89995 163.00011
27 7 17 11 43 2221.63900 12.61122000 176.20000 36.12002 15.89995 163.00011
27 7 17 11 43 2221.00000 12.61122000 176.20000 36.18442 15.90000 163.00011
27 7 17 11 44 2222.00000 12.61122000 176.20000 36.18442 15.89995 163.00011
27 7 17 11 46 2222.00000 12.61125000 176.13108 36.20000 15.89995 163.71937
27 7 17 11 45 2222.00000 12.61122000 176.20000 36.18442 15.89995 163.00011
27 7 17 11 45 2224.81000 12.61125000 176.13108 36.18442 15.89995 163.71937
27 7 17 11 46 2229.59900 12.61125000 176.13108 36.18442 15.89995 163.71937
27 7 17 11 46 2224.00000 12.61122000 176.13101 36.18442 15.90000 163.71937
27 7 17 11 47 2224.00000 12.61122000 176.15633 36.20000 15.90000 163.00011
27 7 17 11 47 2229.07300 12.61122000 176.00014 36.18442 15.89995 163.00011
27 7 17 11 48 2228.96200 12.61122000 176.13000 36.18442 15.89995 163.71937
27 7 17 11 49 2228.00000 12.61125000 176.13000 36.18442 15.89995 163.71937
27 7 17 11 49 2229.60000 12.61009000 176.10000 36.18442 15.90000 163.71937
27 7 17 11 49 2228.00000 12.61009000 176.00018 36.18442 15.89995 163.71937
27 7 17 11 49 2229.60000 12.61122000 176.10000 36.18442 15.89995 163.00011
27 7 17 11 50 2229.60000 12.61009000 176.10000 36.18442 15.89995 163.71937
27 7 17 11 52 2227.20300 12.61009000 176.10000 36.18442 15.89966 163.71937
27 7 17 11 51 2226.90000 12.61009000 176.00000 36.18442 15.89995 163.71937
27 7 17 11 51 2228.68800 12.61009000 176.00000 36.18442 15.89967 163.71937
27 7 17 11 52 2222.00200 12.61009000 176.00000 36.12000 15.77620 163.00007
27 7 17 11 52 2222.00100 12.61009000 175.99999 36.19374 15.77620 163.00007
27 7 17 11 52 2225.49900 12.61009000 175.99998 36.19374 15.77620 163.00007
27 7 17 11 53 2224.18600 12.61009000 175.76702 36.12000 15.77620 163.00007
27 7 17 11 54 2220.90300 12.61004000 175.76704 36.12000 15.89995 163.00007
27 7 17 11 55 2226.77600 12.61006000 175.99995 36.12000 15.77620 163.00007
27 7 17 11 54 2224.80000 12.61004000 175.94003 36.12000 15.77620 163.71972
27 7 17 11 55 2224.60100 12.61004000 175.99996 36.12000 15.77620 163.71972
27 7 17 11 55 2224.60000 12.61004000 175.99999 36.19372 15.77900 163.00007
27 7 17 11 56 2224.60100 12.61004000 175.99997 36.12000 15.77620 163.71937
27 7 17 11 56 2225.00000 12.61009000 175.99999 36.10000 15.77900 163.71972
27 7 17 11 56 2224.60000 12.61005000 175.99999 36.10000 15.77620 163.71972
27 7 17 11 57 2226.66500 12.61005000 175.99998 36.10000 15.77620 163.00007
27 7 17 11 57 2226.76200 12.61005000 175.99999 36.10000 15.77900 163.71972
27 7 17 11 58 2228.00000 12.61005000 175.99999 36.19372 15.77900 163.71972
27 7 17 11 58 2228.10000 12.61005000 175.99999 36.10000 15.77900 163.71972
27 7 17 11 59 2226.66800 12.61005000 175.99999 36.10000 15.77620 163.71972
27 7 17 11 59 2226.66500 12.61005000 175.99999 36.10000 15.77900 163.00006
27 7 17 12 01 2225.00000 12.61005000 176.00000 36.07403 15.77900 163.71972
27 7 17 12 00 2225.00000 12.61005000 176.00000 36.07403 15.77900 163.71972
27 7 17 12 02 2224.99900 12.61005000 176.10000 36.10000 15.77900 163.00006
27 7 17 12 03 2223.85100 12.61005000 176.10000 36.00000 15.77900 163.00006
27 7 17 12 02 2223.84500 12.61005000 176.00000 36.07403 15.77900 163.71972
27 7 17 12 02 2223.84500 12.68083000 176.10000 36.00000 15.77620 163.00006
27 7 17 12 03 2218.00000 12.68083000 176.10000 35.95500 15.77900 163.00006
27 7 17 12 04 2218.99900 12.61005000 176.10000 35.95500 15.77900 163.00000
27 7 17 12 04 2218.24300 12.68079000 176.10000 35.95500 15.77900 163.00000
27 7 17 12 04 2218.24500 12.68079000 176.10000 36.00000 15.77620 163.00000
27 7 17 12 05 2219.00000 12.68079000 176.10000 36.00000 15.77900 163.00000
27 7 17 12 06 2219.00000 12.68079000 176.10000 36.00000 15.77620 163.00000
27 7 17 12 05 2219.00000 12.68079000 176.10000 36.02004 15.77900 163.00000
27 7 17 12 06 2219.00000 12.61005000 176.01614 36.02004 15.77900 163.00000
27 7 17 12 06 2219.00000 12.61005000 176.01614 36.06209 15.77900 163.71972
27 7 17 12 06 2220.10000 12.66899000 176.00001 36.06209 15.77900 163.00000
27 7 17 12 07 2220.50000 12.66899000 176.10000 36.06209 15.89893 163.71972
27 7 17 12 07 2220.10000 12.66899000 176.10000 36.06209 15.89893 163.00000
27 7 17 12 08 2220.10000 12.61005000 176.01614 35.92633 15.89893 163.00000
27 7 17 12 08 2221.58900 12.66899000 176.10000 35.92633 15.77620 163.00000
27 7 17 12 09 2219.00300 12.61005000 176.10000 36.08048 15.89893 163.00000
27 7 17 12 09 2220.49900 12.61005000 176.10000 36.08048 15.89893 163.49978
27 7 17 12 10 2222.09900 12.61005000 176.07203 36.08048 15.77900 163.49978
27 7 17 12 10 2222.19900 12.68079000 176.10000 36.08048 15.89893 163.49978
27 7 17 12 11 2222.09900 12.66899000 176.10000 35.92633 15.89893 163.49978
27 7 17 12 11 2222.10000 12.61005000 176.10000 35.92633 15.89893 163.49978
27 7 17 12 12 2221.80000 12.61005000 176.00001 35.92633 15.89893 163.49978
27 7 17 12 13 2222.11100 12.68079000 176.00001 35.92633 15.89893 163.71972
27 7 17 12 14 2223.89800 12.68000000 176.10000 36.08048 15.77900 163.49978
27 7 17 12 14 2223.89600 12.68000000 176.10000 36.14622 15.89893 163.49978
27 7 17 12 14 2223.89600 12.68000000 176.10000 36.00438 15.89893 163.49978
27 7 17 12 14 2223.87100 12.68000000 176.10000 36.00438 15.89893 163.49978
27 7 17 12 15 2223.89700 12.68079000 176.00018 36.00438 15.89855 163.49978
27 7 17 12 15 2219.00000 12.68000000 176.00000 36.00438 15.89893 163.49978
27 7 17 12 17 2219.00000 12.68000000 176.09999 36.00438 15.89855 163.49978
27 7 17 12 16 2223.89700 12.68000000 176.00018 36.00438 15.89855 163.49978
27 7 17 12 17 2223.89700 12.68000000 176.00000 36.00438 15.77900 163.40000
27 7 17 12 17 2223.89700 12.66899000 176.00000 36.00438 15.89855 163.00000
27 7 17 12 17 2223.86500 12.68000000 176.00501 36.00438 15.89855 163.00000
27 7 17 12 18 2223.86500 12.68000000 176.09997 36.13991 15.89855 163.00000
27 7 17 12 19 2223.89400 12.68000000 176.10000 36.13680 15.89855 163.00000
27 7 17 12 19 2222.21000 12.68000000 176.00000 36.13991 15.77900 163.00000
27 7 17 12 19 2223.86300 12.68000000 176.10000 36.13991 15.89855 163.00000
27 7 17 12 19 2220.15500 12.68000000 176.10000 36.09233 15.89855 163.00000
27 7 17 12 20 2223.85900 12.68000000 176.10000 36.09233 15.89855 163.00000
27 7 17 12 20 2223.84900 12.68000000 176.10000 36.13991 15.89855 163.49978
27 7 17 12 21 2223.85900 12.61005000 176.10000 36.00438 15.89855 163.00000
27 7 17 12 22 2223.56400 12.61005000 176.39900 36.00438 15.89855 163.00000
27 7 17 12 22 2223.84800 12.68000000 176.18546 36.00438 15.89893 163.00000
27 7 17 12 23 2223.89700 12.68079000 176.39900 36.00438 15.89855 163.00000
27 7 17 12 23 2223.89600 12.61005000 176.39900 36.00438 15.89855 163.00000
27 7 17 12 23 2223.89600 12.61005000 176.39800 36.00438 15.89855 163.00000
27 7 17 12 24 2223.89700 12.61005000 176.39900 36.09233 15.89855 163.00000
27 7 17 12 24 2223.89500 12.61005000 176.39800 36.01304 15.89855 163.49978
27 7 17 12 25 2223.88900 12.61005000 176.39800 36.01304 15.89855 163.00000
27 7 17 12 26 2223.88900 12.61005000 176.39800 36.13350 15.89855 163.39999
27 7 17 12 25 2221.95000 12.66899000 176.21800 36.13350 15.89855 163.39999
27 7 17 12 26 2223.00000 12.61005000 176.10001 36.13350 15.89855 163.00001
27 7 17 12 27 2222.15500 12.68000000 176.10000 36.01304 15.89855 163.49978
27 7 17 12 26 2222.67500 12.68000000 176.10000 36.13350 15.89855 163.00001
27 7 17 12 27 2223.00000 12.66899000 176.39800 36.13350 15.77900 163.00001
27 7 17 12 27 2223.00000 12.61005000 176.10000 36.13350 15.89855 163.00001
27 7 17 12 28 2223.00000 12.61005000 176.39800 36.13037 15.89855 163.00001
27 7 17 12 30 2223.00000 12.61005000 176.39795 36.13037 15.89855 163.49978
27 7 17 12 29 2223.00000 12.61005000 176.39795 36.13037 15.89893 163.00000
27 7 17 12 30 2223.89700 12.68000000 176.10000 36.13037 15.89893 163.00000
27 7 17 12 30 2223.89800 12.61005000 176.38899 36.01304 15.89855 163.00000
27 7 17 12 31 2223.87000 12.61005000 176.38899 36.13037 15.89855 163.00000
27 7 17 12 32 2223.87000 12.61005000 176.38900 36.13037 15.89855 163.49978
27 7 17 12 31 2223.89400 12.68079000 176.38900 36.01304 15.89855 163.00000
27 7 17 12 32 2223.89700 12.61005000 176.38900 36.01304 15.89893 163.00000
27 7 17 12 33 2219.10100 12.66899000 176.38900 36.00438 15.89855 163.00000
27 7 17 12 32 2223.89600 12.61005000 176.38501 36.12717 15.89855 163.00000
27 7 17 12 33 2216.70000 12.61005000 176.38900 36.12717 15.89855 163.00000
27 7 17 12 33 2215.61400 12.61005000 176.39799 36.12717 15.89855 163.00000
27 7 17 12 35 2216.01400 12.66899000 176.39800 36.00000 15.89855 163.00000
27 7 17 12 34 2222.85000 12.61005000 176.39800 36.00000 15.77602 163.00000
27 7 17 12 34 2223.89800 12.61005000 176.39800 36.00000 15.77602 163.00000
27 7 17 12 36 2219.77900 12.66899000 176.39800 36.26190 15.89855 163.00000
27 7 17 12 35 2223.89700 12.69999000 176.39800 36.13675 15.89893 163.00000
27 7 17 12 36 2219.89000 12.69999000 176.39800 36.13675 15.89893 163.00000
27 7 17 12 36 2223.89700 12.69999000 176.39900 36.25455 15.77602 163.00000
27 7 17 12 37 2223.89800 12.70000000 176.39900 36.25455 15.89855 163.25000
27 7 17 12 38 2223.89800 12.70000000 176.39800 36.25455 15.77602 163.00000
27 7 17 12 38 2227.00000 12.70000000 176.39900 36.19695 15.77602 163.00000
27 7 17 12 38 2226.99800 12.70000000 176.39800 36.02220 15.77602 163.24990
27 7 17 12 39 2226.50000 12.70000000 176.39900 36.02220 15.77602 163.24990
27 7 17 12 40 2226.39900 12.68001000 176.39900 36.02220 15.89855 163.24990
27 7 17 12 40 2226.10000 12.70000000 176.39900 36.02220 15.77602 163.24990
27 7 17 12 40 2226.20000 12.68001000 176.39900 36.24931 15.89855 163.24990
27 7 17 12 42 2225.00100 12.70000000 176.39900 36.24931 15.77602 163.00000
27 7 17 12 41 2220.10800 12.70000000 176.39900 36.24931 15.77602 163.00000
27 7 17 12 42 2219.81800 12.68001000 176.39900 36.24931 15.77602 163.00000
27 7 17 12 42 2223.30000 12.68999000 176.20000 36.24931 15.77602 163.00000
27 7 17 12 42 2225.00100 12.68999000 176.00000 36.24931 15.77602 163.00000
27 7 17 12 43 2225.00100 12.68999000 175.95000 36.24931 15.77602 163.00000
27 7 17 12 43 2219.58400 12.68999000 176.00000 36.24931 15.77602 163.00000
27 7 17 12 44 2220.00000 12.63910000 176.00000 36.24931 15.77602 163.00000
27 7 17 12 44 2219.10000 12.63910000 176.00000 36.24931 15.77602 163.00000
27 7 17 12 45 2214.68500 12.68995000 175.99999 36.24410 15.77602 163.00000
27 7 17 12 46 2213.80400 12.68995000 175.99100 36.24410 15.77602 163.00000
27 7 17 12 46 2210.59000 12.63910000 176.00000 36.24410 15.77602 161.67092
27 7 17 12 47 2213.70000 12.68789000 175.50224 36.00000 15.77602 161.50007
27 7 17 12 48 2213.59700 12.68789000 176.00000 36.00000 15.77495 161.50006
27 7 17 12 47 2205.60000 12.68789000 175.54000 36.00000 15.77495 161.50006
27 7 17 12 48 2205.60100 12.63910000 176.00000 36.23785 15.77495 161.50010
27 7 17 12 48 2205.60000 12.68789000 175.77630 36.24931 15.77495 161.50010
27 7 17 12 49 2205.60100 12.68789000 175.22721 36.23785 15.77495 161.50006
27 7 17 12 49 2205.60000 12.63910000 175.54000 35.95001 15.77495 161.50006
27 7 17 12 50 2205.60000 12.63910000 175.77679 36.00413 15.77602 161.50010
27 7 17 12 50 2205.60000 12.65000000 175.20000 36.00413 15.77491 161.50006
27 7 17 12 51 2205.60000 12.65000000 175.20000 36.00413 15.77491 161.50010
27 7 17 12 51 2205.60000 12.65000000 175.20000 36.00413 15.77491 161.50019
27 7 17 12 51 2205.60000 12.65000000 175.20000 36.00413 15.77491 161.50019
27 7 17 12 52 2205.60000 12.65000000 175.20000 36.00413 15.77491 161.50019
27 7 17 12 52 2204.31000 12.60000000 175.20000 36.00413 15.77491 161.50019
27 7 17 12 53 2204.30000 12.60000000 175.20000 36.08500 15.77491 161.50025
27 7 17 12 54 2205.00000 12.60000000 175.20000 36.08501 15.77491 161.50025
27 7 17 12 54 2204.52700 12.60000000 175.20000 36.08500 15.77491 161.50025
27 7 17 12 56 2204.30200 12.60000000 175.15000 36.08501 15.77491 161.50025
27 7 17 12 55 2205.00000 12.60000000 175.20000 36.08501 15.77491 161.50025
27 7 17 12 56 2205.60000 12.60000000 175.20000 36.08501 15.77491 161.50006
27 7 17 12 56 2205.60000 12.60000000 175.13900 36.03719 15.77491 161.50025
27 7 17 12 56 2205.60000 12.60000000 175.15000 36.03821 15.77491 161.50025
27 7 17 12 57 2205.60000 12.60005000 175.19998 36.03821 15.77491 161.50025
27 7 17 12 58 2205.60000 12.65000000 175.20000 36.03935 15.77491 161.50025
27 7 17 12 58 2210.00000 12.60005000 175.55480 36.14450 15.77491 161.50025
27 7 17 12 58 2210.00000 12.65000000 175.49999 36.03935 15.77491 161.50025
27 7 17 12 59 2205.60000 12.60000000 175.19998 36.03935 15.77491 161.50025
27 7 17 12 59 2210.00000 12.60005000 175.49999 36.11510 15.77602 161.50025
27 7 17 13 01 2210.00000 12.60000000 175.73700 35.99040 15.77602 161.50025
27 7 17 13 00 2210.00000 12.65000000 175.73700 36.14442 15.77602 161.50025
27 7 17 13 00 2213.95400 12.60005000 175.73700 35.99251 15.77602 161.50025
27 7 17 13 01 2214.42200 12.60005000 175.73700 35.99251 15.77602 161.50025
27 7 17 13 01 2214.70000 12.60005000 175.73700 36.14442 15.77602 161.50025
27 7 17 13 02 2214.69900 12.60005000 175.73700 35.99251 15.77602 161.50025
27 7 17 13 02 2213.00000 12.60000000 175.73700 35.99040 15.77602 161.50025
27 7 17 13 04 2212.99800 12.60000000 175.31348 35.99265 15.77602 161.50025
27 7 17 13 03 2213.00000 12.65000000 175.73694 35.99265 15.85045 161.50025
27 7 17 13 03 2213.00000 12.60000000 175.73694 36.06037 15.85045 161.50025
27 7 17 13 04 2212.10000 12.68789000 175.73700 36.13598 15.85045 161.50007
27 7 17 13 06 2214.12100 12.60000000 175.73694 36.13598 15.85045 161.50025
27 7 17 13 05 2213.00000 12.60005000 175.39000 36.13598 15.85045 161.50025
27 7 17 13 06 2212.99900 12.60000000 175.39000 36.06037 15.85045 161.50007
27 7 17 13 06 2214.12400 12.65000000 175.31362 36.13598 15.85045 161.50025
27 7 17 13 06 2215.22100 12.60000000 175.31369 36.06037 15.85045 161.50025
27 7 17 13 07 2214.12300 12.68789000 175.67896 36.06037 15.85045 161.50007
27 7 17 13 07 2215.10900 12.60000000 175.67896 36.13598 15.85045 161.50025
27 7 17 13 08 2215.21100 12.60000000 175.67896 36.13598 15.85045 161.50007
27 7 17 13 08 2215.21100 12.60000000 175.50000 36.13598 15.85045 161.50025
27 7 17 13 09 2215.21200 12.60000000 175.32022 36.20124 15.85045 161.50025
27 7 17 13 10 2215.21200 12.60000000 175.50000 35.99044 15.85045 161.50025
27 7 17 13 11 2215.21200 12.68789000 175.49999 35.99044 15.85045 161.50007
27 7 17 13 11 2215.32800 12.60005000 175.32037 35.99044 15.77491 161.50025
27 7 17 13 12 2215.30000 12.60000000 175.98800 36.20115 15.85045 161.55779
27 7 17 13 12 2215.22000 12.60000000 175.32037 35.99044 15.85045 161.55779
27 7 17 13 13 2215.10700 12.60005000 175.32451 35.99044 15.85045 161.55779
27 7 17 13 14 2214.46900 12.60000000 175.50000 36.08002 15.85045 161.55779
27 7 17 13 14 2213.00000 12.60000000 175.50000 36.08002 15.85045 161.55779
27 7 17 13 14 2205.50000 12.60000000 175.32457 35.99044 15.85045 161.55779
27 7 17 13 15 2205.50000 12.60000000 175.32459 36.08002 15.85045 161.55779
27 7 17 13 15 2205.12500 12.60000000 175.32459 36.08002 15.85045 161.55779
27 7 17 13 15 2204.90000 12.60000000 175.20004 36.08002 15.85045 161.55779
27 7 17 13 16 2209.56700 12.60005000 175.20004 36.08002 15.84918 162.45098
27 7 17 13 17 2209.56700 12.64997000 175.20002 36.08002 15.84918 162.45098
27 7 17 13 17 2205.12500 12.64997000 175.20002 35.99474 15.84918 162.45098
27 7 17 13 17 2209.57000 12.60000000 175.49984 36.08001 15.84918 162.45098
27 7 17 13 18 2212.30100 12.64997000 175.20001 36.08001 15.84918 162.45098
27 7 17 13 19 2205.12500 12.64997000 175.20002 36.08001 15.84918 162.45098
27 7 17 13 18 2212.41200 12.64997000 175.20001 36.08001 15.84918 162.45098
27 7 17 13 19 2209.56700 12.64997000 175.20001 35.99474 15.84918 161.55779
27 7 17 13 20 2212.40400 12.64990000 175.49994 36.08001 15.84918 163.19706
27 7 17 13 20 2212.40300 12.60000000 175.49989 36.08001 15.84918 163.19706
27 7 17 13 21 2212.31000 12.60005000 175.20001 36.08001 15.84918 162.45098
27 7 17 13 21 2212.30000 12.64997000 175.66350 36.01709 15.84918 161.55778
27 7 17 13 21 2212.29900 12.60000000 175.49993 36.00947 15.84918 161.55778
27 7 17 13 21 2212.29900 12.60000000 175.21000 36.00947 15.84918 161.55778
27 7 17 13 22 2212.29800 12.60000000 175.25000 36.01709 15.84918 161.55779
27 7 17 13 23 2212.29500 12.60000000 175.25000 36.01709 15.84918 161.55779
27 7 17 13 24 2212.29800 12.64990000 175.25000 36.08001 15.84918 161.55778
27 7 17 13 24 2212.29700 12.60000000 175.25001 36.01709 15.84849 162.45098
27 7 17 13 24 2212.98500 12.60005000 175.25000 36.01709 15.84918 162.45098
27 7 17 13 24 2213.00000 12.60000000 175.25001 36.01714 15.84849 161.29948
27 7 17 13 25 2213.00000 12.60005000 175.21000 36.01715 15.84918 161.29948
27 7 17 13 26 2213.00000 12.60000000 175.25000 36.01715 15.84849 161.29948
27 7 17 13 25 2212.99700 12.60000000 175.21005 36.07626 15.84918 162.45098
27 7 17 13 26 2212.99700 12.60000000 175.21005 36.07626 15.84849 161.29948
27 7 17 13 26 2213.00000 12.60000000 175.21005 36.07626 15.84918 161.29948
27 7 17 13 28 2212.97200 12.60000000 175.21005 36.07626 15.84849 161.29948
27 7 17 13 27 2212.97200 12.60000000 175.21005 36.07626 15.84918 161.29948
27 7 17 13 28 2213.00000 12.60000000 175.25001 36.01715 15.75053 161.29949
27 7 17 13 28 2213.00000 12.60000000 175.25001 36.09254 15.75053 161.29949
27 7 17 13 29 2213.00000 12.64997000 175.25001 36.07626 15.75053 161.29949
27 7 17 13 30 2212.99900 12.64990000 175.25001 36.07626 15.84849 161.29948
27 7 17 13 30 2213.00000 12.60000000 175.30002 36.09254 15.75053 161.29949
27 7 17 13 31 2213.00000 12.60000000 175.30002 36.09254 15.75053 161.29949
27 7 17 13 30 2212.99900 12.64997000 175.79992 36.09827 15.84849 161.29948
27 7 17 13 31 2212.99900 12.64990000 175.79990 36.09827 15.75053 162.62499
27 7 17 13 32 2212.99800 12.60000000 175.25001 36.01715 15.75053 162.62499
27 7 17 13 32 2213.00000 12.60000000 175.35850 36.23000 15.75053 161.55779
27 7 17 13 33 2212.99800 12.60000000 175.80000 36.23000 15.75053 161.55779
27 7 17 13 33 2213.00000 12.60000000 175.77725 35.98200 15.75053 161.29949
27 7 17 13 33 2212.99900 12.60000000 175.35856 36.00314 15.84849 161.29948
27 7 17 13 33 2212.99900 12.64990000 175.35856 36.00314 15.75053 161.29949
27 7 17 13 34 2210.84500 12.64990000 175.35856 36.00314 15.75053 161.29948
27 7 17 13 36 2213.00000 12.60000000 175.80000 36.00314 15.75053 161.29949
27 7 17 13 35 2213.00000 12.64990000 175.80000 36.00314 15.75053 161.29949
27 7 17 13 35 2213.00000 12.60000000 175.40024 36.22998 15.75053 161.29949
27 7 17 13 35 2213.00000 12.64997000 175.80000 36.00314 15.84849 161.29948
27 7 17 13 36 2210.00000 12.60000000 175.75000 36.02409 15.75053 161.29949
27 7 17 13 37 2210.00000 12.60000000 175.75000 36.02409 15.75053 161.29949
27 7 17 13 37 2215.09600 12.60000000 175.75000 36.02409 15.75053 161.29949
27 7 17 13 38 2215.21100 12.60000000 175.75000 36.22999 15.84918 162.45098
27 7 17 13 38 2216.88800 12.64990000 175.69987 36.22999 15.75053 161.29949
27 7 17 13 39 2216.88800 12.60000000 175.75000 36.22999 15.75053 161.29949
27 7 17 13 39 2210.00000 12.60000000 175.69985 36.08600 15.75053 161.29949
27 7 17 13 40 2216.80000 12.64990000 175.80000 36.02409 15.75053 161.29949
27 7 17 13 40 2217.00000 12.60000000 175.69980 36.08600 15.75053 161.29949
27 7 17 13 40 2217.00000 12.60000000 175.50033 36.08600 15.75053 161.29949
27 7 17 13 40 2217.00000 12.60006000 175.69985 36.08600 15.75053 161.29949
27 7 17 13 42 2217.00000 12.60006000 175.50007 36.08600 15.75053 161.29949
27 7 17 13 41 2217.00000 12.60006000 175.50002 36.08600 15.75054 161.29949
27 7 17 13 42 2217.00000 12.65000000 175.50011 36.23000 15.75054 161.29949
27 7 17 13 42 2217.00000 12.65000000 175.50007 36.23000 15.75053 161.29948
27 7 17 13 43 2217.00000 12.65000000 175.50007 36.23000 15.75054 161.29948
27 7 17 13 44 2217.00000 12.65000000 175.75000 36.22998 15.75054 161.29948
27 7 17 13 44 2217.00000 12.69786000 175.75000 36.22998 15.88708 161.29948
27 7 17 13 45 2217.00000 12.69786000 175.50011 36.13978 15.88708 161.29992
27 7 17 13 44 2218.21600 12.69786000 175.75000 36.13978 15.88708 161.30001
27 7 17 13 45 2218.21600 12.65000000 175.74997 36.22998 15.88708 161.29948
27 7 17 13 46 2220.00000 12.69786000 175.74997 36.22998 15.88708 161.29992
27 7 17 13 47 2221.64000 12.69786000 175.75000 36.08600 15.88708 161.29992
27 7 17 13 46 2221.64000 12.69786000 175.75000 36.08600 15.88708 161.29992
27 7 17 13 47 2221.63900 12.69786000 175.80000 36.13978 15.88708 161.29992
27 7 17 13 48 2221.64000 12.69786000 175.80000 36.08600 15.88708 161.29992
27 7 17 13 47 2221.64000 12.69786000 175.50007 36.08600 15.88708 161.29948
27 7 17 13 49 2221.64000 12.69786000 175.80000 36.08600 15.88708 161.29992
27 7 17 13 49 2221.64000 12.69786000 175.75010 36.08600 15.88708 161.29992
27 7 17 13 50 2221.64000 12.65000000 175.80000 36.08600 15.88708 161.29992
27 7 17 13 49 2221.64000 12.69999000 175.89000 36.08600 15.88708 161.29992
27 7 17 13 50 2221.64000 12.69999000 175.89000 36.08601 15.88708 161.29992
27 7 17 13 50 2223.79800 12.66893000 175.80000 36.08601 15.88708 161.29992
27 7 17 13 51 2223.79900 12.66893000 175.89000 36.08600 15.88708 161.30001
27 7 17 13 51 2223.79800 12.66893000 176.00000 36.08600 15.88708 161.29992
27 7 17 13 52 2223.79800 12.66893000 176.00000 36.08711 15.88708 162.62499
27 7 17 13 52 2223.79800 12.66906000 176.00000 36.08711 15.88708 161.29992
27 7 17 13 52 2223.79800 12.66893000 175.99999 36.14330 15.88708 161.29948
27 7 17 13 53 2223.79800 12.69999000 176.00000 36.14330 15.88708 161.29992
27 7 17 13 54 2223.80000 12.66906000 176.00000 36.08711 15.88708 162.25000
27 7 17 13 54 2223.79800 12.66906000 176.00000 36.08711 15.88708 162.25000
27 7 17 13 54 2221.63000 12.66906000 176.00000 36.08711 15.88708 161.29992
27 7 17 13 55 2223.79800 12.66893000 175.99999 36.08711 15.88708 162.25000
27 7 17 13 56 2222.99900 12.66906000 176.00000 36.08711 15.88708 161.29992
27 7 17 13 55 2222.99700 12.66906000 176.00000 36.09023 15.88708 162.25000
27 7 17 13 56 2222.99700 12.66906000 176.00000 36.09023 15.88708 162.25000
27 7 17 13 58 2222.99600 12.66893000 176.00000 36.08711 15.88708 162.25000
27 7 17 13 57 2222.99600 12.66906000 176.00000 36.09023 15.88708 161.30001
27 7 17 13 57 2222.00000 12.69785000 176.00000 35.98311 15.88700 162.25000
27 7 17 13 58 2221.59100 12.69785000 176.00000 36.09023 15.88700 162.25000
27 7 17 14 00 2222.99800 12.69785000 176.00000 36.09023 15.88700 162.25000
27 7 17 13 58 2223.79800 12.69785000 176.00000 36.14635 15.89230 162.25000
27 7 17 13 59 2222.80000 12.60000000 176.00000 36.14635 15.89230 162.25000
27 7 17 14 00 2222.48000 12.60000000 175.95000 36.00000 15.89226 162.25000
27 7 17 14 00 2223.44900 12.60326000 175.95000 36.14635 15.89230 162.25000
27 7 17 14 01 2223.79800 12.60000000 175.94998 36.00000 15.89225 162.25000
27 7 17 14 01 2223.79800 12.60000000 175.95000 36.00000 15.89225 162.25000
27 7 17 14 02 2223.44900 12.62001000 175.94000 36.22991 15.89225 162.25000
27 7 17 14 02 2223.35900 12.60326000 175.95200 36.22991 15.89225 162.25000
27 7 17 14 03 2218.51200 12.62001000 176.00000 36.22991 15.89225 162.25000
27 7 17 14 03 2223.00000 12.62001000 175.80000 35.95112 15.89230 162.25000
27 7 17 14 05 2221.32500 12.62001000 175.95200 35.95112 15.89997 162.25000
27 7 17 14 04 2221.20000 12.62001000 175.95149 36.22991 15.89997 163.13966
27 7 17 14 04 2221.18900 12.62001000 175.95200 35.95112 15.89997 163.13966
27 7 17 14 05 2222.00000 12.62001000 175.95200 35.95112 15.89997 163.13966
27 7 17 14 05 2222.00000 12.62001000 175.95200 35.95112 15.89997 163.13966
27 7 17 14 06 2222.00000 12.62001000 175.97539 36.09577 15.89997 161.30011
27 7 17 14 06 2222.00000 12.62001000 175.95200 35.98311 15.89230 161.30011
27 7 17 14 07 2221.49900 12.60000000 175.97488 36.09577 15.89997 163.13966
27 7 17 14 07 2221.07700 12.62001000 175.95200 36.09577 15.89997 161.30011
27 7 17 14 07 2221.07700 12.65000000 175.95200 36.10000 15.89997 161.30011
27 7 17 14 08 2219.30000 12.65000000 175.95150 36.09577 15.89997 161.30011
27 7 17 14 09 2219.30000 12.65000000 175.94000 36.10000 15.89997 162.99917
27 7 17 14 09 2219.30000 12.65000000 175.94000 36.10000 15.89997 162.99917
27 7 17 14 09 2219.30000 12.65000000 175.95050 36.09577 15.89997 162.99917
27 7 17 14 10 2220.00000 12.65000000 175.95050 36.10000 15.89997 162.99917
27 7 17 14 10 2219.30000 12.62001000 175.94889 36.33110 15.89997 162.99917
27 7 17 14 10 2219.30000 12.65000000 175.94840 36.00312 15.89997 162.99917
27 7 17 14 11 2219.30000 12.65000000 175.80000 36.32479 15.89997 162.99917
27 7 17 14 12 2219.30000 12.65000000 175.80000 36.32479 15.89997 162.99917
27 7 17 14 12 2219.30000 12.62001000 175.80000 36.32479 15.89230 161.30001
27 7 17 14 12 2219.30000 12.62001000 175.94000 36.32479 15.89230 161.30001
27 7 17 14 13 2219.30000 12.62001000 175.80000 36.00312 15.89997 162.99837
27 7 17 14 13 2219.30000 12.60002000 175.94000 36.00313 15.89983 163.13966
27 7 17 14 13 2219.30000 12.65000000 175.80000 36.32479 15.89983 161.30011
27 7 17 14 14 2219.30000 12.62001000 175.80000 36.00312 15.89997 162.99917
27 7 17 14 15 2219.30000 12.65000000 175.52001 36.00312 15.89983 162.99837
27 7 17 14 15 2218.99900 12.60002000 175.77817 36.01000 15.89997 162.99837
27 7 17 14 15 2218.99900 12.60000000 175.80000 36.00312 15.89983 163.13966
27 7 17 14 16 2217.89800 12.60000000 175.60000 36.01000 15.89230 162.99837
27 7 17 14 17 2217.90000 12.60007000 175.80000 36.00312 15.89997 162.99917
27 7 17 14 17 2217.89900 12.60000000 175.52001 36.00312 15.89983 162.99738
27 7 17 14 18 2217.89900 12.60000000 175.29936 36.01000 15.89983 162.99738
27 7 17 14 19 2217.89900 12.60000000 175.10000 36.01000 15.89983 162.99738
27 7 17 14 18 2217.89900 12.60212000 175.10000 36.00000 15.89983 162.99738
27 7 17 14 20 2217.90400 12.60212000 175.20000 36.00000 15.89983 162.99738
27 7 17 14 20 2217.00000 12.60000000 175.20001 36.00000 15.89230 163.13966
27 7 17 14 21 2215.00000 12.60000000 175.20001 36.30066 15.89983 162.99738
27 7 17 14 19 2213.78500 12.60007000 175.25600 36.30066 15.89986 162.99738
27 7 17 16 51 2210.59000 12.49296000 173.31860 35.57402 15.76457 159.44037
27 7 17 16 50 2210.59000 12.44074000 173.31860 35.57402 15.76457 160.29890
27 7 17 16 51 2210.59000 12.44074000 173.31860 35.57402 15.76457 160.29890
27 7 17 16 51 2210.59000 12.48321000 173.31860 35.57402 15.76457 160.29890
27 7 17 16 52 2208.22200 12.48321000 173.31860 35.68298 15.76457 160.29890
27 7 17 16 52 2210.00000 12.48320000 173.49999 35.68299 15.76457 160.29890
27 7 17 16 53 2210.00000 12.48320000 173.49999 35.57402 15.76465 160.29890
27 7 17 16 53 2208.00000 12.48320000 173.49999 35.62829 15.76457 160.29890
27 7 17 16 53 2209.59000 12.48320000 173.49999 35.62829 15.76457 160.29890
27 7 17 16 54 2209.48400 12.48320000 173.67731 35.68299 15.76457 160.29890
27 7 17 16 54 2210.59000 12.48320000 173.67731 35.62829 15.76457 160.29890
27 7 17 16 55 2210.59000 12.49294000 173.67731 35.69677 15.76457 160.29862
27 7 17 16 55 2210.59000 12.48320000 173.50005 35.69677 15.76465 159.44035
27 7 17 16 55 2208.28900 12.48320000 173.67731 35.71600 15.68100 160.29862
27 7 17 16 56 2209.37200 12.49294000 173.86492 35.69677 15.76457 160.29862
27 7 17 16 58 2210.59000 12.49294000 173.86485 35.69677 15.76457 160.29862
27 7 17 16 56 2211.87900 12.49296000 174.04417 35.68001 15.68100 160.29862
27 7 17 16 58 2212.85300 12.51296000 174.04417 35.68002 15.68100 160.29862
27 7 17 16 58 2212.19600 12.49296000 174.04417 35.68210 15.76465 160.29862
27 7 17 16 58 2212.90100 12.51296000 174.00002 35.94888 15.76457 160.29862
27 7 17 16 59 2213.59000 12.48004000 174.00000 35.94888 15.76457 160.29862
27 7 17 16 59 2213.59000 12.49294000 174.49993 35.94888 15.76465 160.29862
27 7 17 16 59 2215.00000 12.48004000 174.38060 35.68210 15.76465 160.29813
27 7 17 16 59 2213.59000 12.48004000 174.05175 35.71696 15.76457 160.29813
27 7 17 17 01 2213.59000 12.49296000 174.05175 35.71905 15.76457 160.29862
27 7 17 17 01 2213.59000 12.53918000 174.38109 35.71905 15.76457 159.44035
27 7 17 17 02 2214.90000 12.49294000 174.38109 35.71905 15.76457 160.29764
27 7 17 17 01 2213.59000 12.53918000 174.10000 35.71905 15.76457 160.29764
27 7 17 17 02 2215.00000 12.53918000 174.38109 35.95000 15.76457 160.29764
27 7 17 17 03 2215.50000 12.53918000 174.50000 35.95000 15.76457 160.29764
27 7 17 17 03 2216.38100 12.53918000 174.15001 36.05173 15.76457 160.29764
27 7 17 17 03 2217.00000 12.51296000 174.15001 36.05173 15.76373 160.29764
27 7 17 17 04 2218.00000 12.53918000 174.20001 35.86647 15.76373 160.29862
27 7 17 17 04 2217.00000 12.53918000 174.38109 35.86647 15.76373 160.29764
27 7 17 17 04 2217.00100 12.53918000 174.38109 35.72432 15.76373 160.29764
27 7 17 17 05 2217.00200 12.53923000 174.30000 35.72432 15.76373 160.29764
27 7 17 17 05 2216.38300 12.53923000 174.29999 35.72432 15.76373 160.29764
27 7 17 17 06 2216.38300 12.53923000 174.30000 35.86647 15.76373 160.29890
27 7 17 17 08 2214.99900 12.53923000 174.29791 35.72432 15.76373 160.29764
27 7 17 17 07 2218.00000 12.53923000 174.10001 35.86647 15.76373 160.29764
27 7 17 17 07 2215.78900 12.53923000 174.10001 35.72432 15.76373 160.29764
27 7 17 17 08 2216.99900 12.53923000 174.05000 35.72432 15.76373 160.29862
27 7 17 17 08 2216.88800 12.53923000 174.05000 35.72432 15.76373 160.29764
27 7 17 17 09 2213.71100 12.53923000 174.00000 35.72432 15.76373 160.29813
27 7 17 17 10 2213.60000 12.53923000 174.00001 35.86647 15.76457 160.29637
27 7 17 17 11 2213.60000 12.53918000 174.00000 35.72320 15.76373 160.29637
27 7 17 17 11 2213.59800 12.53923000 174.00001 35.72320 15.76373 160.29637
27 7 17 17 12 2213.71200 12.53923000 174.00001 35.72320 15.76373 159.44035
27 7 17 17 11 2213.71200 12.53923000 174.00000 35.95000 15.76373 160.29637
27 7 17 17 12 2213.60000 12.48505000 173.50000 35.81906 15.76373 160.29637
27 7 17 17 12 2213.70500 12.48505000 173.50000 35.79587 15.76373 160.29637
27 7 17 17 14 2214.42900 12.49012000 173.61487 35.79587 15.76373 160.29637
27 7 17 17 13 2214.42900 12.49012000 173.50000 35.71697 15.76457 160.29637
27 7 17 17 14 2214.42900 12.53923000 174.00000 35.71697 15.76457 160.29637
27 7 17 17 14 2212.06700 12.49012000 173.53585 35.71697 15.76373 160.29637
27 7 17 17 16 2214.42900 12.49012000 173.84215 35.71697 15.76373 160.29637
27 7 17 17 15 2214.42900 12.49012000 173.99979 35.89994 15.76373 160.29637
27 7 17 17 15 2214.42900 12.49012000 173.98000 35.71698 15.76373 160.29637
27 7 17 17 16 2214.42900 12.49012000 173.98000 35.89994 15.76465 160.29637
27 7 17 17 18 2214.42900 12.49012000 173.50000 35.89994 15.76457 160.29637
27 7 17 17 17 2212.06700 12.49012000 173.99979 35.89994 15.76373 159.44035
27 7 17 17 18 2214.42900 12.53923000 173.79999 35.71698 15.76457 160.29637
27 7 17 17 18 2214.42900 12.49012000 173.79999 35.71698 15.76373 160.29813
27 7 17 17 19 2214.42900 12.49012000 173.45019 35.71698 15.76373 160.29637
27 7 17 17 18 2214.42900 12.49012000 173.45019 35.89994 15.76457 160.29637
27 7 17 17 20 2214.42900 12.49012000 173.72540 35.71698 15.76373 160.29813
27 7 17 17 20 2214.42900 12.48505000 173.45019 35.82924 15.76373 160.29637
27 7 17 17 21 2214.50000 12.49012000 173.72540 35.82924 15.76373 160.29637
27 7 17 17 21 2216.97000 12.49012000 173.72540 35.82924 15.76373 160.29862
27 7 17 17 21 2216.99900 12.49012000 173.70000 35.82924 15.76373 160.29637
27 7 17 17 21 2216.99900 12.53923000 173.70000 35.89994 15.76457 160.29637
27 7 17 17 23 2216.73000 12.49012000 173.70000 35.82924 15.76373 160.29637
27 7 17 17 22 2216.73000 12.49012000 173.74207 35.82924 15.76373 159.66600
27 7 17 17 23 2216.59900 12.49012000 173.74208 35.82924 15.76465 159.66600
27 7 17 17 23 2216.57200 12.49012000 173.79994 35.82924 15.76373 159.66600
27 7 17 17 25 2216.59800 12.49012000 173.74379 35.82924 15.76373 159.66600
27 7 17 17 24 2216.99800 12.65998000 173.74379 35.82924 15.76373 159.66600
27 7 17 17 24 2216.90000 12.65998000 173.79825 35.89994 15.76373 160.29637
27 7 17 17 26 2216.99900 12.65998000 173.74379 35.93578 15.76373 159.66600
27 7 17 17 25 2216.87200 12.65998000 173.74379 35.85898 15.76373 159.66600
27 7 17 17 26 2216.99900 12.65998000 173.74378 35.85898 15.76373 159.66600
27 7 17 17 26 2216.99900 12.65998000 173.74379 35.93578 15.76373 160.29637
27 7 17 17 26 2216.99900 12.65998000 173.78001 35.85898 15.76373 160.29813
27 7 17 17 27 2216.99800 12.65998000 173.79825 35.85898 15.76373 159.66600
27 7 17 17 28 2216.99800 12.65998000 174.19344 35.89994 15.76373 159.66600
27 7 17 17 30 2216.99900 12.49012000 174.30000 35.71696 15.76373 160.29637
27 7 17 17 29 2216.99800 12.65998000 174.30000 35.72137 15.76373 160.29637
27 7 17 17 29 2216.99900 12.65998000 174.00000 35.72137 15.76373 159.66600
27 7 17 17 29 2217.77000 12.65998000 174.25558 35.74715 15.76373 159.66600
27 7 17 17 31 2217.77000 12.65998000 174.29220 35.71696 15.76465 160.29637
27 7 17 17 31 2217.77000 12.65998000 174.12689 35.71696 15.76373 160.29862
27 7 17 17 31 2218.11000 12.65998000 174.08346 35.71696 15.69000 159.66600
27 7 17 17 32 2216.55600 12.65998000 174.30000 35.71696 15.76465 159.66600
27 7 17 17 32 2217.77100 12.49012000 174.00000 35.71697 15.69000 159.66600
27 7 17 17 33 2217.77100 12.65998000 174.08250 35.92952 15.69000 159.66600
27 7 17 17 34 2218.40000 12.65998000 174.08200 35.92951 15.69000 159.66600
27 7 17 17 33 2216.33800 12.65998000 174.00003 35.72811 15.69000 159.66600
27 7 17 17 34 2216.90000 12.65998000 174.00000 35.78873 15.69000 159.66600
27 7 17 17 35 2216.34000 12.65998000 173.97902 35.78873 15.69000 159.66600
27 7 17 17 35 2216.90000 12.65998000 173.97902 35.92952 15.69000 159.66600
27 7 17 17 35 2215.01500 12.65998000 174.00000 35.91595 15.69000 160.29637
27 7 17 17 36 2216.00000 12.48964000 173.97902 35.72811 15.76465 160.29862
27 7 17 17 37 2216.33900 12.48964000 173.90000 35.91595 15.69000 159.66600
27 7 17 17 36 2215.70000 12.48964000 173.90000 35.72811 15.69000 159.66600
27 7 17 17 38 2215.10100 12.48964000 173.99750 35.72811 15.69000 159.66600
27 7 17 17 38 2211.32200 12.48964000 173.90000 35.72811 15.69000 159.66600
27 7 17 17 38 2213.54800 12.48964000 173.90000 35.72811 15.69000 159.66600
27 7 17 17 38 2214.98500 12.48964000 173.89999 35.85894 15.69000 159.66600
27 7 17 17 40 2213.54800 12.48964000 173.89999 35.85894 15.69000 159.66600
27 7 17 17 39 2216.00000 12.48964000 173.81001 35.91072 15.69000 159.66600
27 7 17 17 40 2216.29900 12.48964000 173.81001 35.91072 15.76373 160.29813
27 7 17 17 40 2216.19900 12.48964000 173.81001 35.90543 15.76465 159.66600
27 7 17 17 40 2215.90000 12.50001000 173.88500 35.85894 15.69000 159.66600
27 7 17 17 41 2213.90100 12.50000000 173.88500 35.91072 15.69000 159.66600
27 7 17 17 43 2213.90100 12.50108000 173.88500 35.90543 15.69000 159.66600
27 7 17 17 42 2215.87200 12.50001000 173.88500 35.90543 15.69000 159.66600
27 7 17 17 42 2215.87200 12.50000000 173.88500 35.90543 15.69000 159.66600
27 7 17 17 43 2216.49900 12.48862000 173.89999 35.85894 15.69000 159.66600
27 7 17 17 45 2216.50000 12.50108000 173.88501 35.85894 15.69000 159.66600
27 7 17 17 43 2216.50000 12.48862000 173.89638 35.89997 15.66174 159.66600
27 7 17 17 45 2216.50000 12.48862000 173.89638 35.89997 15.66174 159.66600
27 7 17 17 46 2216.50000 12.48862000 173.89638 35.89997 15.66174 160.29637
27 7 17 17 45 2216.50000 12.50001000 173.89638 35.89997 15.66174 159.66600
27 7 17 17 45 2216.27800 12.50108000 173.89637 35.89997 15.61900 160.29813
27 7 17 17 46 2216.50000 12.48862000 173.89638 35.89997 15.61900 159.66600
27 7 17 17 46 2216.49900 12.48862000 173.89638 35.88000 15.61900 160.29637
27 7 17 17 47 2216.50000 12.48862000 173.89638 35.88000 15.61900 160.29637
27 7 17 17 48 2216.50000 12.48862000 173.89638 35.88000 15.66174 159.51001
27 7 17 17 47 2216.50000 12.48862000 173.89638 35.88000 15.57473 159.51001
27 7 17 17 48 2216.50000 12.56693000 173.89638 35.88000 15.57473 159.51001
27 7 17 17 48 2216.50000 12.48862000 173.89637 35.85894 15.57473 159.51001
27 7 17 17 49 2216.50000 12.48862000 174.00000 35.85894 15.57473 159.51001
27 7 17 17 50 2216.50000 12.50001000 173.89638 35.88000 15.57473 160.29813
27 7 17 17 49 2216.50000 12.56693000 173.89638 35.87889 15.57473 159.51001
27 7 17 17 50 2216.70000 12.56693000 174.00001 35.87889 15.57473 159.51001
27 7 17 17 51 2216.70000 12.56693000 173.89638 35.87995 15.61900 160.29637
27 7 17 17 52 2216.70000 12.48862000 174.00529 35.72812 15.57473 159.51001
27 7 17 17 52 2216.70000 12.48862000 174.00352 35.72812 15.57473 159.51001
27 7 17 17 53 2216.70000 12.48862000 174.00000 35.69922 15.68899 159.51001
27 7 17 17 53 2216.70000 12.50108000 173.99804 35.90651 15.68721 159.51001
27 7 17 17 53 2216.70000 12.48862000 174.00000 35.69922 15.68721 160.29637
27 7 17 17 55 2218.48700 12.48862000 173.99999 35.91070 15.68721 160.29813
27 7 17 17 55 2219.00000 12.48862000 173.99804 35.69930 15.68721 159.51001
27 7 17 17 57 2219.01000 12.48862000 174.29900 35.91070 15.68721 160.29506
27 7 17 17 58 2219.01000 12.48862000 174.29998 35.82000 15.68721 160.29506
27 7 17 17 58 2220.00000 12.48862000 174.29999 35.82000 15.68721 160.29506
27 7 17 17 59 2219.00000 12.48901000 174.35818 35.82000 15.68721 160.29637
27 7 17 18 01 2223.79900 12.48901000 174.50931 35.82000 15.59914 160.29506
27 7 17 18 03 2225.00000 12.48901000 174.50931 35.82000 15.59914 160.29506
27 7 17 18 03 2228.00000 12.48901000 174.50932 35.82001 15.59914 160.29506
27 7 17 18 02 2228.00000 12.50001000 174.50000 35.82001 15.59914 160.29506
27 7 17 18 03 2228.00000 12.50001000 174.30000 35.89980 15.59914 160.29506
27 7 17 18 03 2225.00000 12.48901000 174.50000 35.82002 15.59914 160.29506
27 7 17 18 03 2228.00000 12.48901000 174.50000 35.91000 15.59914 160.29506
27 7 17 18 04 2228.00000 12.48901000 174.50000 35.91000 15.59914 160.29506
27 7 17 18 05 2228.00000 12.48901000 174.50000 35.91000 15.59914 160.29530
27 7 17 18 05 2222.30100 12.48901000 174.50000 35.91000 15.59919 160.29506
27 7 17 18 07 2222.30100 12.48901000 174.50000 35.70149 15.59919 160.29913
27 7 17 18 06 2228.00000 12.48901000 174.50000 35.70149 15.59919 160.30000
27 7 17 18 06 2228.00000 12.48901000 174.50000 35.70149 15.59919 160.30000
27 7 17 18 07 2228.00000 12.48901000 174.50000 35.91000 15.59919 160.30000
27 7 17 18 08 2228.00000 12.48901000 174.50000 35.91000 15.59919 160.30000
27 7 17 18 09 2228.00000 12.48901000 174.50000 35.91000 15.59919 160.30000
27 7 17 18 09 2222.00000 12.48901000 174.30000 35.91000 15.59919 160.30000
27 7 17 18 10 2222.00000 12.48901000 174.30000 35.91000 15.59919 160.30000
27 7 17 18 09 2222.00000 12.48901000 174.30000 35.91000 15.59919 160.30000
27 7 17 18 10 2226.11100 12.50001000 174.30000 35.91000 15.59919 160.30000
27 7 17 18 10 2228.00000 12.48901000 174.50932 35.91593 15.59919 160.30000
27 7 17 18 11 2225.00000 12.48901000 174.50932 35.91593 15.59919 160.30000
27 7 17 18 11 2228.00000 12.50001000 174.50932 35.91082 15.59919 160.30000
27 7 17 18 11 2228.00000 12.48901000 174.38000 35.91000 15.59919 160.30000
27 7 17 18 12 2228.00000 12.48901000 174.50932 35.91082 15.59919 160.30000
27 7 17 18 12 2228.00000 12.48901000 174.50932 35.91593 15.59919 160.30000
27 7 17 18 13 2228.00000 12.48901000 174.50932 35.91082 15.59919 160.30000
27 7 17 18 13 2228.00000 12.56689000 174.50226 35.91082 15.59919 159.52008
27 7 17 18 14 2226.38100 12.48901000 174.50932 35.91082 15.59914 160.30000
27 7 17 18 14 2227.96900 12.56689000 174.50932 35.91082 15.59919 160.30000
27 7 17 18 16 2228.00000 12.56689000 174.50932 35.91082 15.59919 159.52008
27 7 17 18 15 2227.96900 12.56689000 174.50932 35.99368 15.59919 160.51957
27 7 17 18 15 2227.96900 12.56689000 174.50932 35.99368 15.59919 160.51957
27 7 17 18 16 2227.11000 12.56689000 174.50932 35.91175 15.59919 160.73978
27 7 17 18 18 2227.96900 12.48901000 174.50932 35.99368 15.59919 160.73978
27 7 17 18 18 2227.10100 12.56689000 174.50932 35.91082 15.59919 160.73978
27 7 17 18 17 2227.81800 12.48901000 174.50932 35.91175 15.59919 160.73978
27 7 17 18 18 2227.93000 12.56689000 174.50932 35.91175 15.59919 160.73978
27 7 17 18 20 2227.99800 12.56689000 174.50932 35.91175 15.59919 160.73978
27 7 17 18 18 2227.99800 12.56689000 174.50932 35.91082 15.59919 160.51957
27 7 17 18 19 2227.99800 12.56689000 174.50932 35.91175 15.76453 160.73978
27 7 17 18 20 2227.10100 12.48862000 174.50932 35.91175 15.76444 160.51957
27 7 17 18 21 2227.99900 12.48862000 174.50932 35.91082 15.76453 160.73978
27 7 17 18 20 2227.93500 12.48862000 174.50932 35.99789 15.76453 160.73978
27 7 17 18 20 2228.00000 12.56689000 174.50982 35.72035 15.76453 160.73978
27 7 17 18 21 2228.00000 12.48862000 174.41170 35.99682 15.76453 160.73978
27 7 17 18 21 2228.00000 12.48901000 174.41169 35.99682 15.76453 160.51957
27 7 17 18 23 2227.80400 12.48901000 174.41170 35.99682 15.76453 160.73978
27 7 17 18 22 2227.00000 12.48862000 174.41119 35.99789 15.76453 160.73978
27 7 17 18 23 2228.00000 12.56689000 174.30001 35.99999 15.77161 160.51957
27 7 17 18 24 2227.98200 12.48901000 174.32819 35.99999 15.77161 160.51957
27 7 17 18 24 2228.00000 12.48901000 174.19276 35.99999 15.77161 160.51957
27 7 17 18 26 2228.00000 12.55099000 174.18948 35.74758 15.76444 160.51957
27 7 17 18 25 2228.33300 12.55099000 174.18947 35.74758 15.77161 160.99999
27 7 17 18 26 2228.90000 12.55099000 174.18947 35.75071 15.77161 160.99999
27 7 17 18 26 2228.93500 12.48862000 174.07384 35.75071 15.77161 160.99999
27 7 17 18 26 2228.93500 12.48862000 174.07384 35.74758 15.77161 160.99999
27 7 17 18 26 2228.93500 12.48001000 174.43708 36.00000 15.77161 160.99999
27 7 17 18 27 2228.93500 12.48001000 174.43705 36.00000 15.59919 160.99999
27 7 17 18 27 2228.93500 12.48001000 174.15316 36.00000 15.59919 160.99999
27 7 17 18 28 2229.59900 12.48001000 174.43705 35.74758 15.62607 160.51957
27 7 17 18 28 2229.59900 12.48001000 174.43650 36.00000 15.62607 160.99999
27 7 17 18 29 2229.59900 12.48001000 174.43650 36.00000 15.62607 160.99999
27 7 17 18 29 2228.93500 12.48001000 174.43638 36.00000 15.62607 160.99999
27 7 17 18 30 2229.90000 12.48001000 174.43638 36.00000 15.62607 160.99999
27 7 17 18 31 2230.01000 12.48001000 174.62956 35.99478 15.62607 160.99999
27 7 17 18 32 2230.01000 12.48001000 174.26398 36.00000 15.62607 160.99997
27 7 17 18 31 2230.00400 12.48001000 174.26400 36.00000 15.62607 160.99997
27 7 17 18 32 2230.00900 12.48001000 174.43648 36.00000 15.62607 160.99999
27 7 17 18 32 2230.00900 12.48003000 174.26400 36.00000 15.62607 160.51957
27 7 17 18 34 2230.00000 12.48001000 174.43648 36.00000 15.61337 160.99997
27 7 17 18 34 2229.74100 12.48001000 174.26400 36.00000 15.61337 160.51957
27 7 17 18 33 2230.00100 12.50585000 174.36598 36.00000 15.61337 160.99997
27 7 17 18 34 2230.00100 12.50585000 174.36598 36.00000 15.61337 160.99999
27 7 17 18 34 2230.00900 12.50585000 174.36598 36.00000 15.61337 160.99997
27 7 17 18 35 2230.00900 12.50585000 174.26129 36.00000 15.61337 160.99997
27 7 17 18 35 2230.01000 12.50585000 174.36598 36.00000 15.62607 160.99997
27 7 17 18 35 2230.01000 12.48003000 174.26129 36.00000 15.62607 160.99997
27 7 17 18 36 2230.01000 12.48003000 174.25953 36.00000 15.61337 160.99999
27 7 17 18 36 2230.00900 12.50585000 174.26129 36.10000 15.62607 160.51957
27 7 17 18 37 2230.00900 12.50585000 174.26129 36.09999 15.61337 160.99999
27 7 17 18 37 2230.01000 12.50585000 174.44569 36.09999 15.61337 160.99999
27 7 17 18 38 2230.00900 12.50585000 174.44569 36.09999 15.61337 160.99997
27 7 17 18 38 2229.74000 12.48001000 174.25953 36.09999 15.61337 160.99997
27 7 17 18 38 2229.70000 12.48001000 174.26302 36.09999 15.61337 160.99997
27 7 17 18 40 2229.97900 12.48001000 174.25953 36.09999 15.62607 160.00000
27 7 17 18 40 2225.11100 12.48003000 174.44460 36.00000 15.62607 159.74001
27 7 17 18 40 2225.00000 12.48001000 174.13002 36.10000 15.61337 159.74001
27 7 17 18 40 2225.11100 12.48001000 174.29560 36.10000 15.61337 159.74001
27 7 17 18 40 2225.00000 12.48001000 174.25953 36.10000 15.61337 160.99995
27 7 17 18 41 2226.88500 12.48001000 174.25953 36.00000 15.61337 160.99999
27 7 17 18 42 2226.88400 12.48001000 174.25953 36.00000 15.61337 160.99999
27 7 17 18 43 2226.71300 12.48001000 174.26000 36.10000 15.61337 160.99995
27 7 17 18 43 2225.17500 12.48003000 174.25953 36.10000 15.62607 160.99999
27 7 17 18 43 2225.17000 12.48001000 174.25954 36.13186 15.62607 160.99999
27 7 17 18 43 2226.77300 12.48001000 174.26000 36.13186 15.61337 160.99999
27 7 17 18 44 2226.85900 12.48003000 174.39599 36.13186 15.62607 160.99999
27 7 17 18 45 2226.85000 12.48001000 174.26000 36.13186 15.61337 160.99999
27 7 17 18 44 2225.00000 12.48001000 174.39648 36.13186 15.61337 160.99999
27 7 17 18 46 2225.00100 12.48001000 174.26000 36.13186 15.61337 160.99999
27 7 17 18 45 2226.69700 12.48001000 174.01000 36.13186 15.62607 160.99999
27 7 17 18 45 2223.14300 12.48001000 174.00003 36.13186 15.61337 160.99999
27 7 17 18 46 2221.07900 12.48001000 174.01000 36.12664 15.61337 160.99999
27 7 17 18 47 2226.23900 12.48001000 174.39648 36.00000 15.61337 159.74001
27 7 17 18 48 2221.07900 12.48001000 174.19810 36.00000 15.62607 159.74001
27 7 17 18 48 2226.22900 12.48001000 174.01000 36.13186 15.61337 160.99999
27 7 17 18 48 2226.08000 12.48001000 174.30439 36.00000 15.61337 160.99999
27 7 17 18 48 2226.69700 12.48001000 174.30149 36.12663 15.61337 160.99999
27 7 17 18 49 2225.88800 12.48001000 174.00001 36.12663 15.61337 160.99999
27 7 17 18 50 2225.88600 12.48001000 174.00001 36.00000 15.61337 160.99999
27 7 17 18 50 2221.10500 12.51000000 174.00001 36.00000 15.62607 161.29818
27 7 17 18 50 2224.87900 12.51000000 174.00003 36.00000 15.62607 161.81339
27 7 17 18 51 2224.60000 12.51000000 174.00000 36.00000 15.61337 161.81339
27 7 17 18 51 2221.10500 12.51000000 174.00000 35.90000 15.62607 161.80087
27 7 17 18 51 2223.88700 12.51000000 173.88501 35.90000 15.61337 161.81339
27 7 17 18 52 2217.54700 12.56677000 174.00000 35.90000 15.62607 161.80087
27 7 17 18 52 2223.12200 12.56677000 174.00002 35.90000 15.76888 160.92700
27 7 17 18 52 2223.12200 12.56677000 174.00002 35.90000 15.76888 161.80087
27 7 17 18 53 2222.99000 12.53459000 173.88501 36.00000 15.76888 160.92700
27 7 17 18 53 2222.96900 12.53459000 173.88501 35.90313 15.76888 160.92700
27 7 17 18 55 2222.96900 12.53459000 173.88501 35.90313 15.62607 160.92700
27 7 17 18 54 2222.96900 12.53459000 173.88501 35.90313 15.76888 160.92700
27 7 17 18 55 2220.11600 12.56677000 173.88501 35.90313 15.62607 160.92700
27 7 17 18 55 2220.11400 12.53454000 173.88501 36.13938 15.62607 160.50000
27 7 17 18 57 2223.00400 12.52999000 173.00000 35.90732 15.76888 160.92700
27 7 17 18 58 2220.11800 12.52998000 173.60000 36.13938 15.62607 160.92700
27 7 17 18 58 2221.88900 12.47900000 173.50000 35.90732 15.76888 160.92700
27 7 17 18 59 2221.88900 12.47900000 173.50000 35.90732 15.76888 160.92700
27 7 17 19 00 2221.86000 12.53454000 173.50000 36.13938 15.75933 160.92700
27 7 17 19 01 2221.85900 12.47900000 173.35150 36.15179 15.76888 160.92700
27 7 17 19 02 2221.50000 12.47900000 173.34001 36.13938 15.75933 160.92700
27 7 17 19 01 2221.38800 12.47900000 173.46300 36.14657 15.75933 160.92700
27 7 17 19 02 2219.11100 12.47900000 173.34000 36.14657 15.75933 160.00010
27 7 17 19 03 2220.88800 12.47900000 173.39204 36.14657 15.75933 160.00010
27 7 17 19 02 2220.60000 12.47900000 173.34000 36.14657 15.70000 160.92700
27 7 17 19 03 2220.50000 12.47900000 173.34001 36.14344 15.70000 160.00010
27 7 17 19 03 2220.50000 12.47900000 173.34001 36.14344 15.70000 160.00010
27 7 17 19 03 2220.88800 12.47900000 173.34000 36.14234 15.70000 160.00010
27 7 17 19 04 2220.20000 12.47900000 173.11628 36.14234 15.70000 160.00010
27 7 17 19 04 2220.09800 12.46001000 173.11616 36.14234 15.70000 160.92700
27 7 17 19 05 2219.11100 12.47900000 173.00001 36.14657 15.70000 160.00010
27 7 17 19 05 2219.11100 12.47900000 173.00001 36.14344 15.70000 160.92700
27 7 17 19 06 2220.20000 12.46001000 173.38725 35.90000 15.70000 160.00010
27 7 17 19 06 2219.69300 12.46001000 173.38725 35.90000 15.70000 160.00010
27 7 17 19 06 2218.02700 12.47900000 173.00001 35.90000 15.70000 160.00010
27 7 17 19 07 2219.11100 12.46001000 173.38622 35.90311 15.76888 160.00010
27 7 17 19 07 2218.02100 12.46423000 173.00002 36.12265 15.70000 160.00010
27 7 17 19 09 2217.90900 12.46423000 173.00001 36.12265 15.76888 160.00010
27 7 17 19 08 2217.04100 12.46423000 173.10000 36.12265 15.70000 160.00010
27 7 17 19 09 2217.79400 12.46423000 173.00002 36.12265 15.70000 160.00010
27 7 17 19 10 2218.02600 12.46423000 173.10000 36.12265 15.70000 160.00010
27 7 17 19 11 2217.03100 12.46423000 173.09999 35.90311 15.75933 160.00010
27 7 17 19 10 2218.02700 12.46423000 173.10000 35.90311 15.76888 160.00010
27 7 17 19 11 2218.02700 12.46423000 173.00001 35.90311 15.76888 160.00010
27 7 17 19 10 2218.02000 12.46423000 173.00001 35.90311 15.70000 160.00010
27 7 17 19 11 2217.99900 12.46252000 173.40000 35.90311 15.70000 160.00010
27 7 17 19 12 2218.00000 12.47900000 173.36380 35.90311 15.70000 160.00010
27 7 17 19 12 2218.00000 12.46252000 173.67119 35.90311 15.70000 160.00010
27 7 17 19 13 2218.88900 12.46252000 173.00001 36.10157 15.70000 160.00010
27 7 17 19 13 2218.88800 12.46252000 173.40001 36.10157 15.70000 160.00010
27 7 17 19 13 2218.88900 12.46252000 173.60000 36.10157 15.76888 160.00010
27 7 17 19 14 2218.88900 12.46252000 173.40013 36.10777 15.70000 160.00010
27 7 17 19 14 2218.88800 12.46423000 173.40001 35.99553 15.70000 160.00010
27 7 17 19 15 2217.54100 12.46252000 173.65700 35.99553 15.70000 160.00010
27 7 17 19 15 2217.80000 12.46252000 173.20000 36.00000 15.70000 160.00010
27 7 17 19 15 2217.54100 12.46252000 173.30001 36.00000 15.70000 160.00010
27 7 17 19 16 2217.80000 12.46252000 173.30001 36.00000 15.70000 160.00010
27 7 17 19 18 2217.80000 12.46252000 173.59930 36.00000 15.70000 160.00010
27 7 17 19 17 2217.80000 12.46252000 173.30002 36.00000 15.76888 160.50000
27 7 17 19 19 2217.80000 12.46252000 173.40001 36.08997 15.70000 160.83185
27 7 17 19 18 2217.80000 12.46252000 173.30002 36.08997 15.76888 160.83185
27 7 17 19 18 2217.80000 12.46252000 173.59000 36.08997 15.70000 160.83185
27 7 17 19 19 2217.80000 12.46252000 173.40001 35.99266 15.70000 160.00010
27 7 17 19 20 2218.70000 12.46252000 173.50001 35.99266 15.70000 160.00010
27 7 17 19 19 2218.70000 12.46423000 173.59000 35.99266 15.76888 160.83185
27 7 17 19 21 2218.58800 12.46252000 173.59000 36.00000 15.70000 160.83185
27 7 17 19 20 2218.39900 12.46252000 173.50000 36.00000 15.70000 160.83185
27 7 17 19 21 2218.30000 12.46252000 173.50000 36.00000 15.70000 160.83185
27 7 17 19 21 2218.30000 12.46252000 173.50000 35.99266 15.76888 160.83185
27 7 17 19 23 2218.20000 12.46252000 173.50000 36.00000 15.70000 160.00002
27 7 17 19 22 2217.80100 12.46252000 173.50000 36.00000 15.70000 160.00002
27 7 17 19 23 2218.49900 12.46252000 173.50050 36.00000 15.70000 160.00002
27 7 17 19 23 2217.03200 12.46252000 173.50000 36.00000 15.70000 160.00002
27 7 17 19 24 2218.29800 12.47900000 173.50000 36.00000 15.70000 160.00002
27 7 17 19 24 2217.65900 12.46252000 173.50000 36.00000 15.70000 160.00002
27 7 17 19 24 2217.03200 12.49868000 173.20000 35.90000 15.70000 160.00002
27 7 17 19 25 2218.28700 12.49867000 173.50050 35.90000 15.76888 160.00002
27 7 17 19 26 2217.03100 12.49867000 173.20000 35.90000 15.71000 160.00002
27 7 17 19 25 2217.88800 12.46522000 173.21000 35.90000 15.71000 160.00002
27 7 17 19 26 2217.69900 12.46522000 173.21000 35.90000 15.70000 160.00002
27 7 17 19 27 2217.03100 12.46522000 173.21000 35.90000 15.70000 161.67885
27 7 17 19 27 2217.69900 12.46522000 173.28029 35.90000 15.70000 161.67885
27 7 17 19 29 2217.59700 12.45000000 173.21346 35.90000 15.70000 161.67885
27 7 17 19 28 2217.59700 12.45000000 173.30000 35.90311 15.70000 161.67885
27 7 17 19 29 2217.48800 12.45000000 173.30000 35.90000 15.75383 161.67885
27 7 17 19 28 2218.99900 12.45000000 173.48200 35.90311 15.75383 161.67885
27 7 17 19 29 2218.99800 12.45000000 173.48200 35.90311 15.75383 161.67885
27 7 17 19 29 2216.81000 12.45000000 173.48200 35.90311 15.75383 160.90000
27 7 17 19 30 2217.58600 12.45000000 173.48200 35.96851 15.71000 160.90000
27 7 17 19 31 2217.58600 12.45000000 173.30360 35.90000 15.75383 160.90000
27 7 17 19 31 2217.58500 12.45000000 173.30000 35.90000 15.75383 160.90000
27 7 17 19 32 2218.99800 12.45000000 173.50000 35.90000 15.75383 160.00002
27 7 17 19 32 2217.58600 12.45000000 173.50000 35.90000 15.75383 160.90000
27 7 17 19 32 2218.99800 12.45000000 173.50000 35.90000 15.75383 161.67794
27 7 17 19 33 2219.99700 12.45000000 173.50000 35.90000 15.75273 161.67794
27 7 17 19 33 2219.99900 12.45000000 173.50173 35.90000 15.75383 161.67794
27 7 17 19 33 2218.99800 12.45000000 173.50000 35.90000 15.75273 161.67794
27 7 17 19 34 2216.83800 12.45000000 173.50000 35.90000 15.75273 161.00100
27 7 17 19 35 2218.99900 12.45000000 173.50000 35.90000 15.75273 161.67794
27 7 17 19 35 2219.99700 12.45000000 173.50000 35.90000 15.75273 161.67770
27 7 17 19 35 2218.99800 12.45000000 173.50000 35.90000 15.75273 161.67770
27 7 17 19 35 2219.99600 12.45000000 173.50000 35.90000 15.71000 161.00100
27 7 17 19 36 2219.99800 12.52999000 173.50000 35.90000 15.75383 161.67770
27 7 17 19 38 2219.99900 12.45000000 173.55000 35.90000 15.75273 161.67770
27 7 17 19 37 2219.99800 12.52999000 173.50000 35.90000 15.75383 161.67794
27 7 17 19 37 2218.99900 12.52999000 173.50000 35.99991 15.75273 161.67770
27 7 17 19 38 2217.99000 12.52999000 173.30001 35.99991 15.75273 161.67770
27 7 17 19 38 2218.10300 12.52999000 173.30001 35.90000 15.75273 161.67770
27 7 17 19 39 2217.98900 12.52999000 173.30001 35.90000 15.75383 161.67794
27 7 17 19 40 2217.98900 12.52999000 173.30001 35.99992 15.75273 161.67770
27 7 17 19 39 2217.99000 12.52999000 173.30001 35.99992 15.75273 161.67770
27 7 17 19 40 2217.99000 12.52999000 173.30001 35.90000 15.75273 161.67770
27 7 17 19 40 2216.81000 12.52999000 173.10001 35.99992 15.71000 161.00100
27 7 17 19 40 2217.24400 12.52999000 173.50000 35.90000 15.75273 161.67770
27 7 17 19 41 2217.99000 12.52999000 173.10001 35.90000 15.75383 161.67794
27 7 17 19 42 2217.99000 12.52999000 173.39206 35.90000 15.75273 161.67770
27 7 17 19 42 2217.99000 12.52999000 173.30001 35.90000 15.75273 161.67794
27 7 17 19 42 2220.13100 12.52999000 173.40851 35.90000 15.75273 161.00100
27 7 17 19 43 2221.51000 12.52000000 173.39204 35.90000 15.75273 161.67770
27 7 17 19 43 2221.51100 12.48001000 173.39204 35.90000 15.75383 161.67100
27 7 17 19 44 2221.51100 12.48001000 173.39204 35.90000 15.75121 161.67100
27 7 17 19 44 2221.51100 12.48001000 173.39204 35.90000 15.75121 161.67100
27 7 17 19 45 2221.51100 12.48001000 173.22349 35.90000 15.75121 161.67100
27 7 17 19 47 2221.51100 12.48001000 173.39203 35.90000 15.75121 161.67100
27 7 17 19 45 2221.51100 12.48001000 173.22349 35.90000 15.75121 161.67100
27 7 17 19 47 2223.28400 12.52999000 173.39204 35.90000 15.75121 161.67100
27 7 17 19 46 2223.98400 12.48001000 173.39204 35.90000 15.75121 161.67100
27 7 17 19 48 2223.96900 12.48001000 173.39204 35.90000 15.75120 161.67100
27 7 17 19 47 2223.80200 12.48001000 173.39204 35.90000 15.75120 161.67100
27 7 17 19 49 2221.50900 12.48001000 173.39204 35.90000 15.75120 161.67100
27 7 17 19 48 2223.82700 12.48001000 173.39204 35.90000 15.75120 161.67100
27 7 17 19 50 2223.81600 12.48001000 173.39204 35.90000 15.75120 160.00261
27 7 17 19 49 2223.99900 12.52000000 173.39204 35.90000 15.75120 161.67100
27 7 17 19 50 2223.81600 12.52000000 173.39204 35.90000 15.75120 161.67100
27 7 17 19 50 2222.00000 12.48001000 173.39203 35.90000 15.75120 160.00261
27 7 17 19 50 2221.51000 12.48001000 173.39204 35.84233 15.75121 161.67100
27 7 17 19 51 2225.98900 12.52999000 173.39204 35.84236 15.75120 160.00261
27 7 17 19 51 2225.99900 12.48001000 173.39204 35.84656 15.75120 160.00261
27 7 17 19 52 2225.99900 12.48001000 173.39204 35.84656 15.75120 160.00261
27 7 17 19 52 2225.99900 12.48001000 173.49999 35.84656 15.75120 161.67100
27 7 17 19 53 2223.99700 12.48001000 173.49999 35.90398 15.75120 161.02000
27 7 17 19 53 2225.98900 12.48001000 173.50000 35.94999 15.75121 161.02000
27 7 17 19 55 2225.99900 12.48001000 173.50000 35.84236 15.71000 161.02000
27 7 17 19 54 2224.00000 12.48001000 173.50000 35.94999 15.71000 161.02000
27 7 17 19 55 2225.00000 12.52000000 173.50000 35.85710 15.71000 161.02000
27 7 17 19 55 2226.00000 12.48001000 173.49999 35.85710 15.71000 161.02000
27 7 17 19 56 2225.00000 12.48001000 173.50000 35.86346 15.71000 161.67100
27 7 17 19 55 2225.00000 12.48001000 173.40002 35.86140 15.75121 161.67100
27 7 17 19 56 2225.82900 12.48001000 173.49998 35.84234 15.71000 161.67100
27 7 17 19 56 2225.82900 12.52999000 173.49998 35.79314 15.71000 161.67100
27 7 17 19 58 2225.82900 12.52000000 173.50000 35.79314 15.71000 161.02000
27 7 17 19 57 2225.81700 12.48001000 173.50000 35.74062 15.71000 161.67100
27 7 17 19 58 2225.81500 12.52999000 173.50000 35.79314 15.71000 161.02000
27 7 17 19 58 2225.98900 12.52999000 173.49998 35.74062 15.71000 161.67100
27 7 17 19 59 2225.81100 12.52999000 173.50000 35.74062 15.71000 161.02000
27 7 17 20 00 2225.80000 12.52999000 173.50000 35.74062 15.77103 161.67100
27 7 17 20 01 2225.80000 12.52999000 173.50000 35.74062 15.77105 161.67100
27 7 17 20 00 2224.99900 12.52999000 173.50000 35.74062 15.60251 161.02000
27 7 17 20 01 2222.10600 12.55000000 173.10000 35.71900 15.60251 161.66863
27 7 17 20 02 2221.99400 12.55000000 173.10000 35.71900 15.59916 161.66863
27 7 17 20 01 2220.26100 12.52999000 173.10174 35.71900 15.59916 161.66863
27 7 17 20 02 2220.15200 12.52999000 173.10188 35.71900 15.59916 161.67100
27 7 17 20 02 2217.33400 12.55000000 173.00000 35.70136 15.59916 161.67100
27 7 17 20 03 2219.88900 12.52999000 173.00000 35.71900 15.59916 161.67100
27 7 17 20 04 2219.00000 12.55000000 173.00001 35.68000 15.59916 161.67100
27 7 17 20 04 2217.33400 12.55000000 173.00002 35.51200 15.59916 161.66863
27 7 17 20 04 2219.00000 12.55000000 173.00002 35.51201 15.59916 161.66863
27 7 17 20 04 2219.88900 12.55000000 173.00002 35.51199 15.59916 161.66863
27 7 17 20 05 2219.00000 12.48001000 173.00002 35.67999 15.59916 161.66863
27 7 17 20 05 2219.00000 12.52999000 173.00002 35.51201 15.59916 161.66863
27 7 17 20 06 2219.00000 12.52999000 172.45104 35.51201 15.59916 161.66863
27 7 17 20 07 2219.00000 12.55000000 172.45104 35.51199 15.59916 161.66863
27 7 17 20 07 2219.00000 12.55991000 173.11956 35.51201 15.59916 161.66863
27 7 17 20 07 2219.00000 12.55991000 173.11956 35.51201 15.59916 161.66793
27 7 17 20 07 2219.00000 12.52999000 173.11956 35.51201 15.59916 161.66793
27 7 17 20 08 2219.00000 12.48001000 173.11956 35.51201 15.59916 161.66793
27 7 17 20 08 2219.00000 12.55991000 172.61490 35.60276 15.59917 161.66793
27 7 17 20 08 2219.00000 12.55991000 172.61490 35.60276 15.59917 161.66793
27 7 17 20 10 2219.19600 12.55991000 172.66960 35.52501 15.59916 161.66760
27 7 17 20 10 2219.19600 12.55991000 172.66960 35.52501 15.59916 161.66760
27 7 17 20 11 2219.00000 12.55991000 172.67133 35.52502 15.59916 161.66760
27 7 17 20 10 2219.00000 12.52999000 172.67133 35.52502 15.59917 161.66760
27 7 17 20 11 2220.26200 12.55991000 173.00000 35.60273 15.59916 161.66760
27 7 17 20 11 2220.26200 12.55991000 173.00000 35.60273 15.59916 161.66760
27 7 17 20 12 2220.26200 12.55991000 173.00000 35.60273 15.59918 161.66760
27 7 17 20 13 2220.26200 12.55991000 173.00000 35.60273 15.59918 161.66760
27 7 17 20 13 2219.00000 12.55991000 173.00000 35.61542 15.59918 161.66760
27 7 17 20 14 2219.99900 12.52999000 173.00000 35.51000 15.59918 161.66760
27 7 17 20 14 2219.20000 12.48001000 172.66960 35.51000 15.59918 161.66760
27 7 17 20 17 2219.19400 12.55991000 172.66960 35.51000 15.59918 161.66760
27 7 17 20 15 2220.26200 12.52999000 173.00000 35.61542 15.59916 161.66760
27 7 17 20 16 2219.00000 12.55991000 173.00000 35.58646 15.59916 161.66760
27 7 17 20 17 2219.00000 12.55991000 172.61669 35.60001 15.59918 161.66679
27 7 17 20 17 2219.00800 12.55991000 172.55000 35.60001 15.59918 161.66760
27 7 17 20 19 2219.00900 12.55991000 172.61669 35.60001 15.59918 160.00771
27 7 17 20 18 2217.39400 12.55991000 172.56002 35.60001 15.59918 160.00771
27 7 17 20 18 2217.61500 12.51000000 172.56002 35.60001 15.59916 160.00794
27 7 17 20 19 2218.27500 12.51000000 172.56001 35.67414 15.59916 161.66679
27 7 17 20 19 2216.80900 12.51000000 172.56002 35.67414 15.59918 160.00794
27 7 17 20 20 2216.80900 12.51000000 172.61669 35.67414 15.59916 161.66679
27 7 17 20 20 2216.80900 12.51000000 172.61668 35.67414 15.59918 160.00794
27 7 17 20 21 2215.00000 12.51000000 172.61619 35.67414 15.62934 160.00794
27 7 17 20 21 2212.00000 12.55881000 172.61668 35.67414 15.62934 160.00794
27 7 17 20 22 2212.70000 12.55881000 172.55001 35.67414 15.62934 160.00794
27 7 17 20 22 2212.00900 12.55881000 172.61620 35.60001 15.62934 160.00794
27 7 17 20 22 2216.80900 12.55881000 172.60120 35.60001 15.62934 160.00794
27 7 17 20 24 2211.00100 12.55881000 172.54827 35.67414 15.62934 160.00794
27 7 17 20 25 2211.49900 12.55881000 172.54780 35.67414 15.62934 160.00794
27 7 17 20 24 2210.59000 12.55881000 172.54780 35.60001 15.62934 161.66679
27 7 17 20 25 2210.59000 12.55881000 172.49827 35.67415 15.62934 160.00794
27 7 17 20 26 2203.00100 12.55881000 172.54827 35.60001 15.62934 161.66679
27 7 17 20 26 2202.00100 12.55881000 172.49827 35.67415 15.62934 160.00004
27 7 17 20 26 2202.00100 12.51000000 172.45100 35.67415 15.62934 160.00004
27 7 17 20 26 2209.00000 12.55881000 172.45100 35.60001 15.62934 161.66679
27 7 17 20 26 2213.77000 12.55881000 172.45100 35.67415 15.73212 160.00004
27 7 17 20 28 2205.12100 12.55881000 172.45100 35.67415 15.73212 160.00004
27 7 17 20 27 2213.60000 12.55881000 172.45100 35.86200 15.73212 160.00004
27 7 17 20 29 2214.00000 12.51000000 172.45100 35.84233 15.62934 161.66760
27 7 17 20 30 2213.60000 12.55881000 172.45100 35.67414 15.73212 160.00004
27 7 17 20 29 2209.00000 12.55881000 172.45100 35.83919 15.73212 160.00004
27 7 17 20 29 2208.88800 12.45109000 172.53890 35.83919 15.62934 160.00004
27 7 17 20 29 2210.00000 12.45112000 172.45100 35.83919 15.73212 160.00002
27 7 17 20 30 2210.07300 12.45109000 172.45101 35.68740 15.72299 160.00004
27 7 17 20 30 2210.00000 12.45109000 172.45000 35.82555 15.72299 160.00004
27 7 17 20 32 2209.98900 12.45109000 172.45100 35.82554 15.72299 160.00004
27 7 17 20 32 2209.98900 12.45109000 172.45093 35.68740 15.72299 160.98874
27 7 17 20 31 2208.99900 12.45112000 172.45173 35.68740 15.72299 160.98874
27 7 17 20 32 2209.99000 12.45111000 172.46300 35.68740 15.72299 160.00002
27 7 17 20 33 2208.99900 12.45001000 172.61668 35.68740 15.72299 160.98874
27 7 17 20 33 2208.99700 12.45001000 172.45689 35.68740 15.65300 160.98874
27 7 17 20 33 2208.86800 12.45001000 172.46300 35.79196 15.65300 161.66679
27 7 17 20 34 2206.00300 12.47542000 172.41361 35.79196 15.65300 160.98874
27 7 17 20 34 2210.09800 12.47542000 172.45000 35.83815 15.65300 160.98874
27 7 17 20 35 2208.78900 12.47542000 172.45001 35.79196 15.65300 160.94298
27 7 17 20 36 2209.90000 12.47542000 172.53599 35.83459 15.65300 160.94298
27 7 17 20 36 2208.86800 12.45000000 172.50001 35.83149 15.65300 160.98874
27 7 17 20 36 2209.90000 12.47542000 172.50001 35.83459 15.65300 160.94298
27 7 17 20 36 2209.90000 12.45000000 172.53421 35.83459 15.65300 160.94298
27 7 17 20 37 2209.90000 12.45000000 172.61669 35.83459 15.65300 160.00001
27 7 17 20 38 2209.90000 12.45003000 172.61669 35.83459 15.65300 160.00001
27 7 17 20 38 2213.66700 12.45003000 172.75000 35.83141 15.65300 160.00001
27 7 17 20 39 2213.66700 12.45003000 172.61669 35.83141 15.65300 160.00001
27 7 17 20 39 2213.66700 12.45001000 173.50000 35.83349 15.65300 160.00001
27 7 17 20 40 2213.66700 12.45001000 173.00001 35.83349 15.65300 160.00001
27 7 17 20 41 2213.66700 12.45001000 173.49989 35.83039 15.65300 160.00002
27 7 17 20 42 2213.66700 12.45001000 173.00175 35.70688 15.65300 160.00002
27 7 17 20 41 2213.66700 12.45000000 173.00174 35.83458 15.65300 160.98874
27 7 17 20 41 2213.66700 12.45001000 173.30000 35.83141 15.73279 160.00002
27 7 17 20 42 2213.66700 12.45003000 173.30000 35.70688 15.65300 160.00002
27 7 17 20 42 2213.66700 12.45001000 173.30000 35.83457 15.65300 160.00005
27 7 17 20 43 2213.66700 12.45001000 173.58814 35.83457 15.73279 160.00005
27 7 17 20 44 2213.66700 12.45001000 173.49966 35.83457 15.73279 160.00005
27 7 17 20 44 2217.43000 12.45311000 173.86501 35.83459 15.73279 160.00005
27 7 17 20 44 2218.74500 12.45000000 173.86501 35.83457 15.73279 160.00002
27 7 17 20 45 2218.74500 12.45000000 173.86501 35.83457 15.73279 160.00005
27 7 17 20 44 2218.74500 12.45000000 173.49967 35.83457 15.73279 160.00005
27 7 17 20 46 2219.00000 12.45000000 173.00500 35.83459 15.73279 160.94298
27 7 17 20 45 2220.11000 12.45000000 173.00500 35.83459 15.73279 160.00005
27 7 17 20 47 2220.26200 12.45000000 173.00000 35.83459 15.73279 160.00005
27 7 17 20 46 2221.63900 12.45000000 173.00497 35.83459 15.73279 160.00005
27 7 17 20 47 2225.00000 12.45000000 173.00000 35.83459 15.73279 160.00005
27 7 17 20 47 2227.09500 12.45000000 173.00000 35.83459 15.73279 160.94298
27 7 17 20 48 2227.09500 12.45000000 172.81165 35.83459 15.73279 160.00005
27 7 17 20 48 2225.79100 12.55990000 172.81165 35.75834 15.73279 160.00005
27 7 17 20 48 2225.79100 12.56677000 172.99647 35.83459 15.65300 160.00005
27 7 17 20 49 2225.79100 12.56677000 172.83174 35.70898 15.73279 160.00005
27 7 17 20 50 2220.00000 12.49087000 173.00494 35.83459 15.65300 160.00002
27 7 17 20 50 2220.02100 12.49087000 173.45828 35.83459 15.65300 160.00001
27 7 17 20 52 2219.39800 12.49087000 172.99644 35.70898 15.73279 160.94298
27 7 17 20 51 2218.89600 12.45000000 173.15921 36.05670 15.65300 160.00001
27 7 17 20 51 2221.82700 12.45000000 173.15921 35.86200 15.73279 160.00002
27 7 17 20 52 2221.82700 12.49071000 172.85878 35.86200 15.73279 160.00002
27 7 17 20 52 2223.20000 12.45000000 172.81000 36.05341 15.57336 160.00002
27 7 17 20 52 2221.01000 12.45000000 172.81000 35.86203 15.57336 160.00002
27 7 17 20 53 2218.41700 12.45000000 173.00000 35.70898 15.57336 160.00002
27 7 17 20 53 2220.79900 12.45000000 172.81000 35.86203 15.73279 160.00002
27 7 17 20 54 2220.79900 12.49071000 172.80000 35.86200 15.57336 160.94298
27 7 17 20 54 2220.77000 12.44334000 173.00000 35.91299 15.57336 160.00002
27 7 17 20 55 2220.65900 12.44334000 172.80000 35.91299 15.57336 160.94298
27 7 17 20 55 2220.58600 12.44334000 172.80000 35.86203 15.73279 160.00002
27 7 17 20 56 2223.96500 12.44548000 172.80351 35.86200 15.57336 160.00002
27 7 17 20 57 2225.69700 12.44864000 172.60002 35.86203 15.57336 160.00005
27 7 17 20 58 2225.69700 12.44864000 172.60001 35.91299 15.57336 160.47138
27 7 17 20 58 2225.69700 12.44864000 172.60002 36.00701 15.57336 160.47138
27 7 17 20 59 2227.00000 12.44864000 172.60010 35.86200 15.57336 160.47138
27 7 17 20 59 2227.00000 12.44864000 172.60010 35.86204 15.57336 160.00005
27 7 17 21 00 2227.00000 12.44864000 172.84897 35.86307 15.57336 160.47138
27 7 17 21 01 2229.00000 12.44864000 172.60013 35.86307 15.57336 160.00067
27 7 17 21 00 2230.01000 12.44864000 172.60010 35.86307 15.57336 160.00067
27 7 17 21 02 2230.01000 12.44864000 173.09539 35.86409 15.57336 160.00067
27 7 17 21 01 2230.01000 12.44864000 172.60010 35.86200 15.57336 160.00067
27 7 17 21 02 2230.01000 12.44864000 172.84873 36.15067 15.57336 160.00067
27 7 17 21 02 2230.01000 12.56690000 172.60012 36.13710 15.57336 160.00067
27 7 17 21 03 2230.01000 12.56690000 172.72453 35.86307 15.73279 160.00067
27 7 17 21 03 2230.01000 12.44864000 172.60013 36.13710 15.57336 160.47138
27 7 17 21 03 2230.01000 12.56690000 172.60011 35.90000 15.73279 160.00067
27 7 17 21 04 2230.01000 12.44557000 172.60011 35.90000 15.57336 160.00067
27 7 17 21 04 2230.43100 12.44556000 172.61337 35.90000 15.57336 160.00067
27 7 17 21 05 2230.43100 12.48069000 172.60010 35.90000 15.57336 160.00067
27 7 17 21 05 2230.43100 12.48069000 172.60011 36.13575 15.57336 160.00067
27 7 17 21 06 2230.43100 12.44448000 172.60384 35.90000 15.57336 160.47138
27 7 17 21 06 2230.43100 12.44555000 172.62001 35.90000 15.57336 160.00067
27 7 17 21 08 2230.43100 12.44448000 172.62001 36.13574 15.57336 160.00067
27 7 17 21 07 2232.75000 12.44448000 172.70000 35.90000 15.57336 161.80040
27 7 17 21 07 2232.75000 12.55208000 173.09540 36.00000 15.57336 161.80040
27 7 17 21 08 2232.75000 12.55408000 172.98646 36.00000 15.57336 161.80040
27 7 17 21 09 2235.03200 12.55408000 173.09540 36.00000 15.57336 161.80040
27 7 17 21 10 2239.99000 12.55408000 173.99999 36.00000 15.73279 160.00002
27 7 17 21 13 2239.99000 12.55818000 173.99998 36.01001 15.57336 162.76243
27 7 17 21 14 2239.99000 12.56691000 173.58297 36.01001 15.73207 160.00002
27 7 17 21 14 2242.30000 12.55818000 173.99998 36.01001 15.73207 160.00002
27 7 17 21 14 2242.30000 12.55199000 173.99999 36.01000 15.73205 160.00002
27 7 17 21 16 2242.30000 12.55199000 173.99998 36.01000 15.73205 162.76263
27 7 17 21 16 2243.00000 12.55199000 174.01370 36.01000 15.73210 162.76263
27 7 17 21 16 2243.92000 12.55818000 174.20000 36.01000 15.73210 162.76263
27 7 17 21 17 2243.92000 12.55199000 174.41003 36.00001 15.73205 162.76263
27 7 17 21 17 2242.30000 12.55199000 174.13979 36.04399 15.73210 162.76263
27 7 17 21 17 2242.30000 12.55199000 174.13979 36.04399 15.73210 162.76263
27 7 17 21 18 2243.92000 12.55199000 174.41003 36.11994 15.73210 162.76263
27 7 17 21 19 2243.92000 12.55199000 174.60009 36.23510 15.73210 162.76263
