16 10 17 00 00 4770.00000 9.95700000 281.00000 54.63000 15.75500 195.97000
16 10 17 00 00 4770.10000 9.95700000 281.00000 54.63000 15.75500 195.97000
16 10 17 00 01 4771.40000 9.95700000 281.00000 54.63000 15.75500 195.97000
16 10 17 00 01 4770.70000 9.95700000 281.00000 54.63000 15.75500 195.97000
16 10 17 00 01 4770.60000 9.95700000 281.00000 54.63000 15.75500 195.97000
16 10 17 00 02 4770.50000 9.95700000 281.00000 54.63000 15.75500 195.97000
16 10 17 00 02 4770.10000 10.05600000 281.00000 54.63000 15.75500 195.97000
16 10 17 00 03 4770.10000 10.05600000 281.00000 54.82000 15.75500 195.97000
16 10 17 00 03 4770.00000 10.05600000 281.97000 54.82000 15.75500 195.97000
16 10 17 00 04 4770.00000 10.05600000 281.00000 54.82000 15.75500 195.97000
16 10 17 00 04 4769.40000 10.05600000 280.95000 54.82000 15.75500 195.92800
16 10 17 00 04 4769.90000 10.05600000 280.95000 54.82000 15.75500 195.92800
16 10 17 00 05 4770.00000 10.05600000 280.70000 54.82000 15.75500 195.92800
16 10 17 00 05 4770.00000 10.05600000 281.02000 54.82000 15.75500 195.92800
16 10 17 00 06 4770.00000 10.05600000 281.02000 54.82000 15.75500 195.92800
16 10 17 00 06 4770.00000 10.05600000 281.20000 54.82000 15.75500 195.92800
16 10 17 00 07 4770.60000 10.05600000 280.03000 54.82000 15.75500 195.92800
16 10 17 00 07 4772.00000 10.05600000 281.96000 54.82000 15.75500 195.92800
16 10 17 00 07 4772.10000 10.05600000 280.72000 54.82000 15.75500 195.92800
16 10 17 00 08 4787.00000 10.05600000 280.72000 54.76000 15.75500 195.92800
16 10 17 00 08 4787.00000 10.05600000 280.72000 54.98000 15.75500 195.92800
16 10 17 00 09 4787.00000 10.05600000 279.96000 54.98000 15.75500 195.92800
16 10 17 00 09 4779.50000 10.05600000 279.11000 54.98000 15.75500 195.92800
16 10 17 00 10 4779.80000 10.05600000 279.11000 54.98000 15.75500 195.92800
16 10 17 00 10 4779.80000 10.05600000 279.11000 54.98000 15.75500 195.92800
16 10 17 00 10 4776.60000 10.05600000 281.46000 54.98000 15.75500 194.04000
16 10 17 00 11 4776.60000 10.05600000 281.46000 54.98000 15.75500 194.04000
16 10 17 00 11 4776.30000 10.05600000 281.17000 55.11000 15.75500 194.04000
16 10 17 00 12 4776.60000 10.05600000 281.17000 55.11000 15.75500 194.04000
16 10 17 00 12 4786.00000 10.05600000 281.43000 55.11000 15.75500 194.04000
16 10 17 00 13 4777.10000 10.05600000 281.49000 55.11000 15.75500 194.04000
16 10 17 00 13 4777.10000 10.05600000 281.86000 55.34000 15.75500 194.04000
16 10 17 00 13 4778.00000 10.05600000 281.86000 55.34000 15.75500 194.04000
16 10 17 00 14 4786.00000 10.05600000 281.83000 55.34000 15.75500 194.04000
16 10 17 00 14 4787.00000 10.05600000 281.83000 55.34000 15.75500 194.04000
16 10 17 00 15 4786.00000 10.05600000 281.83000 55.34000 15.75500 194.04000
16 10 17 00 15 4786.00000 10.05600000 281.82000 55.34000 15.75500 194.04000
16 10 17 00 16 4779.70000 10.05600000 281.82000 55.34000 15.75500 194.04000
16 10 17 00 16 4779.80000 10.05600000 281.99000 55.34000 15.75500 194.04000
16 10 17 00 16 4780.00000 10.05600000 282.00000 55.34000 15.75500 194.04000
16 10 17 00 17 4770.90000 10.05600000 282.08000 55.34000 15.75500 194.04000
16 10 17 00 17 4770.90000 10.05600000 282.09000 55.34000 15.75500 194.04000
16 10 17 00 18 4774.20000 10.05600000 282.09000 55.18000 15.75500 194.04000
16 10 17 00 18 4774.20000 10.05600000 282.06000 55.18000 15.75500 194.04000
16 10 17 00 19 4774.30000 10.05600000 282.07000 54.99000 15.75500 194.04000
16 10 17 00 19 4770.00000 10.05600000 282.04000 55.08000 15.75500 194.04000
16 10 17 00 19 4770.00000 10.05600000 281.58000 54.99000 15.75500 194.04000
16 10 17 00 20 4770.00000 10.05600000 282.08000 54.99000 15.75500 194.04000
16 10 17 00 20 4773.70000 10.05600000 282.08000 55.05000 15.75500 194.04000
16 10 17 00 21 4773.70000 10.05600000 282.08000 55.05000 15.75500 194.04000
16 10 17 00 21 4771.80000 10.05600000 282.08000 55.05000 15.75500 195.85000
16 10 17 00 22 4773.70000 10.05600000 282.08000 55.05000 15.75500 195.87000
16 10 17 00 22 4773.70000 10.05600000 281.93000 55.05000 15.75500 195.85000
16 10 17 00 22 4771.00000 10.05600000 281.93000 55.05000 15.75500 195.85000
16 10 17 00 23 4773.60000 10.05600000 280.32000 55.05000 15.75500 195.85000
16 10 17 00 23 4773.60000 10.05600000 280.32000 55.05000 15.75500 195.85000
16 10 17 00 24 4772.10000 10.05600000 281.88000 55.05000 15.75500 195.85000
16 10 17 00 24 4772.10000 10.05600000 281.22000 55.05000 15.75500 195.85000
16 10 17 00 25 4775.00000 10.05600000 281.60000 55.05000 15.75500 195.85000
16 10 17 00 25 4775.00000 10.05600000 281.60000 55.05000 15.75500 195.85000
16 10 17 00 25 4772.50000 10.05600000 281.20000 55.14000 15.75500 195.85000
16 10 17 00 26 4771.90000 10.05600000 281.20000 55.19000 15.75500 195.85000
16 10 17 00 26 4779.00000 10.05600000 281.20000 55.19000 15.75500 195.85000
16 10 17 00 27 4779.00000 10.05600000 281.20000 55.19000 15.75500 195.85000
16 10 17 00 27 4779.00000 10.05600000 281.58000 55.09000 15.75500 195.85000
16 10 17 00 28 4779.00000 10.05600000 281.85000 55.09000 15.75500 195.85000
16 10 17 00 28 4779.00000 10.05600000 281.82000 55.12000 15.75500 195.85000
16 10 17 00 28 4778.00000 10.05600000 281.82000 55.12000 15.75500 195.85000
16 10 17 00 29 4778.00000 10.05600000 281.82000 55.12000 15.75500 195.85000
16 10 17 00 29 4773.90000 10.05600000 281.82000 55.12000 15.75500 195.85000
16 10 17 00 30 4773.90000 10.05600000 281.46000 55.12000 15.75500 195.85000
16 10 17 00 30 4774.00000 10.05600000 281.82000 55.18000 15.75500 195.85000
16 10 17 00 31 4774.00000 10.05600000 281.82000 55.16000 15.75500 195.85000
16 10 17 00 31 4777.30000 10.05600000 282.08000 55.30000 15.75500 195.85000
16 10 17 00 31 4777.30000 10.05600000 282.09000 55.30000 15.75500 195.85000
16 10 17 00 32 4783.60000 10.05600000 282.09000 55.30000 15.75500 195.85000
16 10 17 00 32 4783.60000 10.05600000 282.09000 55.16000 15.75500 195.85000
16 10 17 00 33 4783.50000 10.05600000 282.09000 55.16000 15.77100 195.85000
16 10 17 00 33 4777.70000 10.05600000 282.09000 55.16000 15.77100 195.85000
16 10 17 00 34 4777.70000 10.05600000 282.09000 55.16000 15.77100 195.85000
16 10 17 00 34 4777.90000 10.05600000 282.09000 55.16000 15.77100 195.85000
16 10 17 00 34 4779.70000 10.01000000 282.09000 55.16000 15.77100 195.85000
16 10 17 00 35 4779.90000 10.01000000 282.09000 55.16000 15.77100 195.85000
16 10 17 00 35 4779.90000 10.01000000 282.09000 55.26000 15.77100 195.85000
16 10 17 00 36 4784.70000 10.01000000 282.12000 55.28000 15.77100 195.85000
16 10 17 00 36 4780.30000 10.01000000 282.12000 55.28000 15.77100 195.85000
16 10 17 00 37 4786.70000 10.01000000 282.36420 55.28000 15.77100 195.85000
16 10 17 00 37 4785.00000 10.01000000 282.36420 55.28000 15.77100 195.85000
16 10 17 00 37 4785.00000 10.01000000 282.36420 55.28000 15.77100 194.96000
16 10 17 00 38 4785.60000 10.01000000 282.36420 55.28000 15.77100 194.96000
16 10 17 00 38 4785.50000 10.09000000 282.36420 55.28000 15.77100 194.96000
16 10 17 00 39 4785.50000 10.09200000 282.36000 55.28000 15.77100 194.96000
16 10 17 00 39 4785.30000 10.09200000 282.36420 55.28000 15.77100 194.96000
16 10 17 00 40 4785.60000 10.09200000 282.36420 55.28000 15.77100 194.96000
16 10 17 00 40 4786.10000 10.09600000 282.36420 55.28000 15.77100 193.95000
16 10 17 00 40 4786.30000 9.99800000 282.48000 55.28000 15.77100 193.95000
16 10 17 00 41 4785.30000 9.99800000 282.48000 55.32000 15.77100 193.95000
16 10 17 00 41 4785.50000 9.99800000 282.66000 55.32000 15.77100 193.95000
16 10 17 00 42 4785.30000 9.99800000 282.66000 55.32000 15.77100 193.95000
16 10 17 00 42 4786.30000 9.99800000 282.80000 55.32000 15.77100 193.95000
16 10 17 00 42 4786.30000 9.99800000 282.80000 55.32000 15.77100 193.95000
16 10 17 00 43 4786.30000 9.99800000 282.90000 55.32000 15.77100 193.95000
16 10 17 00 43 4786.50000 9.99800000 282.90000 55.32000 15.77100 193.96200
16 10 17 00 44 4788.40000 9.99700000 282.90000 55.32000 15.77100 193.96200
16 10 17 00 44 4786.50000 9.99700000 282.90000 55.33000 15.77100 193.96200
16 10 17 00 45 4786.50000 9.99700000 282.90000 55.33000 15.77100 193.96200
16 10 17 00 45 4786.50000 9.99700000 282.90000 55.33000 15.77100 193.96200
16 10 17 00 45 4787.00000 9.99700000 282.89000 55.33000 15.77100 193.96200
16 10 17 00 46 4787.00000 9.99700000 282.87000 55.33000 15.77100 193.96200
16 10 17 00 46 4787.60000 9.99700000 283.20000 55.33000 15.77100 193.96200
16 10 17 00 47 4787.40000 9.99700000 283.20000 55.33000 15.77100 193.96200
16 10 17 00 47 4787.50000 9.99700000 283.20000 55.33000 15.77100 193.96200
16 10 17 00 48 4787.50000 9.99700000 283.20000 55.33000 15.77100 193.96200
16 10 17 00 48 4787.70000 9.99700000 283.20000 55.33000 15.77100 193.96200
16 10 17 00 48 4787.60000 9.99700000 283.20000 55.33000 15.77100 193.96200
16 10 17 00 49 4788.20000 9.99700000 283.20000 55.33000 15.77100 193.96200
16 10 17 00 49 4787.90000 9.99700000 283.20000 55.33000 15.77100 193.96200
16 10 17 00 50 4791.10000 9.99700000 283.20000 55.33000 15.77100 193.96200
16 10 17 00 50 4788.20000 9.99700000 283.20000 55.22000 15.77100 193.96200
16 10 17 00 51 4787.60000 9.99700000 283.19000 55.22000 15.77100 193.96200
16 10 17 00 51 4787.60000 9.99700000 283.18000 55.33000 15.77100 193.96200
16 10 17 00 51 4793.00000 9.99700000 283.18000 55.33000 15.77100 193.96200
16 10 17 00 52 4793.00000 10.09500000 283.18000 55.33000 15.77100 193.96200
16 10 17 00 52 4793.20000 10.09500000 283.18000 55.33000 15.77100 193.96200
16 10 17 00 53 4793.20000 10.09500000 283.16000 55.33000 15.77100 193.96200
16 10 17 00 53 4794.90000 10.09500000 283.16000 55.33000 15.77100 193.96200
16 10 17 00 54 4794.90000 10.09500000 283.17000 55.33000 15.77100 193.96200
16 10 17 00 54 4794.90000 10.09500000 283.18000 55.33000 15.77100 193.96200
16 10 17 00 54 4794.40000 10.09500000 283.17000 55.33000 15.77100 193.96200
16 10 17 00 55 4792.30000 10.09500000 283.17000 55.33000 15.77100 193.96200
16 10 17 00 55 4792.30000 10.09500000 283.20000 55.33000 15.77100 193.96200
16 10 17 00 56 4792.30000 10.09500000 283.20000 55.33000 15.77100 193.96200
16 10 17 00 56 4792.30000 10.09500000 283.17000 55.33000 15.77100 193.96200
16 10 17 00 57 4792.30000 10.09500000 283.18000 55.33000 15.77100 193.96200
16 10 17 00 57 4789.00000 10.09500000 283.15000 55.33000 15.77100 193.96200
16 10 17 00 57 4789.10000 10.09500000 283.22000 55.33000 15.77100 194.00500
16 10 17 00 58 4791.70000 10.09500000 283.19000 55.50000 15.77100 194.01500
16 10 17 00 58 4790.60000 10.09500000 283.18000 55.51000 15.77100 194.01500
16 10 17 00 59 4795.00000 10.09500000 283.19000 55.50000 15.77100 194.01500
16 10 17 00 59 4794.20000 10.09500000 283.21000 55.51000 15.77100 194.01500
16 10 17 00 59 4794.20000 10.09500000 283.21000 55.52000 15.77100 194.49900
16 10 17 01 00 4793.70000 10.09500000 283.21000 55.52000 15.77100 194.49900
16 10 17 01 00 4793.70000 10.09500000 283.21000 55.50000 15.77100 194.00500
16 10 17 01 01 4793.70000 10.09500000 283.19000 55.50000 15.77100 194.00500
16 10 17 01 01 4792.40000 10.09500000 283.22000 55.50000 15.77100 194.00500
16 10 17 01 02 4791.90000 10.09500000 283.20000 55.53000 15.77100 194.00500
16 10 17 01 02 4791.40000 10.09500000 283.22000 55.53000 15.77100 194.00500
16 10 17 01 02 4789.80000 10.09500000 283.22000 55.53000 15.77100 194.00500
16 10 17 01 03 4788.80000 10.09500000 283.22000 55.50000 15.77100 194.49500
16 10 17 01 03 4791.60000 10.09500000 283.22000 55.50000 15.77100 194.49500
16 10 17 01 04 4789.30000 10.09500000 283.22000 55.50000 15.77100 194.49500
16 10 17 01 04 4789.40000 10.09500000 283.55000 55.50000 15.77100 194.49500
16 10 17 01 04 4786.80000 10.09500000 283.55000 55.50000 15.77100 194.49500
16 10 17 01 05 4785.90000 10.09500000 283.89000 55.50000 15.77100 194.49500
16 10 17 01 05 4784.90000 10.09500000 283.90000 55.50000 15.77100 194.49500
16 10 17 01 06 4784.90000 10.09500000 283.90000 55.50000 15.77100 194.49500
16 10 17 01 06 4783.40000 10.09500000 283.66000 55.50000 15.77100 194.49500
16 10 17 01 07 4783.90000 10.09500000 283.96000 55.50000 15.77100 194.49500
16 10 17 01 07 4779.90000 10.09500000 284.00000 55.50000 15.77100 194.49500
16 10 17 01 08 4779.90000 10.09500000 284.00000 55.50000 15.77100 194.19600
16 10 17 01 08 4778.80000 10.09500000 284.00000 55.50000 15.77100 194.19600
16 10 17 01 08 4776.90000 10.09500000 284.00000 55.50000 15.77100 194.19600
16 10 17 01 09 4776.90000 10.09500000 283.99000 55.50000 15.77100 194.19600
16 10 17 01 09 4776.90000 10.09500000 284.00000 55.31000 15.77100 194.19600
16 10 17 01 10 4771.50000 10.09500000 284.00000 55.31000 15.77100 194.19600
16 10 17 01 10 4770.00000 10.09500000 284.00000 55.31000 15.77100 194.19600
16 10 17 01 11 4772.80000 10.09500000 283.99000 55.31000 15.77100 194.19600
16 10 17 01 11 4770.00000 10.09500000 283.98000 55.31000 15.77100 194.19600
16 10 17 01 11 4772.10000 10.09500000 283.98000 55.31000 15.77100 194.19600
16 10 17 01 12 4771.80000 10.09500000 283.98000 55.31000 15.77100 194.19600
16 10 17 01 12 4770.00000 10.09500000 283.96000 55.31000 15.77100 194.19600
16 10 17 01 13 4761.30000 10.09500000 283.94000 55.31000 15.77100 194.19600
16 10 17 01 13 4761.40000 10.09500000 283.96000 55.31000 15.77100 194.19600
16 10 17 01 14 4761.40000 10.09500000 283.96000 55.31000 15.77100 194.19600
16 10 17 01 14 4769.20000 10.09500000 283.95000 55.14000 15.77100 194.10000
16 10 17 01 14 4769.00000 10.09500000 283.56000 55.14000 15.77100 194.10000
16 10 17 01 15 4769.00000 10.09500000 283.11000 55.14000 15.77100 194.10000
16 10 17 01 15 4769.00000 10.09500000 283.00000 55.14000 15.77100 194.10000
16 10 17 01 16 4769.00000 10.09500000 283.00000 55.14000 15.77100 194.10000
16 10 17 01 16 4769.00000 10.09500000 283.90000 55.14000 15.77100 194.10000
16 10 17 01 17 4754.20000 10.09500000 283.89000 55.14000 15.77100 194.10000
16 10 17 01 17 4768.20000 10.09500000 283.89000 55.14000 15.77100 194.10000
16 10 17 01 17 4768.10000 10.09500000 283.89000 55.14000 15.77100 194.10000
16 10 17 01 18 4768.10000 10.09500000 283.89000 55.14000 15.77100 194.10000
16 10 17 01 18 4768.10000 10.09500000 283.88000 55.14000 15.77100 194.10000
16 10 17 01 19 4768.10000 10.09500000 283.88000 55.14000 15.77100 194.10000
16 10 17 01 19 4768.10000 10.09500000 283.88000 55.14000 15.77100 194.10000
16 10 17 01 19 4768.10000 10.09500000 283.37000 55.14000 15.77100 194.10000
16 10 17 01 20 4768.10000 10.09500000 283.37000 55.14000 15.77100 194.10000
16 10 17 01 20 4769.80000 10.09500000 283.37000 55.14000 15.77100 194.10000
16 10 17 01 21 4769.40000 10.09500000 283.37000 55.14000 15.77100 194.10000
16 10 17 01 21 4776.70000 10.09500000 283.80000 55.14000 15.77100 194.10000
16 10 17 01 22 4776.60000 10.09500000 283.80000 55.14000 15.77100 194.33000
16 10 17 01 22 4776.60000 10.09500000 283.80000 55.14000 15.77100 194.32000
16 10 17 01 23 4776.60000 10.09500000 283.80000 55.14000 15.77100 194.47700
16 10 17 01 23 4776.60000 10.09500000 283.80000 55.18000 15.77100 194.47700
16 10 17 01 23 4774.60000 10.09500000 284.00000 55.18000 15.77100 194.47700
16 10 17 01 24 4763.50000 10.09500000 284.00000 55.18000 15.77100 194.47700
16 10 17 01 24 4763.70000 10.09500000 284.14000 55.18000 15.77100 194.47700
16 10 17 01 25 4773.20000 10.09500000 284.14000 55.18000 15.77100 194.47700
16 10 17 01 25 4773.20000 10.09500000 284.20000 55.15000 15.77100 194.47700
16 10 17 01 26 4764.00000 10.09500000 284.20000 55.15000 15.77100 194.24000
16 10 17 01 26 4764.00000 10.09500000 284.29000 55.15000 15.77100 194.24000
16 10 17 01 26 4771.50000 10.09500000 284.30000 55.15000 15.77100 194.24000
16 10 17 01 27 4770.60000 10.09500000 284.31000 55.15000 15.77100 194.24000
16 10 17 01 27 4770.60000 10.09500000 284.50000 55.15000 15.77100 194.24000
16 10 17 01 28 4769.80000 10.09500000 284.50000 55.12000 15.77100 194.24000
16 10 17 01 28 4763.10000 10.09500000 284.50000 55.12000 15.77100 194.24000
16 10 17 01 29 4763.10000 10.09500000 284.50000 55.12000 15.60500 194.24000
16 10 17 01 29 4763.10000 10.09500000 284.60000 55.12000 15.60200 194.24000
16 10 17 01 29 4763.00000 10.09500000 285.01000 55.12000 15.60200 194.24000
16 10 17 01 30 4762.70000 10.09500000 284.66000 55.12000 15.60200 194.24000
16 10 17 01 30 4763.10000 10.09500000 284.79000 55.12000 15.60200 194.24000
16 10 17 01 31 4762.80000 10.09500000 284.64000 55.12000 15.60200 194.24000
16 10 17 01 31 4752.50000 10.09500000 284.53000 55.12000 15.60200 194.24000
16 10 17 01 32 4751.20000 10.09500000 284.53000 55.12000 15.60200 194.24000
16 10 17 01 32 4755.10000 10.09500000 284.53000 55.12000 15.60200 194.24000
16 10 17 01 32 4755.10000 10.09500000 284.68000 55.12000 15.60200 194.24000
16 10 17 01 33 4756.00000 10.09500000 284.68000 55.00000 15.60200 194.24000
16 10 17 01 33 4756.20000 10.09500000 284.67000 55.00000 15.60200 194.24000
16 10 17 01 34 4761.00000 10.09500000 284.90000 55.00000 15.60200 194.24000
16 10 17 01 34 4761.00000 10.09500000 284.90000 55.00000 15.60200 194.24000
16 10 17 01 34 4760.40000 10.09500000 284.90000 55.00000 15.60200 194.47700
16 10 17 01 35 4760.40000 10.09500000 284.99000 55.00000 15.60200 194.47700
16 10 17 01 35 4765.00000 10.09500000 285.37000 55.00000 15.60200 194.47700
16 10 17 01 36 4765.00000 10.09500000 284.99000 55.00000 15.60200 194.47700
16 10 17 01 36 4765.00000 10.09500000 284.99000 55.00000 15.60200 194.47700
16 10 17 01 37 4765.00000 10.09500000 285.02000 55.00000 15.60200 194.47700
16 10 17 01 37 4769.20000 10.09500000 284.50000 55.00000 15.60200 194.47700
16 10 17 01 38 4769.20000 10.09500000 285.00000 55.00000 15.60200 194.47700
16 10 17 01 38 4769.20000 10.09500000 285.35000 55.00000 15.60200 194.47700
16 10 17 01 38 4769.20000 10.09500000 285.34000 54.97000 15.60200 194.47700
16 10 17 01 39 4768.50000 10.09500000 285.34000 54.97000 15.60200 194.47700
16 10 17 01 39 4768.00000 10.09500000 285.34000 54.97000 15.60200 194.47700
16 10 17 01 40 4767.80000 10.09500000 285.32000 54.97000 15.60200 194.47700
16 10 17 01 40 4765.00000 10.09500000 285.39000 54.97000 15.60200 194.47700
16 10 17 01 41 4765.00000 10.09500000 286.00000 54.97000 15.60200 194.47700
16 10 17 01 41 4765.00000 10.09500000 286.00000 54.97000 15.60200 194.47700
16 10 17 01 41 4763.90000 10.09500000 285.76000 54.97000 15.60200 194.47700
16 10 17 01 42 4760.30000 10.09500000 285.76000 54.97000 15.60200 194.47700
16 10 17 01 42 4760.40000 10.09500000 285.76000 54.97000 15.60200 194.47700
16 10 17 01 43 4763.80000 10.09500000 285.71000 54.97000 15.60200 194.47700
16 10 17 01 43 4759.90000 10.09500000 285.70000 54.97000 15.60200 194.47700
16 10 17 01 43 4767.80000 10.09500000 286.00000 54.97000 15.60200 194.47700
16 10 17 01 44 4760.60000 10.09500000 286.01000 54.97000 15.60200 194.47700
16 10 17 01 44 4777.30000 10.09500000 286.01000 54.97000 15.60200 194.47700
16 10 17 01 45 4777.30000 10.09500000 286.01000 54.97000 15.60200 194.47700
16 10 17 01 45 4770.60000 10.09500000 286.01000 54.97000 15.60200 194.47700
16 10 17 01 46 4770.60000 10.09500000 286.01000 54.97000 15.60200 194.49000
16 10 17 01 46 4761.40000 10.09500000 286.01000 54.97000 15.60200 194.49000
16 10 17 01 46 4769.90000 10.09500000 286.37000 54.97000 15.60200 194.49000
16 10 17 01 47 4769.80000 10.09500000 286.37000 54.97000 15.60200 194.49000
16 10 17 01 47 4769.00000 10.09500000 286.39000 54.81000 15.60200 194.49000
16 10 17 01 48 4768.20000 10.09500000 286.39000 54.81000 15.60200 194.49000
16 10 17 01 48 4767.90000 10.09500000 286.00000 54.76000 15.60200 194.49000
16 10 17 01 49 4767.80000 10.09500000 285.01000 54.76000 15.60200 194.49000
16 10 17 01 49 4762.20000 10.09500000 284.99000 54.66000 15.60200 194.49000
16 10 17 01 49 4762.20000 10.09500000 284.67000 54.66000 15.60200 194.49000
16 10 17 01 50 4762.20000 10.08800000 285.71000 54.66000 15.60200 194.49000
16 10 17 01 50 4751.00000 10.08800000 285.71000 54.66000 15.60200 194.49000
16 10 17 01 51 4751.00000 10.08800000 285.71000 54.66000 15.60200 194.49000
16 10 17 01 51 4751.00000 10.08800000 285.71000 54.66000 15.60200 194.49000
16 10 17 01 52 4756.00000 10.08800000 285.98000 54.66000 15.68100 194.49000
16 10 17 01 52 4755.90000 10.08800000 285.11000 54.66000 15.69200 194.49000
16 10 17 01 52 4755.80000 10.08800000 285.70000 54.66000 15.78500 194.49000
16 10 17 01 53 4751.00000 10.08800000 285.20000 54.65000 15.78500 194.49000
16 10 17 01 53 4751.00000 10.08800000 285.68000 54.65000 15.78500 194.49000
16 10 17 01 54 4755.90000 10.08800000 285.20000 54.65000 15.78400 194.49000
16 10 17 01 54 4755.80000 10.08800000 285.67000 54.65000 15.78400 194.49000
16 10 17 01 55 4751.90000 10.08800000 285.67000 54.65000 15.78400 194.49000
16 10 17 01 55 4755.30000 10.08800000 286.50000 54.60000 15.78400 194.49000
16 10 17 01 55 4752.50000 10.08800000 286.50000 54.60000 15.78400 194.49000
16 10 17 01 56 4754.50000 10.08800000 286.50000 54.60000 15.78400 194.49000
16 10 17 01 56 4754.40000 10.08800000 285.48000 54.60000 15.78400 194.49000
16 10 17 01 57 4754.30000 10.08800000 285.48000 54.60000 15.78400 194.49000
16 10 17 01 57 4754.50000 10.08800000 285.48000 54.60000 15.78400 194.49000
16 10 17 01 58 4754.30000 10.08800000 286.90000 54.60000 15.78400 194.49000
16 10 17 01 58 4754.30000 10.08800000 286.94000 54.60000 15.78400 194.49000
16 10 17 01 58 4756.20000 10.08800000 286.60000 54.60000 15.78400 194.49000
16 10 17 01 59 4756.20000 10.08800000 286.86000 54.60000 15.78400 194.49000
16 10 17 01 59 4761.70000 10.08800000 286.84000 54.60000 15.78400 194.49000
16 10 17 02 00 4761.70000 10.08800000 286.74000 54.60000 15.78400 194.49000
16 10 17 02 00 4761.70000 10.08800000 286.71000 54.60000 15.78400 194.49000
16 10 17 02 00 4761.60000 10.08800000 286.71000 54.61000 15.78400 194.49000
16 10 17 02 01 4761.60000 10.08800000 286.68000 54.61000 15.78400 194.49000
16 10 17 02 01 4762.20000 10.08800000 286.68000 54.64000 15.78400 194.49000
16 10 17 02 02 4762.20000 10.08800000 286.83000 54.61000 15.78400 194.49000
16 10 17 02 02 4762.10000 10.08800000 286.69000 54.61000 15.78400 194.49000
16 10 17 02 03 4761.80000 10.08800000 286.74000 54.61000 15.78400 194.49000
16 10 17 02 03 4757.80000 10.08800000 286.74000 54.61000 15.78400 194.49000
16 10 17 02 04 4757.80000 10.08800000 286.72000 54.61000 15.78400 194.49000
16 10 17 02 04 4761.50000 10.08800000 286.74000 54.61000 15.78400 194.49000
16 10 17 02 04 4758.00000 10.08800000 286.73000 54.61000 15.78400 194.49000
16 10 17 02 05 4758.00000 10.08800000 286.73000 54.61000 15.78400 194.49000
16 10 17 02 05 4758.00000 10.08800000 286.73000 54.61000 15.78400 194.49000
16 10 17 17 00 4770.00000 10.15000000 284.23000 54.10000 15.80800 197.20000
16 10 17 17 00 4770.00000 10.15000000 284.21000 54.10000 15.80800 197.20000
16 10 17 17 00 4770.00000 10.15000000 284.21000 54.22000 15.80800 197.20000
16 10 17 17 01 4767.60000 10.15000000 284.21000 54.10000 15.80800 197.20000
16 10 17 17 01 4761.40000 10.12200000 284.20000 54.10000 15.80800 197.20000
16 10 17 17 02 4770.00000 10.12200000 284.20000 54.10000 15.80800 197.20000
16 10 17 17 02 4770.00000 10.12200000 284.20000 54.20000 15.80800 197.20000
16 10 17 17 03 4770.00000 10.12200000 284.00000 54.03000 15.80800 197.20000
16 10 17 17 03 4772.70000 10.12200000 283.20000 54.03000 15.80800 197.20000
16 10 17 17 03 4769.00000 10.12200000 284.00000 54.03000 15.80800 197.20000
16 10 17 17 04 4769.00000 10.12200000 283.70000 54.03000 15.80800 197.20000
16 10 17 17 04 4769.80000 10.12200000 283.70000 54.00000 15.80800 197.87400
16 10 17 17 05 4770.00000 10.12200000 283.69000 54.00000 15.80800 197.87400
16 10 17 17 05 4770.00000 10.12200000 283.80000 54.00000 15.80800 197.87400
16 10 17 17 06 4769.40000 10.05100000 283.75000 54.00000 15.80800 197.87400
16 10 17 17 06 4769.50000 10.05100000 283.79000 54.00000 15.80800 197.87400
16 10 17 17 06 4769.10000 10.05100000 283.78000 54.00000 15.83300 197.87400
16 10 17 17 07 4772.00000 10.05100000 283.78000 54.00000 16.09000 197.87400
16 10 17 17 07 4769.50000 10.05100000 283.77000 54.00000 16.09000 197.87400
16 10 17 17 08 4770.00000 10.05100000 283.76000 54.20000 16.09000 197.87200
16 10 17 17 08 4770.00000 10.05100000 283.76000 54.20000 16.09000 197.87200
16 10 17 17 09 4770.20000 10.05100000 283.76000 54.20000 16.09000 197.87200
16 10 17 17 09 4772.50000 10.05100000 283.88000 54.26000 16.09000 197.87200
16 10 17 17 09 4772.90000 10.05100000 283.79000 54.26000 16.09000 197.87200
16 10 17 17 10 4778.50000 10.05100000 283.81000 54.26000 16.09000 197.87200
16 10 17 17 10 4775.10000 10.05100000 284.12000 54.26000 16.09000 197.87200
16 10 17 17 11 4775.10000 10.05100000 284.12000 54.26000 16.09000 197.87200
16 10 17 17 11 4778.30000 10.05100000 284.12000 54.26000 16.09000 197.87200
16 10 17 17 12 4779.00000 10.05000000 284.00000 54.26000 16.09000 197.87200
16 10 17 17 12 4778.40000 10.05000000 284.05000 54.26000 16.09000 197.87200
16 10 17 17 12 4778.20000 10.05000000 284.21000 54.26000 15.86000 197.87200
16 10 17 17 13 4778.00000 10.05000000 284.21000 54.26000 15.86000 197.87200
16 10 17 17 13 4778.10000 10.05000000 284.36000 54.26000 15.86000 197.21000
16 10 17 17 14 4778.40000 10.05900000 284.07000 54.26000 15.86000 195.96000
16 10 17 17 14 4778.40000 10.05900000 284.07000 54.26000 15.86000 195.96000
16 10 17 17 15 4778.10000 10.05900000 284.07000 54.26000 15.86000 195.96000
16 10 17 17 15 4780.00000 10.06300000 284.00000 54.26000 15.86000 195.96000
16 10 17 17 16 4785.00000 10.06300000 284.02000 54.26000 15.86000 195.96000
16 10 17 17 16 4785.00000 10.06300000 284.00000 54.26000 15.86000 195.96000
16 10 17 17 16 4785.00000 10.06300000 283.84000 54.26000 15.86000 197.79900
16 10 17 17 17 4785.00000 10.06300000 284.07000 54.26000 15.86000 197.79900
16 10 17 17 17 4785.00000 10.06300000 283.78000 54.20000 15.86000 197.79900
16 10 17 17 18 4789.60000 10.06300000 284.06000 54.20000 15.86000 197.79900
16 10 17 17 18 4788.80000 10.06300000 284.07000 54.20000 15.86000 197.79800
16 10 17 17 18 4789.10000 10.06300000 284.06000 54.19000 15.86000 197.79800
16 10 17 17 19 4788.80000 10.06300000 284.51000 54.19000 15.86000 197.79800
16 10 17 17 19 4789.90000 10.06300000 284.07000 54.19000 15.86000 196.04500
16 10 17 17 20 4789.90000 10.06300000 284.51000 54.20000 15.86000 196.04500
16 10 17 17 20 4789.60000 10.06300000 284.51000 54.20000 15.86000 196.04500
16 10 17 17 21 4789.70000 10.06300000 284.84000 54.20000 15.86000 197.73000
16 10 17 17 21 4789.60000 10.06300000 284.84000 54.26000 15.86000 197.73000
16 10 17 17 22 4789.70000 10.06300000 284.51000 54.05000 15.86000 197.73000
16 10 17 17 22 4789.90000 10.06300000 284.81000 54.05000 15.89400 197.73000
16 10 17 17 22 4790.00000 10.06700000 284.81000 54.25000 15.89400 197.73000
16 10 17 17 23 4791.00000 10.06700000 284.81000 54.02000 15.89400 197.73000
16 10 17 17 23 4791.30000 10.06700000 284.81000 54.25000 15.89800 197.73000
16 10 17 17 24 4791.10000 10.06700000 285.00000 54.25000 15.89800 197.73000
16 10 17 17 24 4795.80000 10.06700000 284.55000 54.25000 15.89800 197.73000
16 10 17 17 24 4791.30000 10.06700000 285.29000 54.25000 15.89800 197.73000
16 10 17 17 25 4795.70000 10.06700000 285.29000 54.25000 15.89800 197.73000
16 10 17 17 25 4795.70000 10.10100000 285.23000 54.25000 15.89800 197.73000
16 10 17 17 26 4797.00000 10.10100000 285.00000 54.25000 15.89800 197.73000
16 10 17 17 26 4796.30000 10.10100000 285.23000 54.25000 15.89800 197.73000
16 10 17 17 27 4798.10000 10.10100000 285.23000 54.25000 15.89800 198.27900
16 10 17 17 27 4799.90000 10.10100000 285.24000 54.25000 15.89800 198.27900
16 10 17 17 27 4796.10000 10.10100000 285.23000 54.25000 15.89800 198.27900
16 10 17 17 28 4797.00000 10.15000000 285.25000 54.02000 15.89800 198.27900
16 10 17 17 28 4795.00000 10.15000000 285.25000 54.02000 15.89800 198.27900
16 10 17 17 29 4779.20000 10.15000000 285.24000 54.16000 15.89800 198.27900
16 10 17 17 29 4796.50000 10.15000000 285.44000 54.16000 16.07600 196.40000
16 10 17 17 30 4776.80000 10.15000000 285.43000 54.16000 16.15600 196.40000
16 10 17 17 30 4788.70000 10.15000000 285.25000 53.90000 16.15600 196.40000
16 10 17 17 30 4775.00000 10.15000000 285.25000 53.90000 16.15600 196.40000
16 10 17 17 31 4788.80000 10.15000000 285.24000 53.90000 16.15600 196.40000
16 10 17 17 31 4788.50000 10.15000000 285.25000 54.15000 16.15600 196.40000
16 10 17 17 32 4788.70000 10.15000000 285.25000 54.17000 16.15600 198.20000
16 10 17 17 32 4788.70000 10.15000000 285.39000 54.17000 16.15600 198.20000
16 10 17 17 33 4787.70000 10.15000000 285.38000 54.17000 16.15600 198.20000
16 10 17 17 33 4780.30000 10.15000000 285.69000 54.17000 16.15600 198.20000
16 10 17 17 34 4787.70000 10.15000000 285.40000 54.17000 16.15600 198.20000
16 10 17 17 34 4787.70000 10.15000000 285.64000 54.17000 16.15600 198.22800
16 10 17 17 34 4790.20000 10.15000000 285.67000 54.17000 16.15600 198.22800
16 10 17 17 35 4787.70000 10.15000000 285.67000 54.24000 16.15600 198.22800
16 10 17 17 35 4788.70000 10.15000000 285.66000 54.24000 16.15600 198.22800
16 10 17 17 36 4790.20000 10.15000000 285.64000 54.24000 16.15600 198.22800
16 10 17 17 36 4790.20000 10.15000000 285.66000 54.23000 16.15600 198.22800
16 10 17 17 37 4789.10000 10.15000000 285.64000 54.23000 16.15600 198.22800
16 10 17 17 37 4794.00000 10.15000000 285.41000 54.23000 16.15600 198.22800
16 10 17 17 37 4794.00000 10.15000000 285.40000 54.23000 16.09100 198.22800
16 10 17 17 38 4795.00000 10.15000000 285.68000 54.23000 16.09100 198.22800
16 10 17 17 38 4795.00000 10.15000000 285.68000 54.00000 16.09100 198.22800
16 10 17 17 39 4796.00000 10.15000000 285.40000 54.00000 16.09100 198.22800
16 10 17 17 39 4797.00000 10.10100000 285.40000 54.00000 16.09100 198.22800
16 10 17 17 40 4796.80000 10.10100000 285.68000 54.00000 16.09100 198.22800
16 10 17 17 40 4797.00000 10.10100000 285.70000 54.00000 16.09100 198.22800
16 10 17 17 40 4797.00000 10.10100000 285.69000 54.00000 16.09100 198.22800
16 10 17 17 41 4796.90000 10.10100000 285.69000 53.90000 16.09100 198.22800
16 10 17 17 41 4797.00000 10.10100000 285.68000 54.00000 16.09100 197.80300
16 10 17 17 42 4797.00000 10.10100000 285.68000 54.00000 16.08800 197.80000
16 10 17 17 42 4796.50000 10.10100000 285.39000 54.00000 16.08800 196.01000
16 10 17 17 43 4795.10000 10.10100000 284.60000 54.00000 16.08800 196.01000
16 10 17 17 43 4798.80000 10.10100000 284.07000 54.00000 16.08800 196.01000
16 10 17 17 43 4798.00000 10.10100000 285.00000 54.00000 16.08800 196.01000
16 10 17 17 44 4798.10000 10.10100000 284.99000 54.00000 16.08800 196.01000
16 10 17 17 44 4798.80000 10.10100000 284.00000 54.00000 16.08800 196.01000
16 10 17 17 45 4798.80000 10.10100000 284.95000 54.00000 16.08800 196.01000
16 10 17 17 45 4798.80000 10.10100000 284.95000 54.00000 16.08800 196.01000
16 10 17 17 46 4798.70000 10.10100000 284.72000 54.00000 16.08800 196.01000
16 10 17 17 46 4798.70000 10.10100000 284.63000 54.00000 16.08800 196.01000
16 10 17 17 46 4788.70000 10.10000000 284.63000 54.00000 16.08800 196.01000
16 10 17 17 47 4798.70000 10.10000000 285.00000 54.24000 16.08800 196.01000
16 10 17 17 47 4798.70000 10.10000000 285.27000 54.24000 16.08800 196.01000
16 10 17 17 48 4798.70000 10.10000000 285.01000 54.24000 16.08800 196.01000
16 10 17 17 48 4799.60000 10.10000000 285.00000 54.23000 16.08800 196.01000
16 10 17 17 49 4799.80000 10.05600000 285.00000 54.25000 16.08800 196.17000
16 10 17 17 49 4799.90000 10.05600000 285.47000 54.04000 16.08800 196.17000
16 10 17 17 49 4799.90000 10.05600000 285.06000 54.04000 16.08800 196.17000
16 10 17 17 50 4799.90000 10.05600000 285.09000 54.04000 16.08800 196.17000
16 10 17 17 50 4800.00000 10.05600000 285.62000 54.04000 16.08800 196.17000
16 10 17 17 51 4799.90000 10.05600000 285.62000 54.04000 16.08800 196.17000
16 10 17 17 51 4800.00000 10.05600000 285.62000 54.04000 16.08800 196.28000
16 10 17 17 52 4800.00000 10.05600000 285.69000 54.04000 16.08800 196.28000
16 10 17 17 52 4800.00000 10.05600000 285.69000 54.04000 16.08800 196.28000
16 10 17 17 53 4802.00000 10.05600000 285.60000 54.04000 16.08800 196.28000
16 10 17 17 53 4802.00000 10.05600000 285.60000 54.26000 16.08800 196.28000
16 10 17 17 53 4804.80000 10.05600000 285.60000 54.20000 16.08800 196.28000
16 10 17 17 54 4804.80000 10.05600000 285.60000 54.26000 16.08800 196.28000
16 10 17 17 54 4804.70000 10.05600000 285.60000 54.26000 16.08800 196.28000
16 10 17 17 55 4807.50000 10.05600000 285.60000 54.26000 16.08800 196.28000
16 10 17 17 55 4807.50000 10.05600000 285.60000 54.26000 16.08800 196.28000
16 10 17 17 55 4804.80000 10.05600000 285.20000 54.26000 16.08800 196.28000
16 10 17 17 56 4807.50000 10.05600000 285.59000 54.26000 16.08800 196.28000
16 10 17 17 56 4805.30000 10.05600000 285.59000 54.26000 16.08800 196.28000
16 10 17 17 57 4805.00000 10.05600000 285.22000 54.26000 16.08800 196.28000
16 10 17 17 57 4809.10000 10.05400000 285.53000 54.26000 16.08800 196.28000
16 10 17 17 58 4809.00000 10.05400000 285.22000 54.24000 16.08800 196.28000
16 10 17 17 58 4809.00000 10.05400000 285.53000 54.26000 16.08800 196.28000
16 10 17 17 58 4807.40000 10.05400000 285.52000 54.31000 16.08800 196.28000
16 10 17 17 59 4807.40000 10.05400000 285.53000 54.33000 16.18200 196.43000
16 10 17 17 59 4809.00000 10.05400000 285.52000 54.33000 16.18200 196.43000
16 10 17 18 00 4807.00000 10.05400000 285.52000 54.33000 16.18200 196.43000
16 10 17 18 00 4808.10000 10.05400000 285.60000 54.45000 16.18200 196.43000
16 10 17 18 01 4807.40000 10.05400000 285.70000 54.45000 16.18200 196.43000
16 10 17 18 01 4800.00000 10.05400000 285.70000 54.45000 16.18200 196.43000
16 10 17 18 02 4799.90000 10.05400000 285.79000 54.70000 16.18200 195.99000
16 10 17 18 02 4799.90000 10.05400000 285.52000 54.70000 16.18200 195.99000
16 10 17 18 02 4799.90000 10.12600000 285.56000 54.70000 16.18200 195.99000
16 10 17 18 03 4800.00000 10.12600000 285.52000 54.70000 16.18200 195.99000
16 10 17 18 03 4799.90000 10.12600000 285.52000 54.70000 16.18200 195.99000
16 10 17 18 04 4799.90000 10.12600000 285.52000 54.68000 16.18200 195.99000
16 10 17 18 04 4800.00000 10.12600000 285.68000 54.69000 16.18200 195.99000
16 10 17 18 05 4800.00000 10.12600000 285.76000 54.67000 16.18200 195.99000
16 10 17 18 05 4800.00000 10.12600000 285.75000 54.60000 16.18200 195.99000
16 10 17 18 05 4802.50000 10.12600000 285.70000 54.60000 16.18200 195.99000
16 10 17 18 06 4799.90000 10.12600000 285.76000 54.57000 16.18600 195.99000
16 10 17 18 06 4805.00000 10.12600000 285.71000 54.57000 16.18600 195.99000
16 10 17 18 07 4799.70000 10.12600000 285.77000 54.57000 16.18600 195.99000
16 10 17 18 07 4804.60000 10.13400000 285.74000 54.60000 16.18400 196.13000
16 10 17 18 07 4805.00000 10.13400000 285.77000 54.60000 16.18400 196.13000
16 10 17 18 08 4805.00000 10.13400000 285.77000 54.60000 16.18400 196.13000
16 10 17 18 08 4802.10000 10.13400000 285.79000 54.46000 16.08600 196.13000
16 10 17 18 09 4802.10000 10.13400000 285.78000 54.46000 16.19900 196.13000
16 10 17 18 09 4800.30000 10.13400000 285.78000 54.60000 16.19900 196.13000
16 10 17 18 10 4804.90000 10.13400000 285.77000 54.60000 16.19900 196.13000
16 10 17 18 10 4802.00000 10.07800000 285.77000 54.60000 16.19900 196.13000
16 10 17 18 11 4805.00000 10.07800000 285.77000 54.47000 16.19900 196.13000
16 10 17 18 11 4804.90000 10.07800000 285.77000 54.59000 16.19900 196.13000
16 10 17 18 11 4801.10000 10.07800000 285.76000 54.59000 16.19900 196.13000
16 10 17 18 12 4801.00000 10.07800000 285.75000 54.59000 16.19900 197.00000
16 10 17 18 12 4804.70000 10.07800000 285.75000 54.57000 16.19900 197.00000
16 10 17 18 13 4805.00000 10.07800000 285.75000 54.41000 16.19900 196.07200
16 10 17 18 13 4803.00000 10.07800000 285.75000 54.56000 16.19900 196.07200
16 10 17 18 14 4804.90000 10.07800000 285.73000 54.47000 16.19900 196.07200
16 10 17 18 14 4802.10000 10.07800000 285.73000 54.41000 16.19900 196.07200
16 10 17 18 14 4802.00000 10.12700000 285.72000 54.39000 16.19900 196.07200
16 10 17 18 15 4800.00000 10.12700000 285.72000 54.39000 16.19900 196.07200
16 10 17 18 15 4804.90000 10.12700000 285.70000 54.39000 16.19900 196.07200
16 10 17 18 16 4802.20000 10.07500000 285.73000 54.44000 16.19900 196.07200
16 10 17 18 16 4801.00000 10.07500000 285.74000 54.44000 16.19900 196.07200
16 10 17 18 17 4802.00000 10.07500000 285.74000 54.44000 16.19900 196.07200
16 10 17 18 17 4804.90000 10.07500000 285.75000 54.44000 16.19900 196.07200
16 10 17 18 17 4802.00000 10.07500000 285.74000 54.44000 16.19900 196.07200
16 10 17 18 18 4804.70000 10.07500000 285.72000 54.44000 16.08000 196.07200
16 10 17 18 18 4802.00000 10.07500000 284.89000 54.44000 16.08000 196.07200
16 10 17 18 19 4802.00000 10.11700000 285.72000 54.44000 16.18500 196.07200
16 10 17 18 19 4801.00000 10.11700000 285.72000 54.44000 16.18500 196.07200
16 10 17 18 20 4804.30000 10.11700000 284.89000 54.44000 16.18500 196.07200
16 10 17 18 20 4799.80000 10.11700000 284.90000 54.47000 16.08000 196.07200
16 10 17 18 20 4800.00000 10.14500000 285.64000 54.47000 16.08000 196.07200
16 10 17 18 21 4799.00000 10.14500000 284.90000 54.47000 16.08000 197.99900
16 10 17 18 21 4800.00000 10.14500000 284.90000 54.47000 16.08000 197.99900
16 10 17 18 22 4800.10000 10.14500000 284.90000 54.66000 16.08000 197.99900
16 10 17 18 22 4803.00000 10.14500000 285.54000 54.62000 16.08000 197.99900
16 10 17 18 23 4800.00000 10.14500000 285.54000 54.62000 16.08000 197.99900
16 10 17 18 23 4802.00000 10.14500000 284.89000 54.62000 16.08000 197.99900
16 10 17 18 24 4801.10000 10.14500000 284.89000 54.66000 16.08000 197.99900
16 10 17 18 24 4801.70000 10.08000000 285.38000 54.65000 16.08000 197.99900
16 10 17 18 24 4801.80000 10.08000000 285.34000 54.65000 16.08000 197.99900
16 10 17 18 25 4802.00000 10.13500000 285.00000 54.65000 16.08000 197.99900
16 10 17 18 25 4801.70000 10.13500000 285.00000 54.65000 16.08000 197.99900
16 10 17 18 26 4801.70000 10.08000000 284.90000 54.65000 16.08000 197.94900
16 10 17 18 26 4804.00000 10.08000000 284.90000 54.65000 16.08000 197.94900
16 10 17 18 27 4804.00000 10.08000000 284.99000 54.65000 16.08000 197.94900
16 10 17 18 27 4802.00000 10.08000000 284.89000 54.65000 16.08000 197.94900
16 10 17 18 27 4802.00000 10.08000000 284.89000 54.63000 16.08000 197.94900
16 10 17 18 28 4804.00000 10.14500000 284.89000 54.64000 16.08000 197.94900
16 10 17 18 28 4803.80000 10.14500000 285.00000 54.64000 16.08000 197.94900
16 10 17 18 29 4803.80000 10.14500000 285.01000 54.64000 16.08000 197.94900
16 10 17 18 29 4803.80000 10.14500000 285.01000 54.61000 16.08000 197.94900
16 10 17 18 30 4803.80000 10.14500000 285.01000 54.61000 16.08000 197.94900
16 10 17 18 30 4803.80000 10.14500000 285.60000 54.61000 16.08000 197.94900
16 10 17 18 30 4801.80000 10.14500000 285.00000 54.61000 16.08000 197.94900
16 10 17 18 31 4803.40000 10.14500000 285.02000 54.62000 16.08000 197.94900
16 10 17 18 31 4801.00000 10.14500000 285.59000 54.62000 16.10000 197.94900
16 10 17 18 32 4803.20000 10.14500000 285.59000 54.67000 16.18100 197.94900
16 10 17 18 32 4802.00000 10.14500000 285.59000 54.67000 16.18100 197.94900
16 10 17 18 33 4799.00000 10.14500000 285.50000 54.70000 16.18100 197.94900
16 10 17 18 33 4803.10000 10.14500000 285.54000 54.70000 16.18100 197.94900
16 10 17 18 33 4803.20000 10.14500000 285.52000 54.70000 16.18100 197.94900
16 10 17 18 34 4803.00000 10.14500000 285.52000 54.47000 16.18100 197.94900
16 10 17 18 34 4804.00000 10.14500000 285.52000 54.67000 16.19000 197.94900
16 10 17 18 35 4808.00000 10.14500000 285.51000 54.69000 16.19000 197.94900
16 10 17 18 35 4811.80000 10.14500000 285.50000 54.69000 16.19000 197.94900
16 10 17 18 36 4810.10000 10.14500000 285.50000 54.69000 16.19000 197.94900
16 10 17 18 36 4811.80000 10.14500000 285.06000 54.69000 16.19000 197.94900
16 10 17 18 36 4811.90000 10.14500000 285.06000 54.69000 16.19000 197.94900
16 10 17 18 37 4812.40000 10.14500000 285.30000 54.50000 16.19000 197.94900
16 10 17 18 37 4812.40000 10.14500000 285.44000 54.50000 16.19000 197.94900
16 10 17 18 38 4812.50000 10.14500000 285.47000 54.70000 16.19000 197.94900
16 10 17 18 38 4810.20000 10.14500000 285.47000 54.70000 16.19000 197.94900
16 10 17 18 39 4810.00000 10.14500000 285.06000 54.70000 16.19000 197.94900
16 10 17 18 39 4810.00000 10.14500000 285.09000 54.70000 16.19000 197.94900
16 10 17 18 39 4810.00000 10.14500000 285.07000 54.70000 16.19000 197.94900
16 10 17 18 40 4810.00000 10.14500000 285.20000 54.60000 16.19000 197.94900
16 10 17 18 40 4809.90000 10.14500000 285.18000 54.60000 16.19000 197.94900
16 10 17 18 41 4806.00000 10.14500000 284.51000 54.60000 16.19000 197.94900
16 10 17 18 41 4810.00000 10.14500000 285.18000 54.60000 16.19000 197.94900
16 10 17 18 42 4814.60000 10.08600000 285.00000 54.60000 16.19000 197.94900
16 10 17 18 42 4814.80000 10.07500000 284.99000 54.60000 16.19000 196.56000
16 10 17 18 42 4812.70000 10.07500000 284.99000 54.60000 16.19000 196.56000
16 10 17 18 43 4813.70000 10.07500000 284.97000 54.70000 16.19000 196.60000
16 10 17 18 43 4814.80000 10.07500000 285.00000 54.70000 16.19000 197.00000
16 10 17 18 44 4815.00000 10.07500000 284.85000 54.66000 16.19000 196.66000
16 10 17 18 44 4817.00000 10.07500000 284.95000 54.66000 16.19000 196.66000
16 10 17 18 45 4816.90000 10.07500000 284.60000 54.69000 16.19000 196.66000
16 10 17 18 45 4815.00000 10.07500000 284.95000 54.70000 16.01600 196.66000
16 10 17 18 45 4814.90000 10.07500000 284.95000 54.70000 16.01800 196.74000
16 10 17 18 46 4814.90000 10.07500000 284.94000 54.69000 16.01800 196.74000
16 10 17 18 46 4814.90000 10.07500000 284.94000 54.69000 16.27200 196.74000
16 10 17 18 47 4814.80000 10.07500000 284.00000 54.69000 16.39800 196.74000
16 10 17 18 47 4814.80000 10.07500000 284.61000 54.69000 16.44100 196.74000
16 10 17 18 48 4810.40000 10.07500000 284.61000 54.61000 16.44100 196.74000
16 10 17 18 48 4807.10000 10.07500000 284.92000 54.61000 16.44100 197.99000
16 10 17 18 49 4814.80000 10.07500000 284.50000 54.61000 16.44100 197.99000
16 10 17 18 49 4814.80000 10.07500000 284.10000 54.61000 16.44100 197.99000
16 10 17 18 49 4814.50000 10.07500000 284.50000 54.61000 16.30700 197.99000
16 10 17 18 50 4814.80000 10.07500000 284.49000 54.61000 16.30700 197.99000
16 10 17 18 50 4814.80000 10.07500000 284.49000 54.61000 16.30700 197.99000
16 10 17 18 51 4814.80000 10.07500000 284.49000 54.62000 16.30700 198.26300
16 10 17 18 51 4814.00000 10.07500000 284.49000 54.62000 16.30700 198.26300
16 10 17 18 52 4814.00000 10.07500000 284.18000 54.62000 16.30700 198.26300
16 10 17 18 52 4814.00000 10.07500000 284.18000 54.62000 16.30700 198.26300
16 10 17 18 52 4814.00000 10.07500000 283.75000 54.63000 16.30700 198.26300
16 10 17 18 53 4814.00000 10.07500000 283.75000 54.63000 16.30700 198.26300
16 10 17 18 53 4814.00000 10.06000000 284.16000 54.76000 16.05800 198.26300
16 10 17 18 54 4814.00000 10.06000000 284.16000 54.69000 16.05800 198.26300
16 10 17 18 54 4814.50000 10.06000000 284.16000 54.75000 16.05800 198.26300
16 10 17 18 55 4814.70000 10.13700000 284.14000 54.75000 16.05800 198.00000
16 10 17 18 55 4814.70000 10.13700000 283.80000 54.75000 16.05800 198.00000
16 10 17 18 55 4815.00000 10.13700000 284.13000 54.60000 16.05800 198.00000
16 10 17 18 56 4814.60000 10.13700000 284.12000 54.54000 16.07300 198.00000
16 10 17 18 56 4818.80000 10.13700000 283.80000 54.54000 16.07300 198.00000
16 10 17 18 57 4817.90000 10.13700000 283.32000 54.54000 16.07300 198.80000
16 10 17 18 57 4818.80000 10.13700000 283.00000 54.54000 16.07300 198.89600
16 10 17 18 58 4813.50000 10.13700000 283.02000 54.60000 16.07300 198.89600
16 10 17 18 58 4813.50000 10.13700000 283.35000 54.60000 16.07300 198.89600
16 10 17 18 58 4813.50000 10.13700000 283.79000 54.60000 16.07300 198.89600
16 10 17 18 59 4813.50000 10.13700000 283.79000 54.54000 16.07300 198.89600
16 10 17 18 59 4817.00000 10.13700000 283.78000 54.60000 16.07300 198.89600
16 10 17 19 00 4817.00000 10.13700000 283.78000 54.60000 16.07300 198.89600
16 10 17 19 00 4818.00000 10.13700000 283.77000 54.60000 16.07300 198.89600
16 10 17 19 01 4817.00000 10.05100000 283.76000 54.60000 16.07300 198.89600
16 10 17 19 01 4817.90000 10.05100000 283.35000 54.75000 16.07300 198.89600
16 10 17 19 01 4817.40000 10.05100000 283.20000 54.48000 16.07300 198.84900
16 10 17 19 02 4817.90000 10.05100000 283.20000 54.48000 16.07300 198.84900
16 10 17 19 02 4817.90000 10.05100000 283.15000 54.75000 16.07300 198.84900
16 10 17 19 03 4817.80000 10.05100000 283.33000 54.75000 16.07300 198.84900
16 10 17 19 03 4816.90000 10.05100000 283.06000 54.75000 16.07300 198.84900
16 10 17 19 04 4816.40000 10.05100000 283.20000 54.48000 16.07300 198.84900
16 10 17 19 04 4816.40000 10.05100000 283.00000 54.74000 16.39100 198.84900
16 10 17 19 04 4816.80000 10.05100000 283.00000 54.74000 16.39100 198.84900
16 10 17 19 05 4816.40000 10.05100000 283.19000 54.74000 16.39100 198.84900
16 10 17 19 05 4816.40000 10.05100000 283.16000 54.74000 16.39100 198.84900
16 10 17 19 06 4816.40000 10.05100000 283.18000 54.50000 16.39100 198.84900
16 10 17 19 06 4816.30000 10.05100000 283.34000 54.74000 16.39100 196.60000
16 10 17 19 07 4816.30000 10.05100000 283.21000 54.47000 16.39100 196.60000
16 10 17 19 07 4816.40000 10.05100000 283.34000 54.51000 16.39100 196.60000
16 10 17 19 07 4816.80000 10.05100000 283.20000 54.50000 16.39100 196.60000
16 10 17 19 08 4816.50000 10.05100000 283.33000 54.50000 16.38400 196.60000
16 10 17 19 08 4816.00000 10.05100000 283.32000 54.49000 16.38400 198.50000
16 10 17 19 09 4811.70000 10.05100000 283.32000 54.50000 16.38400 198.50000
16 10 17 19 09 4807.20000 10.05100000 283.32000 54.33000 16.06000 198.50000
16 10 17 19 10 4816.70000 10.05100000 283.33000 54.33000 16.06000 198.50000
16 10 17 19 10 4816.70000 10.06000000 283.31000 54.33000 16.06000 198.50000
16 10 17 19 10 4807.40000 10.06000000 283.30000 54.33000 16.06000 198.50000
16 10 17 19 11 4816.60000 10.06000000 283.31000 54.35000 16.06000 198.50000
16 10 17 19 11 4816.50000 10.06000000 283.31000 54.35000 16.06000 198.50000
16 10 17 19 12 4816.00000 10.06000000 283.30000 54.45000 16.06000 198.50000
16 10 17 19 12 4816.30000 10.06000000 283.10000 54.45000 16.06000 198.50000
16 10 17 19 13 4816.50000 10.06000000 283.20000 54.45000 16.06000 198.50000
16 10 17 19 13 4816.60000 10.06000000 283.20000 54.45000 16.06000 198.50000
16 10 17 19 13 4816.50000 10.06000000 283.19000 54.45000 16.06000 198.50000
16 10 17 19 14 4816.20000 10.14400000 283.19000 54.33000 16.06000 198.50000
16 10 17 19 14 4816.20000 10.14400000 283.19000 54.33000 16.06000 198.50000
16 10 17 19 15 4816.50000 10.14400000 283.19000 54.33000 16.06000 198.50000
16 10 17 19 15 4816.50000 10.14400000 283.18000 54.33000 16.06000 198.50000
16 10 17 19 16 4816.50000 10.14200000 283.00000 54.45000 16.06000 198.50000
16 10 17 19 16 4813.30000 10.14200000 283.00000 54.45000 16.06000 198.50000
16 10 17 19 16 4816.50000 10.13300000 283.00000 54.47000 16.06000 198.50000
16 10 17 19 17 4816.40000 10.13300000 283.00000 54.47000 16.06000 198.50000
16 10 17 19 17 4816.50000 10.05100000 282.99000 54.47000 16.06000 198.50000
16 10 17 19 18 4810.20000 10.05100000 282.50000 54.47000 16.06000 198.50000
16 10 17 19 18 4816.80000 10.05000000 282.98000 54.33000 16.06000 198.50000
16 10 17 19 19 4816.70000 10.05000000 282.98000 54.33000 16.06000 198.50000
16 10 17 19 19 4815.50000 10.05000000 282.95000 54.32000 16.06000 198.50000
16 10 17 19 19 4816.90000 10.05000000 282.38000 54.33000 16.06000 198.50000
16 10 17 19 20 4816.90000 10.05000000 282.94000 54.33000 16.06000 198.50000
16 10 17 19 20 4817.00000 10.05000000 282.50000 54.33000 16.06000 198.50000
16 10 17 19 21 4819.90000 10.05000000 282.93000 54.33000 16.06000 198.50000
16 10 17 19 21 4817.70000 10.05000000 282.03000 54.32000 16.06000 198.50000
16 10 17 19 22 4817.70000 10.05000000 282.01000 54.32000 16.06000 198.50000
16 10 17 19 22 4817.80000 10.05000000 281.34000 53.94000 16.06000 198.50000
16 10 17 19 22 4817.00000 10.05000000 281.78000 53.95000 16.06000 198.50000
16 10 17 19 23 4819.80000 10.05000000 281.23000 53.86000 16.06000 198.50000
16 10 17 19 23 4817.00000 10.05000000 281.99000 53.86000 16.06000 198.50000
16 10 17 19 24 4817.00000 10.12400000 281.20000 53.86000 16.06000 198.50000
16 10 17 19 24 4819.70000 10.12400000 281.18000 53.86000 16.26400 198.50000
16 10 17 19 25 4818.70000 10.12400000 281.18000 53.86000 16.26400 198.50000
16 10 17 19 25 4818.70000 10.12400000 281.17000 54.33000 16.26400 198.50000
16 10 17 19 26 4818.70000 10.05100000 281.17000 54.33000 16.26400 198.50000
16 10 17 19 26 4819.00000 10.05100000 281.16000 54.33000 16.26400 198.50000
16 10 17 19 26 4817.00000 10.05100000 281.17000 54.33000 16.26400 198.50000
16 10 17 19 27 4818.00000 10.10600000 281.02000 54.33000 16.26400 198.50000
16 10 17 19 27 4818.50000 10.10600000 281.02000 54.05000 16.26400 198.50000
16 10 17 19 28 4818.00000 10.05100000 280.94000 54.05000 16.26400 198.50000
16 10 17 19 28 4818.10000 10.10000000 281.00000 54.05000 16.26400 198.50000
16 10 17 19 29 4818.40000 10.05100000 280.44000 54.30000 16.26400 198.50000
16 10 17 19 29 4817.10000 10.05100000 280.99000 54.11000 16.26400 198.50000
16 10 17 19 29 4818.60000 10.05000000 280.99000 54.20000 16.26400 198.50000
16 10 17 19 30 4818.60000 10.05000000 280.17000 54.50000 16.26400 198.50000
16 10 17 19 30 4818.60000 10.05000000 280.93000 54.32000 16.26400 198.50000
16 10 17 19 31 4818.20000 10.05000000 280.93000 54.32000 16.26400 198.50000
16 10 17 19 31 4819.60000 10.05000000 280.81000 54.32000 16.26400 198.50000
16 10 17 19 32 4819.60000 10.05100000 280.00000 54.47000 16.26400 198.50000
16 10 17 19 32 4819.60000 10.05100000 279.83000 54.50000 16.07100 198.50000
16 10 17 19 32 4819.60000 10.05000000 279.51000 54.50000 16.07100 198.50000
16 10 17 19 33 4819.00000 10.05000000 279.85000 54.33000 16.07100 198.50000
16 10 17 19 33 4819.50000 10.05000000 280.00000 54.46000 16.07100 198.50000
16 10 17 19 34 4819.60000 10.05000000 279.33000 54.46000 16.07100 198.50000
16 10 17 19 34 4819.60000 10.05000000 280.00000 54.46000 16.10000 198.50000
16 10 17 19 35 4819.10000 10.05000000 280.00000 54.29000 16.10000 198.50000
16 10 17 19 35 4819.00000 10.05000000 279.32000 54.29000 16.10000 198.50000
16 10 17 19 36 4819.60000 10.05000000 279.33000 54.29000 16.10000 198.50000
16 10 17 19 36 4819.50000 10.12300000 279.00000 54.46000 16.10000 198.50000
16 10 17 19 36 4819.00000 10.05100000 279.99000 54.46000 16.10000 198.50000
16 10 17 19 37 4819.50000 10.05100000 279.65000 54.46000 16.01000 198.50000
16 10 17 19 37 4819.60000 10.05100000 279.52000 54.30000 16.01000 196.58000
16 10 17 19 38 4819.00000 10.05100000 279.99000 54.30000 16.01000 196.58000
16 10 17 19 38 4819.60000 10.05100000 279.98000 54.47000 16.01000 196.58000
16 10 17 19 39 4819.60000 10.05100000 279.70000 54.47000 16.01000 196.58000
16 10 17 19 39 4819.50000 10.05100000 279.70000 54.50000 16.01000 196.58000
16 10 17 19 39 4819.40000 10.05100000 279.98000 54.50000 16.20000 196.58000
16 10 17 19 40 4819.00000 10.05100000 279.98000 54.50000 16.20000 196.58000
16 10 17 19 40 4819.00000 10.05100000 279.98000 54.50000 16.02000 196.58000
16 10 17 19 41 4818.60000 10.05100000 279.95000 54.50000 16.02000 196.58000
16 10 17 19 41 4819.00000 10.05100000 279.99000 54.46000 16.02000 196.58000
16 10 17 19 42 4819.00000 10.05100000 279.99000 54.46000 16.02000 196.58000
16 10 17 19 42 4819.40000 10.07100000 279.99000 54.46000 16.02000 196.58000
16 10 17 19 42 4819.20000 10.07100000 279.99000 54.47000 16.02000 196.58000
16 10 17 19 43 4819.20000 10.07100000 279.95000 53.96000 16.02000 196.58000
16 10 17 19 43 4817.20000 10.07100000 280.00000 54.50000 16.02000 196.60000
16 10 17 19 44 4819.20000 10.05100000 280.59000 54.50000 16.02000 196.60000
16 10 17 19 44 4819.10000 10.05100000 280.01000 54.50000 16.02000 196.60000
16 10 17 19 45 4817.20000 10.05100000 280.01000 54.33000 16.02000 196.60000
16 10 17 19 45 4819.10000 10.05100000 280.59000 54.50000 16.19300 196.60000
16 10 17 19 45 4819.10000 10.05100000 280.69000 54.50000 16.19300 196.60000
16 10 17 19 46 4819.10000 10.05200000 280.63000 54.41000 16.19300 196.60000
16 10 17 19 46 4817.70000 10.05200000 280.69000 54.33000 16.19300 196.60000
16 10 17 19 47 4819.10000 10.05200000 280.89000 54.41000 16.19300 196.60000
16 10 17 19 47 4819.10000 10.13000000 280.69000 54.06000 16.19300 196.60000
16 10 17 19 48 4819.00000 10.13000000 280.88000 54.06000 16.19600 196.60000
16 10 17 19 48 4817.20000 10.12700000 280.88000 54.41000 16.19600 196.60000
16 10 17 19 48 4817.70000 10.12700000 280.88000 54.41000 16.19600 196.60000
16 10 17 19 49 4819.10000 10.06100000 280.85000 54.41000 16.19600 196.60000
16 10 17 19 49 4817.20000 10.06000000 280.99000 54.41000 16.19600 196.56000
16 10 17 19 50 4817.90000 10.06000000 280.88000 54.41000 16.19600 196.56000
16 10 17 19 50 4817.20000 10.05100000 282.15000 54.41000 16.24000 196.56000
16 10 17 19 51 4817.20000 10.05100000 282.15000 54.41000 16.24000 196.56000
16 10 17 19 51 4819.00000 10.05100000 282.12000 54.41000 16.24000 196.56000
16 10 17 19 52 4818.00000 10.05100000 282.09000 54.41000 16.24000 196.56000
16 10 17 19 52 4817.90000 10.05100000 281.07000 54.41000 16.24000 196.56000
16 10 17 19 52 4819.00000 10.05100000 282.11000 54.41000 16.24000 196.56000
16 10 17 19 53 4817.90000 10.05100000 281.95000 54.41000 16.24000 196.56000
16 10 17 19 53 4818.00000 10.05100000 282.00000 54.41000 16.24000 196.56000
16 10 17 19 54 4818.00000 10.06100000 282.10000 54.41000 16.24900 196.60000
16 10 17 19 54 4818.70000 10.06100000 282.10000 54.41000 16.24900 196.60000
16 10 17 19 55 4818.70000 10.06100000 281.95000 54.41000 16.24900 196.60000
16 10 17 19 55 4818.20000 10.06100000 282.00000 54.41000 16.00200 196.60000
16 10 17 19 55 4818.20000 10.06100000 281.90000 54.41000 16.00200 196.60000
16 10 17 19 56 4818.90000 10.06100000 282.00000 54.41000 16.00200 196.60000
16 10 17 19 56 4818.70000 10.06100000 282.01000 54.47000 16.00200 196.60000
16 10 17 19 57 4818.70000 10.09100000 282.14000 54.48000 16.00200 196.60000
16 10 17 19 57 4818.70000 10.06100000 282.14000 54.46000 16.00200 196.60000
16 10 17 19 58 4818.90000 10.06100000 282.15000 54.46000 16.00200 196.60000
16 10 17 19 58 4818.70000 10.06100000 282.14000 53.82000 16.00200 196.60000
16 10 17 19 58 4818.70000 10.06100000 282.14000 53.82000 16.00200 196.60000
16 10 17 19 59 4818.70000 10.06100000 282.16000 53.82000 16.00200 196.60000
16 10 17 19 59 4818.90000 10.06100000 282.16000 53.82000 16.00200 196.60000
16 10 17 20 00 4818.90000 10.06100000 282.16000 53.82000 16.00200 196.60000
16 10 17 20 00 4818.90000 10.06100000 282.15000 54.88000 16.00200 196.60000
16 10 17 20 01 4819.20000 10.06100000 282.70000 54.90000 16.00200 196.60000
16 10 17 20 01 4819.00000 10.06100000 282.70000 54.50000 16.00200 196.60000
16 10 17 20 01 4818.90000 10.06100000 282.88000 54.04000 16.00200 196.60000
16 10 17 20 02 4820.00000 10.05100000 283.00000 54.38000 16.00200 196.60000
16 10 17 20 02 4822.00000 10.06100000 282.88000 54.38000 16.00200 196.60000
16 10 17 20 03 4822.00000 10.06100000 282.97000 54.76000 16.00200 196.60000
16 10 17 20 03 4822.00000 10.05100000 282.70000 54.76000 16.10000 196.60000
16 10 17 20 04 4822.50000 10.05100000 282.70000 54.76000 16.10000 196.60000
16 10 17 20 04 4822.50000 10.05100000 282.50000 54.76000 16.10000 196.60000
16 10 17 20 04 4827.60000 10.05100000 282.42000 54.76000 16.10000 196.60000
16 10 17 20 05 4826.30000 10.05100000 282.36000 54.76000 16.10000 196.60000
16 10 17 20 05 4829.90000 10.05100000 282.40000 54.70000 16.10000 196.60000
16 10 17 20 06 4829.90000 10.05100000 282.15000 54.90000 16.10000 196.60000
16 10 17 20 06 4836.00000 10.05100000 282.38000 54.90000 16.10000 196.60000
16 10 17 20 07 4836.00000 10.05100000 282.35000 54.90000 16.10000 196.60000
16 10 17 20 07 4834.90000 10.05100000 282.14000 54.90000 16.10000 196.60000
16 10 17 20 07 4834.90000 10.05100000 282.32000 54.90000 16.10000 196.60000
16 10 17 20 08 4835.10000 10.05000000 282.40000 54.90000 16.10000 196.60000
16 10 17 20 08 4836.00000 10.05000000 282.40000 54.90000 16.10000 196.60000
16 10 17 20 09 4839.00000 10.05000000 282.40000 54.90000 16.10000 196.60000
16 10 17 20 09 4841.00000 10.05000000 282.40000 54.90000 16.10000 196.60000
16 10 17 20 10 4842.00000 10.05000000 282.40000 54.90000 16.10000 196.60000
16 10 17 20 10 4840.00000 10.05000000 282.40000 54.90000 16.10000 196.60000
16 10 17 20 10 4840.00000 10.05000000 282.39000 54.90000 16.10000 196.60000
16 10 17 20 11 4840.00000 10.05000000 282.39000 54.90000 16.10000 196.60000
16 10 17 20 11 4838.00000 10.05000000 282.40000 54.90000 16.10000 196.60000
16 10 17 20 12 4842.00000 10.05000000 282.68000 54.90000 16.10000 196.60000
16 10 17 20 12 4840.20000 10.05000000 282.70000 54.90000 16.10000 196.60000
16 10 17 20 13 4840.50000 10.05000000 282.70000 54.77000 16.25600 198.14000
16 10 17 20 13 4840.50000 10.05000000 282.70000 54.40000 16.25600 198.14000
16 10 17 20 13 4840.00000 10.05000000 282.70000 54.40000 16.25600 198.14000
16 10 17 20 14 4842.00000 10.05000000 282.69000 54.40000 16.25600 198.14000
16 10 17 20 14 4842.00000 10.05100000 282.60000 54.40000 16.26100 198.20000
16 10 17 20 15 4844.70000 10.05100000 282.60000 54.47000 16.26100 198.20000
16 10 17 20 15 4838.00000 10.05100000 282.89000 54.47000 16.26300 198.20000
16 10 17 20 16 4838.00000 10.05100000 282.98000 54.47000 16.26300 196.90000
16 10 17 20 16 4842.90000 10.05100000 282.69000 54.47000 16.26300 196.90000
16 10 17 20 16 4843.40000 10.05000000 282.69000 54.47000 16.26300 196.90000
16 10 17 20 17 4844.60000 10.05000000 282.97000 54.77000 16.26300 196.90000
16 10 17 20 17 4844.60000 10.05000000 282.98000 54.77000 16.26300 196.90000
16 10 17 20 18 4844.90000 10.05100000 282.49000 54.77000 16.26300 196.90000
16 10 17 20 18 4842.80000 10.05100000 282.18000 54.77000 16.26300 198.33000
16 10 17 20 19 4841.00000 10.05100000 282.18000 54.77000 16.26300 198.33000
16 10 17 20 19 4838.00000 10.05000000 282.16000 54.77000 16.26300 198.33000
16 10 17 20 19 4838.00000 10.05000000 282.19000 54.90000 16.26300 198.33000
16 10 17 20 20 4837.90000 10.05000000 282.19000 54.90000 16.26300 196.90000
16 10 17 20 20 4836.20000 10.05000000 282.21000 54.90000 16.26300 196.90000
16 10 17 20 21 4837.80000 10.05000000 282.21000 54.99000 16.26300 196.90000
16 10 17 20 21 4837.60000 10.05000000 282.88000 54.99000 16.26300 196.90000
16 10 17 20 22 4836.10000 10.05000000 282.88000 54.99000 16.26300 196.90000
16 10 17 20 22 4831.10000 10.05000000 282.22000 54.90000 16.26400 196.90000
16 10 17 20 22 4836.00000 10.12900000 282.88000 54.90000 16.26400 196.90000
16 10 17 20 23 4836.10000 10.12900000 282.78000 54.86000 16.26400 196.90000
16 10 17 20 23 4835.50000 10.12900000 282.87000 54.86000 16.26400 196.90000
16 10 17 20 24 4831.00000 10.05200000 282.87000 54.89000 16.26400 196.90000
16 10 17 20 24 4835.00000 10.05200000 282.85000 54.89000 16.26400 196.90000
16 10 17 20 25 4817.20000 10.05200000 282.85000 54.89000 16.26400 198.30800
16 10 17 20 25 4830.00000 10.05100000 282.79000 54.77000 16.26400 198.30800
16 10 17 20 25 4829.90000 10.14500000 282.79000 54.77000 16.26400 198.30800
16 10 17 20 26 4825.00000 10.14500000 282.78000 54.77000 16.26400 198.30800
16 10 17 20 26 4829.90000 10.05100000 282.29000 54.77000 16.26400 198.30800
16 10 17 20 27 4829.80000 10.05100000 282.60000 54.77000 16.26400 198.30800
16 10 17 20 27 4826.00000 10.05100000 282.59000 54.77000 16.12800 198.30800
16 10 17 20 28 4830.00000 10.05100000 282.59000 54.77000 16.12800 198.30800
16 10 17 20 28 4830.00000 10.05200000 282.60000 54.77000 16.12800 196.92000
16 10 17 20 28 4830.00000 10.05200000 282.77000 54.90000 16.12800 198.27000
16 10 17 20 29 4830.00000 10.05200000 282.78000 54.89000 16.12800 198.27000
16 10 17 20 29 4829.90000 10.05200000 282.77000 54.89000 16.12800 198.27000
16 10 17 20 30 4830.10000 10.05200000 282.63000 54.89000 16.12800 198.27000
16 10 17 20 30 4832.90000 10.05200000 282.64000 54.89000 16.12800 198.27000
16 10 17 20 31 4830.60000 10.05200000 282.74000 54.89000 16.12800 196.68200
16 10 17 20 31 4834.00000 10.05200000 282.75000 54.89000 16.12800 196.68200
16 10 17 20 32 4834.00000 10.05200000 282.75000 54.89000 16.12800 196.68200
16 10 17 20 32 4829.90000 10.05200000 282.65000 54.89000 16.12800 196.68200
16 10 17 20 32 4829.00000 10.05200000 282.60000 54.89000 16.16400 196.68200
16 10 17 20 33 4829.00000 10.05200000 282.58000 54.89000 16.16400 196.68200
16 10 17 20 33 4829.00000 10.05200000 282.51000 54.89000 16.16400 196.68200
16 10 17 20 34 4828.80000 10.05200000 282.45000 54.89000 16.12800 196.68200
16 10 17 20 34 4827.00000 10.05200000 282.40000 54.89000 16.12800 196.68200
16 10 17 20 35 4827.00000 10.05200000 282.39000 54.77000 16.12000 196.68200
16 10 17 20 35 4827.10000 10.05200000 282.39000 54.77000 16.12000 196.68200
16 10 17 20 35 4828.60000 10.05200000 282.39000 54.77000 16.12000 196.68200
16 10 17 20 36 4827.00000 10.05200000 282.16000 54.70000 16.12000 196.90000
16 10 17 20 36 4827.00000 10.05200000 282.38000 54.54000 16.12000 196.90000
16 10 17 20 37 4828.10000 10.05100000 282.15000 54.54000 16.12000 196.90000
16 10 17 20 37 4827.90000 10.05100000 282.16000 54.54000 16.12000 196.90000
16 10 17 20 38 4828.10000 10.05100000 282.16000 54.54000 16.12000 196.90000
16 10 17 20 38 4828.00000 10.05100000 282.15000 54.56000 16.12000 196.90000
16 10 17 20 38 4828.10000 10.05100000 281.31000 54.57000 16.12000 196.90000
16 10 17 20 39 4828.40000 10.05100000 281.31000 54.57000 16.12000 196.90000
16 10 17 20 39 4828.20000 10.05100000 281.02000 54.57000 16.12000 196.90000
16 10 17 20 40 4828.20000 10.05100000 281.31000 54.57000 16.12000 196.90000
16 10 17 20 40 4828.10000 10.05100000 281.31000 54.57000 16.12000 196.90000
16 10 17 20 41 4828.20000 10.05100000 281.31000 54.57000 16.12000 196.90000
16 10 17 20 41 4828.20000 10.05100000 281.31000 54.57000 16.12000 196.90000
16 10 17 20 41 4827.20000 10.05100000 281.68000 54.57000 16.12000 196.90000
16 10 17 20 42 4827.00000 10.05100000 281.10000 54.57000 16.12000 196.90000
16 10 17 20 42 4828.20000 10.05100000 281.67000 54.90000 16.12000 196.90000
16 10 17 20 43 4825.00000 10.05100000 281.32000 54.90000 16.12000 196.90000
16 10 17 20 43 4825.00000 10.05100000 281.65000 54.90000 16.12000 196.90000
16 10 17 20 44 4825.00000 10.05100000 281.65000 54.90000 16.12000 196.90000
16 10 17 20 44 4822.20000 10.12200000 282.00000 54.90000 16.12000 196.90000
16 10 17 20 44 4827.00000 10.05100000 281.65000 54.90000 16.12000 196.90000
16 10 17 20 45 4827.00000 10.05100000 281.98000 54.90000 16.12000 198.00000
16 10 17 20 45 4826.90000 10.05100000 281.96000 54.89000 16.12000 198.00000
16 10 17 20 46 4819.60000 10.05200000 281.97000 54.90000 16.12000 198.00000
16 10 17 20 46 4826.00000 10.05200000 281.95000 54.76000 16.12000 198.00000
16 10 17 20 47 4814.00000 10.05200000 281.94000 54.76000 16.12000 198.00000
16 10 17 20 47 4814.00000 10.05100000 281.94000 54.76000 16.12000 198.00000
16 10 17 20 47 4810.00000 10.05100000 281.93000 54.90000 16.12000 198.00000
16 10 17 20 48 4810.00000 10.05100000 281.00000 54.76000 16.12000 198.00000
16 10 17 20 48 4812.90000 10.05100000 281.92000 54.76000 16.12000 198.00000
16 10 17 20 49 4812.70000 10.05000000 281.92000 54.76000 16.12000 198.00000
16 10 17 20 49 4810.20000 10.05000000 281.65000 54.76000 16.12000 198.00000
16 10 17 20 50 4810.20000 10.05000000 281.65000 54.70000 16.12000 198.00000
16 10 17 20 50 4810.10000 10.14600000 281.84000 54.70000 16.12000 198.00000
16 10 17 20 50 4810.10000 10.14600000 281.70000 54.70000 16.12000 198.00000
16 10 17 20 51 4810.00000 10.14600000 281.66000 54.70000 16.12000 198.00000
16 10 17 20 51 4810.00000 10.05000000 281.85000 54.70000 16.12000 198.00000
16 10 17 20 52 4810.00000 10.10500000 281.85000 54.70000 16.12000 198.00000
16 10 17 20 52 4810.10000 10.05000000 281.85000 54.70000 16.12000 198.00000
16 10 17 20 53 4810.20000 10.05000000 281.88000 54.70000 16.12000 198.00000
16 10 17 20 53 4810.10000 10.05000000 281.85000 54.70000 16.12000 198.00000
16 10 17 20 53 4810.10000 10.05000000 281.85000 54.70000 16.12000 198.00000
16 10 17 20 54 4810.00000 10.14800000 281.85000 54.70000 16.12200 198.00000
16 10 17 20 54 4810.00000 10.14800000 281.85000 54.70000 16.12200 198.00000
16 10 17 20 55 4810.00000 10.14800000 281.85000 54.70000 16.12200 198.00000
16 10 17 20 55 4810.10000 10.14800000 281.88000 54.66000 16.12200 198.00000
16 10 17 20 56 4810.20000 10.14800000 281.85000 54.66000 16.12200 197.24000
16 10 17 20 56 4810.10000 10.14800000 281.85000 54.56000 16.12200 197.24000
16 10 17 20 56 4804.10000 10.14800000 281.88000 54.56000 16.25700 197.24000
16 10 17 20 57 4800.00000 10.14800000 281.84000 54.56000 16.25700 197.24000
16 10 17 20 57 4798.00000 10.14800000 281.84000 54.56000 16.25700 197.24000
16 10 17 20 58 4799.90000 10.14800000 281.84000 54.56000 16.25700 197.24000
16 10 17 20 58 4795.50000 10.14800000 281.85000 54.44000 16.25700 197.24000
16 10 17 20 59 4799.60000 10.13400000 281.85000 54.70000 16.25700 197.24000
16 10 17 20 59 4790.40000 10.13400000 281.85000 54.70000 16.25700 197.24000
16 10 17 20 59 4790.40000 10.13500000 281.85000 54.50000 16.25700 197.24000
16 10 17 21 00 4799.00000 10.13500000 281.85000 54.50000 16.25700 197.24000
16 10 17 21 00 4788.00000 10.05000000 281.85000 54.50000 16.25700 197.24000
16 10 17 21 01 4788.00000 10.05000000 281.84000 54.50000 16.25700 197.24000
16 10 17 21 01 4788.00000 10.04000000 281.84000 54.50000 16.25700 197.24000
16 10 17 21 02 4788.00000 10.03600000 281.84000 54.50000 16.25700 197.24000
16 10 17 21 02 4788.30000 10.03000000 281.84000 54.50000 16.25700 197.24000
16 10 17 21 02 4789.20000 10.03000000 281.10000 54.50000 16.25700 197.24000
16 10 17 21 03 4798.00000 10.03000000 281.12000 54.68000 16.04300 197.24000
16 10 17 21 03 4789.00000 10.03000000 281.70000 54.68000 16.04300 197.24000
16 10 17 21 04 4798.70000 10.03000000 281.70000 54.68000 16.04300 197.24000
16 10 17 21 04 4789.60000 10.06000000 281.70000 54.68000 16.04300 197.20000
16 10 17 21 05 4800.00000 10.06000000 281.60000 54.68000 16.04300 197.20000
16 10 17 21 05 4800.00000 10.03300000 281.09000 54.68000 16.04300 197.20000
16 10 17 21 05 4799.50000 10.03300000 281.09000 54.27000 16.04300 197.20000
16 10 17 21 06 4800.00000 10.03300000 281.09000 54.27000 16.04300 197.20000
16 10 17 21 06 4799.30000 10.03300000 281.10000 54.27000 16.04300 198.28700
16 10 17 21 07 4802.50000 10.03300000 281.10000 54.27000 16.04300 198.28700
16 10 17 21 07 4802.50000 10.03300000 281.10000 54.36000 16.04300 198.29900
16 10 17 21 08 4803.00000 10.03300000 281.00000 54.36000 16.04300 198.29900
16 10 17 21 08 4803.00000 10.03300000 281.10000 54.29000 16.04300 198.29900
16 10 17 21 09 4809.00000 10.03300000 281.00000 54.36000 16.04300 198.29900
16 10 17 21 09 4802.90000 10.03300000 281.00000 54.36000 16.04300 198.29900
16 10 17 21 09 4806.20000 10.03300000 281.00000 54.36000 16.12400 198.29900
16 10 17 21 10 4802.90000 10.03300000 281.03000 54.36000 16.12400 198.29900
16 10 17 21 10 4805.90000 10.03300000 281.00000 54.56000 16.12400 198.29900
16 10 17 21 11 4802.90000 10.03300000 281.10000 54.29000 16.12400 198.29900
16 10 17 21 11 4799.50000 10.03300000 281.10000 54.29000 16.12400 198.29900
16 10 17 21 12 4799.80000 10.03300000 281.10000 54.29000 16.12400 198.29900
16 10 17 21 12 4802.90000 10.03300000 281.10000 54.29000 16.21700 198.29900
16 10 17 21 12 4802.90000 10.03300000 281.10000 54.29000 16.21700 198.29900
16 10 17 21 13 4802.70000 10.03300000 281.10000 54.29000 16.21700 198.29900
16 10 17 21 13 4802.50000 10.03300000 281.44000 54.65000 16.21700 198.29900
16 10 17 21 14 4802.90000 10.03300000 281.43000 54.65000 16.21700 198.29900
16 10 17 21 14 4802.50000 10.03300000 281.43000 54.53000 16.21700 198.29900
16 10 17 21 14 4802.90000 10.03300000 281.49000 54.53000 16.21700 198.29900
16 10 17 21 15 4802.90000 10.03300000 281.49000 54.53000 16.21700 197.20000
16 10 17 21 15 4802.90000 10.03300000 281.44000 54.53000 16.21700 197.20000
16 10 17 21 16 4802.70000 10.03300000 281.49000 54.53000 16.21700 197.20000
16 10 17 21 16 4802.90000 10.03300000 281.58000 54.53000 16.21700 197.20000
16 10 17 21 17 4804.90000 10.03300000 281.59000 54.51000 16.21700 197.20000
16 10 17 21 17 4805.00000 10.03300000 281.59000 54.51000 16.21700 197.20000
16 10 17 21 18 4808.90000 10.03300000 281.69000 54.51000 16.21700 197.20000
16 10 17 21 18 4808.80000 10.03300000 280.69000 54.51000 16.21700 197.20000
16 10 17 21 18 4805.20000 10.03300000 280.65000 54.51000 16.21700 197.20000
16 10 17 21 19 4809.20000 10.03300000 281.55000 54.53000 16.21700 197.20000
16 10 17 21 19 4808.80000 10.03300000 281.57000 54.53000 16.21700 197.20000
16 10 17 21 20 4802.90000 10.03300000 281.54000 54.53000 16.21700 197.20000
16 10 17 21 20 4808.00000 10.03300000 281.54000 54.51000 16.21700 197.22000
16 10 17 21 21 4808.50000 10.00700000 281.54000 54.51000 16.21700 197.22000
16 10 17 21 21 4813.00000 10.00700000 281.54000 54.51000 16.21700 197.22000
16 10 17 21 21 4803.10000 10.00700000 281.52000 54.51000 16.21700 197.20000
16 10 17 21 22 4808.00000 10.00700000 281.53000 54.51000 16.21700 197.20000
16 10 17 21 22 4808.10000 10.12700000 281.53000 54.53000 16.21700 197.20000
16 10 17 21 23 4808.10000 10.12700000 280.98000 54.45000 16.21700 197.20000
16 10 17 21 23 4812.90000 10.12700000 280.98000 54.45000 16.21700 197.20000
16 10 17 21 24 4812.00000 10.12700000 281.54000 54.45000 16.21700 197.20000
16 10 17 21 24 4810.00000 10.12700000 281.54000 54.45000 16.21700 197.20000
16 10 17 21 24 4811.40000 10.12700000 281.54000 54.45000 16.21700 197.20000
16 10 17 21 25 4811.40000 10.12700000 281.54000 54.45000 16.21700 197.20000
16 10 17 21 25 4811.30000 10.12700000 281.54000 54.53000 16.21700 197.20000
16 10 17 21 26 4813.00000 10.12700000 281.58000 54.58000 16.21700 197.20000
16 10 17 21 26 4811.50000 10.12700000 281.84000 54.58000 16.21700 197.20000
16 10 17 21 27 4812.00000 10.12700000 281.84000 54.42000 16.21700 197.20000
16 10 17 21 27 4811.90000 10.12700000 281.84000 54.42000 16.21700 197.20000
16 10 17 21 27 4811.40000 10.12700000 281.55000 54.56000 16.21700 197.20000
16 10 17 21 28 4812.00000 10.12700000 280.52000 54.56000 16.21700 197.20000
16 10 17 21 28 4812.00000 10.12700000 281.97000 54.56000 16.21700 197.20000
16 10 17 21 29 4811.60000 10.12700000 281.58000 54.56000 16.23000 197.20000
16 10 17 21 29 4811.60000 10.12700000 281.58000 54.56000 16.23000 197.20000
16 10 17 21 30 4811.60000 10.12700000 281.57000 54.51000 16.23000 197.20000
16 10 17 21 30 4811.60000 10.12700000 281.57000 54.51000 16.23000 197.20000
16 10 17 21 30 4811.60000 10.12700000 281.03000 54.51000 16.23000 197.20000
16 10 17 21 31 4811.60000 10.12700000 281.94000 54.51000 16.23000 197.20000
16 10 17 21 31 4811.50000 10.12700000 281.87000 54.51000 16.23000 197.20000
16 10 17 21 32 4812.00000 10.06600000 281.92000 54.51000 16.23000 197.20000
16 10 17 21 32 4812.00000 10.06600000 281.88000 54.51000 16.23000 197.20000
16 10 17 21 33 4811.90000 10.06600000 281.88000 54.51000 16.23000 197.20000
16 10 17 21 33 4813.00000 10.06600000 281.88000 54.51000 16.23000 197.20000
16 10 17 21 33 4816.30000 10.06600000 281.93000 54.51000 16.23000 197.20000
16 10 17 21 34 4820.00000 10.06600000 281.93000 54.51000 16.23000 197.20000
16 10 17 21 34 4821.00000 10.06600000 281.93000 54.42000 16.23000 197.20000
16 10 17 21 35 4820.50000 10.06600000 281.93000 54.42000 16.23000 197.20000
16 10 17 21 35 4820.10000 10.06600000 281.93000 54.42000 16.23000 197.04000
16 10 17 21 35 4820.10000 10.06600000 281.98000 54.42000 16.23000 197.04000
16 10 17 21 36 4820.70000 10.06600000 281.91000 54.42000 16.23000 197.04000
16 10 17 21 36 4822.00000 10.06600000 281.91000 54.42000 16.23000 197.04000
16 10 17 21 37 4822.00000 10.06600000 281.98000 54.42000 16.23000 197.04000
16 10 17 21 37 4822.00000 10.06600000 281.98000 54.42000 16.23000 197.04000
16 10 17 21 38 4822.00000 10.01100000 282.00000 54.42000 16.21700 197.04000
16 10 17 21 38 4826.00000 10.01100000 282.00000 54.42000 16.21700 197.04000
16 10 17 21 39 4822.00000 10.01100000 282.00000 54.42000 16.24000 197.04000
16 10 17 21 39 4821.60000 10.01100000 282.10000 54.42000 16.24000 197.04000
16 10 17 21 39 4826.00000 10.01100000 282.00000 54.42000 16.21700 197.04000
16 10 17 21 40 4826.90000 10.01100000 282.45000 54.42000 16.21700 197.04000
16 10 17 21 40 4813.00000 10.01100000 282.45000 54.42000 16.21700 197.04000
16 10 17 21 41 4813.00000 10.01100000 282.45000 54.42000 16.21700 197.04000
16 10 17 21 41 4828.90000 10.01100000 282.45000 54.42000 16.21700 197.04000
16 10 17 21 42 4828.90000 10.01100000 282.18000 54.42000 16.21700 197.04000
16 10 17 21 42 4827.00000 10.01100000 282.45000 54.42000 16.21700 197.04000
16 10 17 21 42 4827.00000 10.01100000 282.45000 54.42000 16.21700 197.04000
16 10 17 21 43 4827.00000 10.01100000 282.50000 54.42000 16.21700 197.04000
16 10 17 21 43 4829.00000 10.01500000 282.50000 54.42000 16.21700 197.04000
16 10 17 21 44 4829.00000 10.01500000 282.50000 54.42000 16.23900 197.04000
16 10 17 21 44 4828.90000 10.01500000 282.50000 54.42000 16.21700 197.04000
16 10 17 21 45 4827.90000 10.01500000 282.99000 54.51000 16.21700 197.20000
16 10 17 21 45 4827.80000 10.01500000 282.90000 54.51000 16.21700 197.20000
16 10 17 21 45 4827.80000 10.01500000 282.85000 54.42000 16.21700 197.20000
16 10 17 21 46 4815.30000 10.01500000 282.85000 54.42000 16.21700 197.20000
16 10 17 21 46 4815.40000 10.01500000 282.85000 54.42000 16.21700 197.20000
16 10 17 21 47 4815.50000 10.01500000 283.00000 54.42000 16.21700 197.04000
16 10 17 21 47 4815.50000 10.01500000 283.00000 54.42000 16.21700 197.04000
16 10 17 21 48 4815.50000 10.01500000 283.00000 54.42000 16.21700 197.04000
16 10 17 21 48 4826.90000 10.01500000 283.00000 54.42000 16.21700 197.04000
16 10 17 21 48 4816.00000 10.01500000 283.80000 54.42000 16.21700 197.01000
16 10 17 21 49 4826.50000 10.01500000 283.80000 54.42000 16.21700 197.01000
16 10 17 21 49 4825.90000 10.06400000 284.28000 54.44000 16.21700 197.01000
16 10 17 21 50 4825.90000 10.00700000 284.00000 54.44000 16.21700 197.20000
16 10 17 21 50 4825.80000 10.00700000 284.00000 54.53000 16.21700 197.20000
16 10 17 21 51 4825.80000 10.00700000 284.24000 54.53000 16.21700 197.60000
16 10 17 21 51 4825.80000 10.00700000 284.26000 54.53000 16.21700 197.60000
16 10 17 21 51 4818.70000 10.00700000 284.06000 54.53000 16.21700 197.60000
16 10 17 21 52 4828.00000 10.00700000 284.32000 54.53000 16.21700 197.60000
16 10 17 21 52 4828.00000 10.05500000 284.10000 54.53000 16.21700 197.60000
16 10 17 21 53 4828.00000 10.05500000 284.10000 54.53000 16.21700 197.60000
16 10 17 21 53 4828.00000 10.05500000 284.10000 54.53000 16.21700 197.60000
16 10 17 21 54 4828.00000 10.05500000 284.10000 54.53000 16.21700 197.60000
16 10 17 21 54 4828.00000 10.05500000 284.08000 54.53000 16.21700 197.60000
16 10 17 21 54 4828.00000 10.05500000 284.10000 54.60000 16.21700 197.60000
16 10 17 21 55 4828.00000 10.05500000 284.09000 54.60000 16.26400 197.60000
16 10 17 21 55 4829.00000 10.05500000 284.09000 54.50000 16.26400 197.60000
16 10 17 21 56 4828.50000 10.05500000 284.32000 54.50000 16.26400 197.60000
16 10 17 21 56 4828.50000 10.05500000 284.16000 54.52000 16.26400 197.60000
16 10 17 21 57 4828.50000 10.05500000 284.16000 54.52000 16.26400 197.60000
16 10 17 21 57 4828.90000 10.05500000 284.15000 54.52000 16.26400 197.60000
16 10 17 21 57 4828.90000 10.05500000 284.16000 54.52000 16.26400 198.00000
16 10 17 21 58 4826.00000 10.05500000 284.16000 54.52000 16.26400 198.00000
16 10 17 21 58 4827.00000 10.05500000 284.16000 54.52000 16.26400 198.12000
16 10 17 21 59 4827.00000 10.05500000 284.32000 54.52000 16.26400 198.12000
16 10 17 21 59 4826.50000 10.05500000 284.32000 54.52000 16.26400 198.12000
16 10 17 22 00 4826.80000 10.00100000 284.32000 54.52000 16.26400 198.12000
16 10 17 22 00 4821.10000 10.00100000 284.32000 54.52000 16.26400 198.12000
16 10 17 22 00 4827.00000 10.00100000 284.93000 54.52000 16.26400 198.12000
16 10 17 22 01 4826.50000 10.00100000 284.91000 54.52000 16.26400 198.13500
16 10 17 22 01 4826.50000 10.00100000 284.82000 54.75000 16.23200 198.13500
16 10 17 22 02 4826.50000 10.00100000 284.91000 54.75000 16.23200 198.13500
16 10 17 22 02 4826.50000 10.00100000 284.92000 54.75000 16.23200 198.13500
16 10 17 22 03 4821.20000 10.01000000 284.90000 54.50000 16.23200 198.14800
16 10 17 22 03 4828.90000 10.01000000 284.51000 54.65000 16.23200 198.14800
16 10 17 22 03 4827.90000 10.00800000 284.52000 54.65000 16.23200 198.14800
16 10 17 22 04 4829.00000 10.00800000 284.84000 54.65000 16.23200 198.14800
16 10 17 22 04 4828.90000 10.00800000 284.84000 54.65000 16.23200 198.14800
16 10 17 22 05 4817.80000 10.00800000 284.76000 54.65000 16.23200 198.14800
16 10 17 22 05 4829.80000 10.00800000 284.15000 54.65000 16.23200 198.14800
16 10 17 22 06 4829.60000 10.00800000 284.15000 54.62000 16.23200 197.27000
16 10 17 22 06 4817.90000 10.00800000 284.77000 54.62000 16.23200 197.27000
16 10 17 22 06 4829.60000 10.00800000 284.77000 54.62000 16.23200 197.27000
16 10 17 22 07 4829.60000 10.00800000 284.77000 54.62000 16.23200 197.27000
16 10 17 22 07 4829.60000 10.00800000 284.77000 54.62000 16.23200 197.27000
16 10 17 22 08 4829.80000 10.00800000 284.72000 54.62000 16.23200 197.27000
16 10 17 22 08 4829.80000 10.00800000 284.72000 54.62000 16.23200 197.27000
16 10 17 22 09 4829.60000 10.00800000 284.72000 54.41000 16.23200 197.27000
16 10 17 22 09 4829.40000 10.00800000 284.72000 54.41000 16.23200 197.27000
16 10 17 22 09 4829.40000 10.00800000 284.17000 54.41000 16.23200 197.27000
16 10 17 22 10 4828.30000 10.00800000 284.69000 54.41000 16.23200 197.27000
16 10 17 22 10 4819.00000 10.04600000 284.16000 54.41000 16.23200 197.27000
16 10 17 22 11 4819.00000 10.04600000 284.16000 54.41000 16.23200 197.27000
16 10 17 22 11 4819.00000 10.04600000 284.17000 54.41000 16.23200 197.27000
16 10 17 22 12 4819.00000 10.04600000 284.17000 54.49000 16.23200 197.27000
16 10 17 22 12 4829.00000 10.04600000 284.30000 54.49000 16.23200 197.27000
16 10 17 22 12 4829.00000 10.04600000 284.30000 54.49000 16.23200 197.27000
16 10 17 22 13 4829.00000 10.04600000 284.30000 54.49000 16.23200 197.27000
16 10 17 22 13 4818.40000 10.01000000 284.30000 54.49000 16.23200 197.27000
16 10 17 22 14 4826.50000 10.01000000 284.30000 54.49000 16.21700 197.27000
16 10 17 22 14 4820.00000 10.01000000 284.46000 54.25000 16.21700 197.27000
16 10 17 22 15 4820.00000 10.01000000 284.47000 54.25000 16.21700 197.27000
16 10 17 22 15 4820.00000 10.01000000 284.31000 54.25000 16.21700 197.27000
16 10 17 22 15 4819.50000 10.01000000 284.31000 54.25000 16.21700 197.27000
16 10 17 22 16 4824.80000 10.01000000 284.31000 54.21000 16.21700 197.27000
16 10 17 22 16 4824.80000 10.01000000 284.31000 54.21000 16.21700 197.27000
16 10 17 22 17 4820.00000 10.01000000 284.31000 54.23000 16.21700 197.27000
16 10 17 22 17 4820.00000 10.01000000 284.31000 54.20000 16.21700 197.27000
16 10 17 22 17 4820.00000 10.01000000 284.30000 54.20000 16.22400 197.27000
16 10 17 22 18 4820.00000 10.01000000 284.30000 54.20000 16.22400 197.27000
16 10 17 22 18 4820.00000 10.01000000 284.30000 54.20000 16.22400 197.27000
16 10 17 22 19 4820.00000 10.01000000 284.30000 54.20000 16.22400 197.27000
16 10 17 22 19 4820.00000 10.01000000 284.30000 54.20000 16.22400 197.27000
16 10 17 22 20 4819.90000 10.10600000 283.38000 54.20000 16.22400 197.27000
16 10 17 22 20 4820.00000 10.10600000 284.53000 54.20000 16.22400 197.27000
16 10 17 22 20 4819.00000 10.10600000 284.53000 54.20000 16.22400 197.27000
16 10 17 22 21 4820.00000 10.10600000 284.53000 54.20000 16.22400 197.27000
16 10 17 22 21 4820.00000 10.10600000 284.53000 54.20000 16.22400 197.27000
16 10 17 22 22 4820.00000 10.10600000 284.34000 54.20000 16.22400 197.27000
16 10 17 22 22 4819.90000 10.10600000 284.47000 54.20000 16.22400 197.27000
16 10 17 22 23 4819.90000 10.10600000 284.47000 54.20000 16.22400 197.27000
16 10 17 22 23 4819.90000 10.10600000 284.47000 54.20000 16.26400 197.27000
16 10 17 22 24 4819.20000 10.10600000 284.47000 54.20000 16.31100 197.27000
16 10 17 22 24 4819.90000 10.10600000 284.46000 54.20000 16.31100 197.04000
16 10 17 22 24 4819.40000 10.10600000 284.46000 54.20000 16.31100 197.04000
16 10 17 22 25 4819.30000 10.00000000 283.48000 54.20000 16.31100 197.04000
16 10 17 22 25 4819.20000 10.00000000 284.03000 54.20000 16.31100 197.04000
16 10 17 22 26 4819.00000 10.00400000 284.01000 54.20000 16.31100 197.00000
16 10 17 22 26 4819.90000 10.00400000 284.00000 54.20000 16.31100 197.00000
16 10 17 22 26 4819.00000 10.00400000 283.51000 54.20000 16.31100 197.00000
16 10 17 22 27 4819.00000 10.00400000 283.51000 54.20000 16.31100 197.00000
16 10 17 22 27 4820.00000 10.00400000 284.00000 54.20000 16.31100 197.00000
16 10 17 22 28 4820.00000 10.00400000 283.51000 54.20000 16.31100 197.00000
16 10 17 22 28 4820.00000 10.00400000 283.98000 54.30000 16.31100 197.00000
16 10 17 22 29 4819.70000 10.00400000 283.98000 54.30000 16.31100 197.00000
16 10 17 22 29 4819.80000 10.00400000 283.53000 54.30000 16.31100 197.00000
16 10 17 22 29 4819.80000 10.00400000 283.53000 54.30000 16.31100 197.00000
16 10 17 22 30 4819.80000 10.00400000 283.98000 54.30000 16.31100 197.00000
16 10 17 22 30 4819.90000 10.00400000 283.85000 54.36000 16.31100 197.00000
16 10 17 22 31 4819.90000 10.00000000 283.26000 54.25000 16.31100 197.00000
16 10 17 22 31 4819.90000 10.00000000 283.26000 54.25000 16.31100 197.00000
16 10 17 22 32 4819.90000 10.00000000 283.99000 54.25000 16.31100 197.00000
16 10 17 22 32 4819.80000 10.00000000 283.99000 54.25000 16.31100 197.00000
16 10 17 22 32 4819.00000 10.00000000 283.98000 54.25000 16.31100 197.00000
16 10 17 22 33 4819.90000 10.00000000 283.28000 54.25000 16.31100 197.00000
16 10 17 22 33 4819.80000 10.00000000 283.98000 54.25000 16.31100 197.00000
16 10 17 22 34 4819.90000 10.00000000 283.98000 54.25000 16.31100 197.00000
16 10 17 22 34 4819.00000 10.00000000 283.92000 54.25000 16.31100 197.00000
16 10 17 22 35 4819.00000 10.00000000 283.92000 54.17000 16.31100 197.00000
16 10 17 22 35 4819.00000 10.00000000 283.92000 54.17000 16.31100 197.00000
16 10 17 22 35 4819.60000 10.00000000 283.92000 54.17000 16.31100 197.00000
16 10 17 22 36 4819.80000 10.00000000 283.92000 54.17000 16.31100 197.00000
16 10 17 22 36 4819.80000 10.00000000 283.88000 54.17000 16.31100 197.00000
16 10 17 22 37 4819.80000 10.00000000 283.88000 54.17000 16.31100 197.00000
16 10 17 22 37 4819.70000 10.00000000 283.88000 54.17000 16.31100 197.00000
16 10 17 22 38 4819.70000 10.00000000 283.33000 54.17000 16.31100 197.00000
16 10 17 22 38 4819.90000 10.00000000 283.86000 54.17000 16.31100 197.00000
16 10 17 22 38 4819.80000 10.00000000 283.86000 54.17000 16.31100 197.00000
16 10 17 22 39 4819.00000 10.00000000 284.23000 54.17000 16.31100 197.00000
16 10 17 22 39 4819.90000 10.00000000 284.23000 54.17000 16.31100 197.00000
16 10 17 22 40 4819.90000 10.00000000 284.23000 54.17000 16.33000 197.00000
16 10 17 22 40 4819.40000 10.00000000 283.39000 54.17000 16.33000 197.00000
16 10 17 22 41 4819.10000 10.00000000 283.39000 54.17000 16.33000 197.00000
16 10 17 22 41 4819.10000 10.00000000 283.40000 54.17000 16.33000 197.00000
16 10 17 22 41 4819.10000 10.00000000 283.40000 54.17000 16.33000 197.00000
16 10 17 22 42 4819.50000 10.00000000 283.42000 54.17000 16.33000 197.00000
16 10 17 22 42 4819.50000 10.00000000 283.76000 54.17000 16.33000 197.00000
16 10 17 22 43 4819.40000 10.00000000 283.76000 54.17000 16.33000 197.00000
16 10 17 22 43 4819.50000 10.00000000 283.97000 54.00000 16.33000 197.00000
16 10 17 22 44 4819.50000 10.00000000 283.97000 54.00000 16.33000 197.00000
16 10 17 22 44 4819.40000 10.00000000 284.10000 54.00000 16.33000 197.00000
16 10 17 22 44 4819.90000 10.00000000 284.54000 54.00000 16.33000 197.00000
16 10 17 22 45 4819.60000 10.00000000 284.10000 54.00000 16.33000 197.00000
16 10 17 22 45 4819.60000 10.00000000 284.10000 54.00000 16.31100 197.94000
16 10 17 22 46 4819.50000 10.00000000 284.11000 54.00000 16.31100 197.94000
16 10 17 22 46 4819.50000 10.00000000 284.44000 54.00000 16.31100 197.94400
16 10 17 22 47 4819.50000 10.00000000 284.44000 54.00000 16.31100 197.94400
16 10 17 22 47 4819.70000 10.00000000 284.14000 54.01000 16.31100 197.94400
16 10 17 22 47 4819.80000 10.00000000 284.22000 54.01000 16.31100 197.94400
16 10 17 22 48 4819.80000 10.11000000 284.22000 54.01000 16.31100 197.94400
16 10 17 22 48 4819.70000 10.11000000 284.45000 54.01000 16.31100 197.94400
16 10 17 22 49 4819.90000 10.11000000 284.49000 54.01000 16.31100 197.94400
16 10 17 22 49 4820.00000 10.11000000 284.49000 54.01000 16.31100 197.94400
16 10 17 22 50 4820.00000 10.11000000 284.49000 54.01000 16.31100 197.94400
16 10 17 22 50 4820.00000 10.11000000 284.49000 54.01000 16.31100 197.94400
16 10 17 22 50 4820.00000 10.11000000 284.49000 54.01000 16.31100 197.94400
16 10 17 22 51 4819.60000 10.11000000 284.39000 54.01000 16.31100 197.90700
16 10 17 22 51 4819.70000 10.11000000 284.39000 54.01000 16.31100 197.90700
16 10 17 22 52 4819.60000 10.00100000 284.49000 54.01000 16.31100 197.90700
16 10 17 22 52 4819.60000 10.00100000 284.49000 54.01000 16.31100 197.90700
16 10 17 22 52 4819.70000 10.00100000 284.58000 54.01000 16.31000 197.90700
16 10 17 22 53 4819.80000 10.00100000 284.58000 54.01000 16.31000 197.90700
16 10 17 22 53 4819.80000 10.00100000 284.39000 54.01000 16.31000 197.90700
16 10 17 22 54 4820.00000 10.00100000 284.11000 54.01000 16.31000 197.10000
16 10 17 22 54 4820.00000 10.00100000 284.11000 54.01000 16.35100 197.10000
16 10 17 22 55 4819.90000 10.00100000 284.11000 54.01000 16.35100 197.10000
16 10 17 22 55 4820.00000 10.00100000 284.10000 54.01000 16.35100 197.10000
16 10 17 22 55 4820.00000 10.00100000 284.10000 54.01000 16.35100 197.10000
16 10 17 22 56 4819.80000 10.00100000 284.51000 54.01000 16.35100 197.10000
16 10 17 22 56 4819.90000 10.00100000 284.51000 54.01000 16.35100 197.10000
16 10 17 22 57 4819.80000 10.00100000 284.51000 54.01000 16.35100 197.10000
16 10 17 22 57 4819.90000 10.00100000 284.48000 54.01000 16.35100 197.10000
16 10 17 22 58 4820.90000 10.00100000 284.30000 54.21000 16.35100 197.10000
16 10 17 22 58 4820.90000 10.00100000 284.30000 54.21000 16.35100 197.10000
16 10 17 22 58 4821.00000 10.11400000 284.30000 54.21000 16.35100 197.10000
16 10 17 22 59 4821.00000 10.11400000 284.49000 54.21000 16.21700 197.10000
16 10 17 22 59 4821.00000 10.11400000 284.49000 54.17000 16.21700 197.10000
16 10 17 23 00 4820.90000 10.11400000 284.30000 54.17000 16.21700 197.10000
16 10 17 23 00 4823.40000 10.11400000 284.30000 54.17000 16.21700 197.95000
16 10 17 23 01 4823.40000 10.11400000 284.49000 54.17000 16.21700 197.95000
16 10 17 23 01 4823.40000 10.11400000 284.30000 54.17000 16.21700 197.95000
16 10 17 23 01 4823.40000 10.11400000 284.30000 54.10000 16.21700 197.95000
16 10 17 23 02 4823.50000 10.11400000 284.30000 54.10000 16.21700 197.10000
16 10 17 23 02 4823.50000 10.11400000 284.40000 54.10000 16.21700 197.10000
16 10 17 23 03 4823.50000 10.11400000 284.50000 54.10000 16.21700 197.10000
16 10 17 23 03 4823.40000 10.11400000 284.50000 54.10000 16.21700 197.10000
16 10 17 23 03 4823.30000 10.11400000 284.50000 54.10000 16.21700 197.10000
16 10 17 23 04 4823.20000 10.11400000 284.50000 54.10000 16.21700 197.10000
16 10 17 23 04 4822.60000 10.11400000 284.50000 54.11000 16.21700 197.10000
16 10 17 23 05 4823.80000 10.11400000 284.55000 54.11000 16.21700 197.10000
16 10 17 23 05 4824.90000 10.11400000 284.55000 54.11000 16.21700 197.10000
16 10 17 23 06 4825.00000 10.11400000 284.55000 54.11000 16.21700 197.10000
16 10 17 23 06 4827.90000 10.11400000 284.50000 54.11000 16.21700 197.10000
16 10 17 23 07 4825.40000 10.11400000 284.50000 54.11000 16.21700 197.10000
16 10 17 23 07 4830.00000 10.11400000 284.50000 54.11000 16.21700 197.10000
16 10 17 23 07 4830.00000 10.11400000 284.54000 54.11000 16.21700 197.10000
16 10 17 23 08 4833.00000 10.11400000 284.50000 54.25000 16.21700 197.10000
16 10 17 23 08 4830.00000 10.11400000 284.50000 54.25000 16.21700 197.10000
16 10 17 23 09 4830.00000 10.11400000 284.50000 54.35000 16.21700 197.10000
16 10 17 23 09 4833.00000 10.11400000 284.50000 54.37000 16.21700 197.10000
16 10 17 23 10 4830.30000 10.11400000 284.50000 54.61000 16.21700 197.10000
16 10 17 23 10 4834.40000 10.11400000 284.50000 54.61000 16.21700 197.10000
16 10 17 23 10 4837.80000 10.11400000 284.50000 54.61000 16.21700 197.10000
16 10 17 23 11 4839.00000 10.11400000 284.50000 54.61000 16.21700 197.10000
16 10 17 23 11 4839.00000 10.11400000 284.50000 54.61000 16.21700 197.10000
16 10 17 23 12 4839.00000 10.11400000 284.50000 54.61000 16.21700 197.10000
16 10 17 23 12 4839.00000 10.11400000 284.50000 54.61000 16.21700 197.10000
16 10 17 23 13 4839.00000 10.11400000 284.50000 54.61000 16.21700 197.10000
16 10 17 23 13 4839.00000 10.11400000 284.94000 54.62000 16.21700 197.10000
16 10 17 23 13 4839.00000 10.11400000 284.94000 54.62000 16.21700 197.10000
16 10 17 23 14 4839.00000 10.11400000 284.37000 54.74000 16.21700 197.10000
16 10 17 23 14 4839.90000 10.11400000 284.37000 54.74000 16.21700 197.10000
16 10 17 23 15 4839.90000 10.11400000 284.90000 54.74000 16.21700 197.10000
16 10 17 23 15 4839.90000 10.11400000 284.31000 54.74000 16.21700 197.10000
16 10 17 23 16 4839.90000 10.11400000 284.31000 54.74000 16.21700 197.10000
16 10 17 23 16 4839.90000 10.11400000 284.31000 54.74000 16.21700 197.10000
16 10 17 23 16 4839.90000 10.11400000 284.00000 54.74000 16.21700 197.10000
16 10 17 23 17 4842.00000 10.11400000 282.00000 54.74000 16.21700 197.10000
16 10 17 23 17 4848.00000 10.11400000 284.00000 54.74000 16.21700 197.10000
16 10 17 23 18 4843.60000 10.11400000 283.80000 54.74000 16.21700 197.10000
16 10 17 23 18 4843.20000 10.11400000 283.80000 54.74000 16.21700 197.10000
16 10 17 23 19 4843.20000 10.11400000 283.80000 54.74000 16.21700 197.10000
16 10 17 23 19 4843.20000 10.11400000 283.80000 54.74000 16.21700 197.10000
16 10 17 23 19 4848.00000 10.11400000 282.75000 54.74000 16.21700 197.99900
16 10 17 23 20 4846.80000 10.11400000 283.79000 54.74000 16.21700 197.99900
16 10 17 23 20 4846.80000 10.11400000 283.72000 54.74000 16.21700 197.99900
16 10 17 23 21 4846.80000 10.11400000 283.72000 54.74000 16.21700 197.99900
16 10 17 23 21 4848.00000 10.11400000 283.80000 54.74000 16.21700 197.99900
16 10 17 23 22 4848.00000 10.11400000 283.80000 54.74000 16.21700 197.99900
16 10 17 23 22 4848.00000 10.11400000 283.80000 54.98000 16.21700 197.99900
16 10 17 23 22 4848.00000 10.11400000 283.72000 54.98000 16.21700 197.99900
16 10 17 23 23 4848.00000 10.11400000 283.72000 54.98000 16.21700 197.99900
16 10 17 23 23 4849.50000 10.11400000 283.75000 54.98000 16.21700 197.99900
16 10 17 23 24 4850.60000 10.11400000 282.77000 54.88000 16.21700 197.99900
16 10 17 23 24 4851.00000 10.11400000 283.78000 54.88000 16.21700 197.04000
16 10 17 23 25 4851.00000 10.11400000 283.78000 54.87000 16.21700 197.04000
16 10 17 23 25 4851.00000 10.11400000 283.77000 54.87000 16.21700 197.04000
16 10 17 23 25 4854.50000 10.11400000 283.78000 54.87000 16.21700 197.04000
16 10 17 23 26 4855.40000 10.11400000 282.80000 54.87000 16.21700 197.04000
16 10 17 23 26 4857.00000 10.11400000 283.74000 54.87000 16.21700 197.04000
16 10 17 23 27 4856.00000 10.11400000 283.95000 54.87000 16.21700 197.04000
16 10 17 23 27 4850.90000 10.11400000 284.76000 54.87000 16.21900 197.04000
16 10 17 23 28 4860.00000 10.11400000 284.75000 54.95000 16.21900 197.04000
16 10 17 23 28 4855.90000 10.11400000 284.76000 54.95000 16.21800 197.04000
16 10 17 23 28 4855.90000 10.11400000 284.76000 54.95000 16.21800 197.04000
16 10 17 23 29 4859.80000 10.11400000 284.76000 54.95000 16.21800 197.04000
16 10 17 23 29 4855.90000 10.11400000 284.14000 54.95000 16.21800 197.04000
16 10 17 23 30 4859.80000 10.11400000 283.31000 54.95000 16.21800 197.04000
16 10 17 23 30 4856.00000 10.11400000 283.18000 54.95000 16.21800 197.04000
16 10 17 23 31 4855.90000 10.11400000 283.18000 54.87000 16.21800 197.04000
16 10 17 23 31 4859.80000 10.11400000 282.80000 54.87000 16.21800 197.04000
16 10 17 23 31 4856.50000 10.11400000 282.73000 54.72000 16.21800 197.04000
16 10 17 23 32 4855.00000 10.11400000 282.56000 54.72000 16.21800 197.04000
16 10 17 23 32 4855.00000 10.11400000 282.80000 54.72000 16.21800 197.04000
16 10 17 23 33 4850.30000 10.11400000 282.80000 54.72000 16.21800 197.04000
16 10 17 23 33 4859.80000 10.11400000 282.80000 54.93000 16.21800 197.04000
16 10 17 23 34 4859.90000 10.11400000 282.76000 54.92000 16.21800 197.04000
16 10 17 23 34 4850.60000 10.11400000 282.75000 54.92000 16.21800 197.04000
16 10 17 23 34 4859.90000 10.10900000 282.73000 54.92000 16.21800 197.04000
16 10 17 23 35 4855.00000 10.10900000 282.75000 54.92000 16.21800 197.04000
16 10 17 23 35 4855.00000 10.10900000 282.75000 54.92000 16.21700 197.04000
16 10 17 23 36 4855.00000 10.10900000 282.50000 54.98000 16.21900 197.04000
16 10 17 23 36 4852.10000 10.10900000 282.50000 54.98000 16.21900 197.04000
16 10 17 23 37 4859.00000 10.10900000 282.01000 54.89000 16.21900 197.04000
16 10 17 23 37 4859.90000 10.10900000 281.94000 54.89000 16.21700 197.04000
16 10 17 23 37 4859.90000 10.10900000 282.52000 54.60000 16.21700 197.04000
16 10 17 23 38 4859.10000 10.10900000 282.52000 54.60000 16.21700 197.04000
16 10 17 23 38 4859.90000 10.10900000 282.52000 54.60000 16.21700 197.04000
16 10 17 23 39 4857.00000 10.10900000 281.70000 54.60000 16.21700 197.04000
16 10 17 23 39 4859.80000 10.10900000 282.43000 54.60000 16.21700 197.04000
16 10 17 23 40 4858.90000 10.10900000 281.95000 54.90000 16.21700 197.04000
16 10 17 23 40 4857.00000 10.10900000 281.55000 54.90000 16.21700 197.04000
16 10 17 23 40 4852.70000 10.10900000 281.55000 54.90000 16.21700 197.04000
16 10 17 23 41 4852.60000 10.10900000 282.00000 54.90000 16.21700 197.04000
16 10 17 23 41 4852.10000 10.10900000 282.00000 54.90000 16.21700 197.04000
16 10 17 23 42 4855.00000 10.10900000 282.00000 54.90000 16.21700 197.04000
16 10 17 23 42 4854.50000 10.10900000 281.51000 54.90000 16.21700 197.04000
16 10 17 23 43 4854.50000 10.10900000 281.95000 54.90000 16.21700 197.04000
16 10 17 23 43 4852.40000 10.10900000 281.51000 54.90000 16.21700 197.04000
16 10 17 23 43 4853.90000 10.10900000 281.93000 54.90000 16.21700 197.04000
16 10 17 23 44 4853.00000 10.10900000 281.93000 54.90000 16.21700 197.04000
16 10 17 23 44 4850.20000 10.10900000 281.93000 54.90000 16.21700 197.04000
16 10 17 23 45 4852.70000 10.10900000 281.50000 54.90000 16.21700 197.04000
16 10 17 23 45 4852.80000 10.10900000 281.84000 54.90000 16.21700 197.04000
16 10 17 23 46 4854.00000 10.10900000 281.83000 54.90000 16.21700 197.04000
16 10 17 23 46 4854.00000 10.10900000 281.83000 54.90000 16.20000 197.04000
16 10 17 23 46 4854.00000 10.10900000 281.83000 54.90000 16.20000 197.04000
16 10 17 23 47 4854.00000 10.10900000 281.83000 54.90000 16.20000 197.04000
16 10 17 23 47 4853.00000 10.10900000 281.83000 54.90000 16.20000 197.04000
16 10 17 23 48 4851.60000 10.10900000 281.83000 54.90000 16.20000 197.04000
16 10 17 23 48 4853.00000 10.10900000 281.29000 54.74000 16.20000 197.04000
16 10 17 23 49 4850.30000 10.10900000 281.24000 54.74000 16.20000 197.04000
16 10 17 23 49 4854.00000 10.10900000 281.24000 54.65000 16.20000 197.04000
16 10 17 23 49 4851.80000 10.10900000 281.65000 54.54000 16.20000 197.04000
16 10 17 23 50 4849.00000 10.10900000 281.65000 54.54000 16.12100 197.04000
16 10 17 23 50 4850.50000 10.10900000 281.65000 54.54000 16.12100 197.04000
16 10 17 23 51 4850.00000 10.10900000 281.65000 54.54000 16.12100 197.04000
16 10 17 23 51 4848.90000 10.10900000 281.60000 54.54000 16.12100 197.04000
16 10 17 23 52 4848.90000 10.11100000 281.60000 54.54000 16.12100 197.04000
16 10 17 23 52 4849.00000 10.11100000 281.24000 54.54000 16.12100 197.04000
16 10 17 23 52 4854.00000 10.11100000 281.24000 54.54000 16.12100 197.04000
16 10 17 23 53 4854.00000 10.11100000 281.24000 54.54000 16.12100 197.04000
16 10 17 23 53 4848.40000 10.11100000 281.25000 54.54000 16.12100 197.04000
16 10 17 23 54 4850.30000 10.11100000 281.25000 54.54000 16.12100 197.04000
16 10 17 23 54 4849.30000 10.11100000 281.25000 54.54000 16.12100 197.04000
16 10 17 23 55 4850.30000 10.11100000 281.25000 54.67000 16.12100 197.04000
16 10 17 23 55 4848.50000 10.11100000 281.25000 54.67000 16.12100 197.04000
16 10 17 23 55 4848.40000 10.11100000 281.65000 54.67000 16.12100 197.04000
16 10 17 23 56 4854.00000 10.11100000 281.65000 54.67000 16.12100 197.04000
16 10 17 23 56 4850.30000 10.11100000 281.65000 54.67000 16.12100 197.04000
16 10 17 23 57 4848.40000 10.11100000 281.65000 54.67000 16.12100 197.04000
16 10 17 23 57 4848.40000 10.11100000 281.68000 54.67000 16.12100 197.04000
16 10 17 23 57 4849.90000 10.11100000 281.67000 54.67000 16.12100 197.04000
16 10 17 23 58 4849.90000 10.11100000 281.65000 54.67000 16.12100 197.04000
16 10 17 23 58 4849.80000 10.11100000 281.65000 54.67000 16.12100 197.04000
16 10 17 23 59 4849.80000 10.11100000 281.65000 54.67000 16.12000 197.04000
16 10 17 23 59 4849.90000 10.11100000 281.65000 54.67000 16.12000 197.04000
