 4 5 17 06 54 1386.46500 6.40581370 77.00000 19.60569 15.64961 87.20200
 4 5 17 06 55 1386.26400 6.40581370 77.00000 19.58500 15.45917 87.20200
 4 5 17 06 55 1384.41000 6.40581370 77.00000 19.55679 15.45917 87.20200
 4 5 17 06 56 1386.00000 6.36522000 76.75010 19.52999 15.45917 87.20200
 4 5 17 06 56 1385.99900 6.36522000 77.05000 19.52999 15.35961 87.20204
 4 5 17 06 57 1387.86300 6.40581370 77.05000 19.50000 15.35963 87.20204
 4 5 17 06 57 1388.08800 6.40581370 77.15001 19.41133 15.34199 87.20204
 4 5 17 06 58 1387.98600 6.40581370 77.15001 19.39001 15.34199 87.20204
 4 5 17 06 58 1385.00000 6.40581000 77.05003 19.38000 15.40920 87.20204
 4 5 17 06 59 1387.87400 6.40581000 77.15001 19.34000 15.40920 87.20204
 4 5 17 06 59 1387.87400 6.40581000 77.14227 19.34000 15.40920 87.20204
 4 5 17 07 00 1388.09600 6.40581370 77.15001 19.34000 15.40920 87.20204
 4 5 17 07 00 1387.88900 6.40570000 77.06500 19.41000 15.40920 87.20204
 4 5 17 07 01 1387.88000 6.43752000 77.00000 19.41000 15.40920 87.20204
 4 5 17 07 02 1388.09100 6.43752000 77.14999 19.49987 15.40920 87.20204
 4 5 17 07 02 1385.01400 6.35001000 77.28965 19.45000 15.40920 87.20204
 4 5 17 07 03 1386.50000 6.35001000 77.00001 19.49000 15.34240 87.20204
 4 5 17 07 03 1388.01800 6.35015000 77.13002 19.52618 15.34240 87.20204
 4 5 17 07 04 1387.79600 6.43786000 77.13002 19.52618 15.34240 87.20204
 4 5 17 07 04 1387.81300 6.40000000 77.01000 19.58553 15.34240 87.20259
 4 5 17 07 05 1387.69800 6.43782000 77.11178 19.60000 15.34240 87.20259
 4 5 17 07 05 1387.69800 6.43782000 77.01000 19.60000 15.34240 87.20259
 4 5 17 07 06 1385.01100 6.43782000 77.09998 19.60000 15.34240 87.20259
 4 5 17 07 06 1385.01100 6.43782000 77.11107 19.66100 15.34240 87.20259
 4 5 17 07 07 1387.67200 6.43836000 77.10335 19.53000 15.31001 87.20259
 4 5 17 07 07 1387.67200 6.43836000 77.11178 19.53000 15.31001 87.20259
 4 5 17 07 08 1385.00000 6.46924000 77.11176 19.53000 15.31001 87.20259
 4 5 17 07 08 1385.00000 6.46924000 77.11178 19.48000 15.31001 87.20259
 4 5 17 07 09 1387.65900 6.41160000 77.11230 19.48000 15.31001 87.20259
 4 5 17 07 09 1385.23500 6.41360000 77.13001 19.47999 15.31001 87.20259
 4 5 17 07 10 1386.99900 6.46764000 77.12230 19.42360 15.31001 87.20259
 4 5 17 07 10 1384.41100 6.42100000 77.13002 19.67069 15.31001 87.20259
 4 5 17 07 11 1386.99000 6.42050000 77.13002 19.40106 15.31001 85.40768
 4 5 17 07 11 1386.98300 6.42350000 77.12952 19.47993 15.31001 85.40768
 4 5 17 07 12 1386.99000 6.42150000 77.12230 19.57564 15.31001 85.40768
 4 5 17 07 12 1386.98800 6.42150000 77.13002 19.57564 15.31001 85.40768
 4 5 17 07 13 1386.97600 6.42200000 77.13002 19.57564 15.31002 85.40768
 4 5 17 07 14 1386.97600 6.42501000 77.34046 19.57564 15.31002 85.40768
 4 5 17 07 14 1386.97500 6.42700000 77.15050 19.57566 15.31002 87.89036
 4 5 17 07 15 1386.97300 6.42850000 77.15100 19.57566 15.31002 87.89049
 4 5 17 07 15 1386.00000 6.42850000 77.16100 19.57566 15.40834 85.62328
 4 5 17 07 16 1386.00000 6.42300000 77.16000 19.52000 15.40834 85.62328
 4 5 17 07 16 1386.06900 6.42300000 77.24003 19.57566 15.40834 85.62328
 4 5 17 07 17 1386.07000 6.42050000 77.24000 19.67900 15.40834 85.62328
 4 5 17 07 17 1386.00000 6.42050000 77.24000 19.57566 15.40834 85.62328
 4 5 17 07 18 1386.07000 6.42050000 77.24000 19.65398 15.54859 85.62328
 4 5 17 07 18 1386.07000 6.42050000 77.24003 19.65394 15.54859 85.62328
 4 5 17 07 19 1386.97200 6.42050000 77.24003 19.65394 15.54859 87.88846
 4 5 17 07 19 1387.23500 6.42050000 77.38000 19.64100 15.57943 87.88846
 4 5 17 07 20 1387.23500 6.44524000 77.40050 19.64100 15.50000 87.88846
 4 5 17 07 20 1387.81400 6.44523000 77.47999 19.64400 15.50000 87.88846
 4 5 17 07 21 1387.67000 6.44523000 77.47992 19.62495 15.50000 87.88846
 4 5 17 07 21 1387.67000 6.42100000 77.47218 19.62495 15.50000 87.88846
 4 5 17 07 22 1387.66900 6.42100000 77.55989 19.62495 15.50000 87.88846
 4 5 17 07 22 1387.67000 6.44450000 77.43000 19.62495 15.50000 87.90000
 4 5 17 07 23 1387.67000 6.44450000 77.49993 19.65000 15.50000 87.90000
 4 5 17 07 23 1387.67000 6.44450000 77.43000 19.65000 15.50000 87.90000
 4 5 17 07 24 1387.51000 6.42100000 77.43000 19.64400 15.50000 87.90000
 4 5 17 07 24 1387.87000 6.42100000 77.40002 19.64400 15.50000 87.90000
 4 5 17 07 25 1387.87000 6.44379000 77.44050 19.61200 15.50000 87.90000
 4 5 17 07 25 1387.86900 6.44379000 77.49200 19.61297 15.50000 87.90000
 4 5 17 07 26 1387.70100 6.44379000 77.44100 19.61296 15.50000 88.00000
 4 5 17 07 27 1387.86900 6.44379000 77.50000 19.61296 15.50000 88.19000
 4 5 17 07 27 1387.87000 6.44379000 77.48050 19.61296 15.50000 88.20000
 4 5 17 07 36 1384.55100 6.42132000 77.82150 19.48100 15.57882 87.19575
 4 5 17 07 36 1385.00000 6.41210000 77.82150 19.52638 15.57882 87.19589
 4 5 17 07 37 1385.00000 6.41210000 77.85000 19.60000 15.41949 87.19589
 4 5 17 07 37 1385.00000 6.40001000 77.82150 19.53000 15.41949 87.19589
 4 5 17 07 38 1385.00000 6.42199000 77.82147 19.55902 15.41949 87.19589
 4 5 17 07 38 1385.00000 6.42199000 77.82050 19.60810 15.41949 87.19589
 4 5 17 07 39 1385.00000 6.42199000 77.82100 19.52600 15.41949 87.19589
 4 5 17 07 39 1384.99900 6.40801000 77.82145 19.54501 15.41949 87.19589
 4 5 17 07 40 1384.99900 6.40801000 77.85000 19.54504 15.41966 87.19714
 4 5 17 07 40 1385.00000 6.42180000 77.85000 19.61097 15.41966 87.19714
 4 5 17 07 41 1385.01000 6.42230000 77.85000 19.64285 15.41966 87.19714
 4 5 17 07 42 1387.53400 6.42230000 77.85000 19.64285 15.41966 87.19714
 4 5 17 07 42 1387.54800 6.42230000 77.85000 19.64290 15.64969 87.19714
 4 5 17 07 42 1387.53000 6.40050000 77.82000 19.64283 15.64969 87.19370
 4 5 17 07 43 1386.43400 6.40050000 77.94990 19.64283 15.64969 87.19370
 4 5 17 07 44 1387.64400 6.40050000 78.00000 19.64283 15.64963 87.19370
 4 5 17 07 44 1387.43000 6.43931000 78.00000 19.64283 15.64963 87.19370
 4 5 17 07 45 1385.92000 6.43927000 78.00000 19.64299 15.64963 88.18732
 4 5 17 07 45 1387.65900 6.43927000 78.00000 19.64283 15.64963 88.18732
 4 5 17 07 46 1387.64500 6.43431000 78.00000 19.57400 15.68803 88.18732
 4 5 17 07 46 1387.65900 6.38012000 78.00000 19.45203 15.68803 88.18732
 4 5 17 07 47 1386.29000 6.38012000 77.92001 19.45203 15.68802 88.18732
 4 5 17 07 47 1387.59000 6.38061000 78.00000 19.61200 15.68802 88.18732
 4 5 17 07 48 1385.01300 6.38012000 78.00000 19.74299 15.68802 88.18732
 4 5 17 07 48 1386.28300 6.40000000 77.99999 19.49201 15.83003 88.18732
 4 5 17 07 49 1385.30000 6.39934000 77.92002 19.56202 15.83003 88.18732
 4 5 17 07 49 1386.15000 6.40000000 78.00000 19.56202 15.83003 88.18732
 4 5 17 07 50 1386.28400 6.40000000 77.92003 19.61396 15.83003 88.18732
 4 5 17 07 50 1386.99900 6.39000000 77.92002 19.49200 15.83003 87.38642
 4 5 17 07 51 1387.65900 6.39000000 77.99210 19.58299 15.83003 87.38642
 4 5 17 07 51 1387.65800 6.39934000 77.87991 19.58299 15.83003 87.38642
 4 5 17 07 52 1387.65900 6.38004000 77.87982 19.58299 15.83003 87.38642
 4 5 17 07 53 1387.65800 6.38004000 77.87975 19.60300 15.83003 87.38755
 4 5 17 07 53 1387.65900 6.38004000 77.81982 19.60300 15.83003 87.38755
 4 5 17 07 54 1387.66000 6.38004000 77.81973 19.47302 15.82925 87.38807
 4 5 17 07 54 1387.99600 6.38006000 77.81178 19.47302 15.82925 87.38807
 4 5 17 07 55 1387.94000 6.38006000 77.81178 19.47302 15.82925 87.38807
 4 5 17 07 55 1387.94000 6.38009000 77.80390 19.47302 15.82925 87.38807
 4 5 17 07 56 1387.94000 6.38009000 78.00000 19.53300 15.82925 87.38807
 4 5 17 07 56 1387.94000 6.39936000 77.60015 19.57899 15.82925 87.38807
 4 5 17 07 57 1387.65800 6.39936000 77.61032 19.47305 15.82925 87.28881
 4 5 17 07 57 1387.93900 6.39936000 78.00000 19.47305 15.79994 87.28881
 4 5 17 07 58 1388.01000 6.39936000 77.65000 19.55894 15.79994 87.28881
 4 5 17 07 58 1388.09000 6.39936000 77.80003 19.55888 15.50090 87.28881
 4 5 17 07 59 1390.00000 6.40000000 77.80003 19.49990 15.50090 87.28881
 4 5 17 07 59 1389.38000 6.40000000 78.00000 19.52398 15.50090 87.28881
 4 5 17 08 00 1390.75000 6.40000000 78.00000 19.57886 15.50090 87.19329
 4 5 17 08 00 1391.34000 6.44841000 78.00000 19.45016 15.50090 87.19329
 4 5 17 08 01 1392.53000 6.40000000 78.00000 19.45016 15.50090 87.19329
 4 5 17 08 01 1394.50000 6.40000000 77.99202 19.45001 15.50090 87.19329
 4 5 17 08 02 1394.82000 6.40000000 77.95000 19.45006 15.50090 87.28881
 4 5 17 08 02 1394.00000 6.40000000 78.00000 19.45001 15.50090 87.28881
 4 5 17 08 03 1394.81900 6.40002000 77.95000 19.45001 15.50090 87.28881
 4 5 17 08 03 1394.82000 6.40002000 77.80000 19.40100 15.50090 87.28881
 4 5 17 08 04 1394.81900 6.42000000 77.80000 19.39800 15.78937 86.00305
 4 5 17 08 04 1395.50000 6.42000000 77.79999 19.37100 15.78950 87.10000
 4 5 17 08 05 1396.44000 6.41000000 77.95000 19.37012 15.78950 87.10000
 4 5 17 08 05 1397.89000 6.40220000 77.61660 19.37000 15.78950 87.10000
 4 5 17 08 06 1398.31000 6.42000000 77.61610 19.37000 15.78950 87.10000
 4 5 17 08 06 1398.02100 6.41001000 77.69998 19.37000 15.78950 87.10000
 4 5 17 08 07 1398.32000 6.44996000 77.70000 19.33700 15.78950 87.10000
 4 5 17 08 07 1399.00000 6.42000000 77.70000 19.30000 15.78950 87.10000
 4 5 17 08 08 1398.91000 6.44927000 77.50001 19.30000 15.78950 87.10000
 4 5 17 08 09 1399.00000 6.44927000 77.69999 19.30000 15.78950 87.10000
 4 5 17 08 09 1399.00000 6.44000000 77.50101 19.30000 15.78950 87.10000
 4 5 17 08 10 1399.00000 6.44000000 77.70000 19.30008 15.78950 87.10000
 4 5 17 08 10 1398.98600 6.44994000 77.70000 19.30005 15.78950 87.10000
 4 5 17 08 11 1398.98600 6.41100000 77.70000 19.30005 15.78950 87.90000
 4 5 17 08 11 1398.00000 6.41100000 77.70000 19.38299 15.78950 87.90000
 4 5 17 08 12 1397.99800 6.41000000 77.70000 19.43667 15.78950 87.90000
 4 5 17 08 12 1398.00000 6.39000000 77.70000 19.38000 15.54382 87.90000
 4 5 17 08 13 1398.01000 6.38011000 77.65000 19.38000 15.79000 87.90000
 4 5 17 08 13 1398.01100 6.38011000 77.99000 19.38001 15.79000 87.90000
 4 5 17 08 14 1399.00000 6.38011000 77.65000 19.41197 15.79000 87.90000
 4 5 17 08 14 1399.99000 6.38011000 77.70000 19.41197 15.79000 87.90000
 4 5 17 08 15 1400.00000 6.40000000 77.70001 19.35003 15.83056 88.18995
 4 5 17 08 15 1399.99900 6.40000000 77.70001 19.35004 15.83056 88.18995
 4 5 17 08 16 1398.52000 6.40000000 77.96211 19.35004 15.83056 88.18997
 4 5 17 08 16 1399.00000 6.38100000 77.96208 19.35100 15.83056 88.18997
 4 5 17 08 17 1400.49800 6.38000000 78.00000 19.35004 15.83044 88.18997
 4 5 17 08 17 1401.80000 6.39936000 77.89999 19.35000 15.83044 88.18997
 4 5 17 08 18 1403.90600 6.38000000 77.99999 19.35000 15.83044 88.18997
 4 5 17 08 18 1403.90800 6.38000000 77.99207 19.35000 15.83044 88.20000
 4 5 17 08 19 1403.90800 6.38000000 77.82121 19.35000 15.83028 88.19000
 4 5 17 08 19 1403.90800 6.38000000 78.05798 19.35006 15.83028 88.20000
 4 5 17 08 20 1403.70000 6.39935000 78.02324 19.43796 15.83028 88.20000
 4 5 17 08 20 1403.49900 6.38000000 77.89001 19.46732 15.83028 88.19000
 4 5 17 08 21 1401.79800 6.35011000 77.89431 19.46732 15.83028 88.19000
 4 5 17 08 21 1404.00000 6.35011000 77.68000 19.49980 15.83028 88.19000
 4 5 17 08 22 1404.00000 6.35011000 77.68000 19.49980 15.83028 88.19000
 4 5 17 08 22 1403.97900 6.35011000 77.68001 19.65699 15.83028 88.49000
 4 5 17 08 23 1403.00000 6.39750000 77.65000 19.65699 15.83028 88.49928
 4 5 17 08 23 1404.00000 6.39750000 77.68000 19.63296 15.83028 88.49928
 4 5 17 08 24 1402.64900 6.39795000 77.68000 19.66400 15.83028 88.49928
 4 5 17 08 24 1404.00000 6.39795000 77.50000 19.66400 15.82994 86.44167
 4 5 17 08 25 1403.99600 6.39795000 77.70000 19.63000 15.82994 88.50000
 4 5 17 08 26 1403.99800 6.39795000 77.70000 19.68700 15.82994 88.69900
 4 5 17 08 26 1403.99800 6.39795000 77.70000 19.58402 15.82966 88.69900
 4 5 17 08 27 1403.98400 6.41000000 77.70001 19.68695 15.82966 88.69900
 4 5 17 08 27 1403.98500 6.41000000 77.70000 19.69996 15.82966 88.69900
 4 5 17 08 28 1404.00000 6.41000000 77.74667 19.70044 15.82966 88.69900
 4 5 17 08 28 1404.09100 6.39936000 77.74667 19.74291 15.62300 88.69890
 4 5 17 08 29 1404.01100 6.39936000 77.40000 19.74291 15.62300 89.00000
 4 5 17 08 29 1404.07800 6.39936000 77.39226 19.74936 15.62300 89.00000
 4 5 17 08 30 1405.00000 6.39936000 77.30000 19.74936 15.62300 89.00000
 4 5 17 08 30 1407.00000 6.39936000 77.30000 19.74936 15.62300 86.51211
 4 5 17 08 31 1408.01500 6.39936000 77.70147 19.74936 15.62300 86.51211
 4 5 17 08 31 1408.19900 6.39900000 77.69994 19.74936 15.62300 89.00000
 4 5 17 08 32 1403.00000 6.39900000 77.30000 19.74600 15.66209 89.00000
 4 5 17 08 32 1403.00000 6.39900000 77.30000 19.74600 15.66209 89.00000
 4 5 17 08 33 1408.20000 6.39900000 77.69961 19.70000 15.61000 86.79814
 4 5 17 08 33 1408.19900 6.39900000 77.69959 19.70000 15.60000 89.00000
 4 5 17 08 34 1408.20000 6.39900000 77.69959 19.70000 15.60000 87.01559
 4 5 17 08 34 1408.82000 6.39900000 77.69173 19.88298 15.60000 87.01559
 4 5 17 08 35 1408.82000 6.39900000 77.44958 19.74937 15.60000 87.01559
 4 5 17 08 35 1407.72200 6.40000000 77.69146 19.80000 15.60000 87.01559
 4 5 17 08 36 1407.72300 6.40000000 77.63078 19.80000 15.60000 87.01559
 4 5 17 08 36 1408.82000 6.40000000 77.65000 19.85500 15.60000 87.01559
 4 5 17 08 37 1408.82000 6.40000000 77.69162 19.80000 15.60000 87.01559
 4 5 17 08 37 1408.82000 6.41000000 77.69155 19.80000 15.60000 87.01559
 4 5 17 08 38 1414.88000 6.43200000 77.68377 19.80000 15.60000 89.88889
 4 5 17 08 38 1410.52100 6.43200000 77.68377 19.80000 15.60000 89.88889
 4 5 17 08 39 1413.06300 6.44832000 77.68378 19.80000 15.60000 89.88864
 4 5 17 08 39 1413.34600 6.44899000 77.69162 19.80000 15.60000 89.88864
 4 5 17 08 40 1415.37300 6.45858000 77.62031 19.86000 15.60000 89.88864
 4 5 17 08 41 1415.00000 6.47800000 77.89219 19.87000 15.60000 89.88864
 4 5 17 08 41 1415.00000 6.44006000 77.68384 19.87000 15.60000 89.88864
 4 5 17 08 42 1415.00000 6.47799000 77.68384 19.89699 15.60000 89.88864
 4 5 17 08 42 1415.87000 6.47800000 77.84000 19.89699 15.60000 89.88864
 4 5 17 08 43 1415.87000 6.47799000 77.69016 19.87000 15.60000 89.88864
 4 5 17 08 43 1415.86900 6.47799000 77.69016 19.90000 15.60000 89.88864
 4 5 17 08 44 1415.87000 6.44040000 77.90000 19.90000 15.60000 89.91000
 4 5 17 08 44 1415.86800 6.47734000 77.90000 19.98018 15.55000 87.60220
 4 5 17 08 44 1414.99900 6.44103000 77.90000 19.90016 15.55000 87.60220
 4 5 17 08 45 1415.56400 6.44103000 78.00000 19.90000 15.55000 87.60220
 4 5 17 08 46 1415.00000 6.44103000 77.89999 19.89997 15.55000 87.60220
 4 5 17 08 46 1414.10100 6.47900000 78.00000 19.87001 15.55000 87.60220
 4 5 17 08 47 1420.99600 6.50000000 78.00000 19.87001 15.82617 87.60220
 4 5 17 08 47 1419.41000 6.50000000 78.16258 19.89000 15.82617 87.60220
 4 5 17 08 48 1419.41000 6.50000000 78.10000 19.88998 15.82617 87.60220
 4 5 17 08 48 1421.71000 6.50000000 78.16258 19.88998 15.82617 87.60220
 4 5 17 08 49 1419.00000 6.49999000 78.16258 19.88100 15.82617 87.60220
 4 5 17 08 49 1422.96000 6.49999000 78.20000 19.88100 15.82617 87.60220
 4 5 17 08 50 1422.96100 6.49998000 78.38998 19.88998 15.82617 87.60220
 4 5 17 08 50 1426.26600 6.49999000 78.48908 19.88998 15.82617 87.60220
 4 5 17 08 51 1426.00000 6.45514000 78.48908 19.88000 15.82617 89.90891
 4 5 17 08 51 1422.96300 6.45514000 78.30001 19.88000 15.82617 89.90891
 4 5 17 08 52 1425.99400 6.45514000 78.74325 19.87999 15.82617 89.90891
 4 5 17 08 52 1426.21000 6.49999000 78.72000 19.88995 15.82617 89.90891
 4 5 17 08 53 1426.21000 6.50000000 78.71998 19.88995 15.82617 89.90891
 4 5 17 08 53 1425.99800 6.49999000 78.68894 19.88995 15.79794 89.90891
 4 5 17 08 54 1426.20900 6.49999000 78.68105 19.88995 15.79787 88.90083
 4 5 17 08 55 1426.50100 6.49999000 78.68105 19.88995 15.56078 88.90083
 4 5 17 08 55 1426.52000 6.49999000 78.68105 19.88995 15.59971 89.91000
 4 5 17 08 55 1426.60000 6.49999000 78.70210 19.89300 15.59971 89.91000
 4 5 17 08 56 1428.89800 6.49999000 78.68101 19.97736 15.79763 89.91000
 4 5 17 08 57 1428.89800 6.49999000 78.70201 19.98030 15.79760 89.91000
 4 5 17 08 57 1428.49900 6.49999000 78.70210 19.98997 15.79760 89.91000
 4 5 17 08 58 1428.00000 6.49999000 78.50000 19.98995 15.79760 89.91000
 4 5 17 08 58 1427.00300 6.49999000 78.70000 19.98995 15.79760 88.90264
 4 5 17 08 58 1428.00000 6.49999000 78.50000 19.98995 15.79760 89.30001
 4 5 17 08 59 1428.89700 6.49999000 78.70992 19.98995 15.79760 89.90151
 4 5 17 09 00 1428.17500 6.49861000 78.70205 19.98995 15.79760 87.60032
 4 5 17 09 00 1428.87000 6.49000000 78.71797 19.97200 15.79760 87.60032
 4 5 17 09 01 1426.95800 6.49000000 78.71000 19.97200 15.79760 87.60032
 4 5 17 09 01 1424.99800 6.46001000 78.61361 19.98999 15.72370 89.22669
 4 5 17 09 02 1424.88200 6.46001000 78.61349 19.99000 15.65089 89.22669
 4 5 17 09 03 1419.10000 6.45000000 78.20001 19.99895 15.65089 89.22669
 4 5 17 09 03 1418.00000 6.42111000 78.20150 19.98999 15.65033 89.89938
 4 5 17 09 04 1418.50000 6.48299000 78.54991 19.97572 15.65033 89.89938
 4 5 17 09 04 1418.27700 6.46848000 78.20227 19.90700 15.65033 89.22684
 4 5 17 09 05 1417.75500 6.46848000 78.21048 19.99900 15.66000 89.22684
 4 5 17 09 05 1412.45200 6.46848000 78.36208 19.90703 15.66000 87.82040
 4 5 17 09 06 1414.14000 6.46848000 78.29991 19.90703 15.69992 87.82040
 4 5 17 09 06 1410.77500 6.46848000 78.36182 19.98295 15.79631 88.03998
 4 5 17 09 07 1411.03000 6.44000000 78.20001 19.98295 15.65003 88.03998
 4 5 17 09 07 1411.99900 6.43000000 78.12999 20.02000 15.65003 89.22637
 4 5 17 09 08 1412.00000 6.43000000 78.19992 20.06000 15.65003 89.22637
 4 5 17 09 08 1412.99900 6.42200000 78.10000 20.00600 15.65003 89.22637
 4 5 17 09 09 1413.00100 6.42200000 78.19984 20.14499 15.65006 89.22637
 4 5 17 09 09 1414.49900 6.43924000 78.31993 20.14495 15.65006 89.22637
 4 5 17 09 10 1414.48300 6.43926000 78.31985 20.09701 15.65006 89.22637
 4 5 17 09 10 1414.48400 6.43926000 78.29999 20.19999 15.65006 89.22637
 4 5 17 09 11 1414.48500 6.43927000 78.39204 20.17890 15.65006 89.22637
 4 5 17 09 11 1415.86800 6.45000000 78.30000 20.17884 15.79568 89.22637
 4 5 17 09 12 1411.11300 6.45999000 78.29999 20.14856 15.79559 89.22637
 4 5 17 09 12 1414.29800 6.45947000 78.32000 20.09500 15.79559 89.22637
 4 5 17 09 13 1414.29500 6.45877000 78.40000 20.14856 15.79559 89.22637
 4 5 17 09 13 1414.30000 6.45874000 78.41215 20.11500 15.65000 89.22637
 4 5 17 09 14 1414.29400 6.45874000 78.50462 20.23500 15.65000 89.22637
 4 5 17 09 15 1412.99900 6.45874000 78.38000 20.15103 15.65000 89.89419
 4 5 17 09 15 1412.99900 6.44000000 78.38002 20.20000 15.65000 89.89400
 4 5 17 09 15 1412.99800 6.42200000 78.40911 20.25000 15.65000 89.89400
 4 5 17 09 16 1412.99600 6.42200000 78.30000 20.23996 15.65000 89.89400
 4 5 17 09 16 1414.28200 6.42200000 78.50999 20.26000 15.65003 89.89309
 4 5 17 09 17 1414.29800 6.42200000 78.50998 20.29965 15.65007 89.89309
 4 5 17 09 18 1414.28500 6.42200000 78.53998 20.29965 15.65007 89.89309
 4 5 17 09 18 1413.26900 6.42200000 78.53998 20.30000 15.79470 89.89309
 4 5 17 09 19 1414.29900 6.42200000 78.69997 20.33895 15.79470 89.89309
 4 5 17 09 19 1414.30000 6.42200000 78.40020 20.35000 15.65017 89.89309
 4 5 17 09 20 1416.28900 6.42200000 78.40020 20.41000 15.65017 89.89309
 4 5 17 09 20 1416.30000 6.49347000 78.70000 20.41000 15.65017 89.89309
 4 5 17 09 21 1417.72800 6.49000000 78.69212 20.45216 15.79425 89.89084
 4 5 17 09 21 1417.72700 6.49000000 78.69207 20.45216 15.79425 89.89084
 4 5 17 09 22 1417.72300 6.48994000 78.69990 20.45216 15.79425 89.89039
 4 5 17 09 22 1417.72300 6.48994000 78.69202 20.46058 15.79425 89.89012
 4 5 17 09 23 1417.00000 6.48985000 78.69990 20.50000 15.79425 89.89012
 4 5 17 09 23 1419.38500 6.48925000 78.69202 20.50000 15.79425 89.89012
 4 5 17 09 24 1419.38800 6.48925000 78.69200 20.48000 15.79425 89.89012
 4 5 17 09 24 1418.94900 6.48924000 78.69990 20.51500 15.79425 89.89012
 4 5 17 09 25 1418.94600 6.48924000 78.69200 20.45216 15.79425 88.81337
 4 5 17 09 25 1417.73900 6.48924000 78.70000 20.33786 15.79425 88.81337
 4 5 17 09 26 1417.73700 6.48851000 78.69999 20.30000 15.79425 88.81376
 4 5 17 09 26 1417.73700 6.48851000 78.70000 20.30000 15.79425 88.81387
 4 5 17 09 27 1418.00000 6.48847000 78.69999 20.29998 15.80000 89.88845
 4 5 17 09 27 1418.00000 6.48783000 78.60033 20.23194 15.80000 89.88858
 4 5 17 09 28 1417.99000 6.48778000 78.70000 20.21000 15.80000 89.88858
 4 5 17 09 29 1417.99900 6.48778000 78.70000 20.29991 15.80000 89.88858
 4 5 17 09 29 1417.81200 6.43018000 78.69999 20.25000 15.80000 89.88858
 4 5 17 09 30 1417.99900 6.43018000 78.69999 20.31996 15.79332 89.88858
 4 5 17 09 30 1419.40900 6.43018000 78.70000 20.31994 15.79332 89.88858
 4 5 17 09 31 1419.40900 6.43018000 78.70000 20.31994 15.79332 88.80166
 4 5 17 09 31 1419.40800 6.43018000 78.70000 20.30998 15.79323 88.80166
 4 5 17 09 32 1421.18500 6.43018000 78.70000 20.27200 15.79323 89.99500
 4 5 17 09 32 1422.00000 6.48637000 78.70000 20.30997 15.79323 90.00000
 4 5 17 09 33 1422.95800 6.45760000 78.69999 20.30998 15.79323 90.00000
 4 5 17 09 33 1420.01100 6.45000000 78.69212 20.31000 15.79305 90.00000
 4 5 17 09 34 1421.99800 6.45000000 78.70000 20.31000 15.79305 90.00000
 4 5 17 09 34 1422.95000 6.45000000 78.70000 20.31000 15.79305 90.00000
 4 5 17 09 35 1422.94000 6.45000000 78.70001 20.31000 15.80000 90.00000
 4 5 17 09 35 1422.93800 6.40501000 78.78988 20.32000 15.80999 89.02582
 4 5 17 09 36 1422.90000 6.45000000 78.79187 20.39999 15.81000 89.02582
 4 5 17 09 36 1422.88600 6.45000000 78.70000 20.39998 15.83071 89.02582
 4 5 17 09 37 1422.00000 6.45000000 78.79900 20.39996 15.83071 89.02582
 4 5 17 09 37 1421.49400 6.45000000 78.80000 20.36000 15.83070 89.02582
 4 5 17 09 38 1422.48800 6.45000000 78.81209 20.36000 15.83068 89.02582
 4 5 17 09 38 1422.96000 6.45000000 78.81998 20.40000 15.83068 89.02582
 4 5 17 09 39 1421.49400 6.45760000 78.81211 20.40000 15.90923 89.02582
 4 5 17 09 39 1421.08500 6.45760000 78.81211 20.40002 15.98977 89.02582
 4 5 17 09 40 1421.08300 6.48713000 78.83000 20.40002 15.98977 89.02582
 4 5 17 09 40 1422.45000 6.49000000 78.82999 20.42999 15.98977 89.02582
 4 5 17 09 41 1420.05900 6.49000000 78.82218 20.47000 15.98977 89.02582
 4 5 17 09 41 1419.00000 6.49000000 78.82999 20.48600 15.98977 89.02582
 4 5 17 09 42 1418.99800 6.49000000 78.82999 20.40509 15.98977 89.02582
 4 5 17 09 43 1419.00000 6.49800000 78.82999 20.47097 15.98977 89.02582
 4 5 17 09 43 1420.07000 6.49800000 78.80000 20.47097 15.98977 89.02582
 4 5 17 09 44 1420.07100 6.46002000 78.80007 20.41301 15.98977 89.02582
 4 5 17 09 44 1420.05800 6.46002000 78.82999 20.41000 15.98000 89.02582
 4 5 17 09 45 1420.05400 6.46002000 78.82210 20.41000 15.98000 89.02582
 4 5 17 09 45 1417.58000 6.46002000 78.83000 20.45005 15.98000 89.02582
 4 5 17 09 46 1417.00000 6.46018000 78.80007 20.42002 15.98000 89.02582
 4 5 17 09 46 1417.34500 6.46018000 78.82210 20.42900 15.98000 89.02582
 4 5 17 09 47 1417.11100 6.46018000 78.82999 20.43799 15.98000 89.49010
 4 5 17 09 47 1416.82000 6.49733000 78.83000 20.42900 15.98000 89.99995
 4 5 17 09 48 1418.02900 6.49733000 78.83000 20.42900 16.00000 89.99995
 4 5 17 09 48 1416.29000 6.49733000 78.83000 20.42000 16.00000 89.49044
 4 5 17 09 49 1418.03000 6.49800000 78.83000 20.42000 15.99999 89.49044
 4 5 17 09 49 1416.28900 6.49800000 78.84097 20.42000 15.99999 89.49044
 4 5 17 09 50 1415.87000 6.49735000 78.90000 20.47200 15.85155 89.49044
 4 5 17 09 50 1418.01000 6.49999000 78.90000 20.42000 15.85161 89.49044
 4 5 17 09 51 1415.87000 6.50000000 78.90003 20.42000 15.85161 89.49044
 4 5 17 09 51 1418.01400 6.50000000 78.90000 20.36999 15.85161 89.49044
 4 5 17 09 52 1417.99900 6.50000000 78.90000 20.40201 15.85161 89.49044
 4 5 17 09 53 1417.99400 6.50000000 78.90000 20.39900 15.85161 89.49044
 4 5 17 09 53 1417.98800 6.50000000 78.90003 20.39900 15.85161 89.50000
 4 5 17 09 54 1415.87000 6.50000000 78.90000 20.37006 16.00000 89.50000
 4 5 17 09 54 1415.87000 6.50000000 78.96450 20.37006 16.00000 89.50000
 4 5 17 09 54 1417.98300 6.49935000 78.96450 20.37006 16.00000 89.50000
 4 5 17 09 55 1417.97800 6.48000000 78.95660 20.37006 16.00000 89.50000
 4 5 17 09 56 1416.00100 6.48000000 78.96449 20.37006 16.00000 90.42841
 4 5 17 09 56 1416.00000 6.48000000 78.96447 20.40000 16.00000 90.42841
 4 5 17 09 57 1415.99000 6.48000000 78.99000 20.45499 15.99997 90.42841
 4 5 17 09 57 1415.89000 6.42105000 78.96448 20.37005 15.99997 90.42841
 4 5 17 09 58 1417.92800 6.49935000 78.99000 20.37005 15.99997 90.42841
 4 5 17 09 58 1417.91900 6.50000000 79.00000 20.43400 15.99996 90.42841
 4 5 17 09 59 1417.91300 6.49870000 79.00000 20.43100 15.99996 90.42841
 4 5 17 10 00 1417.90300 6.49870000 79.00000 20.43100 15.99996 89.51011
 4 5 17 10 00 1417.91400 6.50000000 78.96449 20.46700 15.99996 89.51011
 4 5 17 10 01 1416.01100 6.49935000 78.62001 20.48779 15.99996 89.51011
 4 5 17 10 01 1416.07000 6.50000000 78.99208 20.38004 15.99996 89.51011
 4 5 17 10 02 1417.90400 6.50000000 79.01000 20.38004 15.99996 89.51011
 4 5 17 10 02 1416.14000 6.50000000 79.01000 20.38004 15.99996 89.51011
 4 5 17 10 03 1417.90600 6.50000000 78.99900 20.40000 15.99996 89.51011
 4 5 17 10 03 1416.15100 6.50000000 79.01000 20.40000 15.99996 89.51000
 4 5 17 10 04 1417.97400 6.50000000 79.00999 20.44599 15.99996 89.51000
 4 5 17 10 04 1416.27200 6.50000000 79.00207 20.44599 15.99996 89.51000
 4 5 17 10 05 1417.98000 6.50000000 79.01000 20.44599 15.99000 89.99997
 4 5 17 10 05 1419.99800 6.50000000 79.01000 20.44599 15.99000 89.99997
 4 5 17 10 06 1416.17800 6.50000000 79.00207 20.45000 15.99000 89.99997
 4 5 17 10 06 1420.77400 6.50000000 79.00207 20.44599 15.99000 89.99997
 4 5 17 10 07 1420.77000 6.52000000 79.01000 20.44599 15.99000 89.99997
 4 5 17 10 07 1420.75100 6.49935000 79.01000 20.44599 15.99000 89.99997
 4 5 17 10 08 1417.00000 6.52000000 79.01000 20.45000 15.99000 89.99997
 4 5 17 10 08 1420.60900 6.52000000 79.01000 20.45000 15.99000 89.99997
 4 5 17 10 09 1417.00000 6.53899000 79.08990 20.44999 15.99000 90.15000
 4 5 17 10 09 1417.00100 6.53832000 79.10000 20.43400 15.99000 90.15000
 4 5 17 10 10 1419.54400 6.54000000 79.24990 20.39500 15.99000 90.14998
 4 5 17 10 10 1417.00100 6.54000000 79.13340 20.40000 15.99000 90.15000
 4 5 17 10 11 1420.75400 6.55000000 79.40700 20.45000 15.99000 90.15000
 4 5 17 10 11 1419.00000 6.55001000 79.13340 20.47199 15.99000 90.15000
 4 5 17 10 12 1419.48800 6.55100000 79.40623 20.37000 15.99000 90.15000
 4 5 17 10 12 1419.46400 6.56000000 79.39819 20.42300 15.99000 90.14998
 4 5 17 10 13 1419.48800 6.58253000 79.39820 20.42300 15.99000 90.14998
 4 5 17 10 14 1419.00100 6.56120000 79.40630 20.38598 15.99000 90.14998
 4 5 17 10 14 1419.49800 6.58170000 79.44999 20.40400 15.99000 90.14998
 4 5 17 10 15 1419.49900 6.55000000 79.44999 20.30997 16.21305 90.20000
 4 5 17 10 15 1419.49600 6.55000000 79.47001 20.31000 15.99970 90.00012
 4 5 17 10 16 1419.49700 6.58092000 79.47000 20.29999 15.99970 90.00012
 4 5 17 10 16 1419.00200 6.58078000 79.47000 20.23001 15.99970 90.00012
 4 5 17 10 16 1418.99000 6.58071000 79.47001 20.25000 16.02997 90.06180
 4 5 17 10 17 1413.67000 6.55001000 79.46998 20.20800 16.13837 90.00000
 4 5 17 10 18 1417.93100 6.58055000 79.46202 20.11400 16.13827 90.00000
 4 5 17 10 18 1417.91600 6.58055000 79.46997 20.25000 16.13827 90.49855
 4 5 17 10 19 1417.00000 6.58055000 79.64049 20.25000 16.09998 90.49855
 4 5 17 10 19 1416.99900 6.58055000 79.63248 20.20000 16.09998 90.49855
 4 5 17 10 20 1416.99900 6.57910000 79.63248 20.20000 16.09998 90.49803
 4 5 17 10 20 1419.40500 6.57900000 79.64047 20.19991 16.09998 90.49803
 4 5 17 10 21 1419.40300 6.57900000 79.64050 20.19991 16.09998 90.49803
 4 5 17 10 21 1419.39400 6.55001000 79.69666 20.19991 16.09998 89.51088
 4 5 17 10 22 1419.39000 6.57877000 79.70001 20.19991 16.09998 89.51088
 4 5 17 10 22 1416.06300 6.57877000 79.78000 20.19993 16.09998 89.51088
 4 5 17 10 23 1415.01400 6.55001000 79.79000 20.19993 16.09998 89.51088
 4 5 17 10 23 1414.21000 6.55001000 79.84951 20.20000 16.09998 89.51088
 4 5 17 10 24 1414.23000 6.55001000 79.88910 20.32000 16.09998 89.51088
 4 5 17 10 24 1417.50000 6.57740000 79.89000 20.33900 16.09917 89.51088
 4 5 17 10 25 1417.49800 6.55001000 79.95000 20.31200 16.09917 89.51088
 4 5 17 10 25 1417.49600 6.55001000 79.96001 20.31200 16.09917 89.51088
 4 5 17 10 26 1416.99800 6.59060000 79.99000 20.25805 16.09917 89.51088
 4 5 17 10 27 1416.99500 6.57677000 80.00000 20.25805 16.09917 89.51088
 4 5 17 10 27 1416.98900 6.58000000 79.99199 20.28306 16.09917 89.73688
 4 5 17 10 28 1416.87900 6.58001000 80.00000 20.28301 16.09917 90.49998
 4 5 17 10 28 1416.87500 6.58000000 80.00000 20.28301 16.08601 90.49998
 4 5 17 10 29 1413.25900 6.55003000 79.99999 20.38690 15.85765 90.49998
 4 5 17 10 29 1415.00000 6.55010000 79.99000 20.38690 16.09861 90.49998
 4 5 17 10 29 1414.00000 6.55012000 79.99990 20.27000 16.09871 90.49998
 4 5 17 10 30 1414.00000 6.58895000 79.98998 20.29999 16.09870 90.49998
 4 5 17 10 31 1416.30500 6.58895000 79.92230 20.27000 16.09867 90.49998
 4 5 17 10 31 1413.25900 6.56008000 79.98700 20.27000 16.09866 90.49998
 4 5 17 10 32 1413.29100 6.56008000 79.92000 20.27000 16.09862 90.49998
 4 5 17 10 32 1416.29700 6.61100000 80.00000 20.27000 16.09862 90.49998
 4 5 17 10 33 1416.07300 6.63996000 80.00000 20.27000 16.09862 90.49998
 4 5 17 10 33 1415.84600 6.63996000 79.99990 20.27000 16.09862 90.49998
 4 5 17 10 34 1415.65900 6.63991000 79.99200 20.21999 16.09862 90.49998
 4 5 17 10 34 1412.95000 6.68999000 79.99200 20.22400 16.09991 90.49998
 4 5 17 10 35 1412.95000 6.67305000 80.15000 20.10000 16.09988 90.49998
 4 5 17 10 35 1412.95000 6.67306000 80.00000 20.00177 16.09988 90.49998
 4 5 17 10 36 1415.65900 6.67303000 80.40000 20.00177 16.09988 90.49998
 4 5 17 10 36 1412.95000 6.67303000 80.40000 20.15898 16.09988 90.49998
 4 5 17 10 37 1412.95000 6.67303000 80.40002 19.99000 16.09988 90.49998
 4 5 17 10 37 1412.90900 6.73000000 80.40010 19.90211 16.09988 90.49998
 4 5 17 10 38 1412.34000 6.73043000 80.60000 19.94000 16.09988 90.49998
 4 5 17 10 38 1412.34000 6.72996000 80.61000 19.90166 16.09988 90.49998
 4 5 17 10 39 1412.34000 6.72996000 80.95147 19.90000 16.09988 90.49998
 4 5 17 10 39 1412.75000 6.74000000 80.99186 19.90900 16.09988 90.49998
 4 5 17 10 40 1410.50000 6.75000000 80.95000 19.94000 16.09988 90.00000
 4 5 17 10 41 1411.98900 6.75000000 80.78467 19.93000 16.09988 90.00000
 4 5 17 10 41 1412.50700 6.78000000 80.61003 19.82006 16.09988 90.00000
 4 5 17 10 42 1412.75400 6.78001000 80.50000 20.08700 16.09988 90.00000
 4 5 17 10 42 1412.50400 6.78001000 80.41000 19.90001 16.09988 90.00000
 4 5 17 10 43 1412.50300 6.78002000 80.46380 20.02498 16.09949 90.00047
 4 5 17 10 43 1410.60200 6.78000000 80.87091 20.02496 16.09949 90.00047
 4 5 17 10 44 1411.12000 6.66936000 80.81998 20.00000 16.09949 90.00102
 4 5 17 10 44 1411.11900 6.66944000 80.82000 20.00000 16.09949 90.00102
 4 5 17 10 45 1410.50100 6.79000000 80.99996 20.00000 16.09949 90.00102
 4 5 17 10 45 1411.12000 6.71001000 80.46005 19.91593 16.09949 90.00102
 4 5 17 10 46 1409.01700 6.78850000 80.50000 19.90000 16.09949 90.05057
 4 5 17 10 46 1411.10500 6.71004000 80.51231 19.93700 16.09949 90.05057
 4 5 17 10 47 1410.62500 6.71004000 80.50000 19.93700 16.09949 90.05057
 4 5 17 10 47 1410.00000 6.77629000 80.52001 19.90000 16.09949 90.05057
 4 5 17 10 48 1411.00000 6.71000000 80.52006 19.98198 16.09949 90.05057
 4 5 17 10 48 1411.10500 6.71000000 80.55000 19.98195 16.09949 91.49999
 4 5 17 10 49 1411.12000 6.71000000 80.56000 19.90000 16.09949 90.05114
 4 5 17 10 49 1411.11900 6.77570000 80.56001 19.96094 16.09949 90.05114
 4 5 17 10 50 1411.98700 6.77448000 80.74189 19.99999 16.09949 90.05114
 4 5 17 10 50 1412.85100 6.77398000 80.73376 19.99998 16.09949 91.00001
 4 5 17 10 51 1413.00000 6.70000000 80.73374 19.99998 16.09949 90.99995
 4 5 17 10 51 1413.00000 6.70000000 80.73375 19.90300 15.90017 90.99995
 4 5 17 10 52 1412.98000 6.76779000 80.73376 19.99988 15.90017 90.27752
 4 5 17 10 52 1413.11100 6.76410000 80.73373 19.99993 15.90017 90.50330
 4 5 17 10 53 1413.11000 6.70000000 80.73374 19.99993 15.93995 90.50334
 4 5 17 10 54 1413.11200 6.70000000 80.73373 19.99992 15.93995 90.50334
 4 5 17 10 54 1416.62700 6.75859000 80.75000 19.96302 15.93995 90.50334
 4 5 17 10 54 1413.55500 6.75759000 80.85000 19.99993 15.93995 90.50334
 4 5 17 10 55 1414.94600 6.75759000 80.42594 20.00000 15.93995 90.50334
 4 5 17 10 56 1413.04700 6.71001000 80.41789 20.00000 15.90000 92.99994
 4 5 17 10 56 1414.94700 6.71000000 80.41788 20.00000 15.65087 92.99994
 4 5 17 10 57 1415.49600 6.70000000 80.49910 20.00000 15.79173 92.99994
 4 5 17 10 57 1415.49300 6.70000000 80.41788 20.00000 15.79173 90.50523
 4 5 17 10 58 1413.94700 6.70000000 80.49910 19.97800 15.90519 90.50523
 4 5 17 10 58 1415.47800 6.70000000 80.43309 19.99500 15.90519 90.73181
 4 5 17 10 59 1415.47500 6.70932000 80.41000 20.01200 15.90519 90.73194
 4 5 17 10 59 1415.48000 6.71735000 80.41002 19.99500 15.90519 92.99844
 4 5 17 11 00 1417.88200 6.71735000 80.39391 20.01700 15.99987 91.00045
 4 5 17 11 00 1415.66500 6.71735000 80.24019 20.01700 15.99987 91.00045
 4 5 17 11 01 1415.57200 6.71000000 80.39390 20.02000 15.99987 91.22820
 4 5 17 11 01 1415.48300 6.71000000 80.05000 20.02000 15.99987 91.45617
 4 5 17 11 02 1417.76600 6.74270000 80.24020 20.15078 15.99987 91.45617
 4 5 17 11 02 1417.64000 6.74270000 80.39388 20.15078 15.99987 91.22840
 4 5 17 11 03 1416.76600 6.73599000 80.39388 20.15078 15.99987 91.45647
 4 5 17 11 03 1417.52300 6.73599000 80.38583 20.15078 15.99987 91.45647
 4 5 17 11 04 1417.40400 6.70000000 80.37000 20.15078 15.99987 91.45647
 4 5 17 11 04 1417.39700 6.73259000 80.37500 20.15078 15.83391 91.45647
 4 5 17 11 05 1417.06000 6.73259000 80.36998 20.05888 15.83392 91.45647
 4 5 17 11 06 1416.94500 6.70000000 80.36192 20.05888 15.83392 91.45647
 4 5 17 11 06 1416.94100 6.70000000 80.35387 20.05888 15.83392 91.45647
 4 5 17 11 07 1414.00100 6.70000000 80.36192 20.09394 15.99916 91.00031
 4 5 17 11 07 1416.71500 6.70000000 80.40195 20.05899 15.99916 91.00031
 4 5 17 11 08 1412.30200 6.70000000 80.09722 20.05899 15.99916 91.00031
 4 5 17 11 08 1416.48600 6.70000000 80.35383 20.05899 15.99916 91.00031
 4 5 17 11 09 1415.17000 6.70001000 80.19097 20.05899 15.99916 91.00031
 4 5 17 11 09 1415.17000 6.70001000 80.19386 20.13999 15.99916 92.23309
 4 5 17 11 10 1413.94200 6.72875000 80.35386 20.13999 15.99916 91.00032
 4 5 17 11 10 1413.38300 6.70001000 80.19097 20.12298 15.99916 91.00032
 4 5 17 11 11 1413.16900 6.70000000 80.19386 20.12298 15.99916 91.00042
 4 5 17 11 11 1416.34400 6.70000000 80.34568 20.01700 15.99916 91.00075
 4 5 17 11 12 1416.34700 6.70010000 80.33763 20.14000 15.99916 91.00075
 4 5 17 11 12 1416.34600 6.70000000 80.33761 20.08200 15.99916 91.00075
 4 5 17 11 13 1413.41000 6.70000000 80.32152 20.09187 15.99916 91.00075
 4 5 17 11 13 1415.62800 6.70432000 80.16000 20.14000 15.99916 91.00033
 4 5 17 11 14 1412.37200 6.70432000 80.05047 20.13999 15.99916 91.00033
 4 5 17 11 14 1411.76000 6.70430000 80.00000 20.20000 15.99916 91.00033
 4 5 17 11 15 1410.70900 6.70430000 80.00000 20.12003 15.99916 91.00036
 4 5 17 11 15 1411.00000 6.70430000 79.93035 20.14500 16.09898 91.00036
 4 5 17 11 16 1409.11700 6.61420000 79.80000 20.14502 16.09898 91.00036
 4 5 17 11 16 1409.12300 6.69930000 80.04997 20.14502 16.00000 91.00036
 4 5 17 11 17 1409.20000 6.69928000 80.16000 20.14502 16.00001 91.00036
 4 5 17 11 17 1409.20000 6.69859000 80.00000 20.14502 16.09877 91.00036
 4 5 17 11 18 1409.30000 6.69859000 80.00000 20.17899 16.09877 91.00036
 4 5 17 11 18 1409.30000 6.69848000 79.98998 20.13100 16.09877 91.00036
 4 5 17 11 19 1409.30000 6.69848000 79.98200 20.19999 15.69781 91.00036
 4 5 17 11 20 1409.30000 6.69843000 79.80009 20.19999 15.69781 91.00036
 4 5 17 11 20 1410.98400 6.69843000 80.09999 20.17000 15.73705 91.00141
 4 5 17 11 20 1410.16800 6.69843000 79.89000 20.17000 15.73705 91.00141
 4 5 17 11 21 1411.00000 6.69843000 80.09988 20.17000 15.73705 91.00176
 4 5 17 11 22 1415.16200 6.69843000 79.90000 20.17000 15.87869 91.00176
 4 5 17 11 22 1411.16200 6.65010000 79.98199 20.13000 15.93919 91.00176
 4 5 17 11 23 1410.18100 6.65012000 79.51255 20.13000 15.93919 91.00176
 4 5 17 11 23 1411.00100 6.69708000 80.23992 20.17000 15.93919 91.00176
 4 5 17 11 24 1410.50000 6.67000000 79.98998 20.17000 15.93919 91.00176
 4 5 17 11 24 1410.48700 6.67000000 79.98200 20.17000 15.93919 91.00176
 4 5 17 11 25 1413.98700 6.67000000 79.99000 20.17000 15.93919 91.00176
 4 5 17 11 25 1413.97000 6.65106000 80.34577 20.17000 15.93914 91.00176
 4 5 17 11 26 1413.98500 6.65108000 80.33773 20.28000 15.93919 91.00176
 4 5 17 11 26 1413.98600 6.65108000 80.33746 20.28000 15.93919 91.00176
 4 5 17 11 27 1413.98800 6.70000000 80.33725 20.27600 15.93919 91.00176
 4 5 17 11 27 1413.98700 6.69933000 80.29999 20.27598 15.93919 91.49989
 4 5 17 11 28 1413.11400 6.70000000 80.00000 20.25900 15.93919 91.49989
 4 5 17 11 28 1413.98700 6.70000000 79.99990 20.31396 15.73779 91.49989
 4 5 17 11 29 1414.34600 6.70000000 79.99190 20.31392 15.73779 91.49989
 4 5 17 11 29 1415.37300 6.70000000 79.99190 20.31392 15.73779 91.49989
 4 5 17 11 30 1416.47100 6.69998000 80.19000 20.31392 15.73779 91.49989
 4 5 17 11 30 1415.96200 6.69998000 79.89191 20.28900 15.73779 91.49989
 4 5 17 11 31 1416.01300 6.70000000 80.00000 20.29999 15.73779 91.49989
 4 5 17 11 31 1416.71000 6.65152000 80.00000 20.28900 15.93919 91.49989
 4 5 17 11 32 1416.70900 6.65152000 80.00000 20.28900 15.93918 91.49989
 4 5 17 11 33 1416.02000 6.67483000 79.99200 20.28900 15.93919 91.49989
 4 5 17 11 33 1416.90000 6.70000000 80.00000 20.27299 15.93918 91.49989
 4 5 17 11 33 1416.50000 6.70000000 80.00000 20.27293 15.93919 91.50013
 4 5 17 11 34 1416.72000 6.70000000 80.00002 20.27293 15.93919 91.50013
 4 5 17 11 35 1416.50000 6.69933000 80.27923 20.26998 15.93919 91.50013
 4 5 17 11 35 1415.98800 6.69933000 80.20000 20.27000 15.93919 91.50013
 4 5 17 11 35 1416.11100 6.69933000 80.30000 20.27000 15.93919 91.50013
 4 5 17 11 36 1417.62800 6.69933000 80.10340 20.27000 15.93919 91.50013
 4 5 17 11 37 1415.01400 6.69933000 80.34000 20.27000 15.93916 91.50013
 4 5 17 11 37 1416.22200 6.69000000 80.33196 20.23200 15.93916 91.50013
 4 5 17 11 38 1416.22200 6.69000000 80.33196 20.26700 15.93916 91.50573
 4 5 17 11 38 1417.54900 6.69000000 80.32000 20.26700 15.93916 91.50573
 4 5 17 11 39 1415.96200 6.69000000 80.33196 20.26700 15.93916 91.50573
 4 5 17 11 39 1416.09000 6.69000000 80.33196 20.26700 15.93916 91.50573
 4 5 17 11 40 1416.82100 6.69000000 80.11008 20.29997 15.93916 91.50548
 4 5 17 11 40 1417.61300 6.69000000 80.33196 20.29999 15.93916 91.50548
 4 5 17 11 41 1417.20000 6.68933000 80.34000 20.13000 15.93916 91.50548
 4 5 17 11 41 1417.20000 6.65105000 80.14074 20.03999 15.93916 91.50548
 4 5 17 11 42 1417.20000 6.65000000 80.32196 20.03997 15.93916 91.50548
 4 5 17 11 42 1418.00000 6.65003000 80.33000 19.95001 15.93916 91.50548
 4 5 17 11 43 1417.19900 6.68996000 80.31391 19.95000 15.93916 91.50548
 4 5 17 11 43 1415.00000 6.69000000 80.31391 19.95000 15.93916 91.50548
 4 5 17 11 44 1417.00100 6.69000000 80.32194 19.95001 15.93916 91.50548
 4 5 17 11 44 1417.00000 6.69000000 80.11001 19.95000 15.93916 91.50548
 4 5 17 11 45 1417.00100 6.69000000 80.30587 20.01400 15.93918 91.50548
 4 5 17 11 45 1416.98500 6.69000000 80.11002 20.03991 15.93918 91.50548
 4 5 17 11 46 1416.99900 6.69000000 80.14588 20.13800 15.93918 91.50548
 4 5 17 11 46 1415.98500 6.69000000 80.31361 20.13799 15.93918 91.50786
 4 5 17 11 47 1416.99900 6.63021000 80.30521 20.13799 15.93917 91.50786
 4 5 17 11 47 1416.99900 6.63029000 80.11000 20.09800 15.93917 91.50786
 4 5 17 11 48 1416.99900 6.63029000 80.30464 20.09800 15.93917 91.50838
 4 5 17 11 48 1416.00000 6.68560000 80.13000 20.09600 15.93917 91.50838
 4 5 17 11 49 1417.00000 6.68409000 80.10341 20.09600 15.93917 91.50838
 4 5 17 11 49 1416.01400 6.68409000 80.10341 20.09600 15.93917 91.50838
 4 5 17 11 50 1416.99000 6.65001000 80.10341 20.09500 15.93917 91.50838
 4 5 17 11 50 1416.01400 6.65001000 80.10341 20.09600 15.93917 91.50838
 4 5 17 11 51 1416.98800 6.65001000 79.89191 20.09500 15.93917 91.50838
 4 5 17 11 52 1416.98900 6.65001000 79.99199 20.09499 15.93917 91.49999
 4 5 17 11 52 1416.97800 6.67540000 79.99199 20.06700 15.93917 91.49999
 4 5 17 11 53 1416.50000 6.67540000 79.89201 19.99900 15.93917 91.49999
 4 5 17 11 53 1417.73000 6.67000000 79.80000 20.08399 15.80015 91.51000
 4 5 17 11 54 1417.74900 6.67199000 79.80000 20.08300 15.80015 91.51000
 4 5 17 11 54 1417.74000 6.67199000 79.80000 20.08299 15.80015 91.49989
 4 5 17 11 54 1417.90000 6.67199000 79.80000 20.08299 15.80015 91.49989
 4 5 17 11 55 1417.89900 6.67199000 79.80000 20.08299 15.80015 91.49989
 4 5 17 11 56 1417.90000 6.65001000 79.80000 20.08300 15.80015 91.49989
 4 5 17 11 56 1418.17000 6.65001000 79.80000 20.08300 15.80015 91.49989
 4 5 17 11 57 1418.15500 6.65001000 79.80000 20.08300 15.80015 91.49989
 4 5 17 11 57 1416.96100 6.65000000 79.95000 20.01600 15.80015 91.49989
 4 5 17 11 58 1416.51500 6.65001000 79.95000 20.11900 15.80015 91.49989
 4 5 17 11 58 1418.15500 6.63999000 79.99900 20.10092 15.80015 91.49989
 4 5 17 11 59 1418.16700 6.64000000 79.98284 20.10299 15.80015 91.49989
 4 5 17 11 59 1418.15200 6.66180000 79.80016 20.10299 15.80015 92.23483
 4 5 17 12 00 1415.91400 6.66180000 79.94199 20.10299 15.80015 92.23483
 4 5 17 12 00 1418.16900 6.66180000 79.94999 20.16200 15.80015 92.23483
 4 5 17 12 01 1415.78100 6.66180000 79.95000 20.16991 15.80015 92.23483
 4 5 17 12 01 1415.78100 6.66180000 79.99100 20.16999 15.80015 92.23483
 4 5 17 12 02 1418.00000 6.62639000 79.99100 20.16999 15.80015 92.23483
 4 5 17 12 02 1418.00000 6.62639000 79.99100 20.17000 15.80015 91.50294
 4 5 17 12 03 1418.15400 6.62639000 79.98282 20.17800 15.80015 91.50294
 4 5 17 12 03 1418.15500 6.62639000 79.97500 20.17800 15.80015 91.50294
 4 5 17 12 04 1418.09400 6.62639000 80.00000 20.19596 15.80015 91.50294
 4 5 17 12 04 1418.14700 6.64880000 80.00000 20.19596 15.93915 92.23647
 4 5 17 12 05 1415.09800 6.64880000 80.17333 20.23000 15.93915 91.70087
 4 5 17 12 06 1418.03700 6.64780000 80.00003 20.23000 15.93915 91.70087
 4 5 17 12 06 1418.14800 6.64780000 80.17332 20.23000 15.93906 91.70087
 4 5 17 12 07 1418.11200 6.64780000 80.15000 20.17800 15.93906 91.70087
 4 5 17 12 07 1418.09900 6.62600000 80.14998 20.18400 15.93906 91.70087
 4 5 17 12 08 1415.33300 6.62600000 80.13394 20.17000 15.93906 91.70087
 4 5 17 12 08 1415.33100 6.62600000 80.19196 20.17000 15.81002 91.70087
 4 5 17 12 09 1415.32900 6.62000000 80.19196 20.17000 15.80000 91.70212
 4 5 17 12 09 1415.31500 6.62000000 80.13394 20.21797 15.80000 91.70224
 4 5 17 12 10 1415.33200 6.62000000 80.13394 20.21794 15.80000 91.70224
 4 5 17 12 10 1415.33200 6.62000000 80.13392 20.13700 15.80000 91.70224
 4 5 17 12 11 1415.33300 6.62000000 80.12590 20.13700 15.80000 91.70224
 4 5 17 12 11 1415.00000 6.63033000 80.11787 20.28800 15.80000 91.70224
 4 5 17 12 12 1414.99900 6.63031000 80.06000 20.29993 15.93792 91.70224
 4 5 17 12 12 1414.99900 6.62000000 80.05000 20.23400 15.93792 91.70224
 4 5 17 12 13 1415.33200 6.62000000 80.05000 20.23400 15.71141 91.70224
 4 5 17 12 13 1415.31900 6.62000000 80.07000 20.30000 15.75068 91.70224
 4 5 17 12 14 1415.33300 6.63100000 80.05000 20.29900 15.75068 92.89942
 4 5 17 12 14 1415.33300 6.62000000 80.12589 20.30000 15.75068 91.70436
 4 5 17 12 15 1415.33300 6.63100000 80.04199 20.30902 15.75068 91.70467
 4 5 17 12 15 1415.33300 6.63100000 79.95000 20.33700 15.88458 91.70467
 4 5 17 12 16 1415.67700 6.62000000 80.04199 20.33700 15.88458 92.89875
 4 5 17 12 16 1415.33300 6.62000000 80.04199 20.37200 15.88458 92.90000
 4 5 17 12 17 1416.23300 6.62000000 80.00000 20.33700 15.88458 92.90000
 4 5 17 12 17 1416.32000 6.62000000 80.00000 20.39502 15.88458 92.90000
 4 5 17 12 18 1416.31800 6.62000000 80.00000 20.42000 15.88458 92.90000
 4 5 17 12 18 1416.31800 6.62000000 79.99200 20.42000 15.88458 92.90004
 4 5 17 12 19 1416.31800 6.62000000 79.95000 20.42000 15.80015 91.77060
 4 5 17 12 19 1415.33700 6.62933000 79.96365 20.45000 15.88398 91.77060
 4 5 17 12 20 1416.31900 6.62000000 79.99200 20.45000 15.88398 91.77060
 4 5 17 12 21 1416.32000 6.62000000 79.93395 20.45000 15.88398 91.77060
 4 5 17 12 21 1416.32000 6.62000000 79.97200 20.50000 15.71204 91.77060
 4 5 17 12 21 1415.35100 6.62000000 79.98000 20.50000 15.71204 91.77060
 4 5 17 12 22 1415.33400 6.62000000 80.00000 20.50000 15.75128 93.52479
 4 5 17 12 23 1415.33300 6.62000000 79.98000 20.50000 15.75128 93.52479
 4 5 17 12 23 1416.31900 6.62000000 79.98000 20.46400 15.75128 93.52479
 4 5 17 12 24 1415.33300 6.62000000 79.97584 20.46400 15.75128 93.52479
 4 5 17 12 24 1416.31800 6.51002000 79.97583 20.50000 15.75128 93.52481
 4 5 17 12 25 1416.30500 6.51002000 79.97583 20.31137 15.75128 93.52482
 4 5 17 12 25 1416.31900 6.55002000 79.89194 20.38100 15.75128 93.52482
 4 5 17 12 26 1416.32000 6.62333000 79.89985 20.35900 15.71020 93.52482
 4 5 17 12 26 1416.32000 6.62333000 79.60000 20.32000 15.71020 93.52482
 4 5 17 12 27 1416.30400 6.62333000 79.50007 20.32000 15.71020 93.52482
 4 5 17 12 27 1415.33300 6.62019000 79.89943 20.33800 15.71004 93.52482
 4 5 17 12 28 1415.33300 6.59934000 79.59000 20.33800 15.71003 93.52482
 4 5 17 12 28 1415.98500 6.60000000 79.80000 20.33800 15.71003 93.52482
 4 5 17 12 29 1415.98400 6.60000000 79.52024 20.33300 15.71003 93.52482
 4 5 17 12 29 1416.30400 6.60000000 79.80000 20.33300 15.71003 93.52482
 4 5 17 12 30 1416.30300 6.60000000 79.79191 20.35201 15.71003 93.52482
 4 5 17 12 30 1416.30500 6.56015000 79.79190 20.36800 15.71003 93.52487
 4 5 17 12 31 1416.32000 6.56015000 79.89975 20.36800 15.87963 93.52487
 4 5 17 12 31 1416.31900 6.56015000 79.89975 20.47494 15.87963 93.52487
 4 5 17 12 32 1416.32000 6.56015000 79.89975 20.42600 15.87963 93.52487
 4 5 17 12 32 1416.32000 6.56015000 79.89193 20.47000 15.87937 94.23627
 4 5 17 12 33 1417.50000 6.59800000 79.89185 20.47000 15.87937 94.23627
 4 5 17 12 33 1417.48400 6.59698000 79.89176 20.47000 15.87937 94.23627
 4 5 17 12 34 1415.14100 6.59698000 79.88401 20.48000 15.87937 94.23627
 4 5 17 12 34 1417.50000 6.57000000 79.88401 20.49999 15.87937 94.23627
 4 5 17 12 35 1417.48000 6.59628000 79.50000 20.50000 15.87937 94.23627
 4 5 17 12 35 1417.47600 6.57000000 79.80587 20.50000 15.87937 94.23627
 4 5 17 12 36 1417.47600 6.57000000 79.50002 20.50000 15.87937 94.23627
 4 5 17 12 36 1415.72700 6.57000000 79.79722 20.50000 15.87937 94.00000
 4 5 17 12 37 1415.13900 6.56002000 79.79663 20.50000 15.87937 94.00000
 4 5 17 12 37 1415.13900 6.56002000 79.68000 20.48000 15.87937 93.53000
 4 5 17 12 38 1416.79900 6.57000000 79.66549 20.49899 15.87937 93.53002
 4 5 17 12 38 1416.79700 6.59494000 79.66549 20.49899 15.87838 93.53002
 4 5 17 12 39 1415.22000 6.59494000 79.67000 20.49899 15.87838 93.53028
 4 5 17 12 40 1415.21100 6.56000000 79.40000 20.49899 15.87838 93.53028
 4 5 17 12 40 1417.49500 6.53001000 79.64900 20.39000 15.87838 93.53043
 4 5 17 12 40 1415.20100 6.55000000 78.90000 20.40000 15.87838 93.53082
 4 5 17 12 41 1414.39900 6.55000000 79.09200 20.40000 15.67315 93.53084
 4 5 17 12 42 1412.31400 6.52002000 78.77589 20.39000 15.67315 93.53082
 4 5 17 12 42 1417.48100 6.54950000 79.30000 20.37300 15.67315 93.53082
 4 5 17 12 43 1417.48100 6.54934000 79.24899 20.35000 15.67315 93.53082
 4 5 17 12 43 1417.46800 6.54934000 79.24698 20.39000 15.67315 93.53022
 4 5 17 12 44 1417.46500 6.54934000 79.24682 20.39000 15.67315 93.53038
 4 5 17 12 44 1417.34900 6.54934000 78.59016 20.35000 15.67315 93.53038
 4 5 17 12 45 1414.00100 6.54934000 78.59021 20.37800 15.67315 93.53038
 4 5 17 12 45 1414.04000 6.57479000 78.59017 20.35000 15.67315 93.95000
 4 5 17 12 46 1414.05000 6.52100000 78.89993 20.36000 15.67315 93.95000
 4 5 17 12 46 1417.34700 6.52100000 78.59017 20.38994 15.67315 93.95000
 4 5 17 12 47 1416.99900 6.52000000 78.88000 20.38994 15.67315 93.95000
 4 5 17 12 47 1415.31000 6.55000000 78.86991 20.36000 15.67315 93.95000
 4 5 17 12 48 1418.16300 6.55000000 78.59019 20.36000 15.67315 93.94998
 4 5 17 12 48 1418.16300 6.55000000 78.59018 20.38897 15.67316 93.95000
 4 5 17 12 49 1418.16100 6.50000000 78.84800 20.38900 15.67316 93.95000
 4 5 17 12 49 1418.16200 6.54931000 78.80002 20.39000 15.67316 93.95000
 4 5 17 12 50 1414.00000 6.54931000 78.84799 20.39000 15.67316 93.94998
 4 5 17 12 50 1413.31000 6.54931000 78.61001 20.39000 15.67316 93.95000
 4 5 17 12 51 1418.14400 6.49116000 78.80899 20.39000 15.68000 93.94998
 4 5 17 12 51 1418.14600 6.46017000 78.61000 20.39000 15.68000 93.94998
 4 5 17 12 52 1417.98700 6.49000000 78.61003 20.39000 15.68000 93.94998
 4 5 17 12 52 1418.14600 6.50000000 78.61002 20.39000 15.68000 93.94998
 4 5 17 12 53 1412.77300 6.53810000 78.61000 20.39000 15.68000 93.94998
 4 5 17 12 53 1417.26500 6.53810000 78.61000 20.39000 15.68000 93.94998
 4 5 17 12 54 1413.38800 6.53810000 78.69990 20.39000 15.68000 93.94998
 4 5 17 12 54 1413.05600 6.49935000 78.61001 20.39000 15.68000 93.94998
 4 5 17 12 55 1416.88700 6.50000000 78.61001 20.39000 15.68000 93.94998
 4 5 17 12 55 1416.98500 6.50000000 78.62000 20.39000 15.68000 93.94998
 4 5 17 12 56 1413.39100 6.51849000 78.75775 20.39000 15.68000 93.94998
 4 5 17 12 57 1412.16000 6.51848000 78.75500 20.39000 15.68000 93.94998
 4 5 17 12 57 1412.14000 6.51848000 78.75500 20.39000 15.68000 93.95000
 4 5 17 12 58 1417.97800 6.51848000 78.75500 20.38993 15.68000 93.95000
 4 5 17 12 58 1414.28100 6.51848000 78.75499 20.38200 15.68000 93.95000
 4 5 17 12 59 1414.61400 6.51780000 78.75499 20.39000 15.68000 93.95000
 4 5 17 12 59 1417.96900 6.51713000 78.70000 20.39000 15.68000 93.95000
 4 5 17 13 00 1417.00000 6.51713000 78.75499 20.45000 15.68000 93.95000
 4 5 17 13 00 1417.83200 6.52260000 78.75499 20.45000 15.68000 93.95000
 4 5 17 13 01 1417.97500 6.54988000 78.75500 20.45000 15.68000 93.95000
 4 5 17 13 01 1418.15500 6.52300000 78.89000 20.45000 15.68000 93.95000
 4 5 17 13 02 1417.96000 6.52300000 78.90000 20.45000 15.68000 93.95000
 4 5 17 13 02 1418.15100 6.52300000 78.89000 20.48400 15.68020 93.95000
 4 5 17 13 03 1418.17000 6.52300000 79.00000 20.46001 15.68020 92.90132
 4 5 17 13 03 1416.04100 6.52300000 79.29005 20.40005 15.68026 92.90132
 4 5 17 13 04 1416.15300 6.55000000 79.01001 20.49900 15.68026 93.94984
 4 5 17 13 04 1416.20000 6.58994000 79.43998 20.49900 15.68026 93.94984
 4 5 17 13 05 1418.00000 6.58988000 79.29005 20.49900 15.68026 93.95000
 4 5 17 13 05 1418.19900 6.58988000 79.57986 20.49900 15.68026 93.95000
 4 5 17 13 06 1417.04000 6.58991000 79.50002 20.49900 15.68026 92.91011
 4 5 17 13 06 1418.19900 6.58991000 79.50007 20.49900 15.68026 92.91011
 4 5 17 13 07 1419.19000 6.62226000 79.67165 20.50000 15.68026 93.98000
 4 5 17 13 07 1418.19800 6.62226000 79.67603 20.50000 15.68026 93.98000
 4 5 17 13 08 1418.19700 6.57000000 79.67604 20.49900 15.68026 94.00000
 4 5 17 13 08 1418.19700 6.57000000 79.71000 20.50000 15.68026 94.00000
 4 5 17 13 09 1418.19000 6.60000000 79.86190 20.45000 15.68026 94.00000
 4 5 17 13 09 1418.19700 6.60950000 79.84995 20.45000 15.68026 94.00000
 4 5 17 13 10 1418.98400 6.62148000 79.84700 20.45000 15.68026 94.00000
 4 5 17 13 11 1419.19000 6.63000000 79.84992 20.43300 15.68026 94.00000
 4 5 17 13 11 1419.63500 6.63000000 79.83000 20.46800 15.68026 94.00000
 4 5 17 13 12 1417.01400 6.63300000 79.67106 20.46800 15.68026 94.23643
 4 5 17 13 12 1417.01400 6.62000000 79.67117 20.41405 15.68026 94.23643
 4 5 17 13 13 1417.00100 6.63300000 79.84998 20.41401 15.68026 94.23643
 4 5 17 13 13 1421.00500 6.63000000 79.88000 20.41401 15.87305 94.00040
 4 5 17 13 14 1418.00000 6.66394000 79.85000 20.40000 15.87305 94.00040
 4 5 17 13 14 1420.99900 6.66326000 79.89994 20.40000 15.87305 94.00040
 4 5 17 13 15 1421.93900 6.63000000 79.89994 20.40001 15.87305 94.00040
 4 5 17 13 15 1421.93800 6.63000000 79.89796 20.40001 15.87305 94.23643
 4 5 17 13 16 1421.93900 6.64001000 79.89797 20.45100 15.87305 94.23643
 4 5 17 13 16 1421.93200 6.65000000 79.88999 20.43600 15.87305 94.23643
 4 5 17 13 17 1420.01500 6.64999000 79.88799 20.43600 15.87305 94.23643
 4 5 17 13 17 1421.77900 6.64999000 79.87000 20.46800 15.87305 94.23643
 4 5 17 13 18 1421.77400 6.64949000 79.90000 20.46800 15.87305 94.23643
 4 5 17 13 18 1421.76900 6.64949000 79.89999 20.46800 15.87305 93.99999
 4 5 17 13 19 1420.78400 6.64948000 79.89998 20.50000 15.86977 94.19999
 4 5 17 13 19 1420.50000 6.64833000 79.90006 20.43800 15.86977 93.99999
 4 5 17 13 20 1420.99600 6.65000000 79.89998 20.45100 15.86966 94.19998
 4 5 17 13 20 1420.99500 6.64900000 79.98368 20.43300 15.86966 94.19999
 4 5 17 13 21 1420.90100 6.65000000 79.90030 20.43300 15.86952 94.19999
 4 5 17 13 21 1420.99000 6.66410000 79.97000 20.48200 15.80000 94.19999
 4 5 17 13 22 1420.99300 6.66410000 79.90056 20.48200 15.80000 94.19999
 4 5 17 13 22 1420.85400 6.66339000 79.97000 20.48200 15.80000 94.19999
 4 5 17 13 23 1422.92500 6.66271000 79.91003 20.46999 15.80000 93.15598
 4 5 17 13 24 1420.99800 6.66272000 80.14195 20.48499 15.80000 93.15598
 4 5 17 13 24 1422.83100 6.66272000 80.27999 20.48499 15.86913 93.15636
 4 5 17 13 25 1422.71400 6.67676000 80.24268 20.46999 15.86910 93.15636
 4 5 17 13 25 1421.00100 6.67676000 80.24262 20.49100 15.86800 93.99988
 4 5 17 13 25 1421.57000 6.67000000 80.24260 20.49100 15.86800 93.99988
 4 5 17 13 26 1422.60000 6.67000000 80.24262 20.49100 15.86899 93.99988
 4 5 17 13 27 1422.51600 6.67000000 80.24257 20.50000 15.86000 93.99988
 4 5 17 13 27 1422.99900 6.67000000 80.00000 20.49099 15.86000 92.31712
 4 5 17 13 28 1422.99900 6.67000000 80.23452 20.49099 15.86878 93.15665
 4 5 17 13 28 1422.45000 6.67000000 80.00000 20.46001 15.86878 93.00000
 4 5 17 13 29 1423.15300 6.67000000 80.20000 20.52299 15.86878 93.15669
 4 5 17 13 29 1423.14800 6.67749000 80.13954 20.46101 15.86878 93.15000
 4 5 17 13 30 1422.99900 6.67748000 80.09999 20.54499 15.86878 93.15000
 4 5 17 13 30 1422.99000 6.63000000 79.91571 20.54499 15.86878 93.15000
 4 5 17 13 31 1423.23000 6.63001000 79.80956 20.54496 15.86878 93.15000
 4 5 17 13 31 1422.99100 6.68000000 79.94047 20.59986 15.86878 93.00011
 4 5 17 13 32 1423.22900 6.65000000 79.94047 20.59981 15.86878 93.99613
 4 5 17 13 32 1423.00000 6.65000000 79.95000 20.54496 15.86810 93.99613
 4 5 17 13 33 1423.00000 6.68000000 79.95000 20.54496 15.86810 93.99613
 4 5 17 13 33 1423.49400 6.68000000 80.00000 20.54496 15.86810 93.99613
 4 5 17 13 34 1423.22900 6.63010000 80.00000 20.54496 15.86810 92.00214
 4 5 17 13 35 1423.01400 6.63002000 79.60000 20.54496 15.86810 92.00214
 4 5 17 13 35 1423.94000 6.63002000 79.60000 20.45600 15.86810 92.23210
 4 5 17 13 36 1423.95700 6.63002000 79.60000 20.45600 15.86810 92.23212
 4 5 17 13 36 1423.85200 6.63002000 79.95000 20.61398 15.86810 92.23212
 4 5 17 13 37 1423.80900 6.63002000 79.95000 20.61398 15.86810 92.23212
 4 5 17 13 37 1423.79900 6.63002000 80.00000 20.60000 15.86810 92.23212
 4 5 17 13 38 1423.01400 6.63002000 79.99950 20.60000 15.86810 92.23212
 4 5 17 13 38 1423.79600 6.63002000 79.99900 20.59000 15.86810 92.23212
 4 5 17 13 39 1423.99900 6.63002000 79.99888 20.58999 15.86810 92.25000
 4 5 17 13 39 1424.76900 6.63002000 79.95000 20.58997 15.86810 92.25000
 4 5 17 13 40 1424.79800 6.66841000 79.95000 20.57999 15.86810 92.25000
 4 5 17 13 40 1425.00000 6.66841000 79.90000 20.57998 15.86810 92.25000
 4 5 17 13 41 1425.26000 6.66841000 79.90001 20.57998 15.86810 92.25000
 4 5 17 13 41 1425.26000 6.66841000 79.99974 20.57995 15.86810 92.99778
 4 5 17 13 42 1425.26000 6.66841000 79.90000 20.57999 15.86810 92.99778
 4 5 17 13 42 1425.70000 6.63000000 79.86408 20.58999 15.86810 92.00021
 4 5 17 13 43 1429.21200 6.65539000 79.79990 20.58000 15.86810 92.00021
 4 5 17 13 43 1430.00000 6.65488000 79.76993 20.59000 15.86810 92.00021
 4 5 17 13 44 1428.50000 6.62000000 79.76000 20.59000 15.86660 92.99705
 4 5 17 13 44 1430.91300 6.62000000 79.70000 20.59000 15.86660 92.99705
 4 5 17 13 45 1431.99800 6.62000000 79.78997 20.59000 15.86660 92.99705
 4 5 17 13 45 1429.00000 6.62850000 79.79000 20.58297 15.86660 92.99705
 4 5 17 13 46 1431.99600 6.62000000 79.79000 20.58297 15.86660 92.99705
 4 5 17 13 46 1432.12300 6.62829000 79.99995 20.58297 15.86660 92.23122
 4 5 17 13 47 1431.99600 6.61000000 79.99990 20.58300 15.86660 92.23122
 4 5 17 13 47 1432.34600 6.61000000 79.99992 20.58300 15.86660 92.23122
 4 5 17 13 48 1433.00000 6.62999000 79.95000 20.56998 15.86637 92.23122
 4 5 17 13 48 1432.61500 6.61000000 79.94998 20.56998 15.86637 92.23208
 4 5 17 13 49 1432.49800 6.62999000 79.85001 20.58000 15.86637 92.23222
 4 5 17 13 50 1431.00000 6.60000000 79.94973 20.58000 15.86626 93.01872
 4 5 17 13 50 1431.99900 6.62931000 79.94953 20.57993 15.86626 93.01872
 4 5 17 13 51 1431.99300 6.62931000 79.94999 20.58000 15.86626 93.01872
 4 5 17 13 51 1431.99000 6.62931000 79.94956 20.58000 15.86626 93.01872
 4 5 17 13 52 1431.00000 6.62931000 79.95000 20.63500 15.86626 93.01872
 4 5 17 13 52 1431.63900 6.62931000 80.00000 20.63500 15.86626 93.01872
 4 5 17 13 53 1430.00000 6.62928000 80.00000 20.67799 15.86588 93.01872
 4 5 17 13 53 1431.20000 6.62928000 79.76121 20.63500 15.86584 93.01872
 4 5 17 13 54 1429.44400 6.61000000 79.76200 20.65500 15.86584 93.01863
 4 5 17 13 54 1430.00100 6.61000000 79.99199 20.58001 15.86584 92.24029
 4 5 17 13 55 1430.99900 6.62854000 79.98999 20.58001 15.86569 92.24029
 4 5 17 13 55 1430.99700 6.62849000 79.98999 20.67600 15.86569 93.77413
 4 5 17 13 56 1430.85200 6.61000000 79.95000 20.67598 15.86569 93.77413
 4 5 17 13 56 1430.00000 6.61000000 79.95000 20.67598 15.86569 93.77413
 4 5 17 13 57 1429.99900 6.61000000 79.95000 20.64300 15.86569 93.77413
 4 5 17 13 57 1430.83700 6.61000000 80.24256 20.64300 15.86569 93.77413
 4 5 17 13 58 1430.00000 6.61000000 80.24252 20.67591 15.88482 93.77413
 4 5 17 13 58 1430.98200 6.61000000 80.23446 20.67588 15.88482 93.77413
 4 5 17 13 59 1430.97800 6.62000000 80.05002 20.67588 15.88482 93.77413
 4 5 17 13 59 1429.01500 6.61200000 80.22998 20.65000 15.88482 93.77193
 4 5 17 14 00 1429.02000 6.61999000 80.22000 20.65000 15.88482 92.24316
 4 5 17 14 00 1430.98000 6.61999000 80.22000 20.64300 15.88482 92.24316
 4 5 17 14 01 1432.07400 6.61200000 80.10001 20.65001 15.88482 92.24316
 4 5 17 14 01 1432.07400 6.61200000 80.10001 20.66000 15.88482 92.24316
 4 5 17 14 02 1434.36900 6.61858000 80.15996 20.66000 15.88482 92.77170
 4 5 17 14 02 1433.88200 6.61858000 80.14999 20.66000 15.88482 93.60668
 4 5 17 14 03 1434.25900 6.60000000 80.09999 20.66000 15.88482 93.60668
 4 5 17 14 04 1434.37000 6.62000000 80.00679 20.66000 15.88482 93.60668
 4 5 17 14 04 1434.37100 6.62000000 80.00003 20.66000 15.88482 93.60668
 4 5 17 14 05 1432.20000 6.62000000 80.00003 20.66000 15.88482 94.23643
 4 5 17 14 05 1435.29000 6.62000000 80.00003 20.65997 15.88498 94.23643
 4 5 17 14 05 1434.05000 6.62000000 80.00002 20.65997 15.88498 94.23643
 4 5 17 14 06 1435.54300 6.63335000 80.00002 20.66000 15.88499 94.39209
 4 5 17 14 07 1434.57100 6.63335000 80.00002 20.62200 15.88499 94.50000
 4 5 17 14 07 1437.73600 6.63335000 80.00002 20.68978 15.88499 94.49999
 4 5 17 14 08 1437.73600 6.60000000 80.16000 20.68976 15.88499 94.94007
 4 5 17 14 08 1439.55000 6.60000000 80.15197 20.68976 15.88499 94.94007
 4 5 17 14 09 1439.54600 6.60000000 80.15197 20.68976 15.88499 94.94007
 4 5 17 14 09 1439.55000 6.62856000 80.15999 20.64000 15.88499 94.50000
 4 5 17 14 10 1439.99900 6.63398000 80.20997 20.64900 15.88499 94.49988
 4 5 17 14 10 1440.00000 6.61932000 80.20997 20.58000 15.88499 94.49988
 4 5 17 14 11 1440.00000 6.61932000 80.20997 20.58000 15.88499 94.49955
 4 5 17 14 11 1440.90000 6.61932000 80.20997 20.58000 15.88499 94.49955
 4 5 17 14 12 1440.11000 6.61932000 80.16999 20.58000 15.88499 94.49955
 4 5 17 14 12 1441.99900 6.61932000 80.20999 20.58000 15.88499 94.49886
 4 5 17 14 13 1441.76100 6.62100000 80.21000 20.68900 15.88499 94.49886
 4 5 17 14 13 1442.00000 6.62033000 80.20997 20.69900 15.88499 94.49886
 4 5 17 14 14 1442.00000 6.62033000 80.20194 20.69900 15.88499 94.49886
 4 5 17 14 14 1442.00000 6.65241000 80.20997 20.68900 15.88499 94.49886
 4 5 17 14 15 1442.00000 6.65241000 80.20997 20.68896 15.88499 94.00001
 4 5 17 14 15 1440.90500 6.62000000 80.20196 20.68190 15.88499 94.00001
 4 5 17 14 16 1442.00000 6.64720000 80.20196 20.68188 15.88499 94.49976
 4 5 17 14 16 1440.92000 6.64720000 80.20196 20.68188 15.88499 94.49976
 4 5 17 14 17 1442.70200 6.64720000 80.24258 20.68188 15.88499 93.15502
 4 5 17 14 18 1441.00000 6.64119000 80.24258 20.58000 15.88511 94.49999
 4 5 17 14 18 1441.59900 6.63869000 80.21000 20.51001 15.88511 94.49889
 4 5 17 14 19 1441.45100 6.60000000 80.20420 20.51001 15.88511 94.49889
 4 5 17 14 19 1441.49900 6.60000000 80.24258 20.54207 15.88511 94.49889
 4 5 17 14 19 1441.00200 6.60000000 80.24257 20.62201 15.88511 94.49889
 4 5 17 14 20 1441.49800 6.62900000 80.24257 20.54207 15.88511 94.49889
 4 5 17 14 21 1442.70300 6.60000000 80.24257 20.54207 15.88511 94.49889
 4 5 17 14 21 1442.00000 6.60000000 80.24257 20.54207 15.88511 94.49889
 4 5 17 14 22 1442.70300 6.65160000 80.27999 20.54207 15.93621 94.49889
 4 5 17 14 22 1444.70800 6.60000000 80.27900 20.51000 15.93621 94.49889
 4 5 17 14 23 1443.39300 6.60000000 80.20420 20.50000 15.93621 94.49889
 4 5 17 14 23 1444.37200 6.67858000 80.27899 20.50000 15.93621 94.49889
 4 5 17 14 24 1441.00000 6.60000000 80.27000 20.50000 15.93621 94.49889
 4 5 17 14 24 1441.99000 6.57030000 80.27074 20.50299 15.93621 94.49889
 4 5 17 14 25 1441.84300 6.60000000 80.14395 20.41001 15.93621 94.49889
 4 5 17 14 25 1441.84400 6.67138000 80.14395 20.41000 15.93700 94.49889
 4 5 17 14 26 1441.00000 6.60000000 80.33333 20.41006 15.93700 94.49889
 4 5 17 14 26 1440.99900 6.60000000 80.35386 20.49992 15.93700 94.49889
 4 5 17 14 27 1440.99600 6.66420000 80.35386 20.49992 15.93700 94.49889
 4 5 17 14 27 1441.00000 6.66420000 80.00000 20.54991 15.93700 94.49889
 4 5 17 14 28 1440.33900 6.66420000 80.34577 20.40000 15.93896 94.94011
 4 5 17 14 28 1438.00100 6.66095000 80.33998 20.40000 15.93896 94.94011
 4 5 17 14 29 1438.01500 6.66082000 80.00200 20.64888 15.93896 94.61800
 4 5 17 14 29 1439.71100 6.57100000 80.33192 20.64888 15.93896 94.61800
 4 5 17 14 30 1438.90000 6.57000000 80.33193 20.45999 15.93896 94.61800
 4 5 17 14 30 1435.00000 6.57000000 80.00203 20.48996 15.93919 94.98999
 4 5 17 14 31 1434.99900 6.64850000 80.00200 20.36014 15.93919 94.98999
 4 5 17 14 32 1434.99900 6.64850000 80.15000 20.36015 15.93919 94.98999
 4 5 17 14 32 1438.24100 6.64850000 80.00201 20.42997 15.93919 94.98999
 4 5 17 14 33 1438.00000 6.64850000 80.15000 20.42997 15.93919 94.98999
 4 5 17 14 33 1438.24000 6.60000000 80.15001 20.37302 15.93919 94.98999
 4 5 17 14 33 1438.60400 6.59563000 80.15001 20.46800 15.93919 94.98999
 4 5 17 14 34 1437.50000 6.59563000 80.25310 20.46800 15.93919 93.99996
 4 5 17 14 35 1437.49900 6.59563000 80.15002 20.58793 15.93919 93.99999
 4 5 17 14 35 1435.21600 6.54934000 80.15001 20.62999 15.93919 94.00000
 4 5 17 14 36 1437.49900 6.55000000 80.15002 20.56302 15.93919 94.00000
 4 5 17 14 36 1434.99900 6.55000000 80.15003 20.56302 15.93919 94.00000
 4 5 17 14 37 1434.99900 6.55001000 80.15000 20.57000 15.93919 94.00000
 4 5 17 14 37 1434.80400 6.55000000 80.19181 20.68898 15.93919 94.00088
 4 5 17 14 38 1437.48200 6.55000000 80.19000 20.68898 15.93919 94.00117
 4 5 17 14 38 1437.48200 6.55000000 80.19000 20.57002 15.93919 94.00117
 4 5 17 14 39 1438.58800 6.59664000 80.19000 20.57002 15.93919 94.00117
 4 5 17 14 39 1438.58500 6.59664000 80.20000 20.57002 15.93918 94.00117
 4 5 17 14 40 1438.58000 6.59664000 80.20000 20.57002 15.93918 94.00199
 4 5 17 14 40 1435.00000 6.59664000 80.19198 20.57002 15.93918 94.00199
 4 5 17 14 41 1438.58600 6.51501000 80.20000 20.57002 15.93918 94.00199
 4 5 17 14 41 1438.58700 6.64815000 80.19197 20.57002 15.93918 94.00199
 4 5 17 14 42 1438.60300 6.64743000 80.19100 20.58703 15.93919 94.99888
 4 5 17 14 42 1438.60400 6.64743000 80.19201 20.58703 15.93919 94.99888
 4 5 17 14 43 1438.60400 6.64743000 80.19205 20.68799 15.93919 94.99888
 4 5 17 14 44 1438.60400 6.64743000 80.20000 20.68799 15.93919 94.99888
 4 5 17 14 44 1438.58600 6.64743000 80.35990 20.61002 15.93919 94.99865
 4 5 17 14 44 1438.60000 6.64743000 80.36000 20.61002 15.93919 94.99865
 4 5 17 14 45 1438.58600 6.64743000 80.36000 20.61206 15.93919 94.99875
 4 5 17 14 45 1438.60100 6.64097000 80.51000 20.61001 15.93919 94.99875
 4 5 17 14 46 1438.60000 6.64097000 80.47000 20.63500 15.93919 94.99898
 4 5 17 14 46 1438.60100 6.64097000 80.59999 20.66600 15.93919 94.99898
 4 5 17 14 47 1438.99000 6.59000000 80.59192 20.66600 15.93919 94.99898
 4 5 17 14 48 1438.99000 6.58934000 80.76169 20.66600 15.93919 94.00000
 4 5 17 14 48 1438.99000 6.58934000 80.76168 20.69899 15.93919 94.00000
 4 5 17 14 49 1439.00000 6.58934000 80.75359 20.69899 15.93919 94.00000
 4 5 17 14 49 1439.00200 6.58934000 80.75360 20.70000 15.93919 94.00000
 4 5 17 14 50 1438.99900 6.58934000 80.76169 20.70000 15.93919 94.00000
 4 5 17 14 50 1438.99900 6.58934000 80.78000 20.70000 15.94000 94.00000
 4 5 17 14 51 1438.99800 6.58934000 80.78385 20.69899 15.94001 94.99299
 4 5 17 14 51 1437.60700 6.58934000 80.85000 20.70000 15.94001 94.99299
 4 5 17 14 52 1437.63400 6.58934000 80.77999 20.70000 15.94001 94.99299
 4 5 17 14 52 1437.00000 6.58934000 80.77999 20.70000 15.94000 94.10000
 4 5 17 14 53 1437.09100 6.59006000 80.78000 20.70920 15.94000 94.10000
 4 5 17 14 53 1437.00000 6.59008000 80.77188 20.70920 15.94000 94.10000
 4 5 17 14 54 1437.58200 6.59008000 80.77188 20.70920 15.94000 94.10000
 4 5 17 14 54 1436.99900 6.59008000 80.76999 20.70920 15.99861 94.10000
 4 5 17 14 55 1435.00000 6.62931000 80.76997 20.63601 15.99861 94.10000
 4 5 17 14 55 1435.00000 6.59501000 80.76201 20.73700 15.99861 94.10000
 4 5 17 14 56 1435.01000 6.59501000 80.60076 20.70917 15.99490 93.16817
 4 5 17 14 56 1434.88400 6.59505000 80.76996 20.63381 15.94001 93.16817
 4 5 17 14 57 1425.26000 6.64021000 80.76999 20.63384 15.87731 93.16817
 4 5 17 14 57 1426.78600 6.64021000 80.80000 20.63382 15.87731 93.16817
 4 5 17 14 58 1429.95100 6.63955000 80.83188 20.59900 15.87731 93.16817
 4 5 17 14 58 1429.95000 6.63955000 80.84997 20.59900 15.87731 93.16817
 4 5 17 14 59 1429.95100 6.63955000 80.85999 20.68199 15.87731 93.16817
 4 5 17 18 12 1465.45000 6.57683000 81.63908 23.11002 16.30000 92.00093
 4 5 17 18 12 1465.98900 6.57686000 81.63908 23.12009 16.42458 92.00093
 4 5 17 18 24 1459.49900 6.55003000 82.25041 23.11001 16.10144 92.00467
