100.1
100.2
100.3
100.3
100.4
100.4
100.4
100.5
100.6
100.6
100.5
100.4
100.4
100.4
100.4
100.5
100.4
100.5
100.5
100.4
100.5
100.4
100.5
100.4
100.3
100.3
101.3
100.29
100.29
100.29
100.19
90.17
90.261
90.17
90.26
90.351
90.351
90.441
90.531
90.622
90.531
90.441
90.35
90.441
90.441
90.441
90.531
90.441
90.531
90.441
90.531
90.44
90.44
91.345
90.431
90.431
90.431
90.431
81.388
81.388
81.307
81.226
81.144
81.144
81.226
81.226
81.307
81.388
81.388
81.388
81.388
81.388
81.388
81.388
81.307
81.307
81.225
81.225
81.144
81.144
81.063
81.063
80.982
80.901
80.901
80.901
80.82
80.739
80.658
80.739
80.658
80.658
80.578
80.578
80.497
80.578
80.658
80.578
80.578
81.383
80.57
80.57
80.57
80.57
72.513
72.585
72.658
72.73
72.73
72.73
72.73
72.73
72.803
72.876
72.803
72.803
72.803
72.803
72.73
72.657
72.657
72.73
72.73
72.657
72.73
72.657
72.73
72.657
72.73
72.73
72.803
72.73
72.657
72.657
72.657
72.73
72.802
72.875
72.948
72.875
72.948
72.875
72.802
72.875
72.802
72.802
72.875
72.802
72.729
72.729
72.802
72.802
72.802
72.729
72.729
72.802
72.875
72.802
72.875
72.875
72.146
72.867
72.867
72.867
72.795
80.074
80.154
80.234
80.154
80.234
80.314
80.314
80.314
80.395
80.395
80.314
80.314
80.234
80.234
80.314
80.314
80.395
80.314
80.314
80.314
80.314
80.314
80.314
80.234
80.234
79.431
80.226
80.226
80.226
80.226
88.248
88.248
88.248
88.337
88.248
88.337
88.425
88.513
88.425
88.336
88.425
88.513
88.425
88.425
88.425
89.309
88.416
88.416
88.416
88.504
79.654
79.654
79.733
79.733
79.733
79.654
79.654
79.733
79.654
79.733
79.733
79.813
79.893
79.813
79.893
79.973
79.973
79.893
79.973
79.973
79.173
79.965
79.965
79.965
79.885
87.873
87.785
87.697
87.61
87.61
87.697
87.61
87.697
87.697
87.61
87.697
87.609
87.697
87.697
87.697
87.697
87.697
87.785
87.785
87.697
87.609
87.697
87.609
87.609
87.522
87.522
87.522
87.522
87.434
87.347
87.434
87.521
87.434
87.434
87.521
87.434
87.434
87.346
87.346
87.434
87.434
87.521
87.521
87.434
87.521
87.521
87.521
87.609
87.521
87.433
87.521
87.433
87.346
87.433
87.433
86.559
87.425
87.425
87.425
87.512
96.263
96.263
96.263
96.359
96.359
96.456
96.359
96.263
96.167
96.071
95.974
95.878
95.878
95.783
95.783
95.783
95.878
95.878
95.974
95.878
95.878
95.878
95.782
95.687
95.687
95.591
95.687
95.782
95.878
95.782
95.782
95.686
95.782
95.686
95.686
95.591
95.495
95.399
95.304
95.304
95.399
95.304
95.399
95.495
95.495
94.54
95.485
95.485
95.485
95.581
105.14
105.03
105.03
104.93
105.03
104.93
105.03
105.14
105.24
105.35
105.24
105.35
105.35
105.45
105.35
105.35
105.24
105.14
105.24
105.35
105.45
105.56
105.56
105.45
105.45
105.56
105.66
105.77
105.77
105.66
105.66
105.56
105.66
105.77
105.88
105.88
105.88
105.77
105.77
105.66
105.77
105.88
105.98
105.88
105.88
105.88
104.82
105.86
105.86
105.86
105.97
116.57
116.45
116.45
116.33
116.22
116.1
116.1
116.22
116.1
116.1
116.1
116.22
116.1
115.99
115.87
115.99
115.99
116.1
115.99
115.99
115.99
115.87
115.99
115.87
115.99
115.87
115.75
115.75
115.87
115.99
115.87
115.75
115.75
115.64
115.64
116.79
115.63
115.63
115.63
115.51
103.96
103.86
103.75
103.65
103.65
103.54
103.44
103.44
103.34
103.44
103.54
103.54
103.54
103.54
103.54
103.44
103.34
103.23
103.34
103.23
103.13
103.03
102.92
102.82
102.82
102.82
102.72
102.62
102.51
102.51
102.51
102.62
102.51
102.51
102.41
102.31
102.21
102.1
102.1
102
102
101.9
101.8
101.8
101.7
101.8
101.7
101.59
101.7
101.59
101.59
102.61
101.58
101.58
101.58
101.48
91.334
91.334
91.243
91.151
91.151
91.242
91.334
91.425
91.425
91.425
91.516
91.425
91.333
91.333
91.333
91.333
91.333
91.242
91.242
91.151
91.06
91.151
91.151
91.242
91.151
91.242
91.151
91.059
91.151
91.151
91.059
90.968
91.059
91.15
91.15
91.15
91.242
91.242
91.15
91.059
90.968
90.877
90.877
90.968
90.968
90.877
90.968
91.059
90.968
90.968
91.059
90.968
90.877
90.877
90.786
90.877
90.877
90.786
90.877
90.877
90.967
90.876
90.967
90.967
90.967
90.876
90.967
90.876
90.785
90.695
90.785
90.876
90.785
90.876
90.876
90.785
90.876
90.876
90.785
90.694
90.694
90.785
90.876
90.967
90.876
90.785
90.876
90.876
90.876
90.966
90.875
90.875
90.785
90.785
90.694
90.694
89.787
90.685
90.685
90.685
90.594
99.653
99.653
99.653
99.554
99.653
99.753
99.653
99.653
99.653
99.753
99.853
99.953
99.953
99.853
99.853
99.753
99.852
99.852
99.852
99.753
99.753
99.852
99.952
99.852
99.852
99.852
100.85
99.842
99.842
99.842
99.742
89.768
89.768
89.768
89.768
89.768
89.768
89.858
89.948
90.038
89.948
90.038
90.038
89.948
89.948
90.038
89.948
90.038
90.128
90.037
90.037
90.037
89.947
89.947
89.857
89.768
89.857
89.767
89.678
89.588
89.678
89.767
89.767
89.678
89.678
89.678
89.588
89.588
89.588
89.677
89.588
89.588
89.498
89.409
89.498
89.498
89.409
89.498
89.587
89.587
89.677
89.587
89.498
89.408
89.498
89.498
89.587
89.498
89.408
89.498
89.408
89.408
89.319
89.408
89.408
89.319
89.229
89.318
89.229
89.14
89.229
89.14
89.14
89.14
89.229
89.14
89.051
88.962
89.051
88.961
88.961
88.961
89.05
88.961
88.961
88.072
88.952
88.952
88.952
88.864
97.75
97.652
97.652
97.75
97.652
97.652
97.554
97.652
97.75
97.847
97.749
97.847
97.749
97.749
97.749
97.749
97.749
97.749
98.727
97.74
97.74
97.74
97.837
88.054
87.966
88.054
88.054
88.054
88.142
88.053
88.053
88.053
87.965
87.965
88.053
88.141
88.141
88.141
88.053
88.141
88.141
88.141
88.141
88.141
88.229
88.318
88.229
88.229
88.318
88.229
88.318
88.318
88.318
88.229
88.317
88.406
88.317
88.406
88.406
88.406
88.494
88.583
88.583
88.494
88.494
88.405
88.494
88.582
88.671
88.582
88.582
88.671
88.76
88.76
88.76
88.671
88.671
88.671
88.671
88.671
88.671
88.759
88.671
88.671
89.557
88.662
88.662
88.662
88.75
79.875
79.875
79.796
79.875
79.955
80.035
79.955
80.035
80.115
80.115
80.035
80.115
80.115
80.035
80.115
80.115
79.314
80.107
80.107
80.107
80.027
88.03
88.03
88.118
88.118
88.029
87.941
88.029
87.941
87.941
88.029
87.941
88.029
87.941
88.029
88.029
88.909
88.02
88.02
88.02
88.02
79.218
79.218
79.139
79.218
79.297
79.297
79.218
79.218
79.297
79.377
79.297
79.297
79.218
79.139
79.06
78.981
79.06
79.139
79.139
79.059
79.139
79.059
79.059
79.138
79.138
79.218
79.218
79.297
79.217
79.138
79.217
79.217
78.425
79.209
79.209
79.209
79.289
87.218
87.13
87.217
87.13
87.13
87.13
87.217
87.217
87.217
87.13
87.217
87.13
87.217
87.217
87.217
86.345
87.208
87.208
87.208
87.208
95.929
95.833
95.833
95.929
95.833
95.737
95.737
95.833
95.929
95.929
95.833
95.833
95.833
95.737
95.642
95.737
95.737
95.641
95.546
95.546
95.45
95.546
95.45
95.45
95.355
95.355
95.355
95.45
95.355
95.259
95.355
95.259
95.259
95.164
95.069
95.164
95.164
95.164
94.212
95.154
95.154
95.154
95.059
104.57
104.46
104.56
104.46
104.46
104.46
104.36
104.25
104.15
104.15
104.25
104.15
104.04
104.15
104.04
104.15
104.25
104.15
104.04
103.94
104.04
104.04
104.04
103.94
104.04
104.04
104.15
104.15
104.04
104.04
104.15
104.25
104.25
104.35
104.46
104.56
104.67
104.77
104.67
104.67
104.67
104.56
104.56
104.56
105.61
104.55
104.55
104.55
104.55
94.098
94.098
94.192
94.098
94.098
94.004
94.098
94.192
94.286
94.192
94.097
94.003
94.097
94.191
94.286
94.38
94.474
94.474
94.38
94.38
94.285
94.285
94.191
94.191
94.097
94.191
94.285
94.285
94.191
94.285
94.191
94.285
94.379
94.379
94.285
94.379
94.285
94.285
94.285
94.379
94.473
94.473
94.568
94.473
94.379
94.473
94.568
94.568
94.473
94.473
94.379
94.379
94.379
93.435
94.369
94.369
94.369
94.464
103.91
103.91
104.01
103.91
103.81
103.91
103.81
103.91
104.01
103.91
103.91
103.81
103.91
103.81
103.91
103.81
103.91
103.91
103.81
103.91
104.01
103.91
103.81
103.91
103.81
103.81
103.81
103.91
103.91
102.87
103.9
103.9
103.9
103.79
114.17
114.06
114.06
114.06
114.06
114.17
114.17
114.17
114.17
114.29
114.17
114.29
114.29
114.17
114.17
114.06
113.95
113.83
113.95
113.95
113.83
113.72
113.83
113.72
113.72
113.6
113.49
113.49
113.6
113.49
113.49
113.38
113.49
113.6
113.49
113.49
114.62
113.48
113.48
113.48
113.59
102.23
102.13
102.23
102.23
102.33
102.23
102.13
102.13
102.03
101.93
101.82
101.82
101.82
101.72
101.82
101.82
101.72
101.82
101.93
102.03
102.13
102.03
101.93
101.93
102.03
102.13
102.23
102.23
102.23
102.33
102.33
102.23
102.33
102.44
102.33
102.44
102.44
102.54
102.54
103.56
102.53
102.53
102.53
102.63
92.368
92.368
92.368
92.368
92.275
92.183
92.091
91.999
91.907
91.999
91.907
91.815
91.907
91.815
91.907
91.998
91.998
91.998
92.09
92.09
92.09
92.09
92.09
91.998
91.998
91.998
92.09
92.182
92.182
92.182
92.275
92.275
92.367
92.367
92.459
92.367
92.274
92.182
92.274
92.274
92.274
92.367
92.274
92.366
92.366
92.366
92.274
92.182
92.274
92.274
92.366
92.274
92.274
92.274
92.274
92.366
92.459
92.459
92.459
92.551
92.458
92.458
92.551
92.551
91.625
92.542
92.542
92.542
92.542
101.8
101.9
101.9
101.8
101.69
101.69
101.8
101.69
101.69
101.69
101.8
101.9
101.8
101.69
101.8
101.69
101.59
101.59
100.58
101.58
101.58
101.58
101.58
111.74
111.74
111.63
111.63
111.52
111.63
111.63
111.74
111.63
111.52
111.63
111.74
111.63
111.74
111.63
111.63
112.74
111.62
111.62
111.62
111.62
100.45
100.45
100.56
100.45
100.45
100.45
100.45
100.45
100.45
100.35
100.35
100.25
100.35
100.25
100.35
100.45
100.55
100.45
100.45
99.45
100.44
100.44
100.44
100.44
110.49
110.49
110.38
110.49
110.6
110.6
110.6
110.6
110.6
110.71
110.82
110.93
110.82
110.93
110.82
110.71
110.71
110.71
109.6
110.7
110.7
110.7
110.59
121.65
121.77
121.65
121.52
121.4
121.28
121.16
121.28
121.16
121.04
120.92
120.92
120.92
120.92
120.92
120.8
120.92
120.8
120.92
120.8
120.68
120.8
120.68
120.8
120.8
120.68
120.68
120.56
120.43
120.55
120.55
120.55
121.76
120.54
120.54
120.54
120.54
108.49
108.38
108.38
108.49
108.49
108.49
108.6
108.6
108.71
108.81
108.81
108.81
108.71
108.81
108.92
108.92
109.03
108.92
109.03
108.92
108.81
108.81
108.71
108.81
108.81
108.92
108.92
109.03
108.92
108.92
108.92
108.81
108.7
108.6
108.6
108.7
108.6
108.7
108.81
108.92
108.92
110.01
108.91
108.91
108.91
108.91
98.02
98.02
97.922
97.922
98.02
97.922
97.824
97.726
97.824
97.824
97.824
97.922
97.824
97.922
97.824
97.922
98.019
98.019
98.019
98.117
98.019
98.117
98.117
98.215
98.117
98.215
98.215
98.117
98.019
98.117
98.117
98.215
98.117
98.019
97.921
97.823
97.823
97.823
97.725
97.627
97.725
97.725
97.725
97.823
97.725
97.823
97.823
97.823
97.92
98.018
98.116
98.215
98.116
98.116
98.018
98.018
98.018
98.998
98.008
98.008
98.008
97.91
88.119
88.119
88.031
88.031
88.119
88.207
88.296
88.207
88.207
88.207
88.295
88.295
88.207
88.207
88.295
88.207
88.119
88.031
88.031
88.119
88.031
87.943
87.855
87.855
87.855
87.767
87.767
87.679
87.591
87.591
87.591
87.504
87.416
87.504
87.591
87.504
87.504
87.416
87.329
87.329
87.329
87.329
87.329
87.329
87.416
87.329
87.241
87.241
86.369
87.233
87.233
87.233
87.145
95.86
95.956
95.86
95.956
95.956
95.86
95.764
95.764
95.668
95.764
95.668
95.572
95.477
95.477
95.381
95.381
95.286
95.286
95.286
95.191
95.095
95.19
95.19
95.19
95.19
95.19
95.19
95.286
95.381
95.381
95.381
95.286
95.381
95.381
95.285
95.285
95.285
95.381
95.285
95.381
95.285
95.285
95.19
95.19
95.095
95.19
95.285
95.38
95.285
95.285
95.38
95.285
95.38
95.285
95.285
95.19
95.19
95.285
95.38
95.475
95.475
95.571
95.666
95.666
96.623
95.657
95.657
95.657
95.561
86.005
86.005
85.919
86.005
86.005
85.919
85.833
85.747
85.662
85.662
85.662
85.576
85.576
85.49
85.405
85.405
85.405
85.319
85.319
85.405
85.319
85.405
85.319
85.405
85.49
85.404
85.319
85.404
85.319
85.234
85.234
84.381
85.225
85.225
85.225
85.31
93.841
93.748
93.748
93.748
93.748
93.654
93.747
93.841
93.841
93.841
93.841
93.935
94.029
93.935
93.935
93.935
93.841
93.747
93.841
93.841
93.935
93.841
93.841
93.841
93.935
94.029
94.123
94.123
94.217
94.311
94.217
94.311
94.311
94.311
94.311
94.311
94.405
94.405
94.405
94.405
94.5
94.5
94.405
94.405
94.405
94.499
94.499
94.499
94.499
94.594
94.689
94.783
94.688
94.783
94.783
94.688
94.594
94.594
94.688
94.594
94.499
94.499
94.405
94.31
94.216
94.122
94.122
94.216
94.121
94.216
94.216
94.216
94.31
94.216
94.216
94.121
94.215
94.121
94.215
94.31
94.215
94.309
94.215
94.121
94.215
94.215
94.215
94.215
94.215
94.215
94.309
94.309
94.215
94.215
94.121
94.121
94.027
93.933
93.839
93.932
93.839
93.745
93.651
93.651
93.745
93.651
93.745
93.838
93.932
94.026
94.026
94.12
94.12
94.12
94.12
94.026
93.932
93.838
93.744
93.65
93.557
93.65
93.557
93.463
93.557
93.557
93.65
93.744
93.65
93.744
93.744
93.744
93.837
93.931
93.931
94.025
94.119
94.213
94.119
94.213
94.119
94.025
94.025
94.119
94.213
94.119
94.119
94.213
94.119
94.025
94.119
94.119
94.119
94.213
94.307
94.213
94.307
94.307
94.307
94.307
94.401
94.496
94.59
94.496
94.496
94.496
94.496
94.59
94.685
94.685
94.685
93.738
94.675
94.675
94.675
94.77
104.25
104.14
104.14
104.14
104.14
104.04
103.93
103.93
103.83
103.83
103.83
103.73
103.73
103.83
103.73
103.73
103.73
103.62
103.73
103.83
103.83
103.83
103.93
103.93
103.83
103.93
103.83
103.73
103.62
103.73
103.62
103.73
103.62
103.62
103.73
103.83
103.83
103.83
103.93
104.04
104.14
104.04
104.14
104.14
104.25
104.14
104.25
104.25
104.14
104.14
104.25
104.25
104.35
104.25
104.35
104.24
104.24
104.14
104.14
104.04
104.14
104.14
104.14
104.04
103.93
103.83
103.93
104.04
104.04
104.04
103.93
103.93
104.04
103.93
104.04
103.93
104.04
103.93
103.93
103.83
103.83
103.83
103.83
103.72
103.62
103.62
103.72
103.83
103.83
103.72
103.62
103.52
103.41
103.52
103.41
103.31
103.31
103.41
103.31
103.21
103.21
103.31
103.31
103.31
103.41
103.31
103.41
103.52
103.41
103.41
103.52
103.62
103.52
103.52
103.41
103.31
103.31
103.41
103.31
103.31
103.31
104.34
103.3
103.3
103.3
103.4
93.061
93.061
92.968
92.968
92.968
92.968
92.968
92.875
92.968
93.061
92.968
92.875
92.875
92.875
92.875
92.968
93.061
92.968
92.968
92.038
92.959
92.959
92.959
93.052
102.36
102.25
102.15
102.15
102.05
101.95
101.85
101.74
101.85
101.85
101.74
101.85
101.95
101.95
101.95
101.95
101.95
102.05
102.05
101.95
101.85
101.85
101.85
101.95
101.95
101.95
101.95
102.05
102.05
102.15
102.05
102.15
102.05
101.95
101.95
102.05
102.05
102.05
102.15
102.05
102.05
102.15
102.25
102.15
102.15
103.17
102.14
102.14
102.14
102.14
91.927
91.927
91.927
91.835
91.835
91.927
92.019
92.111
92.018
92.111
92.018
92.11
92.11
92.11
92.018
92.018
92.018
92.018
92.018
92.11
92.018
91.926
91.834
91.834
91.834
91.742
91.651
91.651
91.742
91.742
91.742
91.651
91.651
91.559
91.467
91.559
91.467
91.376
91.284
91.284
91.193
91.284
91.376
91.284
91.376
91.284
91.375
91.375
91.375
91.375
91.284
91.375
91.467
91.375
91.284
91.193
91.284
91.375
91.375
91.375
91.284
91.375
91.375
91.284
91.375
91.284
91.192
91.101
91.101
91.101
91.01
91.01
91.101
91.101
91.101
91.192
91.192
91.283
91.192
91.101
91.192
91.192
91.192
91.283
91.192
91.192
91.101
91.01
91.101
91.101
91.101
91.009
91.1
91.1
91.009
90.918
91.009
90.918
90.918
90.918
90.918
91.009
91.009
91.009
91.1
91.191
91.282
91.282
91.374
91.465
91.374
91.374
91.374
91.465
91.465
91.465
91.374
91.465
91.373
91.465
91.556
91.465
91.556
91.556
91.556
90.641
91.547
91.547
91.547
91.639
100.8
100.8
100.8
100.8
100.7
100.6
100.7
100.6
100.7
100.7
100.7
100.7
100.8
100.7
100.7
100.8
100.9
101
101
101.1
101
101
100.9
100.8
100.9
101
100.9
101
100.9
100.9
100.9
101
100.9
101
101.1
101.21
101.21
101.31
101.31
101.41
101.31
101.21
101.21
101.21
102.22
101.19
101.19
101.19
101.3
91.167
91.258
91.166
91.166
91.166
91.258
91.258
91.258
91.349
91.258
91.166
91.257
91.257
91.257
91.257
91.349
91.257
91.349
91.257
91.348
91.257
91.348
91.44
91.44
91.531
91.531
91.531
92.446
91.522
91.522
91.522
91.431
82.287
82.287
82.37
82.452
82.452
82.535
82.452
82.452
82.534
82.452
82.37
82.287
82.287
82.369
82.369
82.369
82.369
82.287
82.205
82.287
82.369
82.452
82.452
82.452
82.369
82.287
82.205
82.205
82.122
82.04
81.958
81.958
82.778
81.95
81.95
81.95
81.95
73.755
73.681
73.608
73.608
73.681
73.607
73.534
73.534
73.607
73.534
73.607
73.534
73.607
73.681
73.607
73.681
73.607
73.533
73.607
73.533
73.533
74.269
73.526
73.526
73.526
73.526
66.173
66.24
66.306
66.24
66.306
66.372
66.306
66.239
66.239
66.306
66.306
66.372
66.438
66.372
66.306
66.372
66.305
66.239
66.173
66.107
66.173
66.239
66.239
66.305
66.305
66.305
65.642
66.299
66.299
66.299
66.299
72.928
72.928
73.001
72.928
72.855
72.783
72.783
72.855
72.783
72.71
72.637
72.637
72.637
72.71
72.71
72.637
72.71
72.71
72.637
72.564
72.492
72.564
72.564
72.637
72.637
72.564
72.564
72.637
72.709
72.782
72.709
72.709
71.982
72.702
72.702
72.702
72.775
80.052
79.972
79.892
79.812
79.812
79.812
79.812
79.892
79.892
79.972
80.052
80.132
80.212
80.212
80.292
80.212
80.292
80.292
80.292
79.489
80.284
80.284
80.284
80.204
88.224
88.313
88.313
88.224
88.224
88.224
88.224
88.136
88.048
88.136
88.224
88.312
88.401
88.489
88.401
88.401
88.489
88.489
88.489
88.489
88.4
88.4
88.312
88.4
88.489
88.489
88.4
88.4
88.4
88.312
88.224
88.135
88.047
87.959
87.871
87.959
88.047
87.959
88.047
87.959
87.959
87.959
87.959
87.959
87.959
87.959
87.871
87.783
87.783
87.783
88.661
87.774
87.774
87.774
87.774
78.997
78.918
78.997
78.997
78.997
79.076
79.155
79.076
79.076
79.076
78.997
78.997
78.918
78.997
78.997
78.918
78.839
78.839
78.917
78.839
78.917
78.996
78.996
78.917
78.917
78.917
78.838
78.917
78.917
78.996
78.917
78.917
78.838
78.838
78.917
78.917
78.996
78.996
78.917
78.838
78.917
78.838
78.838
78.838
78.838
78.759
78.68
78.759
78.838
78.917
78.917
78.838
78.917
78.995
78.916
78.838
78.916
78.916
78.995
79.074
79.074
79.153
79.074
79.153
79.153
79.232
79.312
79.391
79.47
79.55
79.629
79.709
79.789
79.709
79.629
79.709
79.629
79.709
79.629
79.629
79.629
79.549
79.549
79.47
79.39
79.39
80.184
79.383
79.383
79.383
79.303
71.373
71.444
71.373
71.444
71.373
71.301
71.23
71.23
71.301
71.373
71.301
71.23
71.301
71.23
71.159
71.23
71.23
71.158
71.087
71.016
71.016
70.945
70.945
71.016
71.087
71.016
71.087
71.016
70.945
71.016
70.945
70.874
70.874
70.945
70.945
71.016
71.087
71.087
71.158
71.229
71.229
71.158
71.087
71.016
71.016
70.945
71.016
71.016
71.087
71.087
71.015
71.015
71.086
71.158
71.086
71.157
71.086
71.086
71.015
71.015
71.015
70.944
70.873
70.944
71.015
70.944
70.944
70.873
70.944
70.944
71.015
71.015
71.086
71.157
71.157
71.228
71.299
71.228
71.299
71.371
71.442
71.371
71.299
71.228
71.299
71.228
71.157
71.157
71.228
71.228
71.228
71.299
71.37
71.442
71.513
71.585
71.585
71.656
71.585
71.585
71.513
71.513
70.798
71.506
71.506
71.506
71.506
78.656
78.656
78.656
78.656
78.735
78.656
78.735
78.814
78.893
78.814
78.892
78.892
78.971
78.892
78.892
78.892
78.892
79.681
78.885
78.885
78.885
78.963
71.067
71.138
71.209
71.28
71.209
71.28
71.352
71.423
71.423
71.352
71.352
71.28
71.209
71.209
71.138
71.209
71.28
71.209
71.28
71.351
71.28
71.28
71.351
71.28
71.209
71.137
71.137
71.066
71.066
71.137
71.066
70.995
70.995
70.995
71.705
70.988
70.988
70.988
71.059
63.953
63.889
63.889
63.889
63.825
63.761
63.761
63.698
63.698
63.634
63.57
63.634
63.634
63.698
63.761
63.761
63.697
63.697
63.697
63.761
63.825
63.825
63.761
63.761
63.697
63.697
63.634
63.57
63.57
63.57
63.506
63.506
63.57
63.506
63.443
63.506
63.443
63.506
63.443
63.379
63.379
63.316
63.316
63.316
63.379
63.316
63.316
63.253
63.316
63.316
62.683
63.309
63.309
63.309
63.309
69.64
69.571
69.501
69.432
69.432
69.501
69.501
69.501
69.571
69.64
69.71
69.71
69.71
69.78
69.78
69.78
70.477
69.773
69.773
69.773
69.773
62.795
62.795
62.733
62.795
62.795
62.858
62.858
62.795
62.858
62.858
62.921
62.984
63.047
62.984
63.047
62.984
62.921
62.984
62.984
62.984
62.984
62.984
62.921
62.921
62.858
62.795
62.795
62.858
62.795
62.732
62.669
62.607
62.669
62.732
62.669
62.669
62.732
62.795
62.795
62.795
62.732
62.669
62.732
62.732
62.669
62.732
62.732
62.794
62.857
62.92
62.983
62.983
63.046
63.046
63.046
63.046
63.046
63.046
62.983
63.046
63.109
63.046
63.109
63.109
63.109
63.109
63.046
63.109
63.109
62.478
63.102
63.102
63.102
63.039
69.343
69.274
69.205
69.205
69.205
69.274
69.274
69.274
69.274
69.343
69.343
69.412
69.343
69.274
69.204
69.274
69.204
69.204
69.204
69.204
69.274
69.274
69.204
69.135
69.204
69.135
69.066
68.997
68.928
68.997
68.928
68.997
68.997
69.066
69.135
69.066
69.066
69.066
68.997
68.928
68.996
68.996
69.065
69.135
69.065
68.996
68.996
68.996
68.306
68.989
68.989
68.989
68.92
75.813
75.737
75.661
75.737
75.661
75.661
75.661
75.737
75.737
75.737
75.737
75.661
75.661
75.585
75.585
75.51
75.51
75.585
75.661
75.736
75.812
75.736
75.661
75.585
75.585
75.509
75.585
75.509
75.509
75.509
75.434
75.509
75.509
75.585
75.509
75.509
75.509
75.585
75.66
75.736
75.66
75.66
75.736
75.811
75.887
75.963
75.887
75.963
76.039
76.115
76.039
76.115
76.191
76.191
76.115
76.191
76.191
76.115
76.191
76.267
76.343
76.343
76.42
76.42
76.496
76.496
76.496
76.573
76.496
76.573
76.649
76.726
76.803
76.726
76.802
76.879
76.879
76.956
76.879
76.802
76.802
76.726
76.726
76.726
76.802
76.802
76.879
76.802
76.879
76.956
77.033
77.033
77.033
77.11
77.033
77.11
77.187
77.11
77.187
77.11
77.032
77.032
76.955
77.032
77.032
77.032
77.109
77.109
77.109
77.109
77.032
76.955
77.032
77.109
77.109
77.032
77.032
77.109
77.032
77.032
76.955
76.955
77.032
77.032
77.109
77.109
77.032
77.032
77.109
77.109
77.186
77.186
77.186
77.186
77.109
77.109
77.032
77.109
77.109
77.032
77.109
77.109
77.186
77.263
77.263
77.186
77.186
77.186
77.186
77.109
77.186
77.186
77.186
77.109
77.031
77.108
77.031
77.031
76.261
77.024
77.024
77.024
76.947
84.641
84.726
84.641
84.557
84.557
84.557
84.641
84.726
84.641
84.556
84.641
84.641
84.556
84.472
84.387
84.472
84.472
84.472
84.387
84.472
84.387
84.387
84.387
84.387
84.303
84.303
83.46
84.294
84.294
84.294
84.294
92.724
92.724
92.816
92.724
92.816
92.909
92.816
92.909
92.816
92.723
92.816
92.816
92.909
92.909
92.909
92.816
92.816
92.909
93.002
93.002
93.095
93.188
93.095
93.095
93.002
92.909
93.001
93.001
93.001
93.001
93.001
93.001
92.908
92.816
92.723
92.723
92.63
92.537
92.63
92.722
92.815
92.722
92.63
92.537
92.537
93.462
92.528
92.528
92.528
92.528
83.275
83.358
83.358
83.442
83.358
83.442
83.525
83.441
83.358
83.275
83.275
83.191
83.108
83.108
83.025
83.025
83.108
83.191
83.274
83.191
83.191
84.023
83.183
83.183
83.183
83.183
74.865
74.79
74.864
74.79
74.864
74.939
75.014
74.939
74.939
74.864
74.789
74.789
74.715
74.64
74.565
74.64
74.64
74.565
74.64
74.714
74.789
74.714
74.714
74.789
74.864
74.789
74.714
74.789
74.714
74.714
74.789
74.864
74.864
74.938
74.938
74.938
74.864
74.789
74.789
74.863
74.938
74.938
74.938
75.013
75.088
75.013
75.088
75.088
75.163
75.163
75.238
75.163
75.238
75.238
75.314
75.314
75.314
75.389
75.314
75.314
75.389
75.389
75.389
75.464
75.54
75.464
75.389
75.464
75.54
75.615
75.615
75.539
75.615
75.539
75.539
75.464
75.539
75.615
75.69
75.69
75.615
75.615
75.539
75.615
75.69
75.615
75.539
75.463
75.463
75.463
75.463
75.539
75.463
75.463
75.463
75.463
75.463
75.463
75.463
75.463
76.218
75.456
75.456
75.456
75.531
67.978
68.046
67.978
67.91
67.842
67.91
67.91
67.842
67.91
67.91
67.978
67.91
67.91
67.842
67.774
67.774
68.452
67.767
67.767
67.767
67.767
60.991
61.052
60.991
60.93
60.93
60.869
60.869
60.808
60.808
60.747
60.747
60.808
60.808
60.869
60.808
60.868
60.808
60.808
60.747
60.747
60.747
60.747
60.686
60.686
60.686
60.747
60.686
60.686
60.747
60.807
60.807
60.868
60.929
60.99
60.99
60.99
61.051
61.051
60.99
60.929
60.929
60.99
61.051
60.99
61.051
61.051
61.051
61.051
61.051
60.99
61.051
60.99
60.99
60.929
60.99
60.929
60.99
61.051
61.051
61.051
61.051
61.112
61.051
61.051
61.051
60.989
60.929
60.868
60.868
60.807
60.868
60.807
60.867
60.928
60.989
60.989
60.928
60.989
60.989
60.928
60.989
60.989
60.989
61.05
61.05
60.989
60.928
60.989
60.928
60.928
60.928
60.928
60.928
60.928
60.867
60.928
60.867
60.867
60.867
60.806
60.806
60.867
60.867
60.806
60.806
60.806
60.745
60.685
60.685
60.624
60.563
60.624
60.624
61.23
60.618
60.618
60.618
60.678
54.611
54.665
54.61
54.61
54.61
54.665
54.72
54.774
54.774
54.774
54.72
54.72
54.72
54.665
54.61
54.665
54.72
54.774
54.829
54.774
54.774
55.322
54.769
54.769
54.769
54.714
49.243
49.193
49.243
49.243
49.292
49.242
49.292
49.292
49.341
49.341
49.292
49.242
49.292
49.242
49.292
49.292
49.242
49.193
49.193
49.193
49.144
49.144
49.095
49.046
49.046
48.997
49.046
49.046
49.046
49.095
49.095
49.586
49.09
49.09
49.09
49.09
44.181
44.181
44.137
44.137
44.092
44.048
44.048
44.004
44.048
44.048
44.004
43.96
44.004
44.004
44.048
44.004
44.004
44.048
44.092
44.136
44.18
44.136
44.136
44.18
44.225
44.269
44.313
44.357
44.402
44.446
44.446
44.446
44.446
44.491
44.491
44.491
44.491
44.535
44.58
44.58
44.624
44.58
44.535
44.58
44.535
44.579
44.579
44.624
44.624
44.669
44.713
44.758
44.713
44.669
44.624
44.579
44.535
44.579
44.535
44.535
44.49
44.446
44.446
44.401
44.357
44.357
44.401
44.401
44.401
44.357
44.312
44.312
44.312
44.312
44.357
44.401
44.401
44.357
44.401
44.445
44.401
44.357
44.312
44.357
44.312
44.312
44.312
44.312
44.312
44.312
44.312
44.356
44.401
44.401
44.401
44.356
44.356
44.356
44.8
44.352
44.352
44.352
44.352
39.917
39.877
39.837
39.877
39.917
39.877
39.917
39.877
39.877
39.837
39.837
39.837
39.837
39.797
39.837
39.837
39.877
39.917
39.956
39.956
39.917
39.917
39.917
39.877
39.877
39.916
39.877
39.877
39.478
39.873
39.873
39.873
39.912
43.904
43.904
43.904
43.904
43.86
43.816
43.816
43.772
43.816
43.772
43.772
43.772
43.816
43.772
43.728
43.685
43.728
43.728
43.772
43.816
43.86
43.903
43.947
43.991
44.035
43.991
43.947
43.947
43.991
43.991
44.035
44.079
44.123
44.167
44.212
44.256
44.212
44.212
44.167
44.167
44.123
44.079
44.035
44.035
43.991
43.947
43.991
43.947
43.947
43.903
43.903
44.342
43.899
43.899
43.899
43.942
39.548
39.588
39.627
39.588
39.548
39.509
39.509
39.509
39.469
39.509
39.509
39.469
39.469
39.469
39.469
39.469
39.43
39.43
39.469
39.508
39.548
39.548
39.587
39.548
39.548
39.508
39.548
39.508
39.508
39.508
39.548
39.508
39.469
39.508
39.508
39.548
39.587
39.587
39.627
39.587
39.548
39.508
39.548
39.548
39.587
39.587
39.627
39.666
39.666
39.666
39.666
39.627
39.627
39.627
39.666
39.666
39.666
39.627
39.587
39.547
39.547
39.547
39.943
39.544
39.544
39.544
39.504
35.554
35.518
35.554
35.518
35.554
35.554
35.589
35.625
35.66
35.696
35.66
35.625
35.589
35.553
35.518
35.518
35.518
35.482
35.447
35.447
35.411
35.376
35.376
35.341
35.376
35.341
35.341
35.341
35.305
35.27
35.305
35.34
35.34
35.376
35.34
35.376
35.34
35.34
35.305
35.27
35.234
35.27
35.234
35.27
35.234
35.199
35.199
35.234
35.199
35.164
35.129
35.129
35.094
35.094
35.129
35.094
35.094
34.743
35.09
35.09
35.09
35.09
38.599
38.561
38.561
38.599
38.56
38.522
38.56
38.522
38.56
38.56
38.56
38.599
38.599
38.56
38.599
38.599
38.599
38.599
38.599
38.56
38.56
38.599
38.56
38.56
38.522
38.522
38.483
38.483
38.483
38.445
38.406
38.368
38.368
38.329
38.329
38.291
38.253
38.291
38.329
38.291
38.253
38.253
38.253
38.291
38.291
38.291
38.291
38.291
38.329
38.329
38.368
38.406
38.444
38.483
38.521
38.56
38.521
38.483
38.444
38.444
38.483
38.444
38.483
38.483
38.444
38.444
38.444
38.406
38.367
38.406
38.367
38.367
38.367
38.367
38.367
38.406
38.367
38.367
38.367
38.329
38.291
38.291
38.329
38.329
38.291
38.329
38.329
38.367
38.367
38.406
38.367
38.406
38.367
38.406
38.367
38.405
38.367
38.329
38.29
38.252
38.29
38.252
38.252
38.29
38.29
38.329
38.329
38.329
38.29
38.329
38.29
38.252
38.29
38.328
38.367
38.367
38.328
38.328
38.328
38.328
38.328
38.367
38.367
38.367
38.75
38.363
38.363
38.363
38.401
34.561
34.596
34.596
34.596
34.63
34.596
34.63
34.596
34.561
34.526
34.561
34.596
34.596
34.561
34.561
34.561
34.526
34.526
34.561
34.526
34.526
34.492
34.526
34.526
34.492
34.457
34.492
34.457
34.457
34.457
34.492
34.526
34.492
34.492
34.457
34.423
34.388
34.388
34.388
34.354
34.354
34.32
34.32
34.32
34.354
34.388
34.423
34.388
34.388
34.732
34.385
34.385
34.385
34.385
30.946
30.915
30.915
30.884
30.915
30.946
30.977
31.008
31.008
30.977
31.008
31.039
31.039
31.008
30.977
31.008
30.977
30.977
30.977
30.946
30.977
30.946
30.946
30.915
30.884
30.853
30.853
30.884
30.915
30.915
31.224
30.912
30.912
30.912
30.881
27.793
27.765
27.765
27.765
27.737
27.765
27.765
27.765
27.793
27.821
27.793
27.821
27.793
27.793
27.765
27.793
27.793
27.765
27.793
27.793
27.793
27.765
27.737
27.737
27.737
27.765
27.765
27.737
27.737
27.709
27.737
27.737
27.709
27.682
27.709
27.682
27.709
27.737
27.765
27.737
27.765
27.737
27.709
27.682
27.654
27.682
27.654
27.626
27.599
27.626
27.654
27.654
27.377
27.651
27.651
27.651
27.623
30.386
30.416
30.447
30.477
30.477
30.447
30.447
30.447
30.447
30.477
30.507
30.538
30.507
30.538
30.507
30.477
30.477
30.477
30.446
30.446
30.416
30.416
30.72
30.413
30.413
30.413
30.383
27.344
27.344
27.344
27.372
27.344
27.372
27.372
27.372
27.344
27.372
27.344
27.317
27.344
27.371
27.344
27.371
27.371
27.399
27.371
27.371
27.399
27.426
27.454
27.454
27.481
27.481
27.509
27.536
27.536
27.509
27.481
27.481
27.206
27.478
27.478
27.478
27.478
30.226
30.256
30.226
30.196
30.166
30.135
30.135
30.135
30.105
30.135
30.166
30.196
30.166
30.196
30.196
30.196
30.196
30.196
30.196
30.166
30.135
30.105
30.135
30.165
30.196
30.196
30.165
30.135
30.105
30.105
29.804
30.102
30.102
30.102
30.132
33.145
33.179
33.179
33.145
33.179
33.179
33.145
33.145
33.179
33.212
33.212
33.212
33.179
33.212
33.212
33.212
33.212
33.178
33.178
33.178
33.178
33.145
33.112
33.145
33.112
33.079
33.112
33.145
33.112
33.145
33.145
33.112
33.079
33.079
33.112
33.079
33.112
33.145
33.112
33.145
33.112
33.145
33.145
33.112
33.079
33.079
33.112
33.145
33.178
33.178
33.145
33.178
33.211
33.244
33.211
33.178
33.145
33.178
33.178
33.178
33.178
33.178
33.211
33.211
33.211
33.211
33.211
33.211
33.244
33.278
33.244
33.278
33.311
33.278
33.278
33.311
33.277
33.244
33.211
33.211
33.178
33.178
33.211
33.178
33.211
33.244
33.277
33.311
33.344
33.344
33.344
33.377
33.344
33.344
33.344
33.311
33.277
33.277
33.311
33.311
33.277
33.31
33.31
33.277
33.244
33.277
33.277
33.277
33.31
33.31
33.277
33.277
33.31
33.31
33.31
33.344
33.344
33.31
33.344
33.377
33.41
33.377
33.344
33.377
33.377
33.377
33.344
33.344
33.677
33.34
33.34
33.34
33.374
30.036
30.066
30.066
30.096
30.126
30.126
30.157
30.157
30.126
30.157
30.126
30.096
30.066
30.096
30.066
30.036
30.036
30.006
30.006
29.706
30.003
30.003
30.003
30.033
33.036
33.003
33.003
32.97
32.97
32.97
32.937
32.97
32.937
32.97
32.937
32.904
32.871
32.904
32.937
32.937
32.937
32.97
32.97
33.003
33.003
33.003
33.036
33.003
33.003
33.036
33.069
33.069
33.069
33.4
33.066
33.066
33.066
33.033
29.729
29.7
29.729
29.7
29.729
29.729
29.729
29.759
29.759
29.759
29.759
29.789
29.759
29.759
29.759
29.759
29.759
29.729
29.7
29.67
29.67
29.67
29.67
29.7
29.7
29.729
29.729
29.7
29.729
29.759
29.759
29.759
29.729
29.699
29.699
29.67
29.67
29.64
29.67
29.67
29.699
29.67
29.64
29.61
29.581
29.61
29.61
29.61
29.61
29.314
29.607
29.607
29.607
29.578
32.536
32.568
32.568
32.568
32.601
32.568
32.601
32.568
32.601
32.601
32.568
32.568
32.568
32.535
32.568
32.535
32.535
32.535
32.535
32.503
32.503
32.503
32.535
32.568
32.535
32.568
32.568
32.894
32.565
32.565
32.565
32.532
29.279
29.279
29.308
29.337
29.337
29.308
29.308
29.308
29.308
29.308
29.337
29.367
29.337
29.367
29.396
29.425
29.396
29.425
29.455
29.484
29.514
29.543
29.573
29.573
29.543
29.543
29.514
29.514
29.484
29.514
29.484
29.455
29.484
29.514
29.484
29.455
29.484
29.455
29.455
29.425
29.396
29.396
29.425
29.396
29.366
29.396
29.366
29.366
29.337
29.366
29.366
29.66
29.363
29.363
29.363
29.393
26.453
26.427
26.427
26.453
26.453
26.427
26.401
26.374
26.401
26.374
26.4
26.4
26.4
26.374
26.4
26.374
26.374
26.374
26.374
26.4
26.4
26.374
26.4
26.4
26.4
26.427
26.453
26.48
26.506
26.533
26.559
26.586
26.586
26.612
26.612
26.612
26.586
26.586
26.586
26.612
26.639
26.639
26.612
26.586
26.612
26.612
26.586
26.586
26.586
26.612
26.586
26.559
26.586
26.586
26.612
26.612
26.639
26.639
26.665
26.665
26.665
26.692
26.692
26.719
26.719
26.986
26.716
26.716
26.716
26.689
24.02
24.02
24.044
24.044
24.044
24.069
24.044
24.069
24.093
24.093
24.068
24.068
24.068
24.068
24.044
24.068
24.093
24.068
24.068
24.068
24.044
24.068
24.044
24.02
24.02
24.044
24.02
24.02
24.02
24.02
23.78
24.018
24.018
24.018
23.994
26.393
26.393
26.367
26.393
26.393
26.42
26.446
26.446
26.446
26.446
26.446
26.42
26.393
26.42
26.393
26.42
26.446
26.446
26.419
26.446
26.446
26.446
26.71
26.443
26.443
26.443
26.417
23.775
23.775
23.751
23.728
23.751
23.751
23.728
23.751
23.775
23.799
23.775
23.775
23.775
23.799
23.775
23.775
23.751
23.751
23.775
23.751
23.775
23.751
23.727
23.727
23.727
23.727
23.704
23.68
23.68
23.68
23.704
23.727
23.704
23.727
23.704
23.727
23.704
23.704
23.68
23.656
23.656
23.633
23.633
23.609
23.585
23.609
23.585
23.609
23.609
23.609
23.633
23.633
23.633
23.609
23.632
23.632
23.632
23.632
23.632
23.609
23.609
23.609
23.609
23.632
23.656
23.656
23.632
23.609
23.609
23.585
23.562
23.538
23.515
23.538
23.562
23.538
23.562
23.585
23.585
23.562
23.585
23.562
23.538
23.538
23.303
23.536
23.536
23.536
23.536
25.889
25.915
25.889
25.863
25.863
25.863
25.837
25.812
25.812
25.812
25.837
25.863
25.837
25.811
25.837
25.811
25.837
25.811
25.786
25.786
25.528
25.783
25.783
25.783
25.757
28.333
28.305
28.305
28.305
28.333
28.305
28.276
28.248
28.248
28.248
28.248
28.248
28.248
28.248
28.22
28.248
28.22
28.248
28.276
28.276
28.248
28.22
28.248
28.248
28.276
28.276
28.304
28.304
28.276
28.248
28.276
28.304
28.304
28.333
28.333
28.361
28.333
28.361
28.361
28.333
28.361
28.333
28.333
28.304
28.304
28.304
28.333
28.304
28.276
28.248
28.219
28.248
28.248
28.276
28.248
28.276
28.276
28.276
27.993
28.273
28.273
28.273
28.273
31.1
31.1
31.069
31.1
31.069
31.1
31.069
31.069
31.038
31.038
31.069
31.1
31.069
31.069
31.1
31.131
31.1
31.1
30.789
31.097
31.097
31.097
31.097
34.207
34.173
34.138
34.138
34.104
34.104
34.07
34.07
34.07
34.036
34.07
34.036
34.036
34.002
34.002
34.002
33.968
34.002
33.968
34.002
33.968
33.934
33.968
34.002
34.002
33.968
33.968
33.934
33.968
34.002
33.968
33.934
33.934
33.934
33.934
33.9
33.934
33.9
33.9
33.561
33.896
33.896
33.896
33.896
37.286
37.286
37.249
37.212
37.212
37.249
37.212
37.249
37.286
37.323
37.323
37.323
37.361
37.323
37.286
37.286
36.913
37.282
37.282
37.282
37.282
41.01
41.01
41.051
41.092
41.092
41.134
41.175
41.216
41.257
41.216
41.175
41.216
41.175
41.216
41.216
41.216
41.175
41.175
41.216
41.257
41.216
41.174
41.216
41.174
41.174
41.174
41.174
41.133
41.092
41.051
41.051
41.092
41.051
41.092
41.051
41.01
41.051
41.092
41.051
41.01
40.969
41.01
40.969
41.01
40.969
40.928
40.928
40.928
40.969
40.928
40.928
40.969
41.01
41.051
41.01
40.969
41.009
41.051
41.051
41.051
41.092
41.092
41.092
41.133
41.092
41.05
41.05
41.091
41.05
41.009
41.009
41.009
41.009
41.009
41.419
41.005
41.005
41.005
40.964
36.868
36.831
36.868
36.905
36.905
36.905
36.868
36.831
36.794
36.757
36.72
36.72
36.684
36.72
36.684
36.684
36.684
36.72
36.684
36.72
36.684
36.684
36.72
36.757
36.757
36.757
36.794
36.757
36.72
36.684
36.647
36.61
36.574
36.537
36.537
36.537
36.5
36.537
36.5
36.5
36.5
36.464
36.464
36.5
36.5
36.537
36.5
36.5
36.464
36.427
36.391
36.427
36.427
36.391
36.427
36.391
36.427
36.391
36.391
36.391
36.391
36.427
36.464
36.464
36.464
36.099
36.46
36.46
36.46
36.424
40.066
40.026
39.986
40.026
40.026
40.066
40.026
39.986
40.026
40.026
40.026
40.026
39.986
39.946
39.906
39.946
39.986
39.946
39.946
39.946
39.946
39.906
39.946
39.986
39.946
39.986
39.946
39.946
39.946
39.946
39.985
39.985
39.946
39.906
39.866
39.866
39.906
39.906
39.906
39.866
39.826
39.786
39.786
39.786
39.826
39.866
39.866
39.866
39.866
39.826
39.826
40.224
39.822
39.822
39.822
39.862
35.875
35.839
35.875
35.875
35.839
35.804
35.839
35.875
35.839
35.839
35.804
35.768
35.768
35.732
35.768
35.768
35.732
35.696
35.696
35.732
35.768
35.768
35.732
35.768
35.732
35.768
35.768
36.125
35.764
35.764
35.764
35.8
32.22
32.22
32.188
32.155
32.188
32.22
32.187
32.155
32.187
32.155
32.187
32.155
32.123
32.123
32.155
32.155
32.123
32.155
32.155
32.187
32.187
32.187
32.155
32.155
32.123
32.123
32.091
32.091
32.123
32.155
32.155
32.155
32.477
32.152
32.152
32.152
32.12
28.908
28.879
28.85
28.879
28.879
28.879
28.908
28.937
28.966
28.994
29.023
29.053
29.082
29.052
29.052
29.023
29.023
28.994
29.023
29.023
29.023
28.994
28.994
29.023
29.052
29.081
29.052
29.081
29.052
29.081
29.11
29.14
29.14
28.848
29.137
29.137
29.137
29.166
32.082
32.05
32.05
32.082
32.114
32.082
32.05
32.018
31.986
31.954
31.922
31.89
31.89
31.858
31.827
31.795
31.795
31.763
31.763
31.763
31.795
31.826
31.826
31.508
31.823
31.823
31.823
31.855
35.041
35.076
35.041
35.076
35.111
35.111
35.076
35.041
35.076
35.076
35.041
35.076
35.076
35.04
35.005
35.005
35.355
35.002
35.002
35.002
35.037
31.533
31.533
31.533
31.565
31.565
31.596
31.628
31.628
31.628
31.628
31.628
31.628
31.66
31.628
31.596
31.596
31.565
31.596
31.565
31.565
31.565
31.596
31.628
31.628
31.596
31.565
31.596
31.628
31.596
31.565
31.565
31.596
31.628
31.628
31.311
31.625
31.625
31.625
31.625
34.787
34.787
34.822
34.787
34.822
34.857
34.857
34.857
34.822
34.822
34.787
34.752
34.787
34.752
34.752
34.717
34.717
34.683
34.683
34.717
34.683
34.683
34.717
34.683
34.717
34.682
34.648
34.682
34.648
34.613
34.613
34.648
34.682
34.717
34.752
34.787
34.821
34.821
34.856
34.856
34.856
34.856
34.891
34.856
34.821
34.821
34.786
34.821
34.821
34.786
34.752
34.752
34.786
34.821
34.856
34.821
34.856
34.856
34.856
34.856
34.891
34.891
34.926
34.926
34.961
34.926
34.926
34.926
34.891
34.856
34.821
34.856
34.891
34.926
34.96
34.925
34.96
34.995
34.96
34.96
34.925
34.925
34.925
34.576
34.922
34.922
34.922
34.922
38.414
38.453
38.414
38.414
38.376
38.337
38.299
38.337
38.337
38.337
38.376
38.376
38.414
38.452
38.491
38.491
38.529
38.491
38.452
38.491
38.491
38.491
38.491
38.452
38.414
38.414
38.452
38.491
38.491
38.491
38.452
38.491
38.491
38.452
38.491
38.452
38.452
38.491
38.452
38.414
38.452
38.49
38.49
38.529
38.529
38.914
38.525
38.525
38.525
38.564
34.707
34.707
34.673
34.707
34.742
34.742
34.742
34.707
34.742
34.707
34.742
34.777
34.811
34.811
34.811
34.846
34.846
34.811
34.846
34.881
34.916
34.951
34.916
34.881
34.881
34.881
34.846
34.881
34.881
34.916
34.951
34.986
35.021
35.021
35.021
35.021
35.021
34.67
35.017
35.017
35.017
35.017
38.519
38.48
38.48
38.48
38.442
38.442
38.403
38.403
38.365
38.327
38.327
38.288
38.288
38.327
38.327
38.327
38.288
38.327
38.288
38.25
38.288
38.288
38.25
38.25
38.288
38.326
38.326
38.288
38.25
38.288
38.326
38.326
38.326
38.326
38.288
38.288
38.25
38.288
38.288
38.288
38.326
38.288
38.326
38.326
38.326
38.365
38.365
38.326
38.365
38.403
38.403
38.441
38.441
38.057
38.437
38.437
38.437
38.399
42.239
42.239
42.281
42.239
42.239
42.281
42.239
42.239
42.197
42.154
42.197
42.197
42.197
42.197
42.154
42.112
42.112
42.112
42.112
42.07
42.07
42.07
42.112
42.154
42.112
42.112
42.07
42.07
42.07
42.028
42.07
42.112
42.154
42.154
42.154
41.733
42.15
42.15
42.15
42.192
46.411
46.458
46.504
46.551
46.597
46.597
46.551
46.551
46.597
46.597
46.644
46.644
46.644
46.69
46.644
46.69
46.69
46.737
46.784
46.784
46.737
46.69
46.737
46.69
46.69
46.737
46.69
46.69
46.69
46.644
46.644
46.644
46.597
46.55
46.504
46.457
46.504
46.55
46.597
46.643
46.69
46.643
46.69
46.69
46.737
46.737
46.69
46.737
46.737
46.69
46.69
46.737
46.737
46.783
46.736
46.69
46.736
46.736
46.69
46.736
46.783
46.83
46.783
46.83
46.877
46.924
46.924
46.877
46.83
46.783
46.736
46.783
46.83
46.83
47.298
46.825
46.825
46.825
46.825
42.142
42.1
42.142
42.142
42.142
42.185
42.227
42.185
42.142
42.142
42.185
42.227
42.184
42.184
42.227
42.227
42.184
42.227
42.269
42.227
42.184
42.142
42.184
42.142
42.142
41.721
42.138
42.138
42.138
42.096
46.305
46.259
46.305
46.305
46.352
46.352
46.305
46.352
46.352
46.305
46.305
46.259
46.213
46.259
46.259
46.213
46.166
46.166
46.213
46.259
46.212
46.212
46.259
46.259
46.259
46.259
46.305
46.259
46.305
46.351
46.351
46.305
46.259
46.259
46.259
46.259
46.212
46.212
46.166
46.166
45.704
46.161
46.161
46.161
46.161
50.778
50.778
50.778
50.727
50.727
50.676
50.676
50.727
50.778
50.828
50.828
50.777
50.777
50.777
50.828
50.879
50.93
50.879
50.828
50.777
50.828
50.828
50.828
50.879
50.93
50.93
50.93
50.981
50.93
50.879
50.93
50.981
51.032
51.032
51.032
51.083
51.134
51.185
51.185
51.185
51.236
51.185
51.185
51.185
51.134
51.082
51.134
51.134
51.082
51.031
50.98
50.98
50.471
50.975
50.975
50.975
51.026
56.129
56.073
56.073
56.017
56.073
56.073
56.129
56.129
56.073
56.129
56.129
56.185
56.129
56.185
56.241
56.297
56.241
56.241
56.185
56.241
56.185
56.185
56.128
56.185
56.128
56.072
56.128
56.128
56.128
56.128
56.184
56.184
56.128
56.128
56.128
56.128
56.072
56.016
55.96
56.016
55.96
55.904
55.96
55.904
55.904
55.96
55.96
55.904
55.848
55.904
55.904
55.96
56.016
56.072
56.016
56.072
56.072
56.128
56.072
56.128
56.184
56.24
56.184
56.128
56.071
56.015
56.071
56.071
56.015
56.015
56.071
56.015
55.959
56.015
55.959
56.015
56.071
56.071
56.071
56.127
56.071
56.071
56.071
56.632
56.065
56.065
56.065
56.122
50.509
50.509
50.459
50.459
50.408
50.459
50.459
50.459
50.509
50.459
50.408
50.408
50.459
50.408
50.358
50.358
50.307
50.307
50.257
50.207
50.257
50.207
50.257
50.207
50.207
50.257
50.257
50.257
50.207
50.157
50.157
50.207
50.157
50.157
50.157
50.157
49.655
50.152
50.152
50.152
50.152
55.167
55.111
55.056
55.056
55.056
55.056
55.001
54.946
55.001
54.946
54.891
54.946
54.946
54.946
54.946
54.946
54.946
54.946
54.891
54.891
54.946
54.891
54.946
54.891
54.946
54.946
54.891
54.946
54.946
54.946
55.001
54.946
55.001
54.946
55.001
55.056
55.056
55.111
55.056
55.056
55.056
54.505
55.05
55.05
55.05
54.995
60.495
60.495
60.495
60.555
60.616
60.676
60.737
60.737
60.798
60.737
60.798
60.737
60.798
60.858
60.919
60.98
61.041
60.98
60.919
60.919
60.858
60.919
60.98
60.919
60.98
60.919
60.98
61.041
60.98
61.041
60.98
60.98
60.37
60.974
60.974
60.974
60.913
67.004
67.071
67.138
67.205
67.138
67.205
67.138
67.071
67.004
67.071
67.004
67.071
67.071
67.138
67.205
67.138
67.205
67.205
67.138
67.205
67.138
67.138
67.07
67.138
67.205
67.205
67.272
67.339
67.272
67.339
67.272
67.339
67.272
67.204
67.272
67.204
67.137
67.07
67.003
66.936
66.869
66.936
67.003
66.936
66.869
66.802
66.802
66.134
66.795
66.795
66.795
66.728
73.401
73.401
73.401
73.475
73.401
73.401
73.401
73.328
73.401
73.401
73.328
73.401
73.475
73.401
73.401
74.135
73.394
73.394
73.394
73.32
65.988
65.988
65.922
65.922
65.988
65.988
65.988
66.054
66.12
66.12
66.054
65.988
66.054
66.12
66.12
66.12
66.12
66.054
66.054
65.988
65.922
65.856
65.856
65.922
65.988
65.988
66.054
66.12
66.054
66.12
66.12
66.186
66.186
66.186
65.524
66.179
66.179
66.179
66.113
72.724
72.652
72.579
72.652
72.724
72.724
72.652
72.724
72.797
72.724
72.651
72.651
72.724
72.651
72.724
72.651
72.651
72.724
72.651
72.724
72.724
72.797
72.724
72.651
72.651
72.724
72.651
72.724
72.651
72.578
72.578
72.651
72.723
72.796
72.723
72.723
72.651
72.723
72.796
72.723
72.651
72.723
72.65
72.578
72.65
72.723
72.796
72.723
72.796
72.796
72.796
72.796
72.723
72.723
72.796
72.796
72.796
72.796
72.723
72.723
72.65
72.65
72.65
72.723
72.723
72.795
72.868
72.868
72.941
73.014
73.014
73.014
73.014
73.014
73.087
73.087
73.087
73.16
73.087
73.16
73.087
73.16
73.233
73.306
73.38
73.453
73.453
74.188
73.446
73.446
73.446
73.446
66.101
66.101
66.101
66.167
66.233
66.3
66.366
66.3
66.233
66.3
66.3
66.233
66.299
66.366
66.366
66.366
66.299
66.366
66.299
66.299
66.233
66.299
66.366
66.366
66.299
66.299
66.233
66.299
66.233
66.299
66.365
66.432
66.498
66.565
66.498
66.432
66.365
66.299
66.299
66.233
66.299
66.232
66.232
66.232
66.232
66.232
66.166
66.166
66.1
66.1
66.166
66.1
66.1
66.034
66.034
66.1
66.034
66.034
66.1
66.1
66.034
65.968
65.968
65.968
65.902
65.836
65.836
65.836
65.77
65.77
65.77
65.77
65.77
65.704
65.704
65.639
65.639
65.704
65.77
65.77
65.704
65.638
65.704
65.704
65.704
65.77
65.836
65.901
65.967
66.033
65.967
65.901
65.835
65.835
66.494
65.829
65.829
65.829
65.895
59.305
59.305
59.364
59.364
59.424
59.424
59.483
59.424
59.483
59.543
59.483
59.483
59.543
59.483
59.424
59.424
59.364
59.364
59.305
59.305
59.305
59.245
59.186
59.186
59.186
59.186
59.186
59.245
59.245
59.305
59.305
59.245
59.305
59.364
59.364
59.305
59.364
59.423
59.423
59.483
59.423
59.423
59.483
59.542
59.542
59.602
59.661
59.602
59.661
59.661
59.661
59.721
59.661
59.661
59.721
59.721
59.661
59.721
59.78
59.78
59.78
59.78
59.84
59.78
59.78
59.721
59.661
59.661
59.601
59.542
59.482
59.482
59.482
59.482
59.542
59.542
59.542
59.601
59.601
59.601
59.601
60.197
59.595
59.595
59.595
59.655
53.689
53.689
53.689
53.636
53.689
53.689
53.743
53.689
53.689
53.635
53.582
53.528
53.582
53.528
53.528
53.528
53.475
53.421
53.368
53.368
53.314
53.261
53.208
53.155
53.101
53.101
53.101
53.632
53.096
53.096
53.096
53.043
47.739
47.739
47.786
47.739
47.739
47.691
47.739
47.691
47.691
47.643
47.643
47.596
47.643
47.595
47.643
47.691
47.691
47.643
47.643
47.691
47.738
47.786
47.834
47.834
47.882
47.834
47.786
47.786
47.786
47.738
47.69
47.643
47.643
47.643
47.69
47.738
47.69
47.643
47.595
47.595
47.595
47.643
47.69
47.738
47.786
47.834
47.881
47.929
47.881
47.929
47.929
47.977
47.977
47.977
47.929
47.929
47.977
47.929
47.977
48.025
47.977
47.977
47.977
47.977
47.977
47.977
47.977
47.977
47.977
47.977
47.977
48.025
47.977
48.025
47.977
48.025
48.073
48.025
47.977
47.977
47.977
48.025
48.073
48.121
48.121
47.64
48.116
48.116
48.116
48.068
52.875
52.875
52.928
52.875
52.875
52.822
52.822
52.875
52.875
52.822
52.822
52.875
52.927
52.98
52.927
52.927
52.874
52.822
52.874
52.927
52.98
53.033
53.033
53.033
53.033
53.033
52.98
52.98
52.927
52.98
52.927
52.98
52.927
52.927
52.98
53.033
53.086
53.139
53.086
53.139
53.139
53.192
53.192
53.192
53.192
53.245
53.192
53.192
53.139
53.192
53.139
53.086
53.033
52.98
52.98
52.927
52.927
52.927
52.927
52.874
52.874
52.345
52.868
52.868
52.868
52.868
58.155
58.213
58.213
58.272
58.272
58.213
58.272
58.213
58.155
58.097
58.097
58.039
58.039
58.039
58.039
58.097
58.039
58.039
57.981
58.039
58.097
58.155
58.213
58.271
58.271
58.33
58.388
58.446
58.388
58.388
58.329
58.329
58.271
58.271
58.329
58.329
58.271
58.271
58.213
58.271
58.271
58.213
58.271
58.329
58.387
58.446
58.504
58.563
58.504
58.446
58.446
58.504
58.504
58.504
58.446
58.446
58.446
58.446
58.446
58.446
58.446
58.387
58.387
58.387
58.387
58.446
58.446
58.387
58.387
58.446
58.387
58.446
58.504
58.504
58.562
58.504
58.504
58.504
58.562
58.562
58.562
58.621
58.562
58.562
58.562
58.562
58.621
58.621
58.562
58.562
58.621
58.562
58.562
58.562
59.148
58.556
58.556
58.556
58.498
52.648
52.595
52.595
52.543
52.49
52.543
52.595
52.543
52.49
52.438
52.49
52.438
52.438
52.385
52.333
52.28
52.28
52.228
52.28
52.333
52.333
52.856
52.327
52.327
52.327
52.327
47.095
47.048
47.001
46.954
46.954
47.001
47.001
47.001
47.048
47.048
47
47.047
47.095
47.142
47.094
47.094
47.047
47.047
47.094
47.142
47.142
47.094
47.094
47.141
47.141
47.189
47.236
47.236
47.236
47.236
47.189
47.189
47.141
47.094
47.141
47.141
47.613
47.137
47.137
47.137
47.137
42.423
42.381
42.338
42.296
42.296
42.296
42.338
42.338
42.338
42.296
42.253
42.253
42.211
42.211
42.253
42.253
42.211
42.169
42.169
42.211
42.253
42.253
42.296
42.338
42.38
42.423
42.465
42.507
42.465
42.507
42.465
42.507
42.465
42.422
42.465
42.465
42.422
42.422
42.422
42.847
42.418
42.418
42.418
42.376
38.138
38.176
38.214
38.253
38.253
38.291
38.329
38.291
38.329
38.329
38.329
38.368
38.329
38.329
38.329
38.291
38.253
38.291
38.291
37.908
38.287
38.287
38.287
38.287
42.116
42.158
42.158
42.2
42.242
42.284
42.242
42.2
42.242
42.2
42.2
42.242
42.2
42.158
42.115
42.073
42.031
42.073
42.073
42.031
42.073
42.073
42.073
42.073
41.652
42.069
42.069
42.069
42.027
46.23
46.23
46.183
46.137
46.091
46.045
46.045
46.091
46.091
46.045
46.045
45.999
45.953
45.953
45.953
45.999
45.999
45.999
45.953
45.907
45.907
45.953
45.953
45.999
46.045
46.091
46.137
46.091
46.091
46.091
45.63
46.086
46.086
46.086
46.086
50.695
50.695
50.644
50.593
50.644
50.593
50.543
50.492
50.442
50.492
50.543
50.593
50.593
50.644
50.644
50.694
50.745
50.796
50.796
50.745
50.694
50.644
50.644
51.15
50.639
50.639
50.639
50.689
45.62
45.62
45.666
45.666
45.62
45.62
45.575
45.575
45.529
45.575
45.575
45.529
45.483
45.438
45.438
45.438
45.438
45.483
45.483
45.438
45.438
45.393
45.347
45.347
45.302
45.347
45.347
45.347
45.302
45.347
45.302
45.302
45.302
45.256
45.211
45.166
45.121
45.076
45.121
45.166
45.121
45.076
45.121
45.166
45.211
45.256
45.211
45.166
45.12
45.075
45.03
44.985
45.03
45.03
44.985
44.94
44.895
44.85
44.85
44.85
44.895
44.895
44.94
44.94
44.94
44.895
44.85
44.895
44.895
44.94
44.895
44.94
44.94
44.985
45.03
45.03
44.58
45.025
45.025
45.025
45.07
49.578
49.578
49.627
49.577
49.528
49.577
49.528
49.528
49.577
49.577
49.627
49.577
49.577
49.528
49.577
49.577
49.577
49.627
49.577
49.577
49.627
49.676
49.726
49.776
49.726
49.726
49.776
49.776
49.726
49.776
49.825
49.776
49.776
49.726
49.726
49.776
49.825
49.875
49.875
49.925
49.925
49.875
49.875
49.376
49.87
49.87
49.87
49.82
54.802
54.802
54.857
54.857
54.912
54.967
55.022
55.022
55.077
55.022
55.022
55.022
54.967
54.967
54.912
54.967
54.967
54.912
54.857
54.857
54.857
54.802
54.747
54.802
54.857
54.857
55.405
54.851
54.851
54.851
54.906
49.416
49.416
49.366
49.317
49.366
49.317
49.366
49.317
49.366
49.317
49.317
49.267
49.267
49.267
49.317
49.317
49.317
49.366
49.316
49.267
49.316
49.267
49.267
49.267
49.76
49.262
49.262
49.262
49.262
44.336
44.336
44.292
44.247
44.292
44.247
44.247
44.292
44.247
44.292
44.247
44.291
44.336
44.336
44.291
44.336
44.38
44.424
44.469
44.513
44.469
44.469
44.424
44.469
44.469
44.513
44.558
44.558
44.602
44.602
44.647
44.647
44.692
44.692
44.647
44.602
44.558
44.602
44.602
44.647
44.691
44.647
44.602
44.602
44.647
44.602
44.557
44.602
44.602
44.557
44.602
44.647
44.602
44.646
44.602
44.557
44.513
44.468
44.424
44.468
44.468
44.468
44.424
44.424
44.468
44.424
44.379
44.424
44.468
44.424
44.424
44.379
44.379
44.379
44.379
44.423
44.423
44.868
44.419
44.419
44.419
44.463
40.017
39.977
39.937
39.977
39.937
39.977
39.977
39.977
39.977
40.017
40.017
40.057
40.097
40.057
40.097
40.137
40.137
40.097
40.057
40.017
40.057
40.097
40.137
40.177
40.177
40.177
40.177
40.137
40.137
39.736
40.133
40.133
40.133
40.173
44.19
44.19
44.19
44.19
44.19
44.19
44.235
44.235
44.235
44.19
44.19
44.19
44.146
44.102
44.102
44.058
44.102
44.102
44.146
44.146
44.102
44.146
44.146
44.19
44.146
44.102
44.102
44.146
44.102
44.146
44.146
44.19
44.19
44.19
44.146
44.146
44.102
44.102
44.102
44.543
44.097
44.097
44.097
44.053
39.648
39.608
39.608
39.569
39.529
39.569
39.569
39.529
39.569
39.569
39.529
39.569
39.608
39.608
39.568
39.568
39.568
39.608
39.648
39.608
39.608
39.568
39.608
39.648
39.687
39.727
39.767
39.767
39.806
39.846
39.806
39.767
39.806
39.846
39.806
39.846
39.806
39.846
39.846
40.244
39.842
39.842
39.842
39.842
35.858
35.894
35.93
35.894
35.93
35.965
36.001
35.965
36.001
36.037
36.037
36.037
36.001
36.001
35.965
36.001
36.037
36.037
36.073
36.073
36.037
36.037
36.073
36.073
36.109
36.073
36.073
36.073
36.037
36.037
36.073
36.073
36.073
36.109
36.109
36.109
36.145
36.145
36.109
36.109
36.47
36.106
36.106
36.106
36.142
32.528
32.528
32.495
32.495
32.495
32.528
32.56
32.593
32.625
32.625
32.625
32.593
32.593
32.625
32.658
32.658
32.625
32.658
32.69
32.658
32.625
32.625
32.658
32.625
32.658
32.69
32.723
32.723
32.723
32.756
32.789
32.756
32.723
32.756
32.723
32.756
32.788
32.788
32.788
32.821
32.821
33.149
32.818
32.818
32.818
32.851
29.566
29.595
29.625
29.654
29.654
29.684
29.714
29.714
29.714
29.714
29.684
29.684
29.654
29.684
29.714
29.714
29.743
29.773
29.803
29.773
29.803
29.773
29.803
29.803
29.773
29.803
29.803
29.833
29.833
29.863
29.892
29.892
29.922
29.922
29.892
29.922
29.892
29.922
29.922
29.892
29.892
30.191
29.889
29.889
29.889
29.859
26.874
26.847
26.873
26.9
26.927
26.954
26.981
26.954
26.981
26.981
26.981
26.981
27.008
26.981
27.008
27.035
27.035
27.062
27.062
27.035
27.008
27.008
27.008
27.008
26.738
27.005
27.005
27.005
27.032
29.736
29.765
29.765
29.765
29.736
29.736
29.765
29.735
29.765
29.795
29.795
29.825
29.795
29.795
29.825
29.855
29.825
29.855
29.855
29.855
29.825
29.825
29.855
29.884
29.914
29.884
29.854
29.884
29.854
29.884
29.914
29.884
29.884
29.854
29.825
29.825
29.825
29.795
29.765
29.735
29.735
29.705
29.676
29.676
29.646
29.676
29.705
29.705
29.735
29.705
29.676
29.705
29.676
29.646
29.616
29.646
29.616
29.646
29.646
29.675
29.705
29.735
29.765
29.735
29.765
29.765
29.765
29.735
29.705
29.735
29.705
29.705
29.705
29.408
29.702
29.702
29.702
29.672
32.64
32.672
32.64
32.672
32.672
32.672
32.672
32.64
32.64
32.672
32.705
32.672
32.705
32.672
32.705
32.705
32.705
32.672
32.705
32.737
32.737
32.737
32.77
32.77
32.803
32.77
32.803
32.77
32.77
32.77
32.737
32.705
32.737
32.705
32.672
32.639
32.639
32.639
32.607
32.607
32.639
32.639
32.607
32.607
32.639
32.639
32.607
32.639
32.606
32.606
32.574
32.541
32.509
32.509
32.541
32.509
32.509
32.509
32.509
32.509
32.476
32.476
32.509
32.509
32.509
32.509
32.509
32.541
32.541
32.541
32.509
32.476
32.476
32.444
32.476
32.509
32.509
32.183
32.505
32.505
32.505
32.473
35.72
35.684
35.684
35.684
35.684
35.72
35.684
35.649
35.649
35.613
35.577
35.542
35.577
35.577
35.613
35.649
35.649
35.613
35.649
35.649
35.684
35.648
35.684
35.684
35.72
35.756
35.791
35.791
35.791
35.827
35.827
35.827
35.827
35.863
35.899
35.935
35.971
35.935
35.935
35.935
35.971
35.971
35.935
35.971
35.971
35.971
36.33
35.967
35.967
35.967
35.967
32.37
32.403
32.403
32.435
32.435
32.403
32.37
32.338
32.37
32.338
32.338
32.338
32.37
32.37
32.338
32.338
32.37
32.338
32.305
32.338
32.305
32.273
32.273
32.305
32.305
32.273
32.241
32.208
32.241
32.273
32.273
32.305
32.338
32.37
32.37
32.337
32.37
32.37
32.37
32.402
32.37
32.37
32.402
32.37
32.37
32.37
32.337
32.37
32.37
32.337
32.305
32.305
31.982
32.302
32.302
32.302
32.269
35.496
35.532
35.567
35.532
35.532
35.567
35.567
35.567
35.603
35.639
35.603
35.639
35.674
35.639
35.639
35.603
35.567
35.567
35.567
35.603
35.603
35.567
35.532
35.496
35.532
35.532
35.532
35.532
35.496
35.496
35.496
35.461
35.425
35.39
35.354
35.319
35.284
35.248
35.248
35.213
35.213
35.248
35.248
35.248
35.213
35.213
35.248
35.213
35.248
35.213
35.178
35.143
35.178
35.178
35.143
35.107
35.143
35.143
35.143
35.143
35.178
35.178
35.178
35.53
35.174
35.174
35.174
35.139
31.625
31.625
31.594
31.562
31.53
31.562
31.53
31.562
31.562
31.562
31.593
31.562
31.562
31.593
31.593
31.625
31.593
31.593
31.562
31.562
31.562
31.53
31.499
31.467
31.436
31.436
31.467
31.436
31.404
31.436
31.436
31.404
31.404
31.373
31.373
31.341
31.341
31.31
31.279
31.279
31.247
31.216
31.185
31.185
31.154
31.123
31.123
31.092
31.06
31.06
31.371
31.057
31.057
31.057
31.057
27.952
27.98
28.008
28.008
28.008
28.008
28.036
28.064
28.064
28.092
28.092
28.092
28.092
28.092
28.064
28.092
28.12
28.148
28.12
28.092
28.12
28.092
28.063
28.092
28.063
28.091
28.12
28.091
28.063
28.091
28.091
28.091
28.063
28.091
28.091
28.091
28.091
28.063
28.091
28.091
28.372
28.089
28.089
28.089
28.117
25.305
25.305
25.28
25.305
25.28
25.305
25.28
25.28
25.28
25.305
25.28
25.28
25.305
25.305
25.33
25.356
25.381
25.406
25.381
25.381
25.406
25.381
25.381
25.381
25.381
25.381
25.381
25.355
25.381
25.406
25.406
25.432
25.406
25.406
25.152
25.404
25.404
25.404
25.378
27.916
27.944
27.972
28
27.972
28
28.028
28.056
28.084
28.112
28.14
28.14
28.168
28.196
28.196
28.225
28.253
28.253
28.253
28.281
28.281
28.309
28.281
28.281
28.253
28.253
28.281
28.309
28.309
28.026
28.307
28.307
28.307
28.278
31.106
31.075
31.075
31.075
31.044
31.075
31.044
31.075
31.106
31.075
31.044
31.075
31.106
31.106
31.106
31.137
31.137
31.168
31.199
31.168
31.168
31.168
31.168
31.137
31.168
31.168
31.168
31.137
31.137
31.137
31.106
31.106
31.106
31.075
31.106
31.106
31.137
31.168
31.199
31.199
31.23
31.23
31.199
31.168
31.137
31.137
31.106
31.137
31.168
31.137
31.137
31.168
31.199
31.168
31.199
31.199
31.199
31.168
31.168
31.199
31.23
31.261
31.261
31.293
31.324
31.355
31.355
31.355
31.355
31.355
31.355
31.324
31.293
31.324
31.292
31.261
31.261
30.949
31.258
31.258
31.258
31.289
34.418
34.418
34.418
34.418
34.418
34.418
34.453
34.418
34.453
34.418
34.418
34.384
34.418
34.453
34.487
34.453
34.453
34.418
34.418
34.418
34.418
34.453
34.453
34.487
34.452
34.487
34.452
34.487
34.487
34.487
34.521
34.487
34.521
34.556
34.521
34.556
34.59
34.556
34.59
34.556
34.59
34.556
34.556
34.59
34.625
34.59
34.59
34.556
34.59
34.625
34.59
34.625
34.625
34.659
34.659
34.659
34.625
34.625
34.971
34.621
34.621
34.621
34.621
31.159
31.19
31.19
31.159
31.19
31.159
31.128
31.097
31.066
31.035
31.066
31.066
31.097
31.128
31.128
31.159
31.19
31.159
31.19
31.159
31.159
31.159
31.19
31.221
31.19
31.19
31.159
31.19
31.221
31.221
31.221
30.909
31.218
31.218
31.218
31.249
34.374
34.374
34.374
34.374
34.34
34.305
34.305
34.34
34.305
34.305
34.271
34.237
34.203
34.203
34.203
34.168
34.203
34.203
34.237
34.271
34.271
34.305
34.271
34.237
34.237
34.237
34.203
34.237
34.202
34.202
34.168
34.202
34.168
34.168
34.202
34.202
34.237
34.202
34.237
34.237
34.202
34.202
34.544
34.199
34.199
34.199
34.233
30.81
30.81
30.81
30.81
30.81
30.81
30.841
30.841
30.841
30.81
30.841
30.841
30.81
30.779
30.779
30.748
30.779
30.779
30.748
30.748
30.779
30.748
30.748
30.779
30.779
30.748
30.748
30.748
30.717
30.717
30.687
30.717
30.748
30.748
30.748
30.779
30.779
30.779
30.81
30.84
30.84
30.84
31.149
30.837
30.837
30.837
30.868
27.781
27.809
27.837
27.837
27.865
27.893
27.893
27.865
27.837
27.837
27.837
27.865
27.893
27.865
27.865
27.865
27.865
27.865
27.865
27.892
27.92
27.92
27.892
27.865
27.892
27.865
27.837
27.865
27.837
27.809
27.809
27.781
27.781
27.781
27.809
27.781
27.753
27.725
27.753
27.753
27.781
27.809
27.837
27.809
27.809
27.781
27.809
27.836
27.864
27.892
27.864
27.864
27.892
27.892
27.92
27.892
27.92
27.92
27.641
27.917
27.917
27.917
27.917
30.709
30.74
30.74
30.77
30.77
30.801
30.77
30.74
30.74
30.709
30.678
30.647
30.647
30.647
30.678
30.709
30.709
30.739
30.77
30.801
30.801
30.493
30.798
30.798
30.798
30.798
33.878
33.844
33.878
33.844
33.81
33.844
33.878
33.878
33.911
33.878
33.844
33.81
33.776
33.81
33.776
33.776
33.742
33.776
33.81
33.844
33.877
33.844
33.877
33.843
33.843
33.81
33.81
33.472
33.806
33.806
33.806
33.772
37.15
37.113
37.075
37.038
37.038
37.075
37.112
37.112
37.112
37.075
37.075
37.038
37.075
37.112
37.112
37.15
37.15
37.112
37.149
37.187
37.187
37.187
37.558
37.183
37.183
37.183
37.183
33.465
33.431
33.431
33.398
33.364
33.364
33.398
33.431
33.398
33.398
33.398
33.364
33.398
33.364
33.331
33.364
33.398
33.398
33.431
33.398
33.431
33.397
33.364
33.331
33.364
33.397
33.397
33.431
33.464
33.464
33.431
33.464
33.498
33.464
33.431
33.431
33.431
33.464
33.431
33.431
33.431
33.464
33.464
33.498
33.498
33.498
33.464
33.431
33.431
33.464
33.498
33.531
33.531
33.531
33.497
33.531
33.565
33.565
33.565
33.229
33.561
33.561
33.561
33.528
36.88
36.843
36.807
36.807
36.807
36.843
36.807
36.807
36.807
36.843
36.843
36.843
36.807
36.77
36.733
36.733
36.77
36.806
36.806
36.806
36.843
36.88
36.917
36.954
36.917
36.917
36.954
36.954
36.954
36.954
36.917
36.954
36.917
36.954
36.991
37.028
37.028
37.065
37.065
37.102
37.065
37.065
37.435
37.061
37.061
37.061
37.098
33.388
33.388
33.422
33.455
33.455
33.455
33.422
33.388
33.422
33.455
33.488
33.488
33.488
33.488
33.455
33.422
33.455
33.455
33.422
33.422
33.087
33.418
33.418
33.418
33.452
36.797
36.76
36.797
36.76
36.797
36.76
36.797
36.76
36.76
36.797
36.76
36.797
36.833
36.87
36.87
36.907
36.944
36.944
36.944
36.944
36.981
36.981
37.351
36.977
36.977
36.977
37.014
33.313
33.279
33.313
33.279
33.246
33.213
33.18
33.213
33.246
33.246
33.279
33.246
33.213
33.18
33.213
33.213
33.545
33.209
33.209
33.209
33.176
29.859
29.888
29.859
29.859
29.888
29.859
29.829
29.829
29.859
29.829
29.858
29.858
29.888
29.858
29.858
29.56
29.855
29.855
29.855
29.855
32.841
32.874
32.874
32.874
32.907
32.907
32.907
32.94
32.94
32.94
32.94
32.907
32.94
32.907
32.94
32.907
32.94
32.972
32.972
32.94
32.94
32.907
32.907
32.874
32.907
32.939
32.939
32.907
32.939
32.906
32.874
32.874
32.906
32.906
32.939
32.906
32.874
32.906
32.873
32.906
32.906
32.873
32.873
32.873
32.841
32.808
32.841
32.873
32.873
32.545
32.87
32.87
32.87
32.837
36.121
36.085
36.121
36.157
36.157
36.157
36.193
36.229
36.266
36.266
36.266
36.302
36.302
36.302
36.266
36.302
36.338
36.374
36.338
36.302
36.265
36.302
36.265
36.302
36.338
36.302
36.338
36.338
36.374
36.338
36.338
36.302
36.265
36.265
36.302
36.265
36.265
36.229
36.265
36.301
36.265
36.265
36.229
36.265
36.265
36.265
36.229
36.193
36.229
36.229
36.265
36.229
36.265
36.229
36.193
36.156
36.192
36.156
36.156
36.156
36.12
36.156
36.192
36.192
36.192
36.192
36.192
36.192
36.156
36.156
36.192
36.192
36.229
36.192
36.192
36.156
36.12
36.12
36.084
36.048
36.012
36.012
36.048
36.084
36.12
36.084
36.084
36.048
36.048
36.084
36.048
36.084
36.084
36.12
36.12
36.156
36.156
36.156
36.156
36.517
36.152
36.152
36.152
36.116
32.505
32.537
32.537
32.504
32.504
32.472
32.472
32.504
32.472
32.472
32.472
32.472
32.439
32.407
32.439
32.407
32.439
32.472
32.439
32.407
32.439
32.472
32.439
32.472
32.504
32.537
32.569
32.537
32.569
32.569
32.569
32.569
32.569
32.569
32.537
32.537
32.569
32.537
32.537
32.504
32.537
32.504
32.537
32.504
32.504
32.504
32.504
32.179
32.501
32.501
32.501
32.501
35.751
35.787
35.822
35.822
35.858
35.894
35.93
35.894
35.93
35.894
35.858
35.822
35.822
35.822
35.822
35.822
35.822
35.822
35.822
35.822
35.786
35.822
35.858
35.858
35.894
35.858
35.858
35.858
35.858
35.858
35.822
35.822
35.822
35.858
35.894
35.93
35.894
35.894
35.93
35.966
35.966
35.966
36.325
35.962
35.962
35.962
35.962
32.366
32.398
32.398
32.398
32.398
32.398
32.431
32.431
32.463
32.463
32.495
32.528
32.528
32.495
32.463
32.463
32.788
32.46
32.46
32.46
32.46
29.214
29.243
29.243
29.243
29.243
29.272
29.301
29.301
29.331
29.36
29.389
29.36
29.331
29.331
29.36
29.331
29.301
29.272
29.243
29.214
29.243
29.243
29.243
29.213
29.184
29.213
29.213
29.243
29.272
29.301
29.301
29.301
29.301
29.301
29.33
29.33
29.301
29.301
29.272
29.301
29.272
29.243
29.243
29.213
29.243
29.243
28.95
29.24
29.24
29.24
29.269
32.196
32.164
32.131
32.099
32.131
32.099
32.099
32.099
32.131
32.131
32.099
32.099
32.099
32.099
32.099
32.067
32.035
32.035
32.067
32.035
32.035
32.067
32.067
32.099
32.099
32.42
32.096
32.096
32.096
32.064
28.857
28.857
28.857
28.857
28.857
28.886
28.857
28.857
28.886
28.886
28.915
28.886
28.886
28.857
28.828
28.857
28.828
28.857
28.828
28.828
28.857
28.886
28.857
28.857
28.886
28.915
28.915
28.626
28.912
28.912
28.912
28.912
31.803
31.771
31.803
31.771
31.803
31.771
31.771
31.771
31.74
31.74
31.74
31.771
31.74
31.74
31.74
31.74
31.771
31.74
31.708
31.676
31.708
31.739
31.771
31.739
31.739
31.771
31.739
31.739
31.739
31.708
31.676
31.708
31.676
31.644
31.613
31.613
31.644
31.676
31.676
31.708
31.708
31.676
31.644
31.613
31.613
31.644
31.676
31.707
31.707
31.739
31.707
31.676
31.676
31.644
31.644
31.676
31.644
31.644
31.612
31.644
31.676
31.676
31.707
31.707
31.739
31.739
32.056
31.736
31.736
31.736
31.768
28.591
28.619
28.648
28.648
28.648
28.677
28.648
28.619
28.591
28.562
28.591
28.619
28.591
28.591
28.591
28.591
28.562
28.562
28.562
28.534
28.505
28.505
28.476
28.476
28.505
28.505
28.476
28.448
28.476
28.448
28.476
28.448
28.476
28.448
28.448
28.448
28.419
28.419
28.391
28.391
28.363
28.334
28.306
28.334
28.334
28.618
28.331
28.331
28.331
28.36
25.524
25.524
25.549
25.524
25.549
25.524
25.549
25.524
25.498
25.524
25.498
25.524
25.524
25.549
25.549
25.805
25.547
25.547
25.547
25.547
22.992
22.992
22.992
22.992
22.992
23.015
23.038
23.038
23.015
23.038
23.061
23.038
23.038
23.038
23.038
23.038
23.015
23.015
23.038
23.061
23.038
23.015
23.015
22.992
22.992
22.992
22.992
22.969
22.946
22.969
22.946
22.969
22.969
22.969
22.992
23.015
23.038
23.038
23.015
22.992
22.992
22.969
22.992
23.015
23.038
23.015
22.992
22.992
23.015
22.992
23.015
23.038
23.015
23.038
23.061
23.038
23.038
23.015
23.038
23.061
23.084
23.061
23.061
23.291
23.058
23.058
23.058
23.081
20.773
20.773
20.752
20.732
20.752
20.732
20.732
20.732
20.711
20.69
20.669
20.69
20.711
20.711
20.711
20.504
20.709
20.709
20.709
20.688
22.757
22.78
22.802
22.825
22.802
22.825
22.848
22.871
22.894
22.917
22.917
22.917
22.894
22.871
22.894
22.917
22.894
22.917
22.917
22.939
22.939
22.71
22.937
22.937
22.937
22.96
25.256
25.281
25.256
25.231
25.231
25.256
25.281
25.281
25.307
25.332
25.332
25.332
25.307
25.307
25.281
25.307
25.281
25.281
25.307
25.281
25.281
25.534
25.279
25.279
25.279
25.304
22.774
22.751
22.728
22.751
22.728
22.751
22.774
22.774
22.751
22.751
22.728
22.728
22.705
22.683
22.683
22.705
22.705
22.478
22.703
22.703
22.703
22.703
24.973
24.998
25.023
25.048
25.048
25.023
25.048
25.073
25.073
25.098
25.123
25.098
25.123
25.123
25.149
25.174
25.149
25.149
25.123
25.098
25.073
25.048
25.023
24.998
24.973
24.948
24.923
24.948
24.923
24.898
24.873
24.848
24.848
24.824
24.848
24.873
24.873
24.873
24.898
24.898
24.873
24.898
24.923
24.923
24.923
24.948
24.973
24.973
24.973
24.948
24.948
25.197
24.945
24.945
24.945
24.97
22.473
22.451
22.473
22.496
22.473
22.473
22.496
22.496
22.473
22.451
22.428
22.451
22.473
22.473
22.473
22.473
22.496
22.518
22.541
22.541
22.541
22.518
22.518
22.541
22.518
22.496
22.473
22.496
22.518
22.518
22.518
22.518
22.496
22.473
22.496
22.496
22.496
22.473
22.473
22.473
22.473
22.495
22.473
22.473
22.495
22.473
22.473
22.473
22.248
22.471
22.471
22.471
22.471
24.718
24.718
24.693
24.718
24.718
24.718
24.718
24.693
24.718
24.718
24.718
24.693
24.668
24.668
24.644
24.619
24.619
24.644
24.644
24.619
24.619
24.865
24.617
24.617
24.617
24.592
22.133
22.155
22.155
22.133
22.133
22.111
22.088
22.088
22.066
22.088
22.066
22.044
22.044
22.066
22.044
22.066
22.044
22.044
22.044
22.044
22.044
22.066
22.044
22.022
22.044
22.066
22.044
22.044
22.022
22.022
21.802
22.02
22.02
22.02
21.998
24.198
24.173
24.198
24.173
24.149
24.125
24.125
24.125
24.149
24.125
24.149
24.149
24.125
24.125
24.149
24.149
24.149
24.173
24.173
24.173
24.173
24.173
23.932
24.171
24.171
24.171
24.147
26.561
26.588
26.615
26.588
26.561
26.561
26.535
26.508
26.535
26.508
26.482
26.482
26.455
26.429
26.429
26.429
26.429
26.429
26.693
26.426
26.426
26.426
26.4
23.76
23.736
23.76
23.76
23.76
23.76
23.76
23.76
23.76
23.784
23.807
23.831
23.831
23.831
23.855
23.831
23.831
23.855
23.855
23.879
23.855
23.831
23.855
23.879
23.879
23.903
23.903
23.664
23.9
23.9
23.9
23.924
26.317
26.29
26.29
26.317
26.29
26.264
26.29
26.264
26.238
26.211
26.185
26.211
26.185
26.185
26.159
26.159
26.421
26.156
26.156
26.156
26.13
23.517
23.494
23.517
23.494
23.47
23.447
23.447
23.447
23.47
23.447
23.447
23.47
23.47
23.447
23.447
23.447
23.47
23.447
23.47
23.447
23.423
23.447
23.447
23.423
23.423
23.4
23.4
23.4
23.423
23.4
23.423
23.423
23.4
23.4
23.376
23.353
23.353
23.33
23.306
23.283
23.306
23.306
23.306
23.306
23.329
23.306
23.329
23.353
23.329
23.329
23.306
23.306
23.306
23.306
23.283
23.259
23.236
23.213
23.236
23.213
23.213
23.19
23.167
23.19
23.167
23.19
23.213
23.213
23.236
23.236
23.236
23.236
23.259
23.236
23.236
23.213
23.236
23.236
23.259
23.236
23.236
23.236
23.259
23.259
23.259
23.283
23.283
23.306
23.283
23.306
23.282
23.259
23.282
23.259
23.236
23.213
23.189
23.189
23.166
23.143
23.166
23.143
23.143
23.166
23.143
23.12
23.143
23.166
23.189
23.213
23.236
23.236
23.259
23.236
23.213
23.189
23.189
23.189
22.957
23.187
23.187
23.187
23.21
25.531
25.506
25.48
25.48
25.48
25.455
25.48
25.48
25.455
25.429
25.404
25.429
25.429
25.455
25.48
25.48
25.455
25.48
25.505
25.505
25.505
25.505
25.531
25.557
25.582
25.608
25.633
25.633
25.659
25.659
25.659
25.685
25.71
25.71
25.685
25.685
25.685
25.659
25.633
25.608
25.633
25.633
25.659
25.659
25.684
25.71
25.71
25.453
25.708
25.708
25.708
25.733
28.307
28.278
28.25
28.278
28.25
28.222
28.194
28.165
28.137
28.109
28.081
28.109
28.081
28.109
28.081
28.109
28.109
28.137
28.165
28.165
28.137
28.137
28.137
28.109
28.109
28.081
28.081
28.081
28.081
28.109
28.081
28.081
28.053
28.025
27.997
27.997
27.997
27.997
27.997
28.025
28.053
28.025
27.997
28.025
28.053
28.025
28.025
28.025
28.025
28.053
28.024
28.024
27.996
27.968
27.968
27.996
28.024
28.052
28.081
28.081
28.081
27.8
28.078
28.078
28.078
28.078
30.885
30.916
30.885
30.855
30.885
30.916
30.885
30.854
30.854
30.824
30.793
30.762
30.731
30.701
30.67
30.639
30.67
30.639
30.639
30.639
30.639
30.639
30.608
30.639
30.67
30.639
30.639
30.639
30.639
30.67
30.639
30.608
30.639
30.608
30.608
30.578
30.578
30.547
30.578
30.578
30.608
30.578
30.578
30.608
30.639
30.67
30.639
30.669
30.669
30.639
30.608
30.578
30.578
30.578
30.578
30.883
30.575
30.575
30.575
30.575
27.517
27.517
27.517
27.517
27.49
27.517
27.49
27.517
27.517
27.489
27.489
27.489
27.517
27.517
27.517
27.517
27.517
27.544
27.572
27.6
27.572
27.6
27.6
27.572
27.544
27.544
27.544
27.269
27.542
27.542
27.542
27.542
30.296
30.326
30.356
30.387
30.356
30.356
30.356
30.326
30.326
30.296
30.265
30.265
30.296
30.326
30.326
30.326
30.356
30.356
30.356
30.356
30.326
30.296
30.326
30.296
30.326
30.326
30.356
30.326
30.356
30.356
30.387
30.387
30.417
30.447
30.417
30.447
30.417
30.386
30.356
30.386
30.386
30.417
30.386
30.356
30.386
30.356
30.326
30.356
30.356
30.326
30.356
30.386
30.417
30.417
30.447
30.447
30.447
30.417
30.386
30.417
30.417
30.447
30.477
30.508
30.477
30.447
30.477
30.477
30.173
30.474
30.474
30.474
30.444
33.488
33.488
33.488
33.455
33.455
33.488
33.455
33.421
33.455
33.488
33.522
33.555
33.522
33.522
33.488
33.488
33.488
33.522
33.522
33.522
33.555
33.589
33.622
33.622
33.656
33.69
33.69
33.69
33.69
33.723
33.723
33.757
