100.1
100.2
100.3
100.3
100.4
100.4
100.4
100.5
100.6
100.6
100.5
100.4
100.4
100.4
100.4
100.5
100.4
100.5
100.5
100.4
100.5
100.4
100.5
100.4
100.3
100.2
100.3
100.3
100.3
100.3
100.2
90.179
90.269
90.179
90.269
90.36
90.36
90.45
90.54
90.631
90.54
90.45
90.359
90.45
90.45
90.45
90.54
90.45
90.54
90.45
90.54
90.449
90.449
90.449
90.449
90.359
90.359
90.359
81.323
81.323
81.242
81.161
81.079
81.079
81.16
81.16
81.242
81.323
81.323
81.323
81.323
81.323
81.323
81.323
81.242
81.242
81.16
81.16
81.079
81.079
80.998
80.998
80.917
80.836
80.836
80.836
80.755
80.675
80.594
80.674
80.594
80.594
80.513
80.513
80.433
80.513
80.594
80.513
80.513
80.433
80.352
80.352
80.432
80.432
72.389
72.462
72.534
72.607
72.607
72.607
72.607
72.607
72.679
72.752
72.679
72.679
72.679
72.679
72.606
72.534
72.534
72.606
72.606
72.534
72.606
72.534
72.606
72.534
72.606
72.606
72.679
72.606
72.533
72.533
72.533
72.606
72.679
72.751
72.824
72.751
72.824
72.751
72.678
72.751
72.678
72.678
72.751
72.678
72.606
72.606
72.678
72.678
72.678
72.605
72.605
72.678
72.751
72.678
72.751
72.678
72.678
72.751
72.823
72.823
72.751
80.026
80.106
80.186
80.106
80.186
80.266
80.266
80.266
80.346
80.346
80.266
80.266
80.186
80.186
80.266
80.266
80.346
80.266
80.266
80.266
80.266
80.266
80.266
80.185
80.185
80.185
80.105
80.025
80.105
80.105
88.116
88.116
88.116
88.204
88.116
88.204
88.292
88.38
88.292
88.203
88.292
88.38
88.292
88.292
88.292
88.292
88.38
88.291
88.203
88.291
79.462
79.462
79.542
79.542
79.542
79.462
79.462
79.542
79.462
79.542
79.542
79.621
79.701
79.621
79.701
79.78
79.78
79.701
79.78
79.78
79.86
79.94
79.94
79.94
79.86
87.846
87.758
87.67
87.583
87.583
87.67
87.583
87.67
87.67
87.582
87.67
87.582
87.67
87.67
87.67
87.67
87.67
87.758
87.758
87.67
87.582
87.67
87.582
87.582
87.495
87.495
87.495
87.495
87.407
87.32
87.407
87.494
87.407
87.407
87.494
87.407
87.407
87.319
87.319
87.407
87.407
87.494
87.494
87.407
87.494
87.494
87.494
87.582
87.494
87.406
87.494
87.406
87.319
87.406
87.406
87.494
87.581
87.669
87.669
87.756
96.532
96.532
96.532
96.629
96.629
96.725
96.629
96.532
96.435
96.339
96.243
96.146
96.146
96.05
96.05
96.05
96.146
96.146
96.242
96.146
96.146
96.146
96.05
95.954
95.954
95.858
95.954
96.05
96.146
96.05
96.05
95.954
96.05
95.954
95.954
95.858
95.762
95.666
95.57
95.57
95.666
95.57
95.666
95.761
95.761
95.666
95.761
95.857
95.953
96.049
105.65
105.55
105.55
105.44
105.55
105.44
105.55
105.65
105.76
105.86
105.76
105.86
105.86
105.97
105.86
105.86
105.76
105.65
105.76
105.86
105.97
106.08
106.08
105.97
105.97
106.08
106.18
106.29
106.29
106.18
106.18
106.08
106.18
106.29
106.39
106.39
106.39
106.29
106.29
106.18
106.29
106.39
106.5
106.39
106.39
106.29
106.18
106.18
106.18
106.29
106.39
117.03
116.92
116.92
116.8
116.68
116.57
116.57
116.68
116.57
116.57
116.57
116.68
116.57
116.45
116.33
116.45
116.45
116.57
116.45
116.45
116.45
116.33
116.45
116.33
116.45
116.33
116.22
116.22
116.33
116.45
116.33
116.22
116.22
116.1
115.98
115.87
115.98
115.87
115.87
115.75
104.18
104.07
103.97
103.86
103.86
103.76
103.66
103.66
103.55
103.66
103.76
103.76
103.76
103.76
103.76
103.66
103.55
103.45
103.55
103.45
103.35
103.24
103.14
103.04
103.04
103.04
102.93
102.83
102.73
102.73
102.73
102.83
102.73
102.73
102.62
102.52
102.42
102.32
102.32
102.21
102.21
102.11
102.01
102.01
101.91
102.01
101.91
101.81
101.91
101.81
101.91
101.81
101.7
101.81
101.91
101.81
91.625
91.625
91.533
91.442
91.442
91.533
91.625
91.716
91.716
91.716
91.808
91.716
91.625
91.625
91.625
91.625
91.625
91.533
91.533
91.441
91.35
91.441
91.441
91.533
91.441
91.533
91.441
91.35
91.441
91.441
91.35
91.258
91.35
91.441
91.441
91.441
91.532
91.532
91.441
91.349
91.258
91.167
91.167
91.258
91.258
91.167
91.258
91.349
91.258
91.258
91.349
91.258
91.166
91.166
91.075
91.166
91.166
91.075
91.166
91.166
91.257
91.166
91.257
91.257
91.257
91.166
91.257
91.166
91.075
90.984
91.075
91.166
91.075
91.166
91.166
91.074
91.166
91.166
91.074
90.983
90.983
91.074
91.165
91.257
91.165
91.074
91.165
91.165
91.165
91.256
91.165
91.165
91.074
91.074
90.983
90.892
90.983
91.074
90.983
90.892
90.801
99.881
99.881
99.881
99.781
99.881
99.981
99.881
99.881
99.881
99.981
100.08
100.18
100.18
100.08
100.08
99.98
100.08
100.08
100.08
99.98
99.98
100.08
100.18
100.08
100.08
99.98
99.98
100.08
100.08
99.98
99.88
89.892
89.892
89.892
89.892
89.892
89.892
89.982
90.072
90.162
90.072
90.162
90.162
90.072
90.072
90.162
90.072
90.162
90.252
90.162
90.162
90.162
90.071
90.071
89.981
89.891
89.981
89.891
89.801
89.712
89.801
89.891
89.891
89.801
89.801
89.801
89.711
89.711
89.711
89.801
89.711
89.711
89.622
89.532
89.622
89.622
89.532
89.621
89.711
89.711
89.801
89.711
89.621
89.532
89.621
89.621
89.711
89.621
89.531
89.621
89.531
89.531
89.442
89.531
89.531
89.442
89.352
89.442
89.352
89.263
89.352
89.263
89.263
89.263
89.352
89.263
89.173
89.084
89.173
89.084
89.084
89.084
89.173
89.084
89.084
89.173
89.173
89.084
89.173
89.084
97.992
97.894
97.894
97.992
97.894
97.894
97.796
97.894
97.992
98.09
97.992
98.09
97.992
97.992
97.992
97.992
97.992
98.09
97.992
98.09
98.09
98.09
98.188
88.369
88.281
88.369
88.369
88.369
88.457
88.369
88.369
88.369
88.28
88.28
88.369
88.457
88.457
88.457
88.369
88.457
88.457
88.457
88.457
88.457
88.545
88.634
88.545
88.545
88.634
88.545
88.634
88.634
88.634
88.545
88.634
88.722
88.634
88.722
88.722
88.722
88.811
88.9
88.9
88.811
88.811
88.722
88.811
88.9
88.989
88.9
88.9
88.988
89.077
89.077
89.077
88.988
88.988
88.988
88.988
88.988
88.988
89.077
88.988
89.077
89.077
88.988
88.899
88.81
88.899
80.009
80.009
79.929
80.009
80.089
80.169
80.089
80.169
80.249
80.249
80.169
80.249
80.249
80.169
80.249
80.169
80.249
80.329
80.249
80.249
80.169
88.186
88.186
88.274
88.274
88.186
88.097
88.185
88.097
88.097
88.185
88.097
88.185
88.097
88.185
88.273
88.362
88.362
88.362
88.273
88.273
79.446
79.446
79.366
79.446
79.525
79.525
79.446
79.446
79.525
79.605
79.525
79.525
79.446
79.366
79.287
79.208
79.287
79.366
79.366
79.287
79.366
79.287
79.287
79.366
79.366
79.445
79.445
79.525
79.445
79.366
79.445
79.524
79.604
79.684
79.684
79.684
79.763
87.74
87.652
87.74
87.652
87.652
87.652
87.739
87.739
87.739
87.652
87.739
87.652
87.739
87.739
87.739
87.827
87.739
87.651
87.651
87.651
96.417
96.32
96.32
96.417
96.32
96.224
96.224
96.32
96.416
96.416
96.32
96.32
96.32
96.224
96.127
96.223
96.223
96.127
96.031
96.031
95.935
96.031
95.935
95.935
95.839
95.839
95.839
95.935
95.839
95.743
95.839
95.743
95.743
95.647
95.552
95.647
95.647
95.552
95.552
95.552
95.552
95.552
95.456
105
104.9
105
104.9
104.9
104.9
104.79
104.69
104.58
104.58
104.69
104.58
104.48
104.58
104.48
104.58
104.69
104.58
104.48
104.37
104.48
104.48
104.48
104.37
104.48
104.48
104.58
104.58
104.48
104.48
104.58
104.69
104.69
104.79
104.9
105
105.11
105.21
105.11
105.11
105.11
105
105
105
105
105.11
105.11
105
105
94.5
94.5
94.594
94.5
94.5
94.405
94.5
94.594
94.689
94.594
94.5
94.405
94.499
94.594
94.689
94.783
94.878
94.878
94.783
94.783
94.688
94.688
94.594
94.594
94.499
94.594
94.688
94.688
94.593
94.688
94.593
94.688
94.783
94.783
94.688
94.783
94.688
94.688
94.688
94.782
94.877
94.877
94.972
94.877
94.782
94.877
94.972
94.972
94.877
94.877
94.782
94.782
94.877
94.877
94.972
95.067
95.067
95.162
104.68
104.68
104.78
104.68
104.57
104.68
104.57
104.68
104.78
104.68
104.68
104.57
104.68
104.57
104.68
104.57
104.68
104.68
104.57
104.68
104.78
104.68
104.57
104.68
104.57
104.57
104.57
104.68
104.78
104.89
104.89
104.99
104.89
104.78
115.26
115.14
115.14
115.14
115.14
115.26
115.26
115.26
115.26
115.37
115.26
115.37
115.37
115.26
115.26
115.14
115.03
114.91
115.03
115.03
114.91
114.8
114.91
114.8
114.8
114.68
114.57
114.57
114.68
114.57
114.57
114.45
114.57
114.68
114.57
114.68
114.8
114.8
114.68
114.8
114.91
103.42
103.32
103.42
103.42
103.52
103.42
103.32
103.32
103.21
103.11
103.01
103.01
103.01
102.91
103.01
103.01
102.9
103.01
103.11
103.21
103.32
103.21
103.11
103.11
103.21
103.32
103.42
103.42
103.42
103.52
103.52
103.42
103.52
103.63
103.52
103.63
103.63
103.73
103.63
103.63
103.52
103.42
103.32
103.42
93.078
93.078
93.078
93.078
92.985
92.892
92.799
92.706
92.613
92.706
92.613
92.521
92.613
92.52
92.613
92.706
92.706
92.706
92.798
92.798
92.798
92.798
92.798
92.706
92.706
92.706
92.798
92.891
92.891
92.891
92.984
92.984
93.077
93.077
93.17
93.077
92.984
92.891
92.984
92.984
92.984
93.077
92.984
93.077
93.077
93.077
92.983
92.89
92.983
92.983
93.076
92.983
92.983
92.983
92.983
93.076
93.169
93.169
93.169
93.262
93.169
93.169
93.262
93.262
93.262
93.262
93.262
93.356
93.356
102.69
102.79
102.79
102.69
102.59
102.59
102.69
102.59
102.59
102.59
102.69
102.79
102.69
102.59
102.69
102.59
102.49
102.59
102.59
102.69
102.69
102.59
102.59
112.85
112.85
112.73
112.73
112.62
112.73
112.73
112.85
112.73
112.62
112.73
112.85
112.73
112.85
112.73
112.85
112.85
112.96
112.85
112.96
112.96
101.66
101.66
101.76
101.66
101.66
101.66
101.66
101.66
101.66
101.56
101.56
101.46
101.56
101.46
101.56
101.66
101.76
101.66
101.56
101.46
101.46
101.56
101.66
101.66
111.83
111.83
111.72
111.83
111.94
111.94
111.94
111.94
111.94
112.05
112.16
112.28
112.16
112.28
112.16
112.05
112.05
111.94
111.94
112.05
112.05
112.05
111.94
123.13
123.26
123.13
123.01
122.89
122.76
122.64
122.76
122.64
122.52
122.4
122.4
122.4
122.4
122.4
122.27
122.4
122.27
122.4
122.27
122.15
122.27
122.15
122.27
122.27
122.15
122.15
122.03
121.91
122.03
122.03
121.91
121.91
121.78
121.91
121.91
121.91
109.72
109.61
109.61
109.72
109.72
109.72
109.83
109.83
109.94
110.05
110.05
110.05
109.94
110.05
110.16
110.16
110.27
110.16
110.27
110.16
110.04
110.04
109.93
110.04
110.04
110.15
110.15
110.26
110.15
110.15
110.15
110.04
109.93
109.82
109.82
109.93
109.82
109.93
110.04
110.15
110.04
110.15
110.04
109.93
110.04
110.04
99.039
99.039
98.94
98.94
99.039
98.94
98.841
98.743
98.841
98.841
98.841
98.94
98.841
98.94
98.841
98.94
99.039
99.039
99.039
99.138
99.039
99.138
99.138
99.237
99.138
99.237
99.237
99.138
99.038
99.138
99.138
99.237
99.137
99.038
98.939
98.84
98.84
98.84
98.741
98.643
98.741
98.741
98.741
98.84
98.741
98.84
98.84
98.84
98.939
99.038
99.137
99.236
99.137
99.137
99.038
99.038
99.038
99.137
99.038
99.038
99.137
99.037
89.134
89.134
89.045
89.045
89.134
89.223
89.312
89.223
89.223
89.223
89.312
89.312
89.223
89.223
89.312
89.222
89.133
89.044
89.044
89.133
89.044
88.955
88.866
88.866
88.866
88.777
88.777
88.688
88.6
88.6
88.6
88.511
88.423
88.511
88.599
88.511
88.511
88.422
88.334
88.334
88.334
88.334
88.334
88.334
88.422
88.334
88.246
88.157
88.069
87.981
87.893
87.805
87.717
96.489
96.586
96.489
96.586
96.586
96.489
96.392
96.392
96.296
96.392
96.296
96.2
96.103
96.103
96.007
96.007
95.911
95.911
95.911
95.815
95.72
95.815
95.815
95.815
95.815
95.815
95.815
95.911
96.007
96.007
96.007
95.911
96.007
96.007
95.911
95.911
95.911
96.007
95.911
96.007
95.911
95.911
95.815
95.815
95.719
95.815
95.911
96.006
95.91
95.91
96.006
95.91
96.006
95.91
95.91
95.814
95.814
95.91
96.006
96.102
96.102
96.198
96.294
96.294
96.198
96.294
96.198
96.294
96.198
86.578
86.578
86.492
86.578
86.578
86.491
86.405
86.319
86.232
86.232
86.232
86.146
86.146
86.06
85.974
85.974
85.974
85.888
85.888
85.974
85.888
85.974
85.888
85.974
86.06
85.973
85.887
85.973
85.887
85.802
85.802
85.716
85.63
85.716
85.63
85.716
94.287
94.193
94.193
94.193
94.193
94.099
94.193
94.287
94.287
94.287
94.287
94.381
94.476
94.381
94.381
94.381
94.287
94.192
94.287
94.287
94.381
94.287
94.287
94.287
94.381
94.475
94.57
94.57
94.664
94.759
94.664
94.759
94.759
94.759
94.759
94.759
94.854
94.854
94.854
94.854
94.948
94.948
94.853
94.853
94.853
94.948
94.948
94.948
94.948
95.043
95.138
95.233
95.138
95.233
95.233
95.138
95.043
95.043
95.138
95.043
94.948
94.948
94.853
94.758
94.663
94.569
94.569
94.663
94.569
94.663
94.663
94.663
94.758
94.663
94.663
94.568
94.663
94.568
94.663
94.757
94.663
94.757
94.663
94.568
94.663
94.663
94.663
94.663
94.663
94.663
94.757
94.757
94.662
94.662
94.568
94.568
94.473
94.379
94.284
94.379
94.284
94.19
94.096
94.096
94.19
94.096
94.19
94.284
94.378
94.473
94.473
94.567
94.567
94.567
94.567
94.473
94.378
94.284
94.189
94.095
94.001
94.095
94.001
93.907
94.001
94.001
94.095
94.189
94.095
94.189
94.189
94.189
94.283
94.377
94.377
94.472
94.566
94.661
94.566
94.661
94.566
94.472
94.472
94.566
94.661
94.566
94.566
94.66
94.566
94.471
94.566
94.566
94.566
94.66
94.755
94.66
94.755
94.755
94.755
94.755
94.85
94.944
95.039
94.944
94.944
94.944
94.944
95.039
95.134
95.134
95.134
95.039
95.134
95.229
95.229
95.325
104.86
104.75
104.75
104.75
104.75
104.65
104.54
104.54
104.44
104.44
104.44
104.33
104.33
104.44
104.33
104.33
104.33
104.23
104.33
104.44
104.44
104.44
104.54
104.54
104.44
104.54
104.44
104.33
104.23
104.33
104.23
104.33
104.23
104.23
104.33
104.44
104.44
104.44
104.54
104.65
104.75
104.65
104.75
104.75
104.86
104.75
104.86
104.86
104.75
104.75
104.86
104.86
104.96
104.86
104.96
104.86
104.86
104.75
104.75
104.65
104.75
104.75
104.75
104.65
104.54
104.44
104.54
104.65
104.65
104.65
104.54
104.54
104.65
104.54
104.65
104.54
104.64
104.54
104.54
104.44
104.44
104.44
104.44
104.33
104.23
104.23
104.33
104.44
104.44
104.33
104.23
104.12
104.02
104.12
104.02
103.91
103.91
104.02
103.91
103.81
103.81
103.91
103.91
103.91
104.02
103.91
104.02
104.12
104.02
104.02
104.12
104.23
104.12
104.12
104.02
103.91
103.91
104.02
103.91
103.91
103.91
104.02
103.91
103.91
103.91
104.02
93.616
93.616
93.522
93.522
93.522
93.522
93.522
93.428
93.522
93.615
93.522
93.428
93.428
93.428
93.428
93.522
93.615
93.522
93.522
93.615
93.521
93.521
93.428
93.521
102.87
102.77
102.67
102.67
102.57
102.46
102.36
102.26
102.36
102.36
102.26
102.36
102.46
102.46
102.46
102.46
102.46
102.56
102.56
102.46
102.36
102.36
102.36
102.46
102.46
102.46
102.46
102.56
102.56
102.67
102.56
102.67
102.56
102.46
102.46
102.56
102.56
102.56
102.67
102.56
102.56
102.67
102.77
102.67
102.56
102.67
102.56
102.46
102.36
102.36
92.123
92.123
92.123
92.031
92.031
92.123
92.215
92.307
92.215
92.307
92.215
92.307
92.307
92.307
92.215
92.215
92.215
92.215
92.215
92.307
92.215
92.122
92.03
92.03
92.03
91.938
91.846
91.846
91.938
91.938
91.938
91.846
91.846
91.754
91.663
91.754
91.663
91.571
91.479
91.479
91.388
91.479
91.571
91.479
91.571
91.479
91.571
91.571
91.571
91.571
91.479
91.57
91.662
91.57
91.479
91.387
91.479
91.57
91.57
91.57
91.479
91.57
91.57
91.478
91.57
91.478
91.387
91.296
91.296
91.296
91.204
91.204
91.295
91.295
91.295
91.387
91.387
91.478
91.387
91.295
91.387
91.387
91.387
91.478
91.386
91.386
91.295
91.204
91.295
91.295
91.295
91.204
91.295
91.295
91.204
91.112
91.204
91.112
91.112
91.112
91.112
91.203
91.203
91.203
91.295
91.386
91.477
91.477
91.569
91.66
91.569
91.569
91.569
91.66
91.66
91.66
91.569
91.66
91.568
91.66
91.752
91.66
91.752
91.752
91.66
91.568
91.568
91.66
91.751
91.843
101.03
101.03
101.03
101.03
100.93
100.83
100.93
100.83
100.93
100.93
100.93
100.93
101.03
100.93
100.93
101.03
101.13
101.23
101.23
101.33
101.23
101.23
101.13
101.03
101.13
101.23
101.13
101.23
101.13
101.13
101.13
101.23
101.13
101.23
101.33
101.43
101.43
101.53
101.53
101.63
101.53
101.43
101.43
101.53
101.43
101.53
101.63
101.63
101.74
91.562
91.654
91.562
91.562
91.562
91.653
91.653
91.653
91.745
91.653
91.562
91.653
91.653
91.653
91.653
91.745
91.653
91.745
91.653
91.745
91.653
91.745
91.836
91.836
91.928
91.928
92.02
91.928
91.928
91.928
92.02
91.928
82.735
82.735
82.818
82.901
82.901
82.984
82.901
82.901
82.984
82.901
82.818
82.735
82.735
82.818
82.818
82.818
82.818
82.735
82.652
82.735
82.817
82.9
82.9
82.9
82.817
82.735
82.652
82.652
82.569
82.487
82.404
82.404
82.404
82.404
82.404
82.404
82.404
74.164
74.09
74.015
74.015
74.089
74.015
73.941
73.941
74.015
73.941
74.015
73.941
74.015
74.089
74.015
74.089
74.015
73.941
74.015
73.941
74.015
74.089
74.015
74.015
74.015
74.015
66.613
66.68
66.747
66.68
66.747
66.813
66.746
66.68
66.68
66.746
66.746
66.813
66.88
66.813
66.746
66.813
66.746
66.679
66.613
66.546
66.613
66.679
66.679
66.746
66.746
66.679
66.679
66.746
66.746
66.813
66.813
73.494
73.494
73.567
73.494
73.42
73.347
73.347
73.42
73.347
73.274
73.2
73.2
73.2
73.273
73.273
73.2
73.273
73.273
73.2
73.127
73.054
73.127
73.127
73.2
73.2
73.127
73.127
73.2
73.273
73.346
73.273
73.346
73.346
73.42
73.493
73.567
73.64
81.004
80.923
80.842
80.761
80.761
80.761
80.761
80.842
80.842
80.923
81.004
81.085
81.166
81.166
81.247
81.166
81.247
81.247
81.328
81.41
81.491
81.491
81.41
81.328
89.461
89.55
89.55
89.461
89.461
89.461
89.461
89.371
89.282
89.371
89.461
89.55
89.64
89.729
89.64
89.64
89.729
89.729
89.729
89.729
89.64
89.64
89.55
89.639
89.729
89.729
89.639
89.639
89.639
89.55
89.46
89.371
89.281
89.192
89.103
89.192
89.281
89.192
89.281
89.192
89.192
89.192
89.192
89.192
89.192
89.192
89.103
89.013
89.013
88.924
88.836
88.747
88.747
88.747
88.747
79.872
79.792
79.872
79.872
79.872
79.952
80.032
79.952
79.952
79.952
79.872
79.872
79.792
79.872
79.872
79.792
79.712
79.712
79.792
79.712
79.792
79.871
79.871
79.792
79.792
79.792
79.712
79.792
79.792
79.871
79.791
79.791
79.712
79.712
79.791
79.791
79.871
79.871
79.791
79.712
79.791
79.711
79.711
79.711
79.711
79.632
79.552
79.632
79.711
79.791
79.791
79.711
79.791
79.871
79.791
79.711
79.791
79.791
79.871
79.95
79.95
80.03
79.95
80.03
80.03
80.11
80.19
80.271
80.351
80.431
80.512
80.592
80.673
80.592
80.511
80.592
80.511
80.592
80.511
80.511
80.511
80.431
80.431
80.35
80.27
80.19
80.19
80.11
80.11
80.19
80.109
72.099
72.171
72.098
72.171
72.098
72.026
71.954
71.954
72.026
72.098
72.026
71.954
72.026
71.954
71.882
71.954
71.954
71.882
71.81
71.738
71.738
71.667
71.667
71.738
71.81
71.738
71.81
71.738
71.666
71.738
71.666
71.595
71.595
71.666
71.666
71.738
71.81
71.81
71.881
71.953
71.953
71.881
71.81
71.738
71.738
71.666
71.738
71.738
71.809
71.809
71.738
71.738
71.809
71.881
71.809
71.881
71.809
71.809
71.737
71.737
71.737
71.666
71.594
71.666
71.737
71.665
71.665
71.594
71.665
71.665
71.737
71.737
71.809
71.881
71.881
71.952
72.024
71.952
72.024
72.096
72.168
72.096
72.024
71.952
72.024
71.952
71.88
71.88
71.952
71.952
71.952
72.024
72.096
72.168
72.24
72.313
72.313
72.385
72.312
72.312
72.24
72.168
72.096
72.024
72.024
72.096
72.096
79.305
79.305
79.305
79.305
79.385
79.305
79.384
79.464
79.543
79.464
79.543
79.543
79.623
79.543
79.543
79.543
79.464
79.543
79.543
79.543
79.543
79.623
71.66
71.732
71.804
71.876
71.804
71.875
71.947
72.019
72.019
71.947
71.947
71.875
71.803
71.803
71.732
71.803
71.875
71.803
71.875
71.947
71.875
71.875
71.947
71.875
71.803
71.731
71.731
71.66
71.66
71.731
71.659
71.588
71.588
71.516
71.516
71.445
71.373
71.445
71.516
64.364
64.3
64.3
64.3
64.236
64.172
64.172
64.107
64.107
64.043
63.979
64.043
64.043
64.107
64.171
64.171
64.107
64.107
64.107
64.171
64.236
64.236
64.171
64.171
64.107
64.107
64.043
63.979
63.979
63.979
63.915
63.915
63.979
63.915
63.851
63.915
63.851
63.915
63.851
63.787
63.787
63.723
63.723
63.723
63.787
63.723
63.723
63.659
63.723
63.787
63.851
63.787
63.787
63.787
63.787
70.165
70.095
70.025
69.955
69.955
70.025
70.025
70.025
70.095
70.165
70.235
70.235
70.235
70.306
70.306
70.306
70.376
70.446
70.517
70.517
70.517
63.465
63.465
63.402
63.465
63.465
63.528
63.528
63.465
63.528
63.528
63.592
63.656
63.719
63.655
63.719
63.655
63.592
63.655
63.655
63.655
63.655
63.655
63.592
63.592
63.528
63.465
63.465
63.528
63.465
63.401
63.338
63.274
63.338
63.401
63.338
63.338
63.401
63.464
63.464
63.464
63.401
63.337
63.401
63.401
63.337
63.401
63.401
63.464
63.528
63.591
63.655
63.655
63.718
63.718
63.718
63.718
63.718
63.718
63.655
63.718
63.782
63.718
63.782
63.782
63.782
63.782
63.718
63.782
63.846
63.782
63.718
63.654
63.718
63.654
70.02
69.95
69.88
69.88
69.88
69.95
69.95
69.95
69.95
70.019
70.019
70.089
70.019
69.949
69.879
69.949
69.879
69.879
69.879
69.879
69.949
69.949
69.879
69.809
69.879
69.809
69.74
69.67
69.6
69.67
69.6
69.67
69.67
69.739
69.809
69.739
69.739
69.739
69.67
69.6
69.669
69.669
69.739
69.809
69.739
69.669
69.669
69.739
69.669
69.739
69.739
69.669
69.6
76.559
76.483
76.406
76.483
76.406
76.406
76.406
76.483
76.483
76.483
76.483
76.406
76.406
76.33
76.33
76.254
76.254
76.33
76.406
76.483
76.559
76.482
76.406
76.33
76.33
76.253
76.329
76.253
76.253
76.253
76.177
76.253
76.253
76.329
76.253
76.253
76.253
76.329
76.406
76.482
76.405
76.405
76.482
76.558
76.635
76.712
76.635
76.711
76.788
76.865
76.788
76.865
76.942
76.942
76.865
76.942
76.942
76.865
76.942
77.019
77.096
77.096
77.173
77.173
77.25
77.25
77.25
77.327
77.25
77.327
77.404
77.482
77.559
77.482
77.559
77.637
77.637
77.714
77.637
77.559
77.559
77.481
77.481
77.481
77.559
77.559
77.636
77.559
77.636
77.714
77.792
77.792
77.792
77.87
77.792
77.869
77.947
77.869
77.947
77.869
77.791
77.791
77.714
77.791
77.791
77.791
77.869
77.869
77.869
77.869
77.791
77.714
77.791
77.869
77.869
77.791
77.791
77.869
77.791
77.791
77.713
77.713
77.791
77.791
77.869
77.869
77.791
77.791
77.869
77.869
77.947
77.947
77.947
77.947
77.869
77.869
77.791
77.869
77.869
77.791
77.868
77.868
77.946
78.024
78.024
77.946
77.946
77.946
77.946
77.868
77.946
77.946
77.946
77.868
77.79
77.868
77.79
77.868
77.946
78.024
77.946
78.024
77.946
85.74
85.826
85.74
85.655
85.655
85.655
85.74
85.826
85.74
85.654
85.74
85.74
85.654
85.569
85.483
85.569
85.569
85.569
85.483
85.568
85.483
85.483
85.483
85.483
85.397
85.483
85.397
85.483
85.568
85.568
85.568
94.125
94.125
94.219
94.125
94.219
94.313
94.219
94.313
94.219
94.125
94.219
94.219
94.313
94.313
94.313
94.219
94.219
94.313
94.407
94.407
94.502
94.596
94.502
94.502
94.407
94.313
94.407
94.407
94.407
94.407
94.407
94.407
94.313
94.218
94.124
94.124
94.03
93.936
94.03
94.124
94.218
94.124
94.03
93.936
94.029
93.935
94.029
94.029
94.029
94.029
84.626
84.711
84.711
84.796
84.711
84.796
84.881
84.796
84.711
84.626
84.626
84.541
84.457
84.457
84.372
84.372
84.457
84.541
84.626
84.541
84.457
84.372
84.372
84.457
84.457
84.457
76.011
75.935
76.011
75.935
76.011
76.087
76.163
76.087
76.087
76.011
75.935
75.935
75.859
75.783
75.707
75.783
75.783
75.707
75.783
75.858
75.934
75.858
75.858
75.934
76.01
75.934
75.858
75.934
75.858
75.858
75.934
76.01
76.01
76.086
76.086
76.086
76.01
75.934
75.934
76.01
76.086
76.086
76.086
76.162
76.238
76.162
76.238
76.238
76.314
76.314
76.391
76.314
76.39
76.39
76.467
76.467
76.467
76.543
76.467
76.467
76.543
76.543
76.543
76.62
76.696
76.62
76.543
76.62
76.696
76.773
76.773
76.696
76.773
76.696
76.696
76.619
76.696
76.773
76.849
76.849
76.773
76.773
76.696
76.773
76.849
76.772
76.696
76.619
76.619
76.619
76.619
76.696
76.619
76.619
76.619
76.619
76.619
76.619
76.619
76.696
76.772
76.695
76.772
76.772
76.849
69.164
69.233
69.164
69.095
69.026
69.095
69.095
69.026
69.095
69.095
69.164
69.095
69.095
69.026
68.957
69.025
69.094
69.025
68.956
69.025
69.025
62.123
62.185
62.123
62.061
62.061
61.999
61.999
61.937
61.937
61.875
61.875
61.936
61.936
61.998
61.936
61.998
61.936
61.936
61.874
61.874
61.874
61.874
61.813
61.813
61.813
61.874
61.812
61.812
61.874
61.936
61.936
61.998
62.06
62.122
62.122
62.122
62.184
62.184
62.122
62.06
62.06
62.122
62.184
62.122
62.184
62.184
62.184
62.184
62.184
62.122
62.184
62.122
62.122
62.06
62.122
62.06
62.122
62.184
62.184
62.184
62.184
62.246
62.184
62.184
62.184
62.122
62.059
61.997
61.997
61.935
61.997
61.935
61.997
62.059
62.121
62.121
62.059
62.121
62.121
62.059
62.121
62.121
62.121
62.183
62.183
62.121
62.059
62.121
62.059
62.059
62.059
62.059
62.059
62.059
61.997
62.059
61.997
61.997
61.997
61.935
61.935
61.997
61.997
61.935
61.935
61.935
61.873
61.811
61.811
61.749
61.687
61.749
61.687
61.626
61.687
61.626
61.687
61.749
55.574
55.63
55.574
55.574
55.574
55.63
55.685
55.741
55.741
55.741
55.685
55.685
55.685
55.629
55.574
55.629
55.685
55.741
55.796
55.741
55.685
55.741
55.741
55.685
55.741
55.685
50.116
50.066
50.116
50.116
50.166
50.116
50.166
50.166
50.217
50.217
50.166
50.116
50.166
50.116
50.166
50.166
50.116
50.066
50.066
50.066
50.016
50.016
49.966
49.916
49.916
49.866
49.916
49.916
49.916
49.966
49.966
49.916
49.966
50.016
50.066
50.066
45.059
45.059
45.014
45.014
44.969
44.924
44.924
44.879
44.924
44.924
44.879
44.834
44.879
44.879
44.924
44.879
44.879
44.924
44.969
45.014
45.059
45.014
45.014
45.059
45.104
45.149
45.194
45.239
45.284
45.33
45.33
45.33
45.33
45.375
45.375
45.375
45.375
45.42
45.466
45.466
45.511
45.466
45.42
45.466
45.42
45.466
45.466
45.511
45.511
45.557
45.602
45.648
45.602
45.557
45.511
45.466
45.42
45.466
45.42
45.42
45.375
45.329
45.329
45.284
45.239
45.239
45.284
45.284
45.284
45.239
45.193
45.193
45.193
45.193
45.239
45.284
45.284
45.239
45.284
45.329
45.284
45.238
45.193
45.238
45.193
45.193
45.193
45.193
45.193
45.193
45.193
45.238
45.284
45.284
45.284
45.238
45.238
45.193
45.148
45.148
45.148
45.103
45.103
40.592
40.552
40.511
40.552
40.592
40.552
40.592
40.552
40.552
40.511
40.511
40.511
40.511
40.471
40.511
40.511
40.552
40.592
40.633
40.633
40.592
40.592
40.592
40.552
40.552
40.592
40.552
40.511
40.511
40.47
40.43
40.43
40.47
44.517
44.517
44.517
44.517
44.473
44.428
44.428
44.384
44.428
44.384
44.384
44.384
44.428
44.384
44.34
44.295
44.34
44.34
44.384
44.428
44.473
44.517
44.562
44.606
44.651
44.606
44.562
44.562
44.606
44.606
44.651
44.695
44.74
44.785
44.83
44.874
44.83
44.83
44.785
44.785
44.74
44.695
44.651
44.651
44.606
44.561
44.606
44.561
44.561
44.517
44.517
44.517
44.561
44.561
44.517
44.561
40.105
40.145
40.185
40.145
40.105
40.065
40.065
40.065
40.025
40.065
40.065
40.025
40.025
40.025
40.025
40.025
39.985
39.985
40.025
40.065
40.105
40.105
40.145
40.105
40.105
40.065
40.105
40.065
40.065
40.065
40.105
40.065
40.024
40.065
40.065
40.105
40.145
40.145
40.185
40.145
40.104
40.064
40.104
40.104
40.145
40.145
40.185
40.225
40.225
40.225
40.225
40.185
40.185
40.185
40.225
40.225
40.225
40.185
40.144
40.104
40.104
40.144
40.144
40.144
40.104
40.104
40.064
36.058
36.022
36.058
36.022
36.058
36.058
36.094
36.13
36.166
36.202
36.166
36.13
36.094
36.058
36.021
36.021
36.021
35.985
35.949
35.949
35.914
35.878
35.878
35.842
35.878
35.842
35.842
35.842
35.806
35.77
35.806
35.842
35.842
35.877
35.842
35.877
35.842
35.842
35.806
35.77
35.734
35.77
35.734
35.77
35.734
35.698
35.698
35.734
35.698
35.663
35.627
35.627
35.591
35.591
35.627
35.591
35.591
35.627
35.591
35.627
35.662
35.662
39.229
39.189
39.189
39.229
39.189
39.15
39.189
39.15
39.189
39.189
39.189
39.229
39.229
39.189
39.228
39.228
39.228
39.228
39.228
39.189
39.189
39.228
39.189
39.189
39.15
39.15
39.111
39.111
39.111
39.072
39.033
38.994
38.994
38.955
38.955
38.916
38.877
38.916
38.955
38.916
38.877
38.877
38.877
38.916
38.916
38.916
38.916
38.916
38.955
38.955
38.993
39.032
39.071
39.111
39.15
39.189
39.15
39.11
39.071
39.071
39.11
39.071
39.11
39.11
39.071
39.071
39.071
39.032
38.993
39.032
38.993
38.993
38.993
38.993
38.993
39.032
38.993
38.993
38.993
38.954
38.915
38.915
38.954
38.954
38.915
38.954
38.954
38.993
38.993
39.032
38.993
39.032
38.993
39.032
38.993
39.032
38.993
38.954
38.915
38.876
38.915
38.876
38.876
38.915
38.915
38.954
38.954
38.954
38.915
38.954
38.915
38.876
38.915
38.954
38.993
38.993
38.954
38.954
38.954
38.954
38.954
38.993
38.993
38.993
38.993
38.993
38.993
39.032
39.071
35.164
35.199
35.199
35.199
35.234
35.199
35.234
35.199
35.163
35.128
35.163
35.199
35.199
35.163
35.163
35.163
35.128
35.128
35.163
35.128
35.128
35.093
35.128
35.128
35.093
35.058
35.093
35.058
35.058
35.058
35.093
35.128
35.093
35.093
35.058
35.023
34.988
34.988
34.988
34.953
34.953
34.918
34.918
34.918
34.953
34.988
35.023
34.988
35.023
35.058
35.023
35.023
35.023
35.023
31.52
31.489
31.489
31.457
31.489
31.52
31.552
31.583
31.583
31.552
31.583
31.615
31.615
31.583
31.552
31.583
31.552
31.552
31.552
31.52
31.552
31.52
31.52
31.489
31.457
31.426
31.426
31.457
31.488
31.488
31.457
31.457
31.425
31.457
31.425
28.283
28.255
28.255
28.255
28.226
28.255
28.255
28.255
28.283
28.311
28.283
28.311
28.283
28.283
28.255
28.283
28.283
28.254
28.283
28.283
28.283
28.254
28.226
28.226
28.226
28.254
28.254
28.226
28.226
28.198
28.226
28.226
28.198
28.17
28.198
28.17
28.198
28.226
28.254
28.226
28.254
28.226
28.198
28.17
28.141
28.17
28.141
28.113
28.085
28.113
28.141
28.113
28.085
28.113
28.085
28.085
28.057
30.863
30.894
30.924
30.955
30.955
30.924
30.924
30.924
30.924
30.955
30.986
31.017
30.986
31.017
30.986
30.955
30.955
30.955
30.924
30.924
30.893
30.893
30.924
30.955
30.924
30.893
30.862
27.776
27.776
27.776
27.804
27.776
27.804
27.804
27.804
27.776
27.804
27.776
27.748
27.776
27.804
27.776
27.804
27.804
27.832
27.804
27.804
27.832
27.859
27.887
27.887
27.915
27.915
27.943
27.971
27.971
27.943
27.915
27.943
27.943
27.915
27.887
27.859
27.859
30.645
30.676
30.645
30.615
30.584
30.553
30.553
30.553
30.523
30.553
30.584
30.614
30.584
30.614
30.614
30.614
30.614
30.614
30.614
30.584
30.553
30.523
30.553
30.584
30.614
30.614
30.584
30.553
30.523
30.553
30.523
30.523
30.523
30.553
30.584
33.642
33.676
33.676
33.642
33.676
33.676
33.642
33.642
33.676
33.709
33.709
33.709
33.675
33.709
33.709
33.709
33.709
33.675
33.675
33.675
33.675
33.642
33.608
33.642
33.608
33.574
33.608
33.642
33.608
33.642
33.642
33.608
33.574
33.574
33.608
33.574
33.608
33.642
33.608
33.642
33.608
33.641
33.641
33.608
33.574
33.574
33.608
33.641
33.675
33.675
33.641
33.675
33.709
33.742
33.709
33.675
33.641
33.675
33.675
33.675
33.675
33.675
33.709
33.709
33.709
33.709
33.709
33.709
33.742
33.776
33.742
33.776
33.81
33.776
33.776
33.81
33.776
33.742
33.708
33.708
33.675
33.675
33.708
33.675
33.708
33.742
33.776
33.81
33.843
33.843
33.843
33.877
33.843
33.843
33.843
33.81
33.776
33.776
33.809
33.809
33.776
33.809
33.809
33.776
33.742
33.776
33.776
33.776
33.809
33.809
33.776
33.776
33.809
33.809
33.809
33.843
33.843
33.809
33.843
33.877
33.911
33.877
33.843
33.877
33.877
33.877
33.843
33.877
33.911
33.911
33.945
33.945
33.979
30.581
30.611
30.611
30.642
30.673
30.673
30.703
30.703
30.673
30.703
30.673
30.642
30.611
30.642
30.611
30.581
30.581
30.55
30.519
30.55
30.55
30.55
30.58
30.611
33.672
33.639
33.639
33.605
33.605
33.605
33.571
33.605
33.571
33.605
33.571
33.538
33.504
33.538
33.571
33.571
33.571
33.605
33.605
33.638
33.638
33.638
33.672
33.638
33.638
33.672
33.706
33.706
33.739
33.773
33.807
33.841
33.874
33.841
30.457
30.426
30.456
30.426
30.456
30.456
30.456
30.487
30.487
30.487
30.487
30.517
30.487
30.487
30.487
30.487
30.487
30.456
30.426
30.396
30.396
30.396
30.396
30.426
30.426
30.456
30.456
30.426
30.456
30.487
30.487
30.487
30.456
30.426
30.426
30.395
30.395
30.365
30.395
30.395
30.426
30.395
30.365
30.335
30.304
30.335
30.335
30.335
30.335
30.335
30.365
30.395
30.395
30.365
33.401
33.435
33.435
33.435
33.468
33.435
33.468
33.435
33.468
33.468
33.435
33.435
33.435
33.401
33.435
33.401
33.401
33.401
33.401
33.368
33.368
33.368
33.401
33.435
33.401
33.434
33.468
33.468
33.501
33.501
33.468
33.434
30.091
30.091
30.121
30.151
30.151
30.121
30.121
30.121
30.121
30.121
30.151
30.181
30.151
30.181
30.211
30.242
30.211
30.242
30.272
30.302
30.332
30.363
30.393
30.393
30.363
30.363
30.332
30.332
30.302
30.332
30.302
30.272
30.302
30.332
30.302
30.272
30.302
30.272
30.272
30.241
30.211
30.211
30.241
30.211
30.181
30.211
30.181
30.181
30.151
30.181
30.211
30.241
30.211
30.211
30.181
30.211
27.19
27.163
27.163
27.19
27.19
27.163
27.135
27.108
27.135
27.108
27.135
27.135
27.135
27.108
27.135
27.108
27.108
27.108
27.108
27.135
27.135
27.108
27.135
27.135
27.135
27.162
27.19
27.217
27.244
27.271
27.299
27.326
27.326
27.353
27.353
27.353
27.326
27.326
27.326
27.353
27.381
27.381
27.353
27.326
27.353
27.353
27.326
27.326
27.326
27.353
27.326
27.298
27.326
27.326
27.353
27.353
27.38
27.38
27.408
27.408
27.408
27.435
27.435
27.463
27.49
27.518
27.545
27.518
27.545
27.517
24.766
24.766
24.791
24.791
24.791
24.815
24.79
24.815
24.84
24.84
24.815
24.815
24.815
24.815
24.79
24.815
24.84
24.815
24.815
24.815
24.79
24.815
24.79
24.766
24.766
24.79
24.766
24.766
24.766
24.79
24.766
24.766
24.79
24.815
24.79
27.269
27.269
27.242
27.269
27.269
27.297
27.324
27.324
27.324
27.324
27.324
27.297
27.269
27.296
27.269
27.296
27.324
27.324
27.296
27.324
27.324
27.351
27.378
27.378
27.378
27.351
27.324
24.591
24.591
24.567
24.542
24.567
24.567
24.542
24.567
24.591
24.616
24.591
24.591
24.591
24.616
24.591
24.591
24.567
24.567
24.591
24.567
24.591
24.567
24.542
24.542
24.542
24.542
24.517
24.493
24.493
24.493
24.517
24.542
24.517
24.542
24.517
24.542
24.517
24.517
24.493
24.468
24.468
24.444
24.444
24.419
24.395
24.419
24.395
24.419
24.419
24.419
24.444
24.444
24.444
24.419
24.444
24.444
24.444
24.444
24.444
24.419
24.419
24.419
24.419
24.444
24.468
24.468
24.444
24.419
24.419
24.395
24.37
24.346
24.322
24.346
24.37
24.346
24.37
24.395
24.395
24.37
24.395
24.37
24.346
24.346
24.37
24.395
24.419
24.443
24.443
26.888
26.915
26.888
26.861
26.861
26.861
26.834
26.807
26.807
26.807
26.834
26.861
26.834
26.807
26.834
26.807
26.834
26.807
26.78
26.78
26.807
26.807
26.807
26.807
26.78
29.458
29.429
29.429
29.429
29.458
29.429
29.399
29.37
29.37
29.37
29.37
29.37
29.37
29.37
29.341
29.37
29.341
29.37
29.399
29.399
29.37
29.341
29.37
29.37
29.399
29.399
29.429
29.429
29.399
29.37
29.399
29.429
29.429
29.458
29.458
29.487
29.458
29.487
29.487
29.458
29.487
29.458
29.458
29.428
29.428
29.428
29.458
29.428
29.399
29.37
29.34
29.37
29.37
29.399
29.37
29.399
29.399
29.399
29.428
29.428
29.458
29.428
29.428
32.371
32.371
32.339
32.371
32.339
32.371
32.339
32.339
32.306
32.306
32.339
32.371
32.339
32.339
32.371
32.403
32.371
32.371
32.371
32.403
32.403
32.403
32.403
35.644
35.608
35.572
35.572
35.537
35.537
35.501
35.501
35.501
35.466
35.501
35.466
35.466
35.43
35.43
35.43
35.395
35.43
35.395
35.43
35.395
35.359
35.395
35.43
35.43
35.395
35.395
35.359
35.395
35.43
35.395
35.359
35.359
35.359
35.359
35.324
35.359
35.324
35.289
35.324
35.288
35.253
35.218
35.218
38.74
38.74
38.701
38.662
38.662
38.701
38.662
38.701
38.74
38.778
38.778
38.778
38.817
38.778
38.74
38.778
38.817
38.778
38.739
38.778
38.778
42.656
42.656
42.699
42.741
42.741
42.784
42.827
42.87
42.913
42.87
42.827
42.87
42.827
42.87
42.87
42.87
42.827
42.827
42.87
42.912
42.87
42.827
42.869
42.827
42.827
42.827
42.827
42.784
42.741
42.698
42.698
42.741
42.698
42.741
42.698
42.655
42.698
42.741
42.698
42.655
42.613
42.655
42.613
42.655
42.613
42.57
42.57
42.57
42.613
42.57
42.57
42.613
42.655
42.698
42.655
42.612
42.655
42.698
42.698
42.698
42.74
42.74
42.74
42.783
42.74
42.698
42.698
42.74
42.698
42.655
42.655
42.655
42.655
42.698
42.74
42.74
42.783
42.74
42.697
38.428
38.389
38.428
38.466
38.466
38.466
38.428
38.389
38.351
38.312
38.274
38.274
38.236
38.274
38.236
38.236
38.236
38.274
38.236
38.274
38.236
38.236
38.274
38.312
38.312
38.312
38.351
38.312
38.274
38.236
38.197
38.159
38.121
38.083
38.083
38.083
38.045
38.083
38.045
38.045
38.045
38.007
38.007
38.045
38.045
38.083
38.045
38.045
38.007
37.969
37.931
37.969
37.969
37.931
37.969
37.931
37.969
37.931
37.931
37.931
37.931
37.969
38.007
38.007
38.045
38.045
38.006
38.006
37.968
37.931
41.724
41.682
41.64
41.682
41.682
41.723
41.682
41.64
41.682
41.682
41.682
41.682
41.64
41.598
41.557
41.598
41.64
41.598
41.598
41.598
41.598
41.557
41.598
41.64
41.598
41.64
41.598
41.598
41.598
41.598
41.64
41.64
41.598
41.557
41.515
41.515
41.556
41.556
41.556
41.515
41.473
41.432
41.432
41.432
41.473
41.515
41.515
41.515
41.515
41.473
41.432
41.39
41.349
41.308
41.308
41.349
37.214
37.177
37.214
37.214
37.177
37.14
37.177
37.214
37.177
37.177
37.14
37.102
37.102
37.065
37.102
37.102
37.065
37.028
37.028
37.065
37.102
37.102
37.065
37.102
37.065
37.102
37.139
37.139
37.102
37.139
37.102
37.139
33.425
33.425
33.392
33.359
33.392
33.425
33.392
33.358
33.392
33.358
33.392
33.358
33.325
33.325
33.358
33.358
33.325
33.358
33.358
33.392
33.392
33.392
33.358
33.358
33.325
33.325
33.292
33.292
33.325
33.358
33.358
33.325
33.292
33.258
33.258
33.258
33.225
29.903
29.873
29.843
29.873
29.873
29.873
29.902
29.932
29.962
29.992
30.022
30.052
30.082
30.052
30.052
30.022
30.022
29.992
30.022
30.022
30.022
29.992
29.992
30.022
30.052
30.082
30.052
30.082
30.052
30.082
30.112
30.142
30.172
30.142
30.142
30.172
30.172
30.203
33.223
33.19
33.19
33.223
33.256
33.223
33.19
33.156
33.123
33.09
33.057
33.024
33.024
32.991
32.958
32.925
32.925
32.892
32.892
32.892
32.925
32.958
32.925
32.925
32.925
32.892
32.892
32.925
36.217
36.254
36.217
36.254
36.29
36.29
36.254
36.217
36.254
36.254
36.217
36.253
36.253
36.217
36.181
36.145
36.181
36.181
36.145
36.145
36.181
32.563
32.563
32.563
32.595
32.595
32.628
32.661
32.661
32.661
32.661
32.661
32.661
32.693
32.661
32.628
32.628
32.595
32.628
32.595
32.595
32.595
32.628
32.66
32.66
32.628
32.595
32.628
32.66
32.628
32.595
32.595
32.628
32.66
32.693
32.66
32.693
32.726
32.693
32.693
35.962
35.962
35.998
35.962
35.998
36.034
36.034
36.034
35.998
35.998
35.962
35.926
35.962
35.926
35.926
35.89
35.89
35.854
35.854
35.89
35.854
35.854
35.89
35.854
35.89
35.854
35.818
35.854
35.818
35.783
35.783
35.818
35.854
35.89
35.926
35.962
35.998
35.998
36.034
36.034
36.034
36.034
36.07
36.034
35.998
35.998
35.962
35.998
35.998
35.962
35.926
35.926
35.962
35.998
36.034
35.998
36.034
36.034
36.034
36.034
36.07
36.07
36.106
36.106
36.142
36.106
36.106
36.106
36.069
36.033
35.997
36.033
36.069
36.105
36.142
36.105
36.142
36.178
36.142
36.142
36.105
36.105
36.105
36.105
36.105
36.105
36.105
36.105
39.716
39.756
39.716
39.716
39.676
39.636
39.597
39.636
39.636
39.636
39.676
39.676
39.716
39.755
39.795
39.795
39.835
39.795
39.755
39.795
39.795
39.795
39.795
39.755
39.716
39.716
39.755
39.795
39.795
39.795
39.755
39.795
39.795
39.755
39.795
39.755
39.755
39.795
39.755
39.715
39.755
39.795
39.795
39.835
39.835
39.835
39.874
39.874
39.914
39.954
35.959
35.959
35.923
35.959
35.995
35.995
35.995
35.959
35.995
35.959
35.995
36.031
36.067
36.067
36.067
36.103
36.103
36.067
36.103
36.139
36.175
36.211
36.175
36.139
36.139
36.139
36.103
36.139
36.139
36.175
36.211
36.247
36.284
36.284
36.284
36.284
36.284
36.284
36.284
36.284
36.247
36.247
39.872
39.832
39.832
39.832
39.792
39.792
39.752
39.752
39.713
39.673
39.673
39.633
39.633
39.673
39.673
39.673
39.633
39.673
39.633
39.594
39.633
39.633
39.594
39.594
39.633
39.673
39.673
39.633
39.594
39.633
39.673
39.673
39.673
39.673
39.633
39.633
39.593
39.633
39.633
39.633
39.673
39.633
39.673
39.673
39.673
39.712
39.712
39.673
39.712
39.752
39.752
39.792
39.792
39.832
39.792
39.752
39.792
39.752
43.727
43.727
43.771
43.727
43.727
43.771
43.727
43.727
43.683
43.64
43.683
43.683
43.683
43.683
43.639
43.596
43.596
43.596
43.596
43.552
43.552
43.552
43.596
43.639
43.596
43.596
43.552
43.552
43.552
43.509
43.552
43.596
43.639
43.639
43.639
43.639
43.639
43.596
43.639
43.683
48.051
48.099
48.147
48.195
48.244
48.244
48.195
48.195
48.244
48.244
48.292
48.292
48.292
48.34
48.292
48.34
48.34
48.388
48.437
48.437
48.388
48.34
48.388
48.34
48.34
48.388
48.34
48.34
48.34
48.292
48.292
48.292
48.243
48.195
48.147
48.099
48.147
48.195
48.243
48.291
48.34
48.291
48.34
48.34
48.388
48.388
48.34
48.388
48.388
48.339
48.339
48.388
48.388
48.436
48.388
48.339
48.388
48.388
48.339
48.388
48.436
48.485
48.436
48.484
48.533
48.581
48.581
48.533
48.484
48.436
48.387
48.436
48.484
48.533
48.533
48.484
48.533
48.484
48.484
43.636
43.592
43.636
43.636
43.636
43.679
43.723
43.679
43.636
43.636
43.679
43.723
43.679
43.679
43.723
43.723
43.679
43.723
43.767
43.723
43.679
43.635
43.679
43.635
43.679
43.635
43.635
43.635
43.635
43.592
47.951
47.903
47.951
47.951
47.999
47.999
47.951
47.999
47.999
47.951
47.951
47.903
47.855
47.903
47.903
47.855
47.807
47.807
47.855
47.903
47.855
47.855
47.903
47.903
47.903
47.903
47.95
47.903
47.95
47.998
47.998
47.95
47.902
47.902
47.902
47.902
47.855
47.855
47.807
47.759
47.759
47.807
47.854
47.807
47.807
52.587
52.587
52.587
52.535
52.535
52.482
52.482
52.535
52.587
52.64
52.64
52.587
52.587
52.587
52.64
52.692
52.745
52.692
52.64
52.587
52.64
52.64
52.64
52.692
52.745
52.745
52.745
52.798
52.745
52.692
52.745
52.797
52.85
52.85
52.85
52.903
52.956
53.009
53.009
53.009
53.062
53.009
53.009
53.009
52.956
52.903
52.956
52.956
52.903
52.85
52.797
52.797
52.744
52.744
52.692
52.639
52.692
57.961
57.903
57.903
57.845
57.903
57.903
57.961
57.961
57.903
57.961
57.961
58.019
57.96
58.018
58.076
58.135
58.076
58.076
58.018
58.076
58.018
58.018
57.96
58.018
57.96
57.902
57.96
57.96
57.96
57.96
58.018
58.018
57.96
57.96
57.96
57.96
57.902
57.844
57.786
57.844
57.786
57.729
57.786
57.728
57.728
57.786
57.786
57.728
57.671
57.728
57.728
57.786
57.844
57.902
57.844
57.902
57.902
57.96
57.902
57.96
58.017
58.075
58.017
57.959
57.901
57.844
57.901
57.901
57.843
57.843
57.901
57.843
57.786
57.843
57.786
57.843
57.901
57.901
57.901
57.959
57.901
57.901
57.959
57.959
57.959
58.017
57.959
58.017
52.215
52.215
52.163
52.163
52.111
52.163
52.163
52.163
52.215
52.163
52.111
52.111
52.163
52.111
52.059
52.059
52.006
52.006
51.954
51.903
51.954
51.902
51.954
51.902
51.902
51.954
51.954
51.954
51.902
51.85
51.85
51.902
51.85
51.85
51.85
51.85
51.85
51.902
51.902
51.85
51.85
57.035
56.978
56.921
56.921
56.921
56.921
56.864
56.808
56.864
56.808
56.751
56.807
56.807
56.807
56.807
56.807
56.807
56.807
56.751
56.751
56.807
56.751
56.807
56.751
56.807
56.807
56.751
56.807
56.807
56.807
56.864
56.807
56.864
56.807
56.864
56.921
56.921
56.978
56.921
56.921
56.921
56.978
57.035
57.092
57.035
56.978
62.675
62.675
62.675
62.738
62.801
62.864
62.926
62.926
62.989
62.926
62.989
62.926
62.989
63.052
63.115
63.178
63.242
63.178
63.115
63.115
63.052
63.115
63.178
63.115
63.178
63.115
63.178
63.241
63.178
63.241
63.178
63.178
63.115
63.115
63.178
63.115
63.052
69.357
69.426
69.496
69.565
69.495
69.565
69.495
69.426
69.356
69.426
69.356
69.426
69.426
69.495
69.565
69.495
69.565
69.565
69.495
69.565
69.495
69.495
69.425
69.495
69.564
69.564
69.634
69.704
69.634
69.704
69.634
69.703
69.634
69.564
69.634
69.564
69.494
69.425
69.356
69.286
69.217
69.286
69.355
69.286
69.217
69.148
69.217
69.217
69.286
69.355
69.425
69.355
76.291
76.291
76.291
76.367
76.291
76.291
76.291
76.214
76.29
76.29
76.214
76.29
76.367
76.29
76.214
76.29
76.29
76.214
76.29
76.214
68.593
68.593
68.524
68.524
68.592
68.592
68.592
68.661
68.73
68.73
68.661
68.592
68.661
68.73
68.73
68.73
68.73
68.661
68.661
68.592
68.524
68.455
68.455
68.523
68.592
68.592
68.661
68.729
68.661
68.729
68.729
68.798
68.798
68.798
68.729
68.729
68.798
68.798
68.729
75.602
75.526
75.451
75.526
75.602
75.602
75.526
75.602
75.677
75.602
75.526
75.526
75.602
75.526
75.602
75.526
75.526
75.601
75.526
75.601
75.601
75.677
75.601
75.526
75.526
75.601
75.526
75.601
75.526
75.45
75.45
75.525
75.601
75.677
75.601
75.601
75.525
75.601
75.676
75.601
75.525
75.601
75.525
75.45
75.525
75.601
75.676
75.6
75.676
75.676
75.676
75.676
75.6
75.6
75.676
75.676
75.676
75.676
75.6
75.6
75.525
75.525
75.525
75.6
75.6
75.676
75.752
75.752
75.827
75.903
75.903
75.903
75.903
75.903
75.979
75.979
75.979
76.055
75.979
76.055
75.979
76.055
76.131
76.207
76.283
76.359
76.436
76.436
76.512
76.589
76.589
76.589
68.93
68.93
68.93
68.999
69.068
69.137
69.206
69.137
69.068
69.137
69.137
69.068
69.137
69.206
69.206
69.206
69.137
69.206
69.137
69.137
69.067
69.137
69.206
69.206
69.136
69.136
69.067
69.136
69.067
69.136
69.205
69.275
69.344
69.413
69.344
69.275
69.205
69.136
69.136
69.067
69.136
69.067
69.067
69.067
69.067
69.067
68.998
68.998
68.929
68.929
68.998
68.929
68.929
68.86
68.86
68.929
68.86
68.86
68.929
68.929
68.86
68.791
68.791
68.791
68.722
68.653
68.653
68.653
68.585
68.585
68.585
68.585
68.585
68.516
68.516
68.447
68.447
68.516
68.584
68.584
68.516
68.447
68.516
68.516
68.516
68.584
68.653
68.722
68.79
68.859
68.79
68.721
68.653
68.653
68.584
68.515
68.515
68.584
68.653
61.787
61.787
61.849
61.849
61.911
61.911
61.973
61.911
61.973
62.035
61.973
61.973
62.035
61.973
61.911
61.911
61.849
61.849
61.787
61.787
61.787
61.725
61.663
61.663
61.663
61.663
61.663
61.725
61.725
61.787
61.787
61.725
61.787
61.849
61.849
61.787
61.848
61.91
61.91
61.972
61.91
61.91
61.972
62.034
62.034
62.096
62.158
62.096
62.158
62.158
62.158
62.22
62.158
62.158
62.22
62.22
62.158
62.22
62.282
62.282
62.282
62.282
62.345
62.282
62.282
62.22
62.158
62.158
62.096
62.034
61.972
61.972
61.972
61.972
62.034
62.034
62.034
62.096
62.096
62.096
62.096
62.034
61.971
61.971
61.971
62.033
55.83
55.83
55.83
55.774
55.83
55.83
55.886
55.83
55.83
55.774
55.718
55.663
55.718
55.663
55.663
55.663
55.607
55.551
55.496
55.496
55.44
55.385
55.329
55.274
55.219
55.219
55.164
55.164
55.164
55.108
55.053
54.998
49.498
49.498
49.548
49.498
49.498
49.449
49.498
49.449
49.449
49.399
49.399
49.35
49.399
49.35
49.399
49.449
49.449
49.399
49.399
49.449
49.498
49.548
49.597
49.597
49.647
49.597
49.548
49.548
49.548
49.498
49.449
49.399
49.399
49.399
49.448
49.498
49.448
49.399
49.35
49.35
49.35
49.399
49.448
49.498
49.547
49.597
49.646
49.696
49.646
49.696
49.696
49.746
49.746
49.746
49.696
49.696
49.746
49.696
49.746
49.795
49.746
49.746
49.746
49.746
49.746
49.746
49.746
49.746
49.746
49.746
49.746
49.795
49.745
49.795
49.745
49.795
49.845
49.795
49.745
49.745
49.745
49.795
49.845
49.895
49.845
49.895
49.845
49.795
49.795
49.745
54.72
54.72
54.774
54.72
54.72
54.665
54.665
54.72
54.72
54.665
54.665
54.719
54.774
54.829
54.774
54.774
54.719
54.665
54.719
54.774
54.829
54.884
54.884
54.884
54.884
54.884
54.829
54.829
54.774
54.829
54.774
54.829
54.774
54.774
54.829
54.883
54.938
54.993
54.938
54.993
54.993
55.048
55.048
55.048
55.048
55.103
55.048
55.048
54.993
55.048
54.993
54.938
54.883
54.828
54.828
54.773
54.773
54.773
54.773
54.719
54.773
54.828
54.883
54.938
54.993
54.993
60.492
60.553
60.553
60.613
60.613
60.552
60.613
60.552
60.492
60.431
60.431
60.371
60.371
60.371
60.371
60.431
60.371
60.371
60.31
60.371
60.431
60.492
60.552
60.613
60.613
60.673
60.734
60.795
60.734
60.734
60.673
60.673
60.612
60.612
60.673
60.673
60.612
60.612
60.552
60.612
60.612
60.552
60.612
60.673
60.734
60.794
60.855
60.916
60.855
60.794
60.794
60.855
60.855
60.855
60.794
60.794
60.794
60.794
60.794
60.794
60.794
60.733
60.733
60.733
60.733
60.794
60.794
60.733
60.733
60.794
60.733
60.794
60.855
60.855
60.916
60.855
60.855
60.855
60.916
60.916
60.916
60.976
60.915
60.915
60.915
60.915
60.976
60.976
60.915
60.915
60.976
60.915
60.915
60.915
60.976
61.037
61.037
61.098
61.037
54.933
54.879
54.879
54.824
54.769
54.824
54.878
54.824
54.769
54.714
54.769
54.714
54.714
54.659
54.605
54.55
54.55
54.495
54.55
54.604
54.659
54.604
54.604
54.604
54.55
54.55
49.095
49.046
48.997
48.948
48.948
48.997
48.997
48.997
49.046
49.046
48.997
49.046
49.095
49.144
49.095
49.095
49.045
49.045
49.094
49.144
49.144
49.094
49.094
49.144
49.144
49.193
49.242
49.242
49.242
49.242
49.193
49.193
49.143
49.094
49.143
49.143
49.193
49.143
49.094
49.143
49.143
44.229
44.185
44.141
44.096
44.096
44.096
44.14
44.14
44.14
44.096
44.052
44.052
44.008
44.008
44.052
44.052
44.008
43.964
43.964
44.008
44.052
44.052
44.096
44.14
44.184
44.229
44.273
44.317
44.273
44.317
44.273
44.317
44.273
44.228
44.273
44.273
44.228
44.228
44.184
44.228
44.184
44.14
44.14
44.096
39.686
39.726
39.766
39.805
39.805
39.845
39.885
39.845
39.885
39.885
39.885
39.925
39.885
39.885
39.885
39.845
39.805
39.845
39.845
39.885
39.845
39.845
39.885
39.885
43.873
43.917
43.917
43.961
44.005
44.049
44.005
43.961
44.005
43.961
43.961
44.005
43.961
43.917
43.873
43.829
43.785
43.829
43.829
43.785
43.829
43.829
43.829
43.829
43.829
43.829
43.829
43.785
43.741
48.116
48.116
48.068
48.019
47.971
47.923
47.923
47.971
47.971
47.923
47.923
47.875
47.828
47.828
47.828
47.875
47.875
47.875
47.828
47.78
47.78
47.828
47.828
47.875
47.923
47.971
48.019
47.971
47.971
47.923
47.923
47.923
47.875
47.827
47.827
52.61
52.61
52.557
52.505
52.557
52.505
52.452
52.4
52.347
52.4
52.452
52.505
52.505
52.557
52.557
52.61
52.662
52.715
52.715
52.662
52.61
52.557
52.504
52.452
52.452
52.504
52.452
52.504
47.254
47.254
47.301
47.301
47.254
47.254
47.207
47.207
47.159
47.207
47.207
47.159
47.112
47.065
47.065
47.065
47.065
47.112
47.112
47.065
47.065
47.018
46.971
46.971
46.924
46.971
46.971
46.971
46.924
46.971
46.924
46.924
46.924
46.877
46.83
46.783
46.736
46.69
46.736
46.783
46.736
46.69
46.736
46.783
46.83
46.877
46.83
46.783
46.736
46.689
46.643
46.596
46.643
46.643
46.596
46.549
46.503
46.456
46.456
46.456
46.503
46.503
46.549
46.549
46.549
46.503
46.456
46.503
46.503
46.549
46.503
46.549
46.549
46.596
46.642
46.596
46.549
46.549
46.503
46.549
46.596
51.255
51.255
51.306
51.255
51.204
51.255
51.204
51.204
51.255
51.255
51.306
51.255
51.255
51.204
51.255
51.255
51.255
51.306
51.255
51.255
51.306
51.357
51.409
51.46
51.409
51.409
51.46
51.46
51.409
51.46
51.512
51.46
51.46
51.409
51.409
51.46
51.512
51.563
51.563
51.615
51.615
51.563
51.615
51.666
51.718
51.718
51.77
51.718
56.89
56.89
56.946
56.946
57.003
57.06
57.117
57.117
57.175
57.117
57.117
57.117
57.06
57.06
57.003
57.06
57.06
57.003
56.946
56.946
56.946
56.889
56.832
56.889
56.946
56.889
56.889
56.946
57.003
57.003
57.06
51.354
51.354
51.303
51.251
51.303
51.251
51.302
51.251
51.302
51.251
51.251
51.2
51.2
51.2
51.251
51.251
51.251
51.302
51.251
51.2
51.251
51.2
51.2
51.2
51.2
51.149
51.2
51.2
51.2
46.08
46.08
46.034
45.988
46.034
45.988
45.988
46.034
45.987
46.033
45.987
46.033
46.079
46.079
46.033
46.079
46.126
46.172
46.218
46.264
46.218
46.218
46.172
46.218
46.218
46.264
46.31
46.31
46.356
46.356
46.403
46.403
46.449
46.449
46.403
46.356
46.31
46.356
46.356
46.403
46.449
46.403
46.356
46.356
46.403
46.356
46.31
46.356
46.356
46.31
46.356
46.402
46.356
46.402
46.356
46.31
46.263
46.217
46.171
46.217
46.217
46.217
46.171
46.171
46.217
46.171
46.125
46.171
46.217
46.171
46.171
46.125
46.125
46.125
46.125
46.171
46.124
46.078
46.124
46.078
46.032
46.078
41.47
41.429
41.388
41.429
41.388
41.429
41.429
41.429
41.429
41.47
41.47
41.512
41.553
41.512
41.553
41.595
41.595
41.553
41.512
41.47
41.512
41.553
41.595
41.636
41.636
41.636
41.636
41.595
41.553
41.595
41.595
41.553
41.511
41.553
45.708
45.708
45.708
45.708
45.708
45.708
45.754
45.754
45.754
45.708
45.708
45.708
45.663
45.617
45.617
45.571
45.617
45.617
45.662
45.662
45.617
45.662
45.662
45.708
45.662
45.617
45.617
45.662
45.617
45.662
45.662
45.708
45.708
45.708
45.662
45.662
45.617
45.617
45.571
45.571
45.571
45.525
45.571
45.525
40.973
40.932
40.932
40.891
40.85
40.891
40.891
40.85
40.891
40.891
40.85
40.891
40.932
40.932
40.891
40.891
40.891
40.932
40.973
40.932
40.932
40.891
40.932
40.972
41.013
41.054
41.095
41.095
41.137
41.178
41.137
41.095
41.136
41.178
41.136
41.178
41.136
41.178
41.178
41.136
41.095
41.054
41.095
41.095
36.986
37.023
37.06
37.023
37.06
37.097
37.134
37.097
37.134
37.171
37.171
37.171
37.134
37.134
37.097
37.134
37.171
37.171
37.208
37.208
37.171
37.171
37.208
37.208
37.245
37.208
37.208
37.208
37.171
37.171
37.208
37.208
37.208
37.245
37.245
37.245
37.282
37.282
37.245
37.282
37.32
37.282
37.245
37.245
37.282
33.554
33.554
33.52
33.52
33.52
33.554
33.588
33.621
33.655
33.655
33.655
33.621
33.621
33.655
33.688
33.688
33.655
33.688
33.722
33.688
33.655
33.655
33.688
33.655
33.688
33.722
33.756
33.756
33.756
33.789
33.823
33.789
33.756
33.789
33.756
33.789
33.823
33.823
33.823
33.857
33.857
33.823
33.789
33.755
33.789
33.823
30.441
30.471
30.502
30.532
30.532
30.563
30.593
30.593
30.593
30.593
30.563
30.563
30.532
30.563
30.593
30.593
30.624
30.654
30.685
30.654
30.685
30.654
30.685
30.685
30.654
30.685
30.685
30.716
30.716
30.746
30.777
30.777
30.808
30.808
30.777
30.808
30.777
30.808
30.808
30.777
30.777
30.746
30.746
30.777
30.777
30.746
27.672
27.644
27.672
27.699
27.727
27.755
27.782
27.755
27.782
27.782
27.782
27.782
27.81
27.782
27.81
27.838
27.838
27.866
27.866
27.838
27.81
27.81
27.81
27.782
27.782
27.754
27.782
27.754
27.782
30.56
30.591
30.591
30.591
30.56
30.56
30.591
30.56
30.591
30.621
30.621
30.652
30.621
30.621
30.652
30.683
30.652
30.683
30.683
30.683
30.652
30.652
30.683
30.713
30.744
30.713
30.683
30.713
30.683
30.713
30.744
30.713
30.713
30.682
30.652
30.652
30.652
30.621
30.591
30.56
30.56
30.529
30.499
30.499
30.468
30.499
30.529
30.529
30.56
30.529
30.499
30.529
30.499
30.468
30.438
30.468
30.438
30.468
30.468
30.499
30.529
30.56
30.59
30.56
30.59
30.59
30.59
30.56
30.529
30.56
30.529
30.529
30.498
30.498
30.498
30.529
30.498
30.468
33.515
33.548
33.515
33.548
33.548
33.548
33.548
33.515
33.515
33.548
33.582
33.548
33.582
33.548
33.582
33.582
33.582
33.548
33.582
33.615
33.615
33.615
33.649
33.649
33.683
33.649
33.682
33.649
33.649
33.649
33.615
33.582
33.615
33.581
33.548
33.514
33.514
33.514
33.481
33.481
33.514
33.514
33.481
33.481
33.514
33.514
33.481
33.514
33.481
33.481
33.447
33.414
33.38
33.38
33.414
33.38
33.38
33.38
33.38
33.38
33.347
33.347
33.38
33.38
33.38
33.38
33.38
33.414
33.414
33.414
33.38
33.347
33.347
33.314
33.347
33.38
33.414
33.38
33.414
33.38
33.347
33.313
36.645
36.608
36.608
36.608
36.608
36.645
36.608
36.571
36.571
36.535
36.498
36.462
36.498
36.498
36.535
36.571
36.571
36.535
36.571
36.571
36.608
36.571
36.608
36.608
36.644
36.681
36.718
36.718
36.718
36.755
36.755
36.755
36.755
36.791
36.828
36.865
36.902
36.865
36.865
36.865
36.902
36.902
36.865
36.902
36.902
36.902
36.902
36.902
36.939
36.976
36.976
33.278
33.311
33.311
33.345
33.345
33.311
33.278
33.245
33.278
33.245
33.245
33.245
33.278
33.278
33.245
33.245
33.278
33.245
33.211
33.245
33.211
33.178
33.178
33.211
33.211
33.178
33.145
33.112
33.145
33.178
33.178
33.211
33.244
33.278
33.278
33.244
33.278
33.278
33.278
33.311
33.278
33.278
33.311
33.277
33.277
33.277
33.244
33.277
33.277
33.244
33.211
33.244
33.244
33.211
33.178
33.178
33.145
36.459
36.495
36.532
36.495
36.495
36.532
36.532
36.532
36.568
36.605
36.568
36.605
36.642
36.605
36.605
36.568
36.532
36.532
36.532
36.568
36.568
36.532
36.495
36.459
36.495
36.495
36.495
36.495
36.459
36.459
36.459
36.422
36.386
36.349
36.313
36.277
36.24
36.204
36.204
36.168
36.168
36.204
36.204
36.204
36.168
36.168
36.204
36.168
36.204
36.168
36.132
36.096
36.132
36.132
36.096
36.059
36.096
36.096
36.096
36.096
36.132
36.132
36.168
36.168
36.204
36.168
36.204
36.168
32.551
32.551
32.518
32.486
32.453
32.486
32.453
32.486
32.486
32.486
32.518
32.486
32.486
32.518
32.518
32.551
32.518
32.518
32.486
32.486
32.486
32.453
32.421
32.388
32.356
32.356
32.388
32.356
32.324
32.356
32.356
32.323
32.323
32.291
32.291
32.259
32.259
32.227
32.194
32.194
32.162
32.13
32.098
32.098
32.066
32.034
32.034
32.002
31.97
31.938
31.938
31.906
31.874
31.906
31.906
28.715
28.744
28.773
28.773
28.773
28.773
28.801
28.83
28.83
28.859
28.859
28.859
28.859
28.859
28.83
28.859
28.888
28.917
28.888
28.859
28.888
28.859
28.83
28.859
28.83
28.859
28.888
28.859
28.83
28.859
28.859
28.859
28.83
28.859
28.859
28.859
28.859
28.83
28.859
28.888
28.859
28.859
28.888
28.916
28.945
26.051
26.051
26.025
26.051
26.025
26.051
26.025
26.025
26.025
26.051
26.025
26.025
26.051
26.051
26.077
26.103
26.129
26.155
26.129
26.129
26.155
26.129
26.129
26.129
26.129
26.129
26.129
26.103
26.129
26.155
26.155
26.181
26.155
26.155
26.155
26.129
26.103
26.077
26.051
28.656
28.684
28.713
28.742
28.713
28.742
28.77
28.799
28.828
28.857
28.886
28.886
28.915
28.943
28.943
28.972
29.001
29.001
29.001
29.03
29.03
29.059
29.03
29.03
29.001
29.001
29.03
29.059
29.088
29.117
29.147
29.176
29.176
29.147
32.061
32.029
32.029
32.029
31.997
32.029
31.997
32.029
32.061
32.029
31.997
32.029
32.061
32.061
32.061
32.093
32.093
32.125
32.157
32.125
32.125
32.125
32.125
32.093
32.125
32.125
32.125
32.093
32.093
32.093
32.061
32.061
32.061
32.029
32.061
32.061
32.093
32.125
32.157
32.157
32.189
32.189
32.157
32.125
32.093
32.093
32.061
32.093
32.125
32.093
32.093
32.125
32.157
32.125
32.157
32.157
32.157
32.125
32.125
32.157
32.189
32.221
32.221
32.254
32.286
32.318
32.318
32.318
32.318
32.318
32.318
32.286
32.253
32.286
32.253
32.221
32.221
32.189
32.221
32.221
32.221
32.253
35.479
35.479
35.479
35.479
35.479
35.479
35.514
35.479
35.514
35.479
35.479
35.443
35.479
35.514
35.55
35.514
35.514
35.478
35.478
35.478
35.478
35.514
35.514
35.549
35.514
35.549
35.514
35.549
35.549
35.549
35.585
35.549
35.585
35.621
35.585
35.62
35.656
35.62
35.656
35.62
35.656
35.62
35.62
35.656
35.692
35.656
35.656
35.62
35.656
35.692
35.656
35.692
35.692
35.727
35.727
35.727
35.692
35.692
35.692
35.727
35.691
35.656
35.656
32.09
32.122
32.122
32.09
32.122
32.09
32.058
32.026
31.994
31.962
31.994
31.994
32.026
32.058
32.058
32.09
32.122
32.09
32.122
32.09
32.09
32.09
32.122
32.154
32.122
32.122
32.09
32.122
32.154
32.154
32.154
32.154
32.122
32.154
32.154
32.186
35.405
35.405
35.405
35.405
35.369
35.334
35.334
35.369
35.334
35.334
35.299
35.263
35.228
35.228
35.228
35.193
35.228
35.228
35.263
35.299
35.299
35.334
35.299
35.263
35.263
35.263
35.228
35.263
35.228
35.228
35.193
35.228
35.193
35.193
35.228
35.228
35.263
35.228
35.263
35.263
35.228
35.263
35.298
35.334
35.369
35.404
35.44
31.896
31.896
31.896
31.896
31.896
31.896
31.928
31.928
31.928
31.896
31.928
31.928
31.896
31.864
31.864
31.832
31.864
31.864
31.832
31.832
31.864
31.832
31.832
31.864
31.864
31.832
31.832
31.832
31.8
31.8
31.768
31.8
31.832
31.832
31.832
31.864
31.864
31.864
31.895
31.927
31.927
31.895
31.864
31.864
31.832
31.8
31.832
28.648
28.677
28.706
28.706
28.734
28.763
28.763
28.734
28.706
28.706
28.706
28.734
28.763
28.734
28.734
28.734
28.734
28.734
28.734
28.763
28.792
28.792
28.763
28.734
28.763
28.734
28.706
28.734
28.706
28.677
28.677
28.648
28.648
28.648
28.677
28.648
28.62
28.591
28.619
28.619
28.648
28.677
28.705
28.677
28.677
28.648
28.677
28.705
28.734
28.763
28.734
28.734
28.763
28.763
28.792
28.763
28.792
28.792
28.82
28.791
28.791
28.763
28.763
31.639
31.671
31.671
31.702
31.702
31.734
31.702
31.671
31.671
31.639
31.607
31.576
31.576
31.576
31.607
31.639
31.639
31.67
31.702
31.734
31.766
31.734
31.734
31.734
31.734
31.734
34.907
34.872
34.907
34.872
34.837
34.872
34.907
34.907
34.942
34.907
34.872
34.837
34.802
34.837
34.802
34.802
34.768
34.802
34.837
34.872
34.907
34.872
34.907
34.872
34.872
34.837
34.872
34.872
34.907
34.942
34.907
34.872
38.359
38.321
38.282
38.244
38.244
38.282
38.321
38.321
38.321
38.282
38.282
38.244
38.282
38.32
38.32
38.359
38.359
38.32
38.359
38.397
38.397
38.359
38.359
38.397
38.397
38.435
38.435
34.592
34.557
34.557
34.523
34.488
34.488
34.523
34.557
34.523
34.523
34.523
34.488
34.523
34.488
34.454
34.488
34.523
34.523
34.557
34.523
34.557
34.523
34.488
34.454
34.488
34.522
34.522
34.557
34.592
34.592
34.557
34.591
34.626
34.591
34.557
34.557
34.557
34.591
34.557
34.557
34.557
34.591
34.591
34.626
34.626
34.626
34.591
34.557
34.557
34.591
34.626
34.661
34.661
34.661
34.626
34.661
34.695
34.695
34.73
34.765
34.799
34.765
34.73
34.695
38.165
38.126
38.088
38.088
38.088
38.126
38.088
38.088
38.088
38.126
38.126
38.126
38.088
38.05
38.012
38.012
38.05
38.088
38.088
38.088
38.126
38.164
38.203
38.241
38.202
38.202
38.241
38.241
38.241
38.241
38.202
38.241
38.202
38.241
38.279
38.317
38.317
38.355
38.355
38.394
38.355
38.394
38.355
38.317
38.355
38.355
38.394
34.554
34.554
34.589
34.623
34.623
34.623
34.589
34.554
34.589
34.623
34.658
34.658
34.658
34.658
34.623
34.589
34.623
34.623
34.589
34.554
34.589
34.589
34.623
34.658
34.693
38.162
38.124
38.162
38.124
38.162
38.124
38.162
38.123
38.123
38.162
38.123
38.162
38.2
38.238
38.238
38.276
38.314
38.314
38.314
38.314
38.353
38.353
38.391
38.391
38.391
38.43
38.468
34.621
34.587
34.621
34.586
34.552
34.517
34.483
34.517
34.552
34.552
34.586
34.552
34.517
34.483
34.517
34.517
34.483
34.517
34.517
34.483
34.448
31.003
31.034
31.003
31.003
31.034
31.003
30.972
30.972
31.003
30.972
31.003
31.003
31.034
31.003
31.003
31.003
30.972
30.941
30.91
30.91
34.001
34.035
34.035
34.035
34.069
34.069
34.069
34.103
34.103
34.103
34.103
34.069
34.103
34.069
34.103
34.069
34.103
34.137
34.137
34.103
34.103
34.069
34.069
34.035
34.069
34.103
34.103
34.069
34.103
34.069
34.035
34.035
34.069
34.069
34.103
34.069
34.035
34.069
34.035
34.069
34.069
34.035
34.035
34.035
34.001
33.967
34.001
34.035
34.035
34.069
34.035
34.035
34.035
34.001
37.401
37.363
37.401
37.438
37.438
37.438
37.476
37.513
37.551
37.551
37.551
37.588
37.588
37.588
37.551
37.588
37.626
37.663
37.626
37.588
37.55
37.588
37.55
37.588
37.626
37.588
37.626
37.626
37.663
37.625
37.625
37.588
37.55
37.55
37.588
37.55
37.55
37.513
37.55
37.588
37.55
37.55
37.513
37.55
37.55
37.55
37.513
37.475
37.513
37.513
37.55
37.512
37.55
37.512
37.475
37.437
37.475
37.437
37.437
37.437
37.4
37.437
37.475
37.475
37.475
37.475
37.475
37.475
37.437
37.437
37.475
37.475
37.512
37.475
37.475
37.437
37.4
37.4
37.362
37.325
37.288
37.288
37.325
37.362
37.4
37.362
37.362
37.325
37.325
37.362
37.325
37.362
37.362
37.4
37.4
37.437
37.437
37.437
37.4
37.4
37.362
37.4
37.437
37.4
33.66
33.693
33.693
33.66
33.66
33.626
33.626
33.659
33.626
33.626
33.626
33.626
33.592
33.559
33.592
33.559
33.592
33.626
33.592
33.559
33.592
33.626
33.592
33.626
33.659
33.693
33.727
33.693
33.727
33.727
33.727
33.727
33.727
33.727
33.693
33.693
33.727
33.693
33.693
33.659
33.693
33.659
33.693
33.659
33.659
33.659
33.693
33.693
33.726
33.726
33.76
33.76
37.136
37.173
37.21
37.21
37.248
37.285
37.322
37.285
37.322
37.285
37.248
37.21
37.21
37.21
37.21
37.21
37.21
37.21
37.21
37.21
37.173
37.21
37.247
37.247
37.285
37.247
37.247
37.247
37.247
37.247
37.21
37.21
37.21
37.247
37.285
37.322
37.285
37.285
37.322
37.359
37.359
37.322
37.359
37.359
37.322
37.359
37.359
33.623
33.657
33.657
33.657
33.657
33.657
33.691
33.691
33.724
33.724
33.758
33.792
33.792
33.758
33.724
33.758
33.792
33.758
33.758
33.792
33.792
30.412
30.443
30.443
30.443
30.443
30.473
30.504
30.504
30.534
30.565
30.595
30.565
30.534
30.534
30.565
30.534
30.504
30.473
30.443
30.412
30.443
30.443
30.443
30.412
30.382
30.412
30.412
30.443
30.473
30.503
30.503
30.503
30.503
30.503
30.534
30.534
30.503
30.503
30.473
30.503
30.473
30.442
30.442
30.412
30.442
30.473
30.473
30.442
30.473
30.442
30.473
33.52
33.487
33.453
33.42
33.453
33.42
33.42
33.42
33.453
33.453
33.42
33.42
33.42
33.42
33.42
33.386
33.353
33.353
33.386
33.353
33.353
33.386
33.386
33.419
33.419
33.386
33.419
33.386
33.386
33.353
30.017
30.017
30.017
30.017
30.017
30.047
30.017
30.017
30.047
30.047
30.077
30.047
30.047
30.017
29.987
30.017
29.987
30.017
29.987
29.987
30.017
30.047
30.017
30.017
30.047
30.077
30.077
30.107
30.137
30.137
30.137
30.137
33.151
33.118
33.151
33.118
33.151
33.118
33.118
33.118
33.085
33.085
33.085
33.118
33.085
33.085
33.085
33.085
33.118
33.085
33.052
33.019
33.052
33.085
33.118
33.085
33.085
33.118
33.085
33.085
33.085
33.052
33.018
33.051
33.018
32.985
32.952
32.952
32.985
33.018
33.018
33.051
33.051
33.018
32.985
32.952
32.952
32.985
33.018
33.051
33.051
33.084
33.051
33.018
33.018
32.985
32.985
33.018
32.985
32.985
32.952
32.985
33.018
33.018
33.051
33.051
33.084
33.117
33.15
33.184
33.184
33.184
33.217
29.895
29.925
29.955
29.955
29.955
29.985
29.955
29.925
29.895
29.865
29.895
29.925
29.895
29.895
29.895
29.895
29.865
29.865
29.865
29.835
29.805
29.805
29.775
29.775
29.805
29.805
29.775
29.746
29.775
29.746
29.775
29.746
29.775
29.746
29.746
29.746
29.716
29.716
29.686
29.686
29.656
29.627
29.597
29.627
29.656
29.656
29.686
29.686
29.716
29.745
26.771
26.771
26.798
26.771
26.798
26.771
26.798
26.771
26.744
26.771
26.744
26.771
26.771
26.798
26.824
26.824
26.851
26.824
26.824
26.824
24.142
24.142
24.142
24.142
24.142
24.166
24.19
24.19
24.166
24.19
24.214
24.19
24.19
24.19
24.19
24.19
24.166
24.166
24.19
24.214
24.19
24.166
24.166
24.142
24.142
24.142
24.142
24.118
24.093
24.118
24.093
24.118
24.118
24.118
24.142
24.166
24.19
24.19
24.166
24.142
24.142
24.117
24.142
24.166
24.19
24.166
24.142
24.142
24.166
24.142
24.166
24.19
24.166
24.19
24.214
24.19
24.19
24.166
24.19
24.214
24.238
24.214
24.19
24.166
24.19
24.214
24.214
24.238
21.814
21.814
21.792
21.771
21.792
21.771
21.771
21.771
21.749
21.727
21.705
21.727
21.749
21.749
21.749
21.727
21.727
21.705
21.727
21.705
23.876
23.9
23.924
23.948
23.924
23.948
23.971
23.995
24.019
24.043
24.043
24.043
24.019
23.995
24.019
24.043
24.019
24.043
24.043
24.067
24.067
24.043
24.067
24.091
24.091
24.116
26.527
26.554
26.527
26.501
26.501
26.527
26.554
26.554
26.58
26.607
26.607
26.607
26.58
26.58
26.554
26.58
26.554
26.554
26.58
26.553
26.527
26.527
26.5
26.5
26.527
26.553
23.898
23.874
23.85
23.874
23.85
23.874
23.898
23.898
23.874
23.874
23.85
23.85
23.826
23.803
23.803
23.826
23.85
23.85
23.874
23.85
23.874
23.874
26.261
26.288
26.314
26.34
26.34
26.314
26.34
26.367
26.367
26.393
26.419
26.393
26.419
26.419
26.446
26.472
26.446
26.446
26.419
26.393
26.366
26.34
26.314
26.287
26.261
26.235
26.209
26.235
26.209
26.182
26.156
26.13
26.13
26.104
26.13
26.156
26.156
26.156
26.182
26.182
26.156
26.182
26.209
26.209
26.209
26.235
26.261
26.261
26.261
26.235
26.208
26.208
26.208
26.235
26.261
26.287
23.658
23.635
23.658
23.682
23.658
23.658
23.682
23.682
23.658
23.635
23.611
23.635
23.658
23.658
23.658
23.658
23.682
23.706
23.729
23.729
23.729
23.706
23.706
23.729
23.706
23.682
23.658
23.682
23.706
23.706
23.706
23.706
23.682
23.658
23.682
23.682
23.682
23.658
23.658
23.658
23.658
23.682
23.658
23.658
23.682
23.658
23.658
23.658
23.634
23.634
23.611
23.634
23.634
25.998
25.998
25.972
25.998
25.998
25.998
25.998
25.972
25.998
25.998
25.998
25.972
25.946
25.946
25.92
25.894
25.894
25.92
25.92
25.894
25.894
25.868
25.894
25.92
25.92
25.894
23.305
23.328
23.328
23.305
23.305
23.281
23.258
23.258
23.235
23.258
23.235
23.211
23.211
23.235
23.211
23.235
23.211
23.211
23.211
23.211
23.211
23.235
23.211
23.188
23.211
23.235
23.211
23.211
23.188
23.165
23.188
23.211
23.211
23.211
23.188
25.507
25.481
25.507
25.481
25.456
25.43
25.43
25.43
25.456
25.43
25.456
25.456
25.43
25.43
25.456
25.456
25.456
25.481
25.481
25.481
25.481
25.456
25.43
25.43
25.43
25.43
25.405
27.945
27.973
28.001
27.973
27.945
27.945
27.917
27.889
27.917
27.889
27.861
27.861
27.834
27.806
27.806
27.806
27.806
27.778
27.778
27.778
27.75
27.75
27.722
24.95
24.925
24.95
24.95
24.95
24.95
24.95
24.95
24.95
24.975
25
25.025
25.025
25.025
25.05
25.025
25.025
25.05
25.05
25.075
25.05
25.025
25.05
25.075
25.075
25.1
25.1
25.125
25.15
25.15
25.15
25.176
27.693
27.665
27.665
27.693
27.665
27.638
27.665
27.638
27.61
27.582
27.555
27.582
27.555
27.555
27.527
27.555
27.527
27.5
27.5
27.472
27.445
24.7
24.676
24.7
24.676
24.651
24.626
24.626
24.626
24.651
24.626
24.626
24.651
24.651
24.626
24.626
24.626
24.651
24.626
24.651
24.626
24.602
24.626
24.626
24.601
24.601
24.577
24.577
24.577
24.601
24.577
24.601
24.601
24.577
24.577
24.552
24.528
24.528
24.503
24.479
24.454
24.479
24.479
24.479
24.479
24.503
24.479
24.503
24.528
24.503
24.503
24.479
24.479
24.479
24.479
24.454
24.43
24.405
24.381
24.405
24.381
24.381
24.356
24.332
24.356
24.332
24.356
24.381
24.381
24.405
24.405
24.405
24.405
24.429
24.405
24.405
24.381
24.405
24.405
24.429
24.405
24.405
24.405
24.429
24.429
24.429
24.454
24.454
24.478
24.454
24.478
24.454
24.429
24.454
24.429
24.405
24.38
24.356
24.356
24.332
24.307
24.332
24.307
24.307
24.332
24.307
24.283
24.307
24.332
24.356
24.38
24.405
24.405
24.429
24.405
24.38
24.356
24.356
24.38
24.356
24.38
24.38
24.38
24.405
26.845
26.818
26.791
26.791
26.791
26.765
26.791
26.791
26.765
26.738
26.711
26.738
26.738
26.765
26.791
26.791
26.765
26.791
26.818
26.818
26.818
26.818
26.845
26.872
26.899
26.926
26.952
26.952
26.979
26.979
26.979
27.006
27.033
27.033
27.006
27.006
27.006
26.979
26.952
26.925
26.952
26.952
26.979
26.979
27.006
27.033
27.033
27.06
27.087
27.114
27.087
27.114
29.826
29.796
29.766
29.796
29.766
29.736
29.707
29.677
29.647
29.618
29.588
29.618
29.588
29.618
29.588
29.618
29.618
29.647
29.677
29.677
29.647
29.647
29.647
29.618
29.618
29.588
29.588
29.588
29.588
29.618
29.588
29.588
29.558
29.529
29.499
29.499
29.499
29.499
29.499
29.529
29.558
29.529
29.499
29.529
29.558
29.529
29.529
29.529
29.529
29.558
29.529
29.529
29.499
29.47
29.47
29.499
29.529
29.558
29.588
29.588
29.588
29.558
29.528
29.499
29.499
29.499
32.449
32.481
32.449
32.416
32.449
32.481
32.449
32.416
32.416
32.384
32.351
32.319
32.287
32.255
32.222
32.19
32.222
32.19
32.19
32.19
32.19
32.19
32.158
32.19
32.222
32.19
32.19
32.19
32.19
32.222
32.19
32.158
32.19
32.158
32.158
32.126
32.126
32.093
32.126
32.126
32.158
32.125
32.125
32.158
32.19
32.222
32.19
32.222
32.222
32.19
32.158
32.125
32.125
32.125
32.093
32.093
32.061
32.029
32.061
32.061
28.855
28.855
28.855
28.855
28.826
28.855
28.826
28.855
28.855
28.826
28.826
28.826
28.855
28.855
28.855
28.855
28.855
28.884
28.913
28.942
28.913
28.942
28.942
28.913
28.884
28.884
28.855
28.826
28.855
28.884
28.855
28.855
31.74
31.772
31.804
31.836
31.804
31.804
31.804
31.772
31.772
31.74
31.708
31.708
31.74
31.772
31.772
31.772
31.804
31.804
31.804
31.804
31.772
31.74
31.772
31.74
31.772
31.772
31.804
31.772
31.803
31.803
31.835
31.835
31.867
31.899
31.867
31.899
31.867
31.835
31.803
31.835
31.835
31.867
31.835
31.803
31.835
31.803
31.771
31.803
31.803
31.771
31.803
31.835
31.867
31.867
31.899
31.899
31.899
31.867
31.835
31.867
31.867
31.899
31.931
31.962
31.93
31.899
31.93
31.93
31.962
31.93
31.962
31.93
31.898
35.088
35.088
35.088
35.053
35.053
35.088
35.053
35.018
35.053
35.088
35.123
35.158
35.123
35.123
35.088
35.088
35.088
35.123
35.123
35.123
35.158
35.194
35.229
35.229
35.264
35.299
35.299
35.299
35.299
35.334
35.334
35.37
