100.1
100.2
100.3
100.3
100.4
100.4
100.4
100.5
100.6
100.6
100.5
100.4
100.4
100.4
100.4
100.5
100.4
100.5
100.5
100.4
100.5
100.4
100.5
100.4
100.3
100.3
100.4
100.3
100.4
100.4
100.3
90.269
90.36
90.269
90.36
90.45
90.45
90.54
90.631
90.722
90.631
90.54
90.45
90.54
90.54
90.54
90.631
90.54
90.631
90.54
90.631
90.54
90.54
90.63
90.54
90.63
90.63
90.63
81.567
81.567
81.486
81.404
81.323
81.323
81.404
81.404
81.486
81.567
81.567
81.567
81.567
81.567
81.567
81.567
81.486
81.486
81.404
81.404
81.323
81.323
81.241
81.241
81.16
81.079
81.079
81.079
80.998
80.917
80.836
80.917
80.836
80.836
80.755
80.755
80.674
80.755
80.836
80.755
80.755
80.836
80.755
80.835
80.835
80.835
72.752
72.825
72.898
72.97
72.97
72.97
72.97
72.97
73.043
73.116
73.043
73.043
73.043
73.043
72.97
72.897
72.897
72.97
72.97
72.897
72.97
72.897
72.97
72.897
72.97
72.97
73.043
72.97
72.897
72.897
72.897
72.97
73.043
73.116
73.189
73.116
73.189
73.116
73.043
73.116
73.043
73.043
73.116
73.042
72.969
72.969
73.042
73.042
73.042
72.969
72.969
73.042
73.115
73.042
73.115
73.115
73.042
73.115
73.042
73.042
72.969
80.266
80.346
80.427
80.346
80.426
80.507
80.507
80.507
80.587
80.587
80.507
80.507
80.426
80.426
80.507
80.507
80.587
80.507
80.507
80.507
80.507
80.507
80.507
80.426
80.426
80.346
80.426
80.346
80.346
80.346
88.38
88.38
88.38
88.469
88.38
88.468
88.557
88.646
88.557
88.468
88.557
88.645
88.557
88.557
88.557
88.645
88.557
88.645
88.645
88.734
79.86
79.86
79.94
79.94
79.94
79.86
79.86
79.94
79.86
79.94
79.94
80.02
80.1
80.02
80.1
80.18
80.18
80.1
80.18
80.18
80.1
80.18
80.1
80.1
80.02
88.022
87.934
87.846
87.758
87.758
87.846
87.758
87.846
87.846
87.758
87.845
87.758
87.845
87.845
87.845
87.845
87.845
87.933
87.933
87.845
87.757
87.845
87.757
87.757
87.67
87.67
87.67
87.67
87.582
87.494
87.582
87.669
87.582
87.582
87.669
87.582
87.582
87.494
87.494
87.582
87.582
87.669
87.669
87.581
87.669
87.669
87.669
87.757
87.669
87.581
87.669
87.581
87.494
87.581
87.581
87.494
87.581
87.493
87.493
87.581
96.339
96.339
96.339
96.435
96.435
96.532
96.435
96.339
96.242
96.146
96.05
95.954
95.954
95.858
95.858
95.858
95.954
95.954
96.05
95.954
95.954
95.954
95.858
95.762
95.762
95.666
95.762
95.858
95.954
95.858
95.858
95.762
95.858
95.762
95.762
95.666
95.57
95.475
95.379
95.379
95.475
95.379
95.474
95.57
95.57
95.474
95.57
95.474
95.474
95.57
105.13
105.02
105.02
104.92
105.02
104.92
105.02
105.13
105.23
105.34
105.23
105.34
105.34
105.44
105.34
105.34
105.23
105.13
105.23
105.34
105.44
105.55
105.55
105.44
105.44
105.55
105.65
105.76
105.76
105.65
105.65
105.55
105.65
105.76
105.86
105.86
105.86
105.76
105.76
105.65
105.76
105.86
105.97
105.86
105.86
105.86
105.76
105.86
105.76
105.76
105.86
116.45
116.33
116.33
116.22
116.1
115.98
115.98
116.1
115.98
115.98
115.98
116.1
115.98
115.87
115.75
115.87
115.87
115.98
115.87
115.87
115.87
115.75
115.87
115.75
115.87
115.75
115.64
115.64
115.75
115.87
115.75
115.64
115.64
115.52
115.52
115.64
115.52
115.64
115.64
115.52
103.97
103.86
103.76
103.66
103.66
103.55
103.45
103.45
103.35
103.45
103.55
103.55
103.55
103.55
103.55
103.45
103.35
103.24
103.35
103.24
103.14
103.04
102.93
102.83
102.83
102.83
102.73
102.62
102.52
102.52
102.52
102.62
102.52
102.52
102.42
102.32
102.21
102.11
102.11
102.01
102.01
101.91
101.81
101.81
101.7
101.81
101.7
101.6
101.7
101.6
101.6
101.7
101.6
101.7
101.7
101.6
91.442
91.442
91.35
91.259
91.259
91.35
91.442
91.533
91.533
91.533
91.625
91.533
91.442
91.442
91.442
91.442
91.442
91.35
91.35
91.259
91.167
91.259
91.259
91.35
91.259
91.35
91.258
91.167
91.258
91.258
91.167
91.076
91.167
91.258
91.258
91.258
91.349
91.349
91.258
91.167
91.076
90.985
90.985
91.076
91.076
90.984
91.075
91.167
91.075
91.075
91.166
91.075
90.984
90.984
90.893
90.984
90.984
90.893
90.984
90.984
91.075
90.984
91.075
91.075
91.075
90.984
91.075
90.984
90.893
90.802
90.893
90.984
90.893
90.983
90.983
90.893
90.983
90.983
90.892
90.802
90.802
90.892
90.983
91.074
90.983
90.892
90.983
90.983
90.983
91.074
90.983
90.983
90.892
90.892
90.801
90.801
90.71
90.801
90.71
90.71
90.619
99.681
99.681
99.681
99.582
99.681
99.781
99.681
99.681
99.681
99.781
99.881
99.981
99.981
99.881
99.881
99.781
99.88
99.88
99.88
99.781
99.781
99.88
99.98
99.88
99.88
99.88
99.98
99.88
99.98
99.98
99.88
89.892
89.892
89.892
89.892
89.892
89.892
89.982
90.072
90.162
90.072
90.162
90.162
90.072
90.072
90.162
90.072
90.162
90.252
90.162
90.162
90.162
90.072
90.072
89.981
89.891
89.981
89.891
89.801
89.712
89.801
89.891
89.891
89.801
89.801
89.801
89.711
89.711
89.711
89.801
89.711
89.711
89.622
89.532
89.622
89.622
89.532
89.622
89.711
89.711
89.801
89.711
89.621
89.532
89.621
89.621
89.711
89.621
89.532
89.621
89.531
89.531
89.442
89.531
89.531
89.442
89.352
89.442
89.352
89.263
89.352
89.263
89.263
89.263
89.352
89.263
89.173
89.084
89.173
89.084
89.084
89.084
89.173
89.084
89.084
88.995
89.084
88.995
88.995
88.906
97.797
97.699
97.699
97.796
97.699
97.699
97.601
97.699
97.796
97.894
97.796
97.894
97.796
97.796
97.796
97.796
97.796
97.796
97.894
97.796
97.894
97.894
97.992
88.193
88.104
88.192
88.192
88.192
88.281
88.192
88.192
88.192
88.104
88.104
88.192
88.28
88.28
88.28
88.192
88.28
88.28
88.28
88.28
88.28
88.369
88.457
88.369
88.369
88.457
88.368
88.457
88.457
88.457
88.368
88.457
88.545
88.457
88.545
88.545
88.545
88.634
88.722
88.722
88.634
88.634
88.545
88.633
88.722
88.811
88.722
88.722
88.811
88.9
88.9
88.9
88.811
88.811
88.811
88.811
88.811
88.811
88.899
88.811
88.811
88.899
88.81
88.899
88.899
88.988
80.089
80.089
80.009
80.089
80.169
80.25
80.169
80.249
80.33
80.33
80.249
80.33
80.33
80.249
80.33
80.33
80.249
80.329
80.249
80.249
80.169
88.186
88.186
88.274
88.274
88.186
88.097
88.186
88.097
88.097
88.186
88.097
88.185
88.097
88.185
88.185
88.274
88.185
88.273
88.273
88.273
79.446
79.446
79.367
79.446
79.525
79.525
79.446
79.446
79.525
79.605
79.525
79.525
79.446
79.366
79.287
79.208
79.287
79.366
79.366
79.287
79.366
79.287
79.287
79.366
79.366
79.445
79.445
79.525
79.445
79.366
79.445
79.445
79.366
79.445
79.366
79.366
79.445
87.39
87.302
87.389
87.302
87.302
87.302
87.389
87.389
87.389
87.302
87.389
87.302
87.389
87.389
87.389
87.302
87.389
87.302
87.302
87.302
96.032
95.936
95.936
96.032
95.936
95.84
95.84
95.936
96.032
96.032
95.936
95.936
95.936
95.84
95.744
95.84
95.84
95.744
95.648
95.648
95.552
95.648
95.552
95.552
95.457
95.457
95.457
95.552
95.457
95.361
95.456
95.361
95.361
95.266
95.17
95.266
95.266
95.266
95.17
95.265
95.17
95.17
95.075
104.58
104.48
104.58
104.48
104.48
104.48
104.37
104.27
104.16
104.16
104.27
104.16
104.06
104.16
104.06
104.16
104.27
104.16
104.06
103.96
104.06
104.06
104.06
103.96
104.06
104.06
104.16
104.16
104.06
104.06
104.16
104.27
104.27
104.37
104.48
104.58
104.69
104.79
104.69
104.69
104.69
104.58
104.58
104.58
104.69
104.58
104.69
104.69
104.69
94.217
94.217
94.311
94.217
94.217
94.123
94.217
94.311
94.405
94.311
94.217
94.122
94.216
94.311
94.405
94.499
94.594
94.594
94.499
94.499
94.405
94.405
94.31
94.31
94.216
94.31
94.405
94.405
94.31
94.404
94.31
94.404
94.499
94.499
94.404
94.499
94.404
94.404
94.404
94.499
94.593
94.593
94.688
94.593
94.498
94.593
94.688
94.688
94.593
94.593
94.498
94.498
94.498
94.404
94.498
94.404
94.404
94.498
103.95
103.95
104.05
103.95
103.84
103.95
103.84
103.95
104.05
103.95
103.95
103.84
103.95
103.84
103.95
103.84
103.95
103.95
103.84
103.95
104.05
103.95
103.84
103.95
103.84
103.84
103.84
103.95
103.95
103.84
103.95
103.84
103.84
103.74
114.11
114
114
114
114
114.11
114.11
114.11
114.11
114.23
114.11
114.23
114.23
114.11
114.11
114
113.88
113.77
113.88
113.88
113.77
113.66
113.77
113.66
113.66
113.54
113.43
113.43
113.54
113.43
113.43
113.32
113.43
113.54
113.43
113.43
113.54
113.43
113.54
113.54
113.66
102.29
102.19
102.29
102.29
102.39
102.29
102.19
102.19
102.09
101.98
101.88
101.88
101.88
101.78
101.88
101.88
101.78
101.88
101.98
102.09
102.19
102.08
101.98
101.98
102.08
102.19
102.29
102.29
102.29
102.39
102.39
102.29
102.39
102.49
102.39
102.49
102.49
102.6
102.6
102.7
102.6
102.7
102.7
102.8
92.521
92.521
92.521
92.521
92.429
92.336
92.244
92.152
92.059
92.152
92.059
91.967
92.059
91.967
92.059
92.151
92.151
92.151
92.243
92.243
92.243
92.243
92.243
92.151
92.151
92.151
92.243
92.336
92.336
92.336
92.428
92.428
92.52
92.52
92.613
92.52
92.428
92.335
92.428
92.428
92.428
92.52
92.427
92.52
92.52
92.52
92.427
92.335
92.427
92.427
92.52
92.427
92.427
92.427
92.427
92.52
92.612
92.612
92.612
92.705
92.612
92.612
92.705
92.705
92.612
92.705
92.612
92.612
92.612
101.87
101.97
101.97
101.87
101.77
101.77
101.87
101.77
101.77
101.77
101.87
101.97
101.87
101.77
101.87
101.77
101.67
101.67
101.57
101.67
101.57
101.57
101.57
111.72
111.72
111.61
111.61
111.5
111.61
111.61
111.72
111.61
111.5
111.61
111.72
111.61
111.72
111.61
111.61
111.72
111.61
111.72
111.72
111.72
100.55
100.55
100.65
100.55
100.55
100.55
100.55
100.55
100.55
100.45
100.45
100.35
100.45
100.35
100.45
100.55
100.65
100.55
100.55
100.45
100.55
100.45
100.45
100.45
110.49
110.49
110.38
110.49
110.6
110.6
110.6
110.6
110.6
110.72
110.83
110.94
110.83
110.94
110.83
110.72
110.72
110.72
110.6
110.72
110.6
110.6
110.49
121.54
121.66
121.54
121.42
121.3
121.18
121.06
121.18
121.06
120.94
120.82
120.82
120.82
120.82
120.82
120.69
120.82
120.69
120.82
120.69
120.57
120.69
120.57
120.69
120.69
120.57
120.57
120.45
120.33
120.45
120.45
120.45
120.57
120.45
120.57
120.57
120.57
108.52
108.41
108.41
108.52
108.52
108.52
108.62
108.62
108.73
108.84
108.84
108.84
108.73
108.84
108.95
108.95
109.06
108.95
109.06
108.95
108.84
108.84
108.73
108.84
108.84
108.95
108.95
109.06
108.95
108.95
108.95
108.84
108.73
108.62
108.62
108.73
108.62
108.73
108.84
108.95
108.95
109.06
108.95
109.06
109.06
109.06
98.152
98.152
98.054
98.054
98.152
98.054
97.956
97.858
97.956
97.956
97.956
98.054
97.956
98.054
97.956
98.054
98.152
98.152
98.152
98.25
98.152
98.25
98.25
98.348
98.25
98.348
98.348
98.25
98.151
98.25
98.25
98.348
98.249
98.151
98.053
97.955
97.955
97.955
97.857
97.759
97.857
97.857
97.857
97.955
97.857
97.955
97.955
97.955
98.053
98.151
98.249
98.347
98.249
98.249
98.151
98.151
98.151
98.249
98.15
98.249
98.249
98.15
88.335
88.335
88.247
88.247
88.335
88.424
88.512
88.423
88.423
88.423
88.512
88.512
88.423
88.423
88.512
88.423
88.335
88.247
88.247
88.335
88.246
88.158
88.07
88.07
88.07
87.982
87.982
87.894
87.806
87.806
87.806
87.718
87.631
87.718
87.806
87.718
87.718
87.63
87.543
87.543
87.543
87.543
87.543
87.543
87.63
87.543
87.455
87.455
87.368
87.455
87.368
87.368
87.28
96.008
96.104
96.008
96.104
96.104
96.008
95.912
95.912
95.816
95.912
95.816
95.72
95.624
95.624
95.529
95.529
95.433
95.433
95.433
95.338
95.243
95.338
95.338
95.338
95.338
95.338
95.338
95.433
95.529
95.529
95.529
95.433
95.528
95.528
95.433
95.433
95.433
95.528
95.433
95.528
95.433
95.433
95.337
95.337
95.242
95.337
95.433
95.528
95.432
95.432
95.528
95.432
95.528
95.432
95.432
95.337
95.337
95.432
95.528
95.623
95.623
95.719
95.814
95.814
95.91
95.814
95.91
95.91
95.814
86.233
86.233
86.147
86.233
86.233
86.147
86.06
85.974
85.888
85.888
85.888
85.802
85.802
85.717
85.631
85.631
85.631
85.545
85.545
85.631
85.545
85.631
85.545
85.631
85.716
85.631
85.545
85.631
85.545
85.459
85.459
85.374
85.459
85.374
85.374
85.459
94.005
93.911
93.911
93.911
93.911
93.817
93.911
94.005
94.005
94.005
94.005
94.099
94.193
94.099
94.099
94.099
94.005
93.911
94.005
94.005
94.099
94.005
94.005
94.005
94.099
94.193
94.287
94.287
94.381
94.475
94.381
94.475
94.475
94.475
94.475
94.475
94.57
94.57
94.57
94.57
94.664
94.664
94.57
94.57
94.57
94.664
94.664
94.664
94.664
94.759
94.854
94.949
94.854
94.949
94.949
94.854
94.759
94.759
94.853
94.759
94.664
94.664
94.569
94.475
94.38
94.286
94.286
94.38
94.286
94.38
94.38
94.38
94.474
94.38
94.38
94.286
94.38
94.285
94.38
94.474
94.38
94.474
94.38
94.285
94.379
94.379
94.379
94.379
94.379
94.379
94.474
94.474
94.379
94.379
94.285
94.285
94.191
94.096
94.002
94.096
94.002
93.908
93.814
93.814
93.908
93.814
93.908
94.002
94.096
94.19
94.19
94.284
94.284
94.284
94.284
94.19
94.096
94.002
93.908
93.814
93.72
93.814
93.72
93.626
93.72
93.72
93.814
93.907
93.813
93.907
93.907
93.907
94.001
94.095
94.095
94.189
94.283
94.378
94.283
94.378
94.283
94.189
94.189
94.283
94.377
94.283
94.283
94.377
94.283
94.189
94.283
94.283
94.283
94.377
94.472
94.377
94.471
94.471
94.471
94.471
94.566
94.66
94.755
94.66
94.66
94.66
94.66
94.755
94.85
94.85
94.85
94.755
94.85
94.755
94.755
94.85
104.33
104.23
104.23
104.23
104.23
104.13
104.02
104.02
103.92
103.92
103.92
103.81
103.81
103.92
103.81
103.81
103.81
103.71
103.81
103.92
103.92
103.92
104.02
104.02
103.92
104.02
103.92
103.81
103.71
103.81
103.71
103.81
103.71
103.71
103.81
103.92
103.92
103.92
104.02
104.12
104.23
104.12
104.23
104.23
104.33
104.23
104.33
104.33
104.23
104.23
104.33
104.33
104.44
104.33
104.44
104.33
104.33
104.23
104.23
104.12
104.23
104.23
104.23
104.12
104.02
103.92
104.02
104.12
104.12
104.12
104.02
104.02
104.12
104.02
104.12
104.02
104.12
104.02
104.02
103.92
103.92
103.92
103.92
103.81
103.71
103.71
103.81
103.92
103.92
103.81
103.71
103.6
103.5
103.6
103.5
103.4
103.4
103.5
103.4
103.29
103.29
103.4
103.4
103.4
103.5
103.4
103.5
103.6
103.5
103.5
103.6
103.71
103.6
103.6
103.5
103.4
103.4
103.5
103.4
103.4
103.4
103.5
103.4
103.5
103.5
103.6
93.242
93.242
93.149
93.149
93.149
93.149
93.149
93.056
93.149
93.242
93.149
93.056
93.056
93.056
93.056
93.149
93.242
93.149
93.149
93.055
93.149
93.055
93.055
93.148
102.46
102.36
102.26
102.26
102.16
102.05
101.95
101.85
101.95
101.95
101.85
101.95
102.05
102.05
102.05
102.05
102.05
102.16
102.16
102.05
101.95
101.95
101.95
102.05
102.05
102.05
102.05
102.16
102.16
102.26
102.16
102.26
102.16
102.05
102.05
102.16
102.16
102.16
102.26
102.16
102.16
102.26
102.36
102.26
102.26
102.36
102.26
102.36
102.36
102.36
92.123
92.123
92.123
92.031
92.031
92.123
92.215
92.308
92.215
92.308
92.215
92.307
92.307
92.307
92.215
92.215
92.215
92.215
92.215
92.307
92.215
92.123
92.031
92.031
92.031
91.939
91.847
91.847
91.939
91.939
91.939
91.847
91.847
91.755
91.663
91.755
91.663
91.571
91.48
91.48
91.388
91.48
91.571
91.48
91.571
91.479
91.571
91.571
91.571
91.571
91.479
91.571
91.662
91.571
91.479
91.388
91.479
91.571
91.571
91.571
91.479
91.571
91.571
91.479
91.57
91.479
91.387
91.296
91.296
91.296
91.205
91.205
91.296
91.296
91.296
91.387
91.387
91.479
91.387
91.296
91.387
91.387
91.387
91.478
91.387
91.387
91.296
91.204
91.295
91.295
91.295
91.204
91.295
91.295
91.204
91.113
91.204
91.113
91.113
91.113
91.113
91.204
91.204
91.204
91.295
91.386
91.478
91.478
91.569
91.661
91.569
91.569
91.569
91.661
91.661
91.661
91.569
91.661
91.569
91.661
91.752
91.66
91.752
91.752
91.752
91.66
91.752
91.66
91.66
91.752
100.93
100.93
100.93
100.93
100.83
100.73
100.83
100.73
100.83
100.83
100.83
100.83
100.93
100.83
100.83
100.93
101.03
101.13
101.13
101.23
101.13
101.13
101.03
100.93
101.03
101.13
101.03
101.13
101.03
101.03
101.03
101.13
101.03
101.13
101.23
101.33
101.33
101.43
101.43
101.53
101.43
101.33
101.33
101.33
101.43
101.33
101.43
101.43
101.53
91.38
91.471
91.379
91.379
91.379
91.471
91.471
91.471
91.562
91.471
91.379
91.471
91.471
91.471
91.471
91.562
91.471
91.562
91.47
91.562
91.47
91.562
91.653
91.653
91.745
91.745
91.745
91.837
91.745
91.837
91.837
91.745
82.57
82.57
82.653
82.736
82.736
82.818
82.736
82.736
82.818
82.735
82.653
82.57
82.57
82.653
82.653
82.653
82.653
82.57
82.487
82.57
82.652
82.735
82.735
82.735
82.652
82.57
82.487
82.487
82.405
82.322
82.24
82.24
82.322
82.24
82.322
82.322
82.322
74.09
74.016
73.942
73.942
74.016
73.942
73.868
73.868
73.942
73.868
73.942
73.868
73.942
74.015
73.941
74.015
73.941
73.867
73.941
73.867
73.867
73.941
73.867
73.941
73.941
73.941
66.547
66.614
66.68
66.614
66.68
66.747
66.68
66.613
66.613
66.68
66.68
66.747
66.813
66.747
66.68
66.747
66.68
66.613
66.546
66.48
66.546
66.613
66.613
66.68
66.68
66.68
66.613
66.68
66.613
66.613
66.613
73.274
73.274
73.347
73.274
73.201
73.128
73.128
73.201
73.128
73.054
72.981
72.981
72.981
73.054
73.054
72.981
73.054
73.054
72.981
72.908
72.835
72.908
72.908
72.981
72.981
72.908
72.908
72.981
73.054
73.127
73.054
73.054
72.981
73.054
72.981
72.981
73.054
80.359
80.279
80.198
80.118
80.118
80.118
80.118
80.198
80.198
80.279
80.359
80.439
80.52
80.52
80.6
80.52
80.6
80.6
80.6
80.519
80.6
80.519
80.519
80.439
88.483
88.571
88.571
88.483
88.483
88.483
88.483
88.394
88.306
88.394
88.483
88.571
88.66
88.748
88.659
88.659
88.748
88.748
88.748
88.748
88.659
88.659
88.571
88.659
88.748
88.748
88.659
88.659
88.659
88.571
88.482
88.394
88.305
88.217
88.129
88.217
88.305
88.217
88.305
88.217
88.217
88.217
88.217
88.217
88.217
88.217
88.128
88.04
88.04
88.04
88.128
88.04
88.128
88.128
88.128
79.315
79.236
79.315
79.315
79.315
79.395
79.474
79.394
79.394
79.394
79.315
79.315
79.236
79.315
79.315
79.236
79.156
79.156
79.236
79.156
79.236
79.315
79.315
79.235
79.235
79.235
79.156
79.235
79.235
79.315
79.235
79.235
79.156
79.156
79.235
79.235
79.314
79.314
79.235
79.156
79.235
79.156
79.156
79.156
79.156
79.077
78.998
79.077
79.156
79.235
79.235
79.156
79.235
79.314
79.235
79.155
79.235
79.235
79.314
79.393
79.393
79.473
79.393
79.472
79.472
79.552
79.631
79.711
79.791
79.871
79.95
80.03
80.11
80.03
79.95
80.03
79.95
80.03
79.95
79.95
79.95
79.87
79.87
79.79
79.711
79.711
79.79
79.71
79.79
79.79
79.71
71.739
71.811
71.739
71.811
71.739
71.667
71.596
71.596
71.667
71.739
71.667
71.596
71.667
71.596
71.524
71.596
71.596
71.524
71.452
71.381
71.381
71.31
71.31
71.381
71.452
71.381
71.452
71.381
71.309
71.381
71.309
71.238
71.238
71.309
71.309
71.381
71.452
71.452
71.523
71.595
71.595
71.523
71.452
71.38
71.38
71.309
71.38
71.38
71.452
71.452
71.38
71.38
71.452
71.523
71.451
71.523
71.451
71.451
71.38
71.38
71.38
71.309
71.237
71.308
71.38
71.308
71.308
71.237
71.308
71.308
71.38
71.38
71.451
71.522
71.522
71.594
71.666
71.594
71.666
71.737
71.809
71.737
71.665
71.594
71.665
71.594
71.522
71.522
71.594
71.594
71.594
71.665
71.737
71.809
71.88
71.952
71.952
72.024
71.952
71.952
71.88
71.88
71.808
71.88
71.808
71.808
71.808
78.989
78.989
78.989
78.989
79.068
78.989
79.068
79.147
79.226
79.147
79.226
79.226
79.305
79.226
79.226
79.226
79.226
79.305
79.226
79.305
79.305
79.385
71.446
71.518
71.589
71.661
71.589
71.661
71.732
71.804
71.804
71.732
71.732
71.66
71.589
71.589
71.517
71.589
71.66
71.589
71.66
71.732
71.66
71.66
71.732
71.66
71.588
71.517
71.517
71.445
71.445
71.517
71.445
71.374
71.374
71.374
71.445
71.374
71.445
71.445
71.517
64.365
64.301
64.301
64.301
64.236
64.172
64.172
64.108
64.108
64.044
63.98
64.044
64.044
64.108
64.172
64.172
64.108
64.108
64.108
64.172
64.236
64.236
64.172
64.172
64.107
64.107
64.043
63.979
63.979
63.979
63.915
63.915
63.979
63.915
63.851
63.915
63.851
63.915
63.851
63.787
63.787
63.724
63.724
63.724
63.787
63.724
63.724
63.66
63.723
63.723
63.66
63.723
63.66
63.66
63.66
70.026
69.956
69.886
69.816
69.816
69.886
69.886
69.886
69.955
70.025
70.095
70.095
70.095
70.166
70.166
70.166
70.236
70.166
70.236
70.236
70.236
63.212
63.212
63.149
63.212
63.212
63.275
63.275
63.212
63.275
63.275
63.338
63.402
63.465
63.402
63.465
63.402
63.338
63.402
63.402
63.402
63.402
63.402
63.338
63.338
63.275
63.212
63.212
63.275
63.212
63.148
63.085
63.022
63.085
63.148
63.085
63.085
63.148
63.211
63.211
63.211
63.148
63.085
63.148
63.148
63.085
63.148
63.148
63.211
63.274
63.338
63.401
63.401
63.464
63.464
63.464
63.464
63.464
63.464
63.401
63.464
63.528
63.464
63.528
63.528
63.528
63.528
63.464
63.528
63.528
63.464
63.528
63.464
63.464
63.401
69.741
69.671
69.601
69.601
69.601
69.671
69.671
69.671
69.671
69.74
69.74
69.81
69.74
69.671
69.601
69.671
69.601
69.601
69.601
69.601
69.67
69.67
69.601
69.531
69.601
69.531
69.462
69.392
69.323
69.392
69.323
69.392
69.392
69.461
69.531
69.461
69.461
69.461
69.392
69.322
69.392
69.392
69.461
69.531
69.461
69.392
69.392
69.392
69.322
69.392
69.322
69.322
69.253
76.178
76.102
76.026
76.102
76.026
76.026
76.026
76.102
76.102
76.102
76.102
76.026
76.026
75.95
75.95
75.874
75.874
75.95
76.026
76.102
76.178
76.102
76.025
75.949
75.949
75.873
75.949
75.873
75.873
75.873
75.798
75.873
75.873
75.949
75.873
75.873
75.873
75.949
76.025
76.101
76.025
76.025
76.101
76.177
76.253
76.33
76.253
76.329
76.406
76.482
76.406
76.482
76.559
76.559
76.482
76.559
76.559
76.482
76.558
76.635
76.712
76.712
76.788
76.788
76.865
76.865
76.865
76.942
76.865
76.942
77.019
77.096
77.173
77.096
77.173
77.25
77.25
77.327
77.25
77.173
77.173
77.096
77.096
77.096
77.173
77.173
77.25
77.173
77.25
77.327
77.404
77.404
77.404
77.482
77.404
77.482
77.559
77.482
77.559
77.482
77.404
77.404
77.327
77.404
77.404
77.404
77.481
77.481
77.481
77.481
77.404
77.326
77.404
77.481
77.481
77.404
77.404
77.481
77.404
77.404
77.326
77.326
77.404
77.404
77.481
77.481
77.404
77.404
77.481
77.481
77.558
77.558
77.558
77.558
77.481
77.481
77.403
77.481
77.481
77.403
77.481
77.481
77.558
77.636
77.636
77.558
77.558
77.558
77.558
77.481
77.558
77.558
77.558
77.48
77.403
77.48
77.403
77.403
77.325
77.403
77.325
77.325
77.248
84.973
85.058
84.973
84.888
84.888
84.888
84.973
85.058
84.973
84.888
84.973
84.973
84.888
84.803
84.718
84.803
84.803
84.803
84.718
84.803
84.718
84.718
84.718
84.718
84.633
84.633
84.548
84.633
84.548
84.548
84.548
93.003
93.003
93.096
93.003
93.096
93.189
93.096
93.189
93.096
93.003
93.096
93.096
93.189
93.189
93.189
93.096
93.096
93.189
93.282
93.282
93.375
93.469
93.375
93.375
93.282
93.188
93.282
93.282
93.282
93.282
93.282
93.282
93.188
93.095
93.002
93.002
92.909
92.816
92.909
93.002
93.095
93.002
92.909
92.816
92.816
92.909
92.816
92.909
92.909
92.909
83.618
83.701
83.701
83.785
83.701
83.785
83.869
83.785
83.701
83.617
83.617
83.534
83.45
83.45
83.367
83.367
83.45
83.534
83.617
83.534
83.534
83.617
83.533
83.617
83.617
83.617
75.255
75.18
75.255
75.18
75.255
75.33
75.406
75.33
75.33
75.255
75.18
75.18
75.105
75.029
74.954
75.029
75.029
74.954
75.029
75.104
75.179
75.104
75.104
75.179
75.255
75.179
75.104
75.179
75.104
75.104
75.179
75.254
75.254
75.33
75.33
75.33
75.254
75.179
75.179
75.254
75.329
75.329
75.329
75.405
75.48
75.405
75.48
75.48
75.556
75.556
75.631
75.555
75.631
75.631
75.707
75.707
75.707
75.782
75.707
75.707
75.782
75.782
75.782
75.858
75.934
75.858
75.782
75.858
75.934
76.01
76.01
75.934
76.01
75.934
75.934
75.858
75.934
76.01
76.086
76.086
76.009
76.009
75.933
76.009
76.085
76.009
75.933
75.857
75.857
75.857
75.857
75.933
75.857
75.857
75.857
75.857
75.857
75.857
75.857
75.857
75.933
75.857
75.933
75.933
76.009
68.408
68.476
68.408
68.34
68.271
68.34
68.34
68.271
68.339
68.339
68.408
68.339
68.339
68.271
68.203
68.203
68.271
68.203
68.271
68.271
68.271
61.444
61.505
61.444
61.382
61.382
61.321
61.321
61.26
61.26
61.198
61.198
61.26
61.26
61.321
61.259
61.321
61.259
61.259
61.198
61.198
61.198
61.198
61.137
61.137
61.137
61.198
61.137
61.137
61.198
61.259
61.259
61.321
61.382
61.443
61.443
61.443
61.505
61.505
61.443
61.382
61.382
61.443
61.505
61.443
61.504
61.504
61.504
61.504
61.504
61.443
61.504
61.443
61.443
61.381
61.443
61.381
61.443
61.504
61.504
61.504
61.504
61.566
61.504
61.504
61.504
61.443
61.381
61.32
61.32
61.259
61.32
61.258
61.32
61.381
61.442
61.442
61.381
61.442
61.442
61.381
61.442
61.442
61.442
61.504
61.504
61.442
61.381
61.442
61.381
61.381
61.381
61.381
61.381
61.381
61.319
61.381
61.319
61.319
61.319
61.258
61.258
61.319
61.319
61.258
61.258
61.258
61.197
61.135
61.135
61.074
61.013
61.074
61.074
61.135
61.074
61.135
61.135
61.196
55.077
55.132
55.077
55.077
55.077
55.132
55.187
55.242
55.242
55.242
55.187
55.187
55.187
55.132
55.077
55.132
55.187
55.242
55.297
55.242
55.242
55.297
55.242
55.297
55.297
55.242
49.718
49.668
49.718
49.718
49.767
49.717
49.767
49.767
49.817
49.817
49.767
49.717
49.767
49.717
49.767
49.767
49.717
49.668
49.668
49.668
49.618
49.618
49.568
49.519
49.519
49.469
49.519
49.519
49.519
49.568
49.568
49.618
49.568
49.618
49.618
49.618
44.656
44.656
44.611
44.611
44.567
44.522
44.522
44.478
44.522
44.522
44.478
44.433
44.477
44.477
44.522
44.477
44.477
44.522
44.566
44.611
44.656
44.611
44.611
44.656
44.7
44.745
44.79
44.834
44.879
44.924
44.924
44.924
44.924
44.969
44.969
44.969
44.969
45.014
45.059
45.059
45.104
45.059
45.014
45.059
45.014
45.059
45.059
45.104
45.104
45.149
45.194
45.239
45.194
45.149
45.104
45.059
45.014
45.059
45.014
45.014
44.969
44.924
44.924
44.879
44.834
44.834
44.879
44.879
44.879
44.834
44.789
44.789
44.789
44.789
44.834
44.879
44.879
44.834
44.879
44.923
44.879
44.834
44.789
44.834
44.789
44.789
44.789
44.789
44.789
44.789
44.789
44.834
44.878
44.878
44.878
44.834
44.834
44.834
44.878
44.833
44.878
44.878
44.878
40.39
40.35
40.31
40.35
40.39
40.35
40.39
40.35
40.35
40.31
40.31
40.31
40.31
40.269
40.31
40.31
40.35
40.39
40.431
40.431
40.39
40.39
40.39
40.35
40.35
40.39
40.35
40.35
40.309
40.35
40.309
40.309
40.35
44.385
44.385
44.385
44.385
44.34
44.296
44.296
44.252
44.296
44.252
44.252
44.252
44.296
44.252
44.207
44.163
44.207
44.207
44.251
44.296
44.34
44.384
44.429
44.473
44.518
44.473
44.429
44.429
44.473
44.473
44.518
44.562
44.607
44.651
44.696
44.741
44.696
44.696
44.651
44.651
44.606
44.562
44.517
44.517
44.473
44.428
44.473
44.428
44.428
44.384
44.384
44.428
44.384
44.428
44.428
44.473
40.025
40.065
40.105
40.065
40.025
39.985
39.985
39.985
39.945
39.985
39.985
39.945
39.945
39.945
39.945
39.945
39.905
39.905
39.945
39.985
40.025
40.025
40.065
40.025
40.025
39.985
40.025
39.985
39.985
39.985
40.025
39.985
39.945
39.985
39.985
40.025
40.065
40.065
40.105
40.065
40.025
39.985
40.025
40.025
40.065
40.065
40.105
40.145
40.145
40.145
40.145
40.105
40.105
40.105
40.145
40.145
40.145
40.105
40.065
40.025
40.025
40.025
40.065
40.025
40.065
40.065
40.025
36.022
35.986
36.022
35.986
36.022
36.022
36.058
36.094
36.13
36.166
36.13
36.094
36.058
36.022
35.986
35.986
35.986
35.95
35.914
35.914
35.878
35.842
35.842
35.806
35.842
35.806
35.806
35.806
35.77
35.735
35.77
35.806
35.806
35.842
35.806
35.842
35.806
35.806
35.77
35.735
35.699
35.735
35.699
35.734
35.699
35.663
35.663
35.699
35.663
35.627
35.592
35.592
35.556
35.556
35.592
35.556
35.556
35.521
35.556
35.52
35.52
35.52
39.073
39.033
39.033
39.073
39.033
38.994
39.033
38.994
39.033
39.033
39.033
39.072
39.072
39.033
39.072
39.072
39.072
39.072
39.072
39.033
39.033
39.072
39.033
39.033
38.994
38.994
38.955
38.955
38.955
38.916
38.877
38.838
38.838
38.8
38.8
38.761
38.722
38.761
38.8
38.761
38.722
38.722
38.722
38.761
38.761
38.761
38.761
38.761
38.799
38.799
38.838
38.877
38.916
38.955
38.994
39.033
38.994
38.955
38.916
38.916
38.955
38.916
38.955
38.955
38.916
38.916
38.916
38.877
38.838
38.877
38.838
38.838
38.838
38.838
38.838
38.877
38.838
38.838
38.838
38.799
38.76
38.76
38.799
38.799
38.76
38.799
38.799
38.838
38.838
38.877
38.838
38.877
38.838
38.877
38.838
38.877
38.838
38.799
38.76
38.721
38.76
38.721
38.721
38.76
38.76
38.799
38.799
38.799
38.76
38.799
38.76
38.721
38.76
38.799
38.837
38.837
38.799
38.799
38.799
38.799
38.799
38.837
38.837
38.837
38.876
38.837
38.876
38.876
38.915
35.024
35.059
35.059
35.059
35.094
35.059
35.094
35.058
35.023
34.988
35.023
35.058
35.058
35.023
35.023
35.023
34.988
34.988
35.023
34.988
34.988
34.953
34.988
34.988
34.953
34.918
34.953
34.918
34.918
34.918
34.953
34.988
34.953
34.953
34.918
34.883
34.848
34.848
34.848
34.814
34.814
34.779
34.779
34.779
34.814
34.848
34.883
34.848
34.848
34.883
34.848
34.883
34.883
34.883
31.395
31.363
31.363
31.332
31.363
31.395
31.426
31.458
31.458
31.426
31.458
31.489
31.489
31.457
31.426
31.457
31.426
31.426
31.426
31.395
31.426
31.395
31.395
31.363
31.332
31.3
31.3
31.332
31.363
31.363
31.394
31.363
31.394
31.394
31.363
28.227
28.198
28.198
28.198
28.17
28.198
28.198
28.198
28.227
28.255
28.227
28.255
28.227
28.227
28.198
28.227
28.227
28.198
28.227
28.227
28.227
28.198
28.17
28.17
28.17
28.198
28.198
28.17
28.17
28.142
28.17
28.17
28.142
28.114
28.142
28.114
28.142
28.17
28.198
28.17
28.198
28.17
28.142
28.114
28.086
28.114
28.085
28.057
28.029
28.057
28.085
28.085
28.057
28.085
28.057
28.057
28.029
30.832
30.863
30.894
30.925
30.925
30.894
30.894
30.894
30.894
30.925
30.956
30.987
30.956
30.987
30.956
30.925
30.925
30.925
30.894
30.894
30.863
30.863
30.894
30.863
30.894
30.894
30.863
27.776
27.776
27.776
27.804
27.776
27.804
27.804
27.804
27.776
27.804
27.776
27.749
27.776
27.804
27.776
27.804
27.804
27.832
27.804
27.804
27.832
27.86
27.888
27.888
27.915
27.915
27.943
27.971
27.971
27.943
27.915
27.915
27.888
27.915
27.887
27.887
27.887
30.676
30.707
30.676
30.646
30.615
30.584
30.584
30.584
30.554
30.584
30.615
30.645
30.615
30.645
30.645
30.645
30.645
30.645
30.645
30.615
30.584
30.554
30.584
30.615
30.645
30.645
30.615
30.584
30.553
30.553
30.523
30.553
30.523
30.523
30.553
33.609
33.642
33.642
33.609
33.642
33.642
33.609
33.609
33.642
33.676
33.676
33.676
33.642
33.676
33.676
33.676
33.676
33.642
33.642
33.642
33.642
33.609
33.575
33.609
33.575
33.541
33.575
33.608
33.575
33.608
33.608
33.575
33.541
33.541
33.575
33.541
33.575
33.608
33.575
33.608
33.575
33.608
33.608
33.575
33.541
33.541
33.575
33.608
33.642
33.642
33.608
33.642
33.675
33.709
33.675
33.642
33.608
33.642
33.642
33.642
33.642
33.642
33.675
33.675
33.675
33.675
33.675
33.675
33.709
33.743
33.709
33.743
33.776
33.743
33.743
33.776
33.743
33.709
33.675
33.675
33.641
33.641
33.675
33.641
33.675
33.709
33.742
33.776
33.81
33.81
33.81
33.844
33.81
33.81
33.81
33.776
33.742
33.742
33.776
33.776
33.742
33.776
33.776
33.742
33.709
33.742
33.742
33.742
33.776
33.776
33.742
33.742
33.776
33.776
33.776
33.81
33.81
33.776
33.81
33.844
33.877
33.843
33.81
33.843
33.843
33.843
33.81
33.81
33.843
33.81
33.843
33.843
33.877
30.49
30.52
30.52
30.551
30.581
30.581
30.612
30.612
30.581
30.612
30.581
30.55
30.52
30.55
30.52
30.489
30.489
30.459
30.459
30.428
30.459
30.428
30.428
30.459
33.505
33.471
33.471
33.438
33.438
33.438
33.404
33.438
33.404
33.438
33.404
33.371
33.337
33.371
33.404
33.404
33.404
33.438
33.438
33.471
33.471
33.471
33.504
33.471
33.471
33.504
33.538
33.538
33.538
33.571
33.538
33.571
33.571
33.538
30.184
30.154
30.184
30.154
30.184
30.184
30.184
30.214
30.214
30.214
30.214
30.244
30.214
30.214
30.214
30.214
30.214
30.184
30.154
30.124
30.124
30.124
30.124
30.154
30.154
30.184
30.184
30.154
30.184
30.214
30.214
30.214
30.184
30.154
30.154
30.123
30.123
30.093
30.123
30.123
30.154
30.123
30.093
30.063
30.033
30.063
30.063
30.063
30.063
30.033
30.063
30.033
30.033
30.003
33.003
33.036
33.036
33.036
33.069
33.036
33.069
33.036
33.069
33.069
33.036
33.036
33.036
33.003
33.036
33.003
33.003
33.003
33.003
32.97
32.97
32.97
33.003
33.036
33.003
33.036
33.036
33.069
33.036
33.069
33.069
33.036
29.732
29.732
29.762
29.792
29.792
29.762
29.762
29.762
29.762
29.762
29.792
29.822
29.792
29.822
29.851
29.881
29.851
29.881
29.911
29.941
29.971
30.001
30.031
30.031
30.001
30.001
29.971
29.971
29.941
29.971
29.941
29.911
29.941
29.971
29.941
29.911
29.941
29.911
29.911
29.881
29.851
29.851
29.881
29.851
29.821
29.851
29.821
29.821
29.791
29.821
29.821
29.851
29.821
29.851
29.851
29.881
26.893
26.866
26.866
26.893
26.893
26.866
26.839
26.812
26.839
26.812
26.839
26.839
26.839
26.812
26.839
26.812
26.812
26.812
26.812
26.839
26.839
26.812
26.839
26.839
26.839
26.866
26.893
26.919
26.946
26.973
27
27.027
27.027
27.054
27.054
27.054
27.027
27.027
27.027
27.054
27.081
27.081
27.054
27.027
27.054
27.054
27.027
27.027
27.027
27.054
27.027
27
27.027
27.027
27.054
27.054
27.081
27.081
27.108
27.108
27.108
27.135
27.135
27.163
27.163
27.19
27.163
27.19
27.19
27.162
24.446
24.446
24.471
24.471
24.471
24.495
24.471
24.495
24.52
24.52
24.495
24.495
24.495
24.495
24.471
24.495
24.52
24.495
24.495
24.495
24.471
24.495
24.471
24.446
24.446
24.471
24.446
24.446
24.446
24.446
24.422
24.446
24.422
24.422
24.397
26.837
26.837
26.81
26.837
26.837
26.864
26.891
26.891
26.891
26.891
26.891
26.864
26.837
26.864
26.837
26.864
26.89
26.89
26.864
26.89
26.89
26.89
26.917
26.89
26.917
26.917
26.89
24.201
24.201
24.177
24.153
24.177
24.177
24.153
24.177
24.201
24.225
24.201
24.201
24.201
24.225
24.201
24.201
24.177
24.177
24.201
24.177
24.201
24.177
24.153
24.153
24.153
24.153
24.129
24.105
24.105
24.105
24.129
24.153
24.129
24.153
24.129
24.153
24.129
24.129
24.104
24.08
24.08
24.056
24.056
24.032
24.008
24.032
24.008
24.032
24.032
24.032
24.056
24.056
24.056
24.032
24.056
24.056
24.056
24.056
24.056
24.032
24.032
24.032
24.032
24.056
24.08
24.08
24.056
24.032
24.032
24.008
23.984
23.96
23.936
23.96
23.984
23.96
23.984
24.008
24.008
23.984
24.008
23.984
23.96
23.96
23.936
23.96
23.936
23.936
23.936
26.329
26.356
26.329
26.303
26.303
26.303
26.277
26.251
26.251
26.251
26.277
26.303
26.277
26.25
26.277
26.25
26.277
26.25
26.224
26.224
26.198
26.224
26.198
26.198
26.172
28.789
28.76
28.76
28.76
28.789
28.76
28.731
28.703
28.703
28.703
28.703
28.703
28.703
28.703
28.674
28.703
28.674
28.703
28.731
28.731
28.703
28.674
28.702
28.702
28.731
28.731
28.76
28.76
28.731
28.702
28.731
28.76
28.76
28.789
28.789
28.817
28.789
28.817
28.817
28.789
28.817
28.789
28.789
28.76
28.76
28.76
28.789
28.76
28.731
28.702
28.674
28.702
28.702
28.731
28.702
28.731
28.731
28.731
28.702
28.731
28.702
28.702
28.702
31.572
31.572
31.541
31.572
31.541
31.572
31.541
31.541
31.509
31.509
31.541
31.572
31.541
31.541
31.572
31.604
31.572
31.572
31.541
31.572
31.541
31.541
31.541
34.695
34.66
34.625
34.625
34.591
34.591
34.556
34.556
34.556
34.521
34.556
34.521
34.521
34.487
34.487
34.487
34.452
34.487
34.452
34.487
34.452
34.418
34.452
34.487
34.487
34.452
34.452
34.418
34.452
34.487
34.452
34.418
34.418
34.418
34.418
34.383
34.418
34.383
34.383
34.349
34.383
34.349
34.349
34.349
37.784
37.784
37.746
37.708
37.708
37.746
37.708
37.746
37.784
37.821
37.821
37.821
37.859
37.821
37.784
37.784
37.746
37.784
37.746
37.746
37.746
41.52
41.52
41.562
41.603
41.603
41.645
41.687
41.728
41.77
41.728
41.687
41.728
41.687
41.728
41.728
41.728
41.687
41.687
41.728
41.77
41.728
41.686
41.728
41.686
41.686
41.686
41.686
41.645
41.603
41.561
41.561
41.603
41.561
41.603
41.561
41.52
41.561
41.603
41.561
41.52
41.478
41.52
41.478
41.52
41.478
41.437
41.437
41.437
41.478
41.437
41.437
41.478
41.52
41.561
41.519
41.478
41.519
41.561
41.561
41.561
41.603
41.603
41.603
41.644
41.602
41.561
41.561
41.602
41.561
41.519
41.519
41.519
41.519
41.519
41.561
41.519
41.561
41.561
41.519
37.367
37.33
37.367
37.405
37.405
37.405
37.367
37.33
37.292
37.255
37.218
37.218
37.181
37.218
37.181
37.181
37.181
37.218
37.181
37.218
37.181
37.181
37.218
37.255
37.255
37.255
37.292
37.255
37.218
37.181
37.143
37.106
37.069
37.032
37.032
37.032
36.995
37.032
36.995
36.995
36.995
36.958
36.958
36.995
36.995
37.032
36.995
36.995
36.958
36.921
36.884
36.921
36.921
36.884
36.921
36.884
36.921
36.884
36.884
36.884
36.884
36.921
36.958
36.958
36.958
36.921
36.958
36.921
36.921
36.884
40.572
40.532
40.491
40.532
40.532
40.572
40.531
40.491
40.531
40.531
40.531
40.531
40.491
40.45
40.41
40.45
40.491
40.45
40.45
40.45
40.45
40.41
40.45
40.491
40.45
40.491
40.45
40.45
40.45
40.45
40.491
40.491
40.45
40.41
40.369
40.369
40.41
40.41
40.41
40.369
40.329
40.289
40.289
40.289
40.329
40.369
40.369
40.369
40.369
40.329
40.329
40.369
40.329
40.369
40.369
40.409
36.369
36.332
36.369
36.369
36.332
36.296
36.332
36.368
36.332
36.332
36.296
36.259
36.259
36.223
36.259
36.259
36.223
36.187
36.187
36.223
36.259
36.259
36.223
36.259
36.223
36.259
36.259
36.296
36.259
36.295
36.295
36.332
32.699
32.699
32.666
32.633
32.666
32.699
32.666
32.633
32.666
32.633
32.666
32.633
32.6
32.6
32.633
32.633
32.6
32.633
32.633
32.666
32.666
32.666
32.633
32.633
32.6
32.6
32.568
32.568
32.6
32.633
32.633
32.633
32.666
32.633
32.666
32.666
32.633
29.37
29.34
29.311
29.34
29.34
29.34
29.37
29.399
29.428
29.458
29.487
29.517
29.546
29.517
29.517
29.487
29.487
29.458
29.487
29.487
29.487
29.458
29.458
29.487
29.517
29.546
29.517
29.546
29.516
29.546
29.576
29.605
29.605
29.576
29.605
29.575
29.575
29.605
32.566
32.533
32.533
32.566
32.598
32.566
32.533
32.5
32.468
32.435
32.403
32.371
32.371
32.338
32.306
32.274
32.274
32.241
32.241
32.241
32.274
32.306
32.306
32.274
32.306
32.273
32.273
32.306
35.536
35.572
35.536
35.572
35.607
35.607
35.572
35.536
35.572
35.572
35.536
35.572
35.572
35.536
35.501
35.501
35.536
35.501
35.536
35.536
35.572
32.014
32.014
32.014
32.046
32.046
32.079
32.111
32.111
32.111
32.111
32.111
32.111
32.143
32.111
32.078
32.078
32.046
32.078
32.046
32.046
32.046
32.078
32.11
32.11
32.078
32.046
32.078
32.11
32.078
32.046
32.046
32.078
32.11
32.11
32.078
32.11
32.078
32.078
32.078
35.286
35.286
35.321
35.286
35.321
35.357
35.357
35.357
35.321
35.321
35.286
35.251
35.286
35.251
35.251
35.215
35.215
35.18
35.18
35.215
35.18
35.18
35.215
35.18
35.215
35.18
35.145
35.18
35.145
35.11
35.11
35.145
35.18
35.215
35.25
35.286
35.321
35.321
35.356
35.356
35.356
35.356
35.392
35.356
35.321
35.321
35.285
35.321
35.321
35.285
35.25
35.25
35.285
35.321
35.356
35.321
35.356
35.356
35.356
35.356
35.391
35.391
35.427
35.427
35.462
35.427
35.427
35.427
35.391
35.356
35.321
35.356
35.391
35.427
35.462
35.427
35.462
35.497
35.462
35.462
35.426
35.426
35.426
35.391
35.426
35.391
35.391
35.391
38.93
38.969
38.93
38.93
38.891
38.852
38.813
38.852
38.852
38.852
38.891
38.891
38.93
38.969
39.008
39.008
39.047
39.008
38.969
39.008
39.008
39.008
39.008
38.969
38.93
38.93
38.969
39.008
39.008
39.008
38.969
39.008
39.008
38.969
39.008
38.969
38.969
39.008
38.969
38.93
38.969
39.008
39.008
39.047
39.047
39.086
39.046
39.086
39.086
39.125
35.212
35.212
35.177
35.212
35.247
35.247
35.247
35.212
35.247
35.212
35.247
35.282
35.318
35.318
35.318
35.353
35.353
35.318
35.353
35.388
35.424
35.459
35.424
35.388
35.388
35.388
35.353
35.388
35.388
35.424
35.459
35.495
35.53
35.53
35.53
35.53
35.53
35.495
35.53
35.495
35.495
35.495
39.044
39.005
39.005
39.005
38.966
38.966
38.927
38.927
38.888
38.849
38.849
38.81
38.81
38.849
38.849
38.849
38.81
38.849
38.81
38.771
38.81
38.81
38.771
38.771
38.81
38.849
38.849
38.81
38.771
38.81
38.849
38.849
38.849
38.849
38.81
38.81
38.771
38.81
38.81
38.81
38.849
38.81
38.849
38.849
38.849
38.888
38.888
38.849
38.888
38.926
38.926
38.965
38.965
38.926
38.965
38.926
38.926
38.887
42.776
42.776
42.819
42.776
42.776
42.819
42.776
42.776
42.733
42.691
42.733
42.733
42.733
42.733
42.691
42.648
42.648
42.648
42.648
42.605
42.605
42.605
42.648
42.69
42.648
42.648
42.605
42.605
42.605
42.563
42.605
42.648
42.69
42.69
42.69
42.648
42.69
42.648
42.648
42.69
46.959
47.006
47.053
47.1
47.147
47.147
47.1
47.1
47.147
47.147
47.194
47.194
47.194
47.242
47.194
47.242
47.242
47.289
47.336
47.336
47.289
47.242
47.289
47.241
47.241
47.289
47.241
47.241
47.241
47.194
47.194
47.194
47.147
47.1
47.053
47.006
47.053
47.1
47.147
47.194
47.241
47.194
47.241
47.241
47.288
47.288
47.241
47.288
47.288
47.241
47.241
47.288
47.288
47.336
47.288
47.241
47.288
47.288
47.241
47.288
47.335
47.383
47.335
47.383
47.43
47.478
47.478
47.43
47.383
47.335
47.288
47.335
47.383
47.383
47.43
47.383
47.43
47.43
47.43
42.687
42.644
42.687
42.687
42.687
42.73
42.772
42.729
42.687
42.687
42.729
42.772
42.729
42.729
42.772
42.772
42.729
42.772
42.815
42.772
42.729
42.687
42.729
42.687
42.687
42.644
42.686
42.644
42.644
42.601
46.861
46.814
46.861
46.861
46.908
46.908
46.861
46.908
46.908
46.861
46.861
46.814
46.767
46.814
46.814
46.767
46.721
46.721
46.767
46.814
46.767
46.767
46.814
46.814
46.814
46.814
46.861
46.814
46.861
46.908
46.908
46.861
46.814
46.814
46.814
46.814
46.767
46.767
46.72
46.72
46.674
46.72
46.674
46.674
46.674
51.341
51.341
51.341
51.29
51.29
51.238
51.238
51.29
51.341
51.392
51.392
51.341
51.341
51.341
51.392
51.444
51.495
51.443
51.392
51.341
51.392
51.392
51.392
51.443
51.495
51.495
51.495
51.546
51.495
51.443
51.495
51.546
51.598
51.598
51.598
51.649
51.701
51.753
51.753
51.753
51.804
51.753
51.753
51.753
51.701
51.649
51.701
51.701
51.649
51.597
51.546
51.546
51.494
51.546
51.494
51.494
51.546
56.7
56.644
56.644
56.587
56.644
56.644
56.7
56.7
56.644
56.7
56.7
56.757
56.7
56.757
56.814
56.87
56.814
56.814
56.757
56.813
56.757
56.757
56.7
56.757
56.7
56.643
56.7
56.7
56.7
56.7
56.756
56.756
56.7
56.7
56.7
56.7
56.643
56.586
56.53
56.586
56.53
56.473
56.53
56.473
56.473
56.53
56.53
56.473
56.417
56.473
56.473
56.53
56.586
56.643
56.586
56.643
56.643
56.699
56.643
56.699
56.756
56.813
56.756
56.699
56.642
56.586
56.642
56.642
56.586
56.586
56.642
56.586
56.529
56.586
56.529
56.585
56.642
56.642
56.642
56.699
56.642
56.642
56.642
56.699
56.642
56.699
56.699
56.755
51.08
51.08
51.029
51.029
50.978
51.029
51.029
51.029
51.08
51.029
50.978
50.978
51.029
50.978
50.927
50.927
50.876
50.876
50.825
50.774
50.825
50.774
50.825
50.774
50.774
50.825
50.825
50.825
50.774
50.723
50.723
50.774
50.723
50.723
50.723
50.723
50.672
50.723
50.672
50.672
50.672
55.739
55.684
55.628
55.628
55.628
55.628
55.572
55.517
55.572
55.517
55.461
55.517
55.517
55.517
55.517
55.517
55.517
55.517
55.461
55.461
55.517
55.461
55.517
55.461
55.516
55.516
55.461
55.516
55.516
55.516
55.572
55.516
55.572
55.516
55.572
55.627
55.627
55.683
55.627
55.627
55.627
55.572
55.627
55.572
55.572
55.516
61.068
61.068
61.068
61.129
61.19
61.251
61.312
61.312
61.374
61.312
61.374
61.312
61.374
61.435
61.496
61.558
61.619
61.558
61.496
61.496
61.435
61.496
61.558
61.496
61.558
61.496
61.558
61.619
61.557
61.619
61.557
61.557
61.496
61.557
61.496
61.496
61.434
67.578
67.645
67.713
67.781
67.713
67.781
67.713
67.645
67.577
67.645
67.577
67.645
67.645
67.713
67.78
67.713
67.78
67.78
67.712
67.78
67.712
67.712
67.645
67.712
67.78
67.78
67.848
67.916
67.848
67.916
67.848
67.916
67.848
67.78
67.848
67.78
67.712
67.644
67.577
67.509
67.441
67.509
67.576
67.509
67.441
67.374
67.374
67.307
67.374
67.306
67.306
67.239
73.963
73.963
73.963
74.037
73.963
73.963
73.963
73.889
73.963
73.963
73.889
73.963
74.037
73.963
73.963
74.037
73.963
74.037
74.037
73.963
66.566
66.566
66.5
66.5
66.566
66.566
66.566
66.633
66.699
66.699
66.633
66.566
66.633
66.699
66.699
66.699
66.699
66.633
66.633
66.566
66.499
66.433
66.433
66.499
66.566
66.566
66.632
66.699
66.632
66.699
66.699
66.766
66.766
66.766
66.699
66.766
66.699
66.699
66.632
73.295
73.222
73.149
73.222
73.295
73.295
73.222
73.295
73.368
73.295
73.222
73.222
73.295
73.222
73.295
73.222
73.222
73.295
73.222
73.295
73.295
73.368
73.295
73.221
73.221
73.295
73.221
73.295
73.221
73.148
73.148
73.221
73.294
73.368
73.294
73.294
73.221
73.294
73.368
73.294
73.221
73.294
73.221
73.148
73.221
73.294
73.367
73.294
73.367
73.367
73.367
73.367
73.294
73.294
73.367
73.367
73.367
73.367
73.294
73.294
73.22
73.22
73.22
73.294
73.294
73.367
73.44
73.44
73.514
73.587
73.587
73.587
73.587
73.587
73.661
73.661
73.661
73.735
73.661
73.735
73.661
73.734
73.808
73.882
73.956
74.03
74.03
74.104
74.03
74.104
74.104
74.104
66.693
66.693
66.693
66.76
66.827
66.894
66.961
66.894
66.827
66.894
66.894
66.827
66.893
66.96
66.96
66.96
66.893
66.96
66.893
66.893
66.826
66.893
66.96
66.96
66.893
66.893
66.826
66.893
66.826
66.893
66.96
67.027
67.094
67.161
67.094
67.027
66.96
66.893
66.893
66.826
66.893
66.826
66.826
66.826
66.826
66.826
66.759
66.759
66.692
66.692
66.759
66.692
66.692
66.625
66.625
66.692
66.625
66.625
66.692
66.692
66.625
66.559
66.559
66.559
66.492
66.426
66.426
66.426
66.359
66.359
66.359
66.359
66.359
66.293
66.293
66.227
66.227
66.293
66.359
66.359
66.293
66.226
66.293
66.293
66.293
66.359
66.425
66.492
66.558
66.625
66.558
66.492
66.425
66.425
66.492
66.425
66.492
66.492
66.558
59.902
59.902
59.962
59.962
60.022
60.022
60.082
60.022
60.082
60.142
60.082
60.082
60.142
60.082
60.022
60.022
59.962
59.962
59.902
59.902
59.902
59.842
59.782
59.782
59.782
59.782
59.782
59.842
59.842
59.902
59.902
59.842
59.902
59.962
59.962
59.902
59.962
60.021
60.021
60.081
60.021
60.021
60.081
60.142
60.142
60.202
60.262
60.202
60.262
60.262
60.262
60.322
60.262
60.262
60.322
60.322
60.262
60.322
60.382
60.382
60.382
60.382
60.443
60.382
60.382
60.322
60.261
60.261
60.201
60.141
60.081
60.081
60.081
60.081
60.141
60.141
60.141
60.201
60.201
60.201
60.201
60.261
60.201
60.261
60.261
60.322
54.289
54.289
54.289
54.235
54.289
54.289
54.344
54.289
54.289
54.235
54.181
54.127
54.181
54.126
54.126
54.126
54.072
54.018
53.964
53.964
53.91
53.856
53.803
53.749
53.695
53.695
53.695
53.749
53.695
53.749
53.749
53.695
48.325
48.325
48.374
48.325
48.325
48.277
48.325
48.277
48.277
48.229
48.229
48.18
48.229
48.18
48.229
48.277
48.277
48.229
48.229
48.277
48.325
48.373
48.422
48.422
48.47
48.422
48.373
48.373
48.373
48.325
48.277
48.228
48.228
48.228
48.277
48.325
48.276
48.228
48.18
48.18
48.18
48.228
48.276
48.325
48.373
48.421
48.47
48.518
48.47
48.518
48.518
48.567
48.567
48.567
48.518
48.518
48.567
48.518
48.567
48.615
48.567
48.567
48.567
48.567
48.567
48.567
48.567
48.567
48.567
48.567
48.567
48.615
48.567
48.615
48.566
48.615
48.664
48.615
48.566
48.566
48.566
48.615
48.664
48.712
48.712
48.664
48.712
48.663
48.663
48.615
53.476
53.476
53.53
53.476
53.476
53.423
53.423
53.476
53.476
53.423
53.423
53.476
53.53
53.583
53.53
53.53
53.476
53.423
53.476
53.529
53.583
53.637
53.637
53.637
53.637
53.637
53.583
53.583
53.529
53.583
53.529
53.583
53.529
53.529
53.583
53.636
53.69
53.744
53.69
53.744
53.744
53.797
53.797
53.797
53.797
53.851
53.797
53.797
53.744
53.797
53.743
53.69
53.636
53.582
53.582
53.529
53.529
53.529
53.529
53.475
53.475
53.422
53.475
53.422
53.422
53.422
58.764
58.823
58.823
58.882
58.882
58.823
58.881
58.823
58.764
58.705
58.705
58.646
58.646
58.646
58.646
58.705
58.646
58.646
58.588
58.646
58.705
58.764
58.822
58.881
58.881
58.94
58.999
59.058
58.999
58.999
58.94
58.94
58.881
58.881
58.94
58.94
58.881
58.881
58.822
58.881
58.881
58.822
58.881
58.94
58.999
59.058
59.117
59.176
59.117
59.057
59.057
59.117
59.117
59.117
59.057
59.057
59.057
59.057
59.057
59.057
59.057
58.998
58.998
58.998
58.998
59.057
59.057
58.998
58.998
59.057
58.998
59.057
59.116
59.116
59.175
59.116
59.116
59.116
59.175
59.175
59.175
59.235
59.175
59.175
59.175
59.175
59.234
59.234
59.175
59.175
59.234
59.175
59.175
59.175
59.234
59.175
59.234
59.234
59.175
53.258
53.204
53.204
53.151
53.098
53.151
53.204
53.151
53.098
53.045
53.098
53.045
53.045
52.992
52.939
52.886
52.886
52.833
52.886
52.939
52.939
52.991
52.938
52.991
52.991
52.991
47.692
47.645
47.597
47.549
47.549
47.597
47.597
47.597
47.644
47.644
47.597
47.644
47.692
47.74
47.692
47.692
47.644
47.644
47.692
47.74
47.74
47.692
47.692
47.74
47.74
47.787
47.835
47.835
47.835
47.835
47.787
47.787
47.74
47.692
47.739
47.739
47.787
47.739
47.787
47.787
47.787
43.008
42.965
42.922
42.88
42.88
42.88
42.922
42.922
42.922
42.88
42.837
42.837
42.794
42.794
42.837
42.837
42.794
42.751
42.751
42.794
42.837
42.837
42.879
42.922
42.965
43.008
43.051
43.094
43.051
43.094
43.051
43.094
43.051
43.008
43.051
43.051
43.008
43.008
43.008
43.051
43.008
43.051
43.051
43.008
38.707
38.746
38.784
38.823
38.823
38.862
38.901
38.862
38.901
38.901
38.901
38.94
38.901
38.901
38.901
38.862
38.823
38.862
38.862
38.823
38.862
38.823
38.823
38.823
42.705
42.748
42.748
42.791
42.834
42.876
42.834
42.791
42.833
42.791
42.791
42.833
42.791
42.748
42.705
42.662
42.62
42.662
42.662
42.62
42.662
42.662
42.662
42.662
42.62
42.662
42.62
42.62
42.577
46.835
46.835
46.788
46.741
46.694
46.648
46.648
46.694
46.694
46.648
46.648
46.601
46.554
46.554
46.554
46.601
46.601
46.601
46.554
46.508
46.508
46.554
46.554
46.601
46.647
46.694
46.741
46.694
46.694
46.694
46.647
46.694
46.647
46.647
46.647
51.312
51.312
51.261
51.209
51.261
51.209
51.158
51.107
51.056
51.107
51.158
51.209
51.209
51.26
51.26
51.312
51.363
51.414
51.414
51.363
51.312
51.26
51.26
51.311
51.26
51.311
51.311
51.363
46.226
46.226
46.273
46.273
46.226
46.226
46.18
46.18
46.134
46.18
46.18
46.134
46.088
46.042
46.042
46.042
46.042
46.088
46.088
46.042
46.042
45.996
45.95
45.95
45.904
45.95
45.95
45.95
45.904
45.95
45.904
45.904
45.904
45.858
45.812
45.766
45.72
45.675
45.72
45.766
45.72
45.674
45.72
45.766
45.812
45.857
45.812
45.766
45.72
45.674
45.629
45.583
45.629
45.629
45.583
45.537
45.492
45.446
45.446
45.446
45.492
45.492
45.537
45.537
45.537
45.492
45.446
45.492
45.492
45.537
45.492
45.537
45.537
45.583
45.628
45.628
45.583
45.628
45.583
45.583
45.628
50.191
50.191
50.241
50.191
50.141
50.191
50.141
50.141
50.191
50.191
50.241
50.191
50.191
50.141
50.191
50.191
50.191
50.241
50.191
50.191
50.241
50.291
50.341
50.392
50.341
50.341
50.392
50.392
50.341
50.392
50.442
50.392
50.392
50.341
50.341
50.392
50.442
50.492
50.492
50.543
50.543
50.492
50.492
50.442
50.492
50.442
50.442
50.391
55.43
55.43
55.486
55.486
55.541
55.597
55.653
55.653
55.708
55.652
55.652
55.652
55.597
55.597
55.541
55.597
55.597
55.541
55.486
55.486
55.486
55.43
55.375
55.43
55.486
55.486
55.541
55.485
55.541
55.541
55.596
50.037
50.037
49.987
49.937
49.987
49.937
49.987
49.937
49.987
49.937
49.937
49.887
49.887
49.887
49.937
49.937
49.937
49.987
49.937
49.887
49.937
49.887
49.887
49.887
49.936
49.887
49.936
49.936
49.936
44.943
44.943
44.898
44.853
44.898
44.853
44.853
44.898
44.853
44.898
44.853
44.898
44.943
44.943
44.898
44.943
44.987
45.032
45.077
45.123
45.077
45.077
45.032
45.077
45.077
45.122
45.168
45.168
45.213
45.213
45.258
45.258
45.303
45.303
45.258
45.213
45.167
45.213
45.213
45.258
45.303
45.258
45.213
45.213
45.258
45.212
45.167
45.212
45.212
45.167
45.212
45.258
45.212
45.258
45.212
45.167
45.122
45.077
45.032
45.077
45.077
45.077
45.032
45.032
45.077
45.032
44.987
45.032
45.077
45.032
45.032
44.987
44.987
44.987
44.987
45.031
45.031
45.077
45.031
45.076
45.076
45.122
40.609
40.569
40.528
40.569
40.528
40.569
40.569
40.569
40.569
40.609
40.609
40.65
40.691
40.65
40.69
40.731
40.731
40.69
40.65
40.609
40.65
40.69
40.731
40.772
40.772
40.772
40.772
40.731
40.731
40.69
40.731
40.69
40.69
40.731
44.804
44.804
44.804
44.804
44.804
44.804
44.849
44.849
44.849
44.804
44.804
44.804
44.759
44.714
44.714
44.67
44.714
44.714
44.759
44.759
44.714
44.759
44.759
44.804
44.759
44.714
44.714
44.759
44.714
44.759
44.759
44.804
44.804
44.804
44.759
44.759
44.714
44.714
44.714
44.759
44.714
44.759
44.759
44.714
40.243
40.202
40.202
40.162
40.122
40.162
40.162
40.122
40.162
40.162
40.122
40.162
40.202
40.202
40.162
40.162
40.162
40.202
40.242
40.202
40.202
40.162
40.202
40.242
40.283
40.323
40.363
40.363
40.404
40.444
40.403
40.363
40.403
40.444
40.403
40.444
40.403
40.444
40.444
40.484
40.444
40.484
40.484
40.484
36.436
36.472
36.509
36.472
36.509
36.545
36.582
36.545
36.582
36.618
36.618
36.618
36.582
36.582
36.545
36.582
36.618
36.618
36.655
36.655
36.618
36.618
36.655
36.655
36.691
36.655
36.655
36.655
36.618
36.618
36.655
36.655
36.655
36.691
36.691
36.691
36.728
36.728
36.691
36.691
36.728
36.691
36.728
36.728
36.765
33.088
33.088
33.055
33.055
33.055
33.088
33.121
33.154
33.188
33.188
33.188
33.154
33.154
33.187
33.221
33.221
33.187
33.221
33.254
33.221
33.187
33.187
33.221
33.187
33.221
33.254
33.287
33.287
33.287
33.32
33.354
33.32
33.287
33.32
33.287
33.32
33.354
33.354
33.354
33.387
33.387
33.42
33.387
33.42
33.42
33.454
30.108
30.138
30.169
30.199
30.199
30.229
30.259
30.259
30.259
30.259
30.229
30.229
30.199
30.229
30.259
30.259
30.289
30.32
30.35
30.32
30.35
30.32
30.35
30.35
30.32
30.35
30.35
30.38
30.38
30.411
30.441
30.441
30.471
30.471
30.441
30.471
30.441
30.471
30.471
30.441
30.441
30.471
30.441
30.471
30.471
30.441
27.397
27.369
27.397
27.424
27.452
27.479
27.506
27.479
27.506
27.506
27.506
27.506
27.534
27.506
27.534
27.561
27.561
27.589
27.589
27.561
27.534
27.534
27.534
27.534
27.506
27.534
27.506
27.506
27.534
30.287
30.317
30.317
30.317
30.287
30.287
30.317
30.287
30.317
30.348
30.348
30.378
30.348
30.348
30.378
30.408
30.378
30.408
30.408
30.408
30.378
30.378
30.408
30.439
30.469
30.439
30.408
30.439
30.408
30.439
30.469
30.439
30.439
30.408
30.378
30.378
30.378
30.347
30.317
30.287
30.287
30.256
30.226
30.226
30.196
30.226
30.256
30.256
30.287
30.256
30.226
30.256
30.226
30.196
30.166
30.196
30.166
30.196
30.196
30.226
30.256
30.286
30.317
30.286
30.317
30.317
30.317
30.286
30.256
30.286
30.256
30.256
30.256
30.226
30.256
30.226
30.226
30.196
33.215
33.248
33.215
33.248
33.248
33.248
33.248
33.215
33.215
33.248
33.282
33.248
33.282
33.248
33.281
33.281
33.281
33.248
33.281
33.315
33.315
33.315
33.348
33.348
33.381
33.348
33.381
33.348
33.348
33.348
33.315
33.281
33.315
33.281
33.248
33.215
33.215
33.215
33.182
33.182
33.215
33.215
33.182
33.182
33.215
33.215
33.181
33.215
33.181
33.181
33.148
33.115
33.082
33.082
33.115
33.082
33.082
33.082
33.082
33.082
33.049
33.049
33.082
33.082
33.082
33.082
33.082
33.115
33.115
33.115
33.082
33.049
33.049
33.016
33.049
33.082
33.082
33.049
33.082
33.049
33.049
33.016
36.317
36.281
36.281
36.281
36.281
36.317
36.281
36.245
36.245
36.208
36.172
36.136
36.172
36.172
36.208
36.244
36.244
36.208
36.244
36.244
36.281
36.244
36.281
36.281
36.317
36.353
36.39
36.39
36.39
36.426
36.426
36.426
36.426
36.462
36.499
36.535
36.572
36.535
36.535
36.535
36.572
36.572
36.535
36.572
36.572
36.572
36.608
36.572
36.608
36.608
36.608
32.948
32.981
32.981
33.013
33.013
32.98
32.947
32.915
32.947
32.915
32.915
32.915
32.947
32.947
32.914
32.914
32.947
32.914
32.882
32.914
32.881
32.849
32.849
32.881
32.881
32.849
32.816
32.783
32.816
32.849
32.849
32.881
32.914
32.947
32.947
32.914
32.947
32.947
32.947
32.98
32.947
32.947
32.98
32.947
32.947
32.947
32.914
32.947
32.947
32.914
32.881
32.881
32.848
32.881
32.848
32.848
32.815
36.097
36.133
36.169
36.133
36.133
36.169
36.169
36.169
36.205
36.242
36.205
36.241
36.278
36.241
36.241
36.205
36.169
36.169
36.169
36.205
36.205
36.169
36.133
36.097
36.133
36.133
36.133
36.133
36.097
36.097
36.097
36.061
36.024
35.988
35.952
35.916
35.881
35.845
35.845
35.809
35.809
35.845
35.845
35.845
35.809
35.809
35.845
35.809
35.845
35.809
35.773
35.737
35.773
35.773
35.737
35.701
35.737
35.737
35.737
35.737
35.773
35.773
35.773
35.809
35.773
35.809
35.809
35.773
32.195
32.195
32.163
32.131
32.099
32.131
32.099
32.131
32.131
32.131
32.163
32.131
32.131
32.163
32.163
32.195
32.163
32.163
32.131
32.131
32.131
32.099
32.067
32.035
32.003
32.003
32.035
32.003
31.971
32.003
32.003
31.971
31.971
31.939
31.939
31.907
31.907
31.875
31.843
31.843
31.811
31.779
31.747
31.747
31.716
31.684
31.684
31.652
31.621
31.621
31.652
31.621
31.652
31.652
31.652
28.487
28.515
28.544
28.544
28.544
28.544
28.573
28.601
28.601
28.63
28.63
28.63
28.63
28.63
28.601
28.63
28.658
28.687
28.658
28.63
28.658
28.63
28.601
28.63
28.601
28.63
28.658
28.63
28.601
28.63
28.63
28.63
28.601
28.629
28.629
28.629
28.629
28.601
28.629
28.629
28.658
28.629
28.658
28.658
28.687
25.818
25.818
25.792
25.818
25.792
25.818
25.792
25.792
25.792
25.818
25.792
25.792
25.818
25.818
25.844
25.87
25.895
25.921
25.895
25.895
25.921
25.895
25.895
25.895
25.895
25.895
25.895
25.87
25.895
25.921
25.921
25.947
25.921
25.921
25.895
25.921
25.895
25.895
25.869
28.456
28.485
28.513
28.542
28.513
28.542
28.57
28.599
28.627
28.656
28.685
28.685
28.713
28.742
28.742
28.771
28.8
28.8
28.8
28.828
28.828
28.857
28.828
28.828
28.8
28.8
28.828
28.857
28.857
28.828
28.857
28.828
28.828
28.8
31.679
31.648
31.648
31.648
31.616
31.648
31.616
31.648
31.679
31.648
31.616
31.648
31.679
31.679
31.679
31.711
31.711
31.743
31.774
31.743
31.743
31.743
31.743
31.711
31.743
31.743
31.743
31.711
31.711
31.711
31.679
31.679
31.679
31.648
31.679
31.679
31.711
31.743
31.774
31.774
31.806
31.806
31.774
31.743
31.711
31.711
31.679
31.711
31.742
31.711
31.711
31.742
31.774
31.742
31.774
31.774
31.774
31.742
31.742
31.774
31.806
31.838
31.838
31.87
31.901
31.933
31.933
31.933
31.933
31.933
31.933
31.901
31.869
31.901
31.869
31.838
31.838
31.806
31.838
31.806
31.806
31.837
35.021
35.021
35.021
35.021
35.021
35.021
35.056
35.021
35.056
35.021
35.021
34.986
35.021
35.056
35.091
35.056
35.056
35.021
35.021
35.021
35.021
35.056
35.056
35.091
35.056
35.091
35.056
35.091
35.091
35.091
35.126
35.091
35.126
35.161
35.126
35.161
35.196
35.161
35.196
35.161
35.196
35.161
35.161
35.196
35.231
35.196
35.196
35.161
35.196
35.231
35.196
35.231
35.231
35.267
35.267
35.267
35.231
35.231
35.267
35.231
35.267
35.267
35.267
31.74
31.772
31.772
31.74
31.772
31.74
31.708
31.676
31.645
31.613
31.645
31.645
31.676
31.708
31.708
31.74
31.771
31.74
31.771
31.74
31.74
31.74
31.771
31.803
31.771
31.771
31.74
31.771
31.803
31.803
31.803
31.771
31.803
31.771
31.771
31.803
34.983
34.983
34.983
34.983
34.948
34.913
34.913
34.948
34.913
34.913
34.878
34.844
34.809
34.809
34.809
34.774
34.809
34.809
34.843
34.878
34.878
34.913
34.878
34.843
34.843
34.843
34.809
34.843
34.809
34.809
34.774
34.808
34.774
34.774
34.808
34.808
34.843
34.808
34.843
34.843
34.808
34.808
34.843
34.808
34.843
34.843
34.878
31.39
31.39
31.39
31.39
31.39
31.39
31.422
31.422
31.422
31.39
31.422
31.422
31.39
31.359
31.359
31.327
31.359
31.359
31.327
31.327
31.359
31.327
31.327
31.359
31.359
31.327
31.327
31.327
31.296
31.296
31.265
31.296
31.327
31.327
31.327
31.359
31.359
31.359
31.39
31.421
31.421
31.421
31.453
31.421
31.453
31.453
31.484
28.336
28.364
28.392
28.392
28.421
28.449
28.449
28.421
28.392
28.392
28.392
28.421
28.449
28.421
28.421
28.421
28.421
28.421
28.421
28.449
28.478
28.478
28.449
28.421
28.449
28.421
28.392
28.421
28.392
28.364
28.364
28.335
28.335
28.335
28.364
28.335
28.307
28.279
28.307
28.307
28.335
28.364
28.392
28.364
28.364
28.335
28.364
28.392
28.42
28.449
28.42
28.42
28.449
28.449
28.477
28.449
28.477
28.477
28.449
28.477
28.449
28.449
28.449
31.294
31.325
31.325
31.356
31.356
31.388
31.356
31.325
31.325
31.293
31.262
31.231
31.231
31.231
31.262
31.293
31.293
31.325
31.356
31.387
31.387
31.356
31.387
31.356
31.356
31.356
34.492
34.457
34.492
34.457
34.423
34.457
34.491
34.491
34.526
34.491
34.457
34.422
34.388
34.422
34.388
34.388
34.354
34.388
34.422
34.457
34.491
34.457
34.491
34.457
34.457
34.422
34.422
34.388
34.422
34.388
34.388
34.353
37.789
37.751
37.713
37.676
37.676
37.713
37.751
37.751
37.751
37.713
37.713
37.675
37.713
37.751
37.751
37.789
37.789
37.751
37.789
37.826
37.826
37.826
37.864
37.826
37.864
37.864
37.864
34.078
34.044
34.044
34.01
33.976
33.976
34.01
34.044
34.01
34.01
34.01
33.976
34.009
33.975
33.941
33.975
34.009
34.009
34.043
34.009
34.043
34.009
33.975
33.941
33.975
34.009
34.009
34.043
34.077
34.077
34.043
34.077
34.111
34.077
34.043
34.043
34.043
34.077
34.043
34.043
34.043
34.077
34.077
34.111
34.111
34.111
34.077
34.043
34.043
34.077
34.111
34.145
34.145
34.145
34.111
34.145
34.179
34.179
34.179
34.145
34.179
34.145
34.145
34.111
37.522
37.485
37.447
37.447
37.447
37.485
37.447
37.447
37.447
37.485
37.485
37.485
37.447
37.41
37.372
37.372
37.41
37.447
37.447
37.447
37.484
37.522
37.559
37.597
37.559
37.559
37.597
37.597
37.597
37.597
37.559
37.597
37.559
37.597
37.635
37.672
37.672
37.71
37.71
37.748
37.71
37.71
37.747
37.71
37.747
37.747
37.785
34.007
34.007
34.041
34.075
34.075
34.075
34.041
34.007
34.041
34.075
34.109
34.109
34.109
34.109
34.075
34.041
34.075
34.075
34.041
34.041
34.006
34.04
34.006
34.006
34.04
37.444
37.407
37.444
37.407
37.444
37.407
37.444
37.407
37.407
37.444
37.407
37.444
37.482
37.519
37.519
37.557
37.594
37.594
37.594
37.594
37.632
37.632
37.67
37.632
37.67
37.67
37.707
33.936
33.903
33.936
33.902
33.869
33.835
33.801
33.835
33.869
33.869
33.902
33.868
33.835
33.801
33.835
33.835
33.868
33.835
33.868
33.868
33.835
30.451
30.482
30.451
30.451
30.481
30.451
30.421
30.421
30.451
30.421
30.451
30.451
30.481
30.451
30.451
30.42
30.451
30.42
30.42
30.42
33.462
33.496
33.496
33.496
33.529
33.529
33.529
33.563
33.563
33.563
33.563
33.529
33.563
33.529
33.563
33.529
33.563
33.596
33.596
33.563
33.563
33.529
33.529
33.496
33.529
33.563
33.563
33.529
33.563
33.529
33.496
33.496
33.529
33.529
33.563
33.529
33.496
33.529
33.496
33.529
33.529
33.495
33.495
33.495
33.462
33.429
33.462
33.495
33.495
33.462
33.495
33.462
33.462
33.428
36.771
36.735
36.771
36.808
36.808
36.808
36.845
36.882
36.919
36.919
36.919
36.955
36.955
36.955
36.919
36.955
36.992
37.029
36.992
36.955
36.918
36.955
36.918
36.955
36.992
36.955
36.992
36.992
37.029
36.992
36.992
36.955
36.918
36.918
36.955
36.918
36.918
36.881
36.918
36.955
36.918
36.918
36.881
36.918
36.918
36.918
36.881
36.844
36.881
36.881
36.918
36.881
36.918
36.881
36.844
36.807
36.844
36.807
36.807
36.807
36.77
36.807
36.844
36.844
36.844
36.844
36.844
36.844
36.807
36.807
36.844
36.844
36.881
36.844
36.844
36.807
36.77
36.77
36.734
36.697
36.66
36.66
36.697
36.733
36.77
36.733
36.733
36.697
36.697
36.733
36.697
36.733
36.733
36.77
36.77
36.807
36.807
36.807
36.807
36.844
36.807
36.844
36.844
36.807
33.126
33.159
33.159
33.126
33.126
33.093
33.093
33.126
33.093
33.093
33.093
33.093
33.06
33.027
33.06
33.027
33.06
33.093
33.06
33.027
33.06
33.093
33.06
33.093
33.126
33.159
33.192
33.159
33.192
33.192
33.192
33.192
33.192
33.192
33.159
33.159
33.192
33.159
33.159
33.126
33.159
33.126
33.159
33.126
33.126
33.126
33.126
33.092
33.126
33.092
33.092
33.092
36.402
36.438
36.475
36.475
36.511
36.548
36.584
36.547
36.584
36.547
36.511
36.474
36.474
36.474
36.474
36.474
36.474
36.474
36.474
36.474
36.438
36.474
36.511
36.511
36.547
36.511
36.511
36.511
36.511
36.511
36.474
36.474
36.474
36.511
36.547
36.584
36.547
36.547
36.584
36.62
36.62
36.62
36.657
36.62
36.657
36.657
36.657
32.991
33.024
33.024
33.024
33.024
33.024
33.057
33.057
33.09
33.09
33.123
33.157
33.157
33.123
33.09
33.09
33.123
33.09
33.123
33.123
33.123
29.811
29.841
29.841
29.841
29.841
29.871
29.901
29.901
29.93
29.96
29.99
29.96
29.93
29.93
29.96
29.93
29.9
29.87
29.841
29.811
29.841
29.841
29.841
29.811
29.781
29.811
29.811
29.841
29.87
29.9
29.9
29.9
29.9
29.9
29.93
29.93
29.9
29.9
29.87
29.9
29.87
29.84
29.84
29.811
29.84
29.84
29.811
29.84
29.811
29.811
29.84
32.824
32.792
32.759
32.726
32.759
32.726
32.726
32.726
32.759
32.759
32.726
32.726
32.726
32.726
32.726
32.693
32.661
32.661
32.693
32.66
32.66
32.693
32.693
32.726
32.726
32.759
32.726
32.759
32.759
32.726
29.453
29.453
29.453
29.453
29.453
29.483
29.453
29.453
29.483
29.483
29.512
29.483
29.483
29.453
29.424
29.453
29.424
29.453
29.424
29.424
29.453
29.482
29.453
29.453
29.482
29.512
29.512
29.482
29.512
29.482
29.482
29.482
32.431
32.398
32.431
32.398
32.431
32.398
32.398
32.398
32.366
32.366
32.366
32.398
32.366
32.366
32.366
32.366
32.398
32.366
32.333
32.301
32.333
32.366
32.398
32.366
32.366
32.398
32.366
32.366
32.366
32.333
32.301
32.333
32.301
32.268
32.236
32.236
32.268
32.301
32.301
32.333
32.333
32.301
32.268
32.236
32.236
32.268
32.301
32.333
32.333
32.365
32.333
32.301
32.301
32.268
32.268
32.301
32.268
32.268
32.236
32.268
32.3
32.3
32.333
32.333
32.365
32.365
32.397
32.365
32.397
32.397
32.43
29.187
29.216
29.245
29.245
29.245
29.274
29.245
29.216
29.187
29.158
29.187
29.216
29.187
29.187
29.187
29.187
29.158
29.158
29.158
29.128
29.099
29.099
29.07
29.07
29.099
29.099
29.07
29.041
29.07
29.041
29.07
29.041
29.07
29.041
29.041
29.041
29.012
29.012
28.983
28.983
28.954
28.925
28.896
28.925
28.925
28.954
28.925
28.954
28.954
28.983
26.084
26.084
26.111
26.084
26.111
26.084
26.111
26.084
26.058
26.084
26.058
26.084
26.084
26.11
26.11
26.137
26.11
26.137
26.137
26.137
23.523
23.523
23.523
23.523
23.523
23.546
23.57
23.57
23.546
23.57
23.593
23.57
23.57
23.57
23.57
23.57
23.546
23.546
23.57
23.593
23.57
23.546
23.546
23.523
23.523
23.523
23.523
23.499
23.476
23.499
23.476
23.499
23.499
23.499
23.523
23.546
23.57
23.57
23.546
23.523
23.523
23.499
23.523
23.546
23.57
23.546
23.523
23.523
23.546
23.523
23.546
23.57
23.546
23.57
23.593
23.57
23.57
23.546
23.57
23.593
23.617
23.593
23.593
23.617
23.593
23.617
23.617
23.64
21.276
21.276
21.255
21.234
21.255
21.234
21.234
21.234
21.212
21.191
21.17
21.191
21.212
21.212
21.212
21.191
21.212
21.191
21.191
21.17
23.287
23.31
23.334
23.357
23.334
23.357
23.38
23.404
23.427
23.45
23.45
23.45
23.427
23.404
23.427
23.45
23.427
23.45
23.45
23.474
23.474
23.45
23.474
23.45
23.45
23.474
25.821
25.847
25.821
25.795
25.795
25.821
25.847
25.847
25.873
25.899
25.899
25.899
25.873
25.873
25.847
25.873
25.847
25.847
25.873
25.847
25.847
25.873
25.847
25.873
25.873
25.899
23.309
23.285
23.262
23.285
23.262
23.285
23.309
23.309
23.285
23.285
23.262
23.262
23.239
23.216
23.216
23.239
23.239
23.215
23.239
23.215
23.215
23.215
25.537
25.563
25.588
25.614
25.614
25.588
25.614
25.639
25.639
25.665
25.691
25.665
25.691
25.691
25.716
25.742
25.716
25.716
25.691
25.665
25.639
25.614
25.588
25.562
25.537
25.511
25.486
25.511
25.486
25.46
25.435
25.409
25.409
25.384
25.409
25.435
25.435
25.435
25.46
25.46
25.435
25.46
25.486
25.486
25.486
25.511
25.537
25.537
25.537
25.511
25.511
25.537
25.511
25.536
25.536
25.562
23.006
22.983
23.006
23.029
23.006
23.006
23.029
23.029
23.006
22.983
22.96
22.983
23.006
23.006
23.006
23.006
23.029
23.052
23.075
23.075
23.075
23.052
23.052
23.075
23.052
23.029
23.006
23.029
23.052
23.052
23.052
23.052
23.029
23.006
23.029
23.029
23.029
23.006
23.006
23.006
23.006
23.029
23.006
23.006
23.029
23.006
23.006
23.006
22.982
23.005
22.982
22.982
22.982
25.281
25.281
25.255
25.281
25.281
25.281
25.281
25.255
25.281
25.281
25.281
25.255
25.23
25.23
25.205
25.18
25.18
25.205
25.205
25.18
25.18
25.205
25.18
25.205
25.205
25.18
22.662
22.684
22.684
22.662
22.662
22.639
22.616
22.616
22.594
22.616
22.594
22.571
22.571
22.594
22.571
22.594
22.571
22.571
22.571
22.571
22.571
22.594
22.571
22.548
22.571
22.594
22.571
22.571
22.548
22.548
22.526
22.548
22.526
22.526
22.503
24.754
24.729
24.754
24.729
24.704
24.679
24.679
24.679
24.704
24.679
24.704
24.704
24.679
24.679
24.704
24.704
24.704
24.729
24.729
24.729
24.729
24.729
24.704
24.729
24.704
24.704
24.679
27.147
27.174
27.202
27.174
27.147
27.147
27.12
27.093
27.12
27.093
27.066
27.066
27.039
27.012
27.012
27.012
27.012
27.012
27.039
27.012
27.039
27.039
27.012
24.31
24.286
24.31
24.31
24.31
24.31
24.31
24.31
24.31
24.335
24.359
24.383
24.383
24.383
24.408
24.383
24.383
24.408
24.408
24.432
24.408
24.383
24.408
24.432
24.432
24.457
24.457
24.432
24.457
24.432
24.432
24.457
26.902
26.875
26.875
26.902
26.875
26.848
26.875
26.848
26.822
26.795
26.768
26.795
26.768
26.768
26.741
26.741
26.768
26.741
26.768
26.768
26.741
24.067
24.043
24.067
24.043
24.019
23.995
23.995
23.995
24.019
23.995
23.995
24.019
24.019
23.995
23.995
23.995
24.019
23.995
24.019
23.995
23.971
23.995
23.995
23.971
23.971
23.947
23.947
23.947
23.971
23.947
23.971
23.971
23.947
23.947
23.923
23.899
23.899
23.875
23.851
23.827
23.851
23.851
23.851
23.851
23.875
23.851
23.875
23.899
23.875
23.875
23.851
23.851
23.851
23.851
23.827
23.803
23.779
23.756
23.779
23.756
23.756
23.732
23.708
23.732
23.708
23.732
23.756
23.756
23.779
23.779
23.779
23.779
23.803
23.779
23.779
23.756
23.779
23.779
23.803
23.779
23.779
23.779
23.803
23.803
23.803
23.827
23.827
23.851
23.827
23.851
23.827
23.803
23.827
23.803
23.779
23.755
23.732
23.732
23.708
23.684
23.708
23.684
23.684
23.708
23.684
23.66
23.684
23.708
23.732
23.755
23.779
23.779
23.803
23.779
23.755
23.731
23.731
23.731
23.708
23.731
23.708
23.708
23.731
26.105
26.078
26.052
26.052
26.052
26.026
26.052
26.052
26.026
26
25.974
26
26
26.026
26.052
26.052
26.026
26.052
26.078
26.078
26.078
26.078
26.104
26.13
26.157
26.183
26.209
26.209
26.235
26.235
26.235
26.261
26.288
26.288
26.261
26.261
26.261
26.235
26.209
26.183
26.209
26.209
26.235
26.235
26.261
26.288
26.288
26.261
26.287
26.261
26.261
26.287
28.916
28.887
28.858
28.887
28.858
28.83
28.801
28.772
28.743
28.714
28.686
28.714
28.686
28.714
28.686
28.714
28.714
28.743
28.772
28.772
28.743
28.743
28.743
28.714
28.714
28.686
28.686
28.686
28.686
28.714
28.685
28.685
28.657
28.628
28.6
28.6
28.6
28.6
28.6
28.628
28.657
28.628
28.599
28.628
28.657
28.628
28.628
28.628
28.628
28.657
28.628
28.628
28.599
28.571
28.571
28.599
28.628
28.657
28.685
28.685
28.685
28.657
28.685
28.657
28.657
28.657
31.522
31.554
31.522
31.491
31.522
31.554
31.522
31.491
31.491
31.459
31.428
31.396
31.365
31.333
31.302
31.271
31.302
31.271
31.271
31.271
31.271
31.271
31.239
31.271
31.302
31.271
31.271
31.271
31.271
31.302
31.271
31.239
31.271
31.239
31.239
31.208
31.208
31.177
31.208
31.208
31.239
31.208
31.208
31.239
31.271
31.302
31.27
31.302
31.302
31.27
31.239
31.208
31.208
31.208
31.208
31.239
31.208
31.239
31.239
31.239
28.115
28.115
28.115
28.115
28.087
28.115
28.087
28.115
28.115
28.087
28.087
28.087
28.115
28.115
28.115
28.115
28.115
28.143
28.171
28.2
28.171
28.2
28.2
28.171
28.143
28.143
28.143
28.115
28.143
28.115
28.115
28.115
30.926
30.957
30.988
31.019
30.988
30.988
30.988
30.957
30.957
30.926
30.895
30.895
30.926
30.957
30.957
30.957
30.988
30.988
30.988
30.988
30.957
30.926
30.957
30.926
30.957
30.957
30.988
30.957
30.988
30.988
31.019
31.019
31.05
31.081
31.05
31.081
31.05
31.019
30.988
31.019
31.019
31.05
31.019
30.988
31.019
30.988
30.957
30.988
30.988
30.957
30.988
31.019
31.05
31.05
31.081
31.081
31.081
31.05
31.019
31.05
31.05
31.081
31.112
31.143
31.112
31.081
31.112
31.112
31.081
31.112
31.081
31.081
31.05
34.155
34.155
34.155
34.12
34.12
34.155
34.12
34.086
34.12
34.154
34.189
34.223
34.189
34.189
34.154
34.154
34.154
34.189
34.189
34.189
34.223
34.257
34.291
34.291
34.326
34.36
34.36
34.36
34.36
34.394
34.394
34.429
