100
100
100
99.9
100
99.9
100
100
100
99.9
100
99.9
100
100
99.9
100
100
99.9
99.8
99.899
99.899
99.899
99.999
99.899
99.899
99.899
99.899
99.999
99.899
99.799
99.899
99.899
99.799
99.799
99.799
99.899
99.799
99.799
99.899
99.899
99.899
99.799
99.899
99.799
99.799
99.899
109.89
109.78
109.78
109.89
109.78
109.67
109.67
109.67
109.56
109.67
109.67
109.78
109.67
109.78
109.67
109.78
109.89
109.89
109.89
109.89
109.89
109.78
109.89
109.78
109.78
109.67
120.63
120.76
120.63
120.63
120.51
120.39
120.27
120.15
120.15
120.27
120.15
120.03
120.15
120.27
120.15
120.27
120.15
120.03
120.15
120.15
120.27
120.39
120.51
120.51
120.39
120.27
120.27
120.15
120.27
120.27
120.39
120.39
120.39
120.51
120.51
120.39
120.51
120.39
120.39
120.27
132.3
132.17
132.03
131.9
131.9
132.03
132.17
132.17
132.17
132.03
132.17
132.03
131.9
131.77
131.77
131.77
131.9
131.77
131.77
131.9
131.77
131.77
131.9
132.03
132.17
132.03
132.17
132.17
132.3
132.17
132.3
132.3
132.43
119.19
119.19
119.31
119.19
119.07
119.19
119.07
119.07
119.07
118.95
119.07
119.07
118.95
119.07
119.07
119.19
119.31
119.19
119.19
119.07
119.07
119.19
119.07
119.07
118.95
119.07
119.07
119.07
119.07
118.95
119.07
119.19
119.3
119.19
119.19
119.19
119.07
119.19
119.07
119.07
119.07
130.97
130.97
131.1
131.23
131.23
131.1
131.23
131.23
131.1
131.23
131.1
131.1
131.1
130.97
130.97
131.1
131.23
131.1
131.23
131.23
131.23
131.23
131.37
131.23
131.37
131.5
131.37
131.37
131.5
131.5
131.63
131.63
131.5
131.63
131.5
131.5
131.63
144.79
144.94
144.94
144.94
145.08
145.08
145.08
145.23
145.23
145.08
145.23
145.23
145.08
145.08
145.08
145.08
145.23
145.37
145.23
145.37
145.52
145.66
145.66
145.81
145.95
145.81
145.81
145.66
145.52
145.52
145.37
145.22
145.08
145.08
144.93
144.79
144.93
145.08
145.08
144.93
145.08
144.93
144.93
144.79
159.27
159.11
159.11
159.27
159.43
159.59
159.75
159.75
159.91
159.91
159.91
160.07
160.23
160.07
160.23
160.06
160.06
159.9
159.9
159.74
159.9
159.9
159.74
159.9
159.74
159.74
159.9
175.89
175.89
176.07
176.07
175.89
175.72
175.72
175.72
175.72
175.54
175.72
175.54
175.37
175.19
175.37
175.19
175.02
174.84
174.67
174.84
174.84
174.67
174.49
174.67
174.67
174.84
175.02
175.02
174.84
174.67
174.84
175.02
174.84
174.67
174.67
174.67
174.84
175.02
174.84
175.02
174.84
175.01
175.19
175.37
175.37
175.54
175.36
175.19
175.19
175.36
175.19
175.36
175.19
175.19
175.01
175.01
175.01
175.19
175.01
175.19
175.36
175.19
175.19
175.19
175.01
174.84
174.66
174.66
174.84
174.84
174.66
174.84
174.66
174.66
174.49
191.94
191.75
191.75
191.55
191.36
191.17
190.98
190.98
190.98
190.98
191.17
190.98
190.98
190.79
190.98
190.79
190.79
190.6
190.41
190.22
190.03
190.03
190.22
190.22
190.03
190.22
190.41
190.22
190.22
190.03
189.84
189.84
189.65
189.65
189.46
189.27
189.08
189.08
189.08
189.27
189.27
189.46
189.46
189.27
189.27
189.27
189.08
189.27
189.08
189.08
189.27
208.19
208.4
208.19
208.4
208.19
208.4
208.4
208.19
208.19
207.98
208.19
207.98
207.78
207.57
207.78
207.78
207.98
208.19
208.19
208.4
208.61
208.4
208.61
208.4
208.4
208.61
208.61
208.82
208.61
208.82
209.02
208.82
209.02
209.23
209.44
209.23
209.44
209.23
209.44
209.65
209.65
209.65
209.65
209.86
209.86
210.07
210.28
210.28
210.07
210.07
210.07
209.86
209.65
209.65
209.44
209.65
209.44
209.44
209.23
230.15
229.92
230.15
230.15
229.92
229.92
230.15
230.15
229.92
230.15
230.38
230.15
230.15
230.38
230.61
230.61
230.61
230.38
230.38
230.15
229.92
229.92
230.15
230.15
230.15
229.92
229.92
229.69
229.69
229.69
229.46
229.46
229.46
229.23
229.23
229.46
229.46
229.69
229.92
229.92
229.69
229.92
229.92
230.15
230.15
230.15
230.15
229.92
229.92
230.15
229.92
229.92
229.92
230.15
230.38
230.38
230.15
229.92
229.69
229.69
229.92
230.15
230.38
230.15
229.92
230.15
230.15
230.38
230.61
230.61
230.84
230.61
230.84
231.07
230.84
230.61
230.38
230.38
230.61
230.61
230.84
231.07
231.07
231.3
231.07
231.3
231.3
231.3
231.53
231.53
231.53
231.3
231.53
231.53
231.3
231.53
231.53
231.3
231.3
231.53
231.3
231.3
231.53
231.76
231.53
231.3
231.53
231.53
231.53
231.76
231.53
231.53
231.3
231.3
231.07
231.07
230.84
230.61
230.61
230.61
230.61
230.84
231.07
230.84
230.84
230.84
230.84
230.61
230.61
230.38
230.15
230.15
230.38
230.61
230.84
230.84
231.07
230.84
231.07
231.07
230.84
207.75
207.96
207.96
207.75
207.75
207.54
207.34
207.54
207.75
207.75
207.75
207.96
208.17
208.17
207.96
208.17
208.38
208.17
208.17
208.17
208.17
208.38
208.38
208.38
208.17
208.38
208.17
208.17
207.96
228.75
228.98
229.21
228.98
228.75
228.98
228.98
228.98
228.98
229.21
229.44
229.67
229.9
230.13
230.36
230.13
230.13
229.9
229.9
230.13
230.13
230.13
229.9
229.67
229.44
229.67
229.9
230.13
230.13
229.9
230.13
229.9
229.9
229.9
252.89
252.64
252.38
252.13
252.38
252.38
252.38
252.64
252.64
252.64
252.38
252.13
252.38
252.13
251.88
252.13
252.38
252.13
252.13
252.13
251.88
252.13
251.88
251.88
251.88
277.06
277.06
276.79
276.51
276.23
276.51
276.79
276.51
276.23
276.23
275.96
275.68
275.68
275.96
275.96
276.23
275.96
275.68
275.96
276.23
275.96
275.68
275.41
275.41
275.13
275.4
275.68
275.96
275.96
275.68
275.96
275.96
275.68
275.96
275.68
275.68
275.68
303.25
303.55
303.25
303.25
303.25
303.25
303.25
303.25
303.25
303.55
303.55
303.55
303.85
303.55
303.55
303.85
304.16
304.16
304.46
304.16
304.16
304.16
304.16
304.16
303.85
304.16
303.85
303.85
303.85
334.24
334.24
334.24
334.57
334.57
334.24
333.9
334.24
334.24
334.24
334.24
334.24
334.24
334.57
334.57
334.57
334.57
334.24
334.57
334.91
334.91
334.91
334.57
334.57
334.91
334.57
334.57
334.57
334.24
334.24
334.24
334.57
334.57
334.24
334.24
334.57
334.9
334.57
334.9
334.57
334.57
334.9
334.9
334.57
334.57
334.57
334.57
334.9
334.9
334.57
334.57
334.57
334.57
334.57
334.57
334.9
334.9
335.24
334.9
334.57
334.9
334.9
334.9
334.9
335.24
335.24
335.24
335.57
335.91
335.91
336.24
336.58
336.92
336.58
336.92
336.58
336.58
336.58
336.24
336.24
336.58
336.58
336.24
335.91
336.24
336.24
336.58
336.92
337.25
337.25
337.25
337.59
337.59
337.25
337.25
337.59
337.25
337.25
337.25
337.59
337.25
337.59
337.93
337.59
337.59
337.25
337.25
336.91
336.91
336.91
336.58
336.24
336.24
336.58
336.24
336.58
336.58
336.91
303.22
303.22
303.22
303.22
303.52
303.52
303.22
302.92
302.61
302.92
303.22
303.22
302.92
302.61
302.61
302.61
302.31
302.01
301.71
301.41
301.41
301.1
301.1
300.8
301.1
300.8
300.8
300.8
301.1
301.4
301.1
301.1
301.4
301.1
301.1
301.4
301.1
301.4
301.4
301.1
301.1
301.1
300.8
300.5
300.8
301.1
300.8
301.1
300.8
300.8
301.1
301.1
301.1
301.4
301.1
301.4
301.4
301.7
302
302.31
302.31
302.31
302.31
302
302
302
302
302
301.7
301.7
301.7
302
301.7
301.7
301.4
301.4
301.7
301.4
301.1
300.8
301.1
301.4
301.4
301.7
302
301.7
301.7
301.4
301.7
301.4
301.1
301.4
301.7
301.4
301.4
301.1
301.1
300.8
300.8
300.8
301.1
300.8
301.1
301.4
301.4
301.4
301.7
301.4
301.1
300.79
301.1
301.1
300.79
300.49
300.19
299.89
300.19
300.49
300.79
300.79
301.09
300.79
301.09
301.09
301.09
300.79
300.49
300.79
300.79
301.09
300.79
301.09
301.39
301.7
301.7
302
302
302.3
302.3
302
302
302.3
302.6
302.3
302
301.69
301.69
302
302
302.3
302
301.69
301.69
301.39
301.39
301.69
301.39
301.39
301.09
301.39
301.39
301.69
301.39
301.39
301.69
301.99
301.69
301.39
301.69
301.69
301.69
301.99
301.99
302.3
302.6
302.29
302.6
302.6
302.6
302.29
302.6
302.29
302.29
302.6
302.6
302.9
302.6
302.9
302.9
302.9
272.61
272.88
273.15
272.88
272.61
272.88
273.15
273.43
273.43
273.43
273.43
273.43
273.43
273.43
273.15
273.43
273.43
273.43
273.43
273.7
273.97
273.97
273.97
273.97
273.7
273.43
273.7
273.97
274.25
273.97
273.7
273.97
273.97
273.7
273.7
273.7
273.7
273.7
273.97
273.97
273.7
273.42
273.42
273.15
273.42
273.15
273.15
273.42
300.77
301.07
300.77
300.77
300.77
300.77
301.07
301.07
300.77
300.47
300.47
300.47
300.16
299.86
300.16
299.86
299.86
299.56
299.86
300.16
299.86
299.86
300.16
299.86
300.16
300.16
300.16
270.15
270.42
270.69
270.69
270.69
270.42
270.69
270.42
270.15
269.88
270.15
269.88
270.15
269.88
270.15
269.88
269.88
270.15
269.88
269.61
269.87
269.6
269.34
269.34
269.34
269.07
268.8
268.53
268.53
268.53
268.26
268.53
268.26
268.26
267.99
294.79
295.08
295.38
295.08
295.38
295.68
295.68
295.97
296.27
296.27
296.56
296.56
296.27
296.56
296.56
296.56
296.86
297.16
297.16
297.16
296.86
297.16
297.45
297.45
297.16
297.45
297.16
296.86
297.15
297.15
296.86
296.86
296.56
296.56
296.56
296.86
297.15
297.45
297.75
298.05
298.34
298.05
297.75
298.05
298.05
298.34
298.64
298.64
298.34
298.64
298.94
299.24
298.94
299.24
298.94
298.64
298.64
298.94
298.64
298.64
298.94
298.94
298.94
299.24
299.54
299.24
299.54
299.84
299.54
299.24
299.24
299.54
299.24
299.24
298.94
298.64
298.94
298.94
298.64
298.34
298.34
298.04
298.34
298.04
298.04
298.34
328.17
328.5
328.17
327.85
327.85
327.52
327.19
326.86
327.19
326.86
326.86
326.86
327.19
326.86
326.54
326.86
327.19
327.52
327.52
327.84
327.52
327.52
327.52
327.84
327.84
328.17
328.17
327.84
327.51
327.19
327.51
327.51
327.51
327.84
327.84
327.51
327.19
326.86
326.53
326.86
326.53
326.21
326.21
325.88
325.88
325.88
326.21
326.21
326.21
326.21
325.88
325.88
325.55
325.88
326.2
325.88
326.2
326.53
326.53
326.2
326.2
326.2
326.2
325.88
325.88
325.55
325.23
325.55
325.55
325.55
325.55
325.23
325.23
324.9
325.23
325.23
325.23
325.55
325.23
325.55
325.55
325.23
292.7
293
293
292.7
292.41
292.7
292.99
292.7
292.7
292.7
292.41
292.12
292.41
292.41
292.7
292.7
292.99
292.7
292.7
292.99
292.7
292.7
292.99
293.29
292.99
292.99
293.29
293.29
293.58
293.29
292.99
292.7
292.7
292.99
292.7
292.99
292.99
292.99
293.28
293.58
293.87
294.17
294.17
294.17
294.17
294.17
294.46
294.75
294.46
294.16
294.16
293.87
294.16
293.87
293.87
293.58
293.28
292.99
293.28
293.28
292.99
292.7
292.4
292.4
292.7
292.7
292.4
292.11
291.82
291.82
292.11
291.82
292.11
292.11
292.4
292.11
292.11
292.11
291.82
292.11
291.82
291.82
291.82
321
321
320.68
320.68
321
320.68
320.68
321
321
321.32
321
321.32
321
320.68
320.68
320.36
320.68
321
321
321
321
321
321
320.68
320.36
320.68
320.68
321
320.68
320.68
321
321
321
320.68
320.35
320.35
320.68
321
321.32
321.32
321
321
321.32
321.32
321.32
321.64
321.96
321.64
321.96
321.64
321.64
321.32
321.64
321.32
321.32
321.64
353.8
354.15
354.51
354.86
354.86
354.86
354.86
354.86
354.51
354.51
354.51
354.51
354.86
354.51
354.86
355.22
355.57
355.22
355.57
355.22
354.86
355.22
354.86
354.51
354.86
355.22
354.86
354.86
354.86
355.21
355.57
355.21
354.86
354.86
354.86
354.86
355.21
354.86
354.86
355.21
355.21
354.86
355.21
354.86
354.86
355.21
390.73
391.13
391.52
391.12
391.52
391.12
391.52
391.91
391.52
391.91
392.3
391.91
392.3
391.91
392.3
391.91
391.91
391.91
391.51
391.51
391.12
391.12
390.73
390.73
390.73
390.34
389.95
389.95
389.95
390.34
390.34
390.34
390.34
389.95
389.56
389.17
389.56
389.95
389.95
389.56
389.95
390.34
390.34
390.34
389.95
389.95
389.56
389.56
389.56
389.17
389.56
389.17
389.56
389.56
389.17
389.56
389.17
389.56
389.56
389.95
390.34
389.95
389.95
389.56
389.95
390.34
389.94
389.55
389.55
389.94
390.33
390.33
390.72
390.33
390.33
389.94
390.33
389.94
389.55
389.16
389.55
389.55
389.16
389.55
389.94
389.55
389.16
388.77
389.16
389.55
389.94
389.94
389.55
389.16
389.55
389.16
388.77
388.38
388.38
387.99
388.38
388.38
388.77
388.38
388.38
388.77
389.16
388.77
389.16
389.55
389.16
388.77
388.77
389.16
389.16
389.16
389.16
388.77
388.38
388.77
388.38
388.77
388.77
389.16
389.16
389.16
389.55
389.94
389.55
389.94
389.94
389.55
389.16
389.16
388.77
388.77
388.77
389.16
388.77
388.38
388.77
389.15
388.77
388.77
388.38
388.38
388.77
388.38
387.99
387.6
387.21
387.6
387.6
387.99
387.6
387.99
387.99
387.99
349.19
349.54
349.89
349.89
349.54
349.19
349.19
349.19
349.19
348.84
349.19
348.84
348.49
348.84
348.84
349.19
349.19
348.84
348.49
348.49
348.14
348.49
348.49
348.14
348.49
348.14
348.14
348.14
382.95
382.95
382.57
382.95
382.95
382.95
382.95
382.57
382.57
382.57
382.95
382.57
382.19
382.57
382.95
383.33
382.95
382.95
383.33
383.72
383.33
383.33
383.33
383.33
382.95
382.57
382.57
382.57
382.57
382.57
382.95
382.57
382.95
382.95
383.33
345
344.65
344.65
345
344.65
345
345
345
344.65
345
345.34
345
345
345
345.34
345.34
345.69
345.34
345
345
345.34
345.34
345.34
345
344.65
344.31
344.65
344.65
344.65
344.31
344.65
345
344.65
344.65
344.31
344.65
344.31
344.31
344.31
378.74
379.12
379.12
379.49
379.49
379.49
379.11
379.11
379.49
379.87
379.49
379.49
379.49
379.87
380.25
380.63
380.63
380.63
381.01
380.63
380.25
380.63
380.63
380.25
379.87
379.49
379.49
379.11
379.49
379.87
380.25
379.87
379.49
379.87
379.87
380.25
379.87
379.87
379.49
379.49
379.11
379.49
379.11
379.11
378.73
416.6
416.19
415.77
415.36
415.36
415.77
416.19
416.19
416.19
416.19
416.6
417.02
417.02
417.44
417.44
417.02
416.6
416.19
416.19
416.6
416.18
416.6
416.6
417.02
375.32
375.32
375.69
376.07
376.07
376.07
376.07
376.07
375.69
375.32
375.69
376.07
376.07
376.44
376.44
376.82
376.82
376.44
376.44
376.07
376.44
376.06
376.44
376.44
376.06
376.06
376.44
376.82
377.19
377.19
377.19
377.57
377.19
377.19
377.57
377.19
376.82
376.82
376.82
376.82
376.82
376.82
376.44
376.82
377.19
377.57
377.95
377.57
377.95
377.95
377.57
377.95
377.57
377.19
377.19
376.81
377.19
377.57
377.95
377.57
377.57
377.19
377.57
377.94
377.94
377.57
377.19
377.57
377.94
377.94
377.57
377.94
377.57
377.57
377.57
415.32
415.32
414.91
415.32
415.32
415.74
415.74
415.32
415.74
415.32
415.74
416.15
415.74
415.74
415.32
415.32
415.74
415.32
415.73
415.73
415.32
373.79
374.16
373.79
373.41
373.41
373.41
373.41
373.04
372.67
372.29
372.67
373.04
372.67
372.67
373.04
373.04
373.41
373.04
373.41
373.78
373.41
373.04
372.66
373.04
373.04
373.41
373.04
373.41
373.04
373.41
373.41
373.41
373.78
373.41
373.78
373.78
373.41
336.07
336.4
336.07
336.07
336.4
336.74
336.4
336.74
336.4
336.74
336.4
336.07
335.73
335.73
335.39
335.06
334.72
334.39
334.72
334.72
335.06
334.72
335.06
335.39
335.39
335.73
335.39
335.73
335.73
336.06
302.46
302.46
302.76
302.76
302.46
302.15
302.15
302.15
301.85
302.15
302.46
302.15
302.15
302.15
301.85
301.85
302.15
301.85
301.55
301.25
301.55
301.55
301.85
301.55
301.25
301.25
301.25
301.55
301.55
301.25
300.95
301.25
300.95
301.25
300.95
300.64
300.64
300.94
300.64
300.64
300.34
300.64
300.34
300.34
300.04
330.05
329.72
329.72
329.39
329.39
329.06
329.06
329.39
329.39
329.72
329.39
329.39
329.39
329.39
329.72
329.72
329.72
329.72
330.05
330.05
330.38
330.38
330.38
330.71
330.38
330.71
331.04
331.04
331.37
331.7
331.37
331.04
331.04
331.04
331.04
331.37
331.37
331.37
331.7
331.7
331.7
332.03
331.7
331.7
332.03
332.03
332.36
332.69
333.03
333.03
333.36
333.69
333.69
333.36
333.69
333.36
333.69
333.69
333.36
333.69
333.36
333.36
333.36
366.69
367.06
366.69
366.69
366.33
366.33
365.96
366.33
365.96
365.96
366.33
366.69
366.69
366.33
365.96
365.59
365.59
365.23
365.59
365.23
365.23
365.59
402.15
402.15
402.55
402.96
403.36
402.96
403.36
403.36
403.76
403.36
402.96
402.55
402.96
402.55
402.55
402.96
403.36
402.95
402.55
402.55
402.15
402.55
402.95
402.55
402.95
402.95
402.55
402.15
402.55
402.15
402.15
401.75
401.75
402.15
402.55
402.95
403.35
402.95
402.95
402.55
402.55
402.15
402.55
402.95
402.95
402.95
402.55
402.95
402.95
402.55
402.95
402.55
402.55
402.14
442.36
442.8
443.24
442.8
443.24
442.8
442.36
442.36
442.36
441.92
441.47
441.91
442.36
442.36
441.91
441.47
441.91
442.36
442.36
442.36
441.91
441.47
441.91
441.47
441.47
441.91
441.47
441.03
441.03
441.03
440.59
440.59
441.03
441.03
440.59
440.59
441.03
440.59
440.59
441.03
441.03
440.59
440.59
440.15
439.71
440.15
440.59
441.03
441.47
441.91
441.47
441.91
442.35
442.79
442.79
442.79
442.35
442.79
442.79
442.35
442.79
442.35
442.35
442.35
486.58
486.1
485.61
485.61
485.13
485.61
485.13
485.61
486.1
485.61
485.61
486.1
485.61
485.61
485.12
485.12
484.64
485.12
485.61
485.12
485.12
485.61
485.61
485.61
486.09
485.61
486.09
486.09
486.09
437.48
437.92
437.92
437.92
438.36
438.8
438.8
438.36
437.92
437.92
437.92
438.36
437.92
438.36
437.92
437.48
437.04
437.04
437.48
437.48
437.04
437.04
437.48
437.04
437.48
437.48
437.04
393.34
393.73
394.13
394.52
394.52
394.13
393.73
393.73
394.12
393.73
393.34
392.94
392.94
392.55
392.16
392.16
391.77
392.16
391.77
391.37
391.37
391.77
391.37
391.76
391.76
392.16
352.94
353.29
352.94
353.29
352.94
352.94
352.94
353.29
353.65
353.65
354
353.65
354
354
353.65
353.29
352.94
352.59
352.59
352.23
352.23
351.88
351.88
352.23
352.23
351.88
352.23
351.88
351.88
351.88
387.07
387.46
387.07
387.07
387.45
387.07
387.45
387.84
387.45
387.84
387.45
387.07
387.45
387.45
387.07
387.45
387.45
387.07
386.68
386.68
387.07
386.68
386.68
386.68
387.06
387.45
387.45
387.06
387.45
387.06
387.06
387.06
425.77
426.2
426.2
426.62
427.05
427.05
426.62
426.2
426.62
426.62
426.19
425.77
425.77
425.77
426.19
426.19
425.77
425.77
426.19
425.77
425.34
425.34
425.77
425.77
426.19
426.19
425.77
425.77
425.77
426.19
426.62
426.19
426.19
425.77
426.19
426.19
425.77
425.34
424.91
425.34
425.76
426.19
426.62
426.62
426.19
426.62
427.04
426.62
426.19
425.76
425.34
424.91
424.49
424.06
423.64
424.06
424.06
424.49
424.06
424.49
424.06
424.49
424.91
424.49
424.91
424.48
424.06
424.48
424.06
424.06
423.64
423.64
423.21
423.64
423.21
422.79
423.21
423.21
423.21
423.21
423.21
423.63
423.21
423.63
423.63
423.21
380.89
381.27
381.27
381.27
381.65
381.27
380.89
380.51
380.51
380.13
380.13
380.13
379.75
380.13
379.75
379.37
378.99
378.61
378.61
378.23
378.61
378.99
379.37
379.75
380.12
380.12
380.5
380.12
380.12
380.5
380.5
380.89
380.5
380.88
380.88
380.5
380.12
380.5
380.88
380.5
380.88
380.88
380.5
380.12
380.12
379.74
379.36
379.36
379.74
379.36
379.74
380.12
379.74
379.74
379.36
379.74
379.36
379.36
379.36
417.3
417.3
417.71
417.71
418.13
418.55
418.97
419.39
419.81
419.39
419.81
419.81
419.39
418.97
419.39
419.81
419.81
420.23
419.81
419.81
420.23
420.23
419.8
420.22
419.8
419.8
420.22
419.8
419.8
420.22
420.22
419.8
419.38
419.38
419.38
419.8
419.38
419.38
419.38
418.96
419.38
419.38
418.96
418.96
419.38
418.96
419.38
419.38
418.96
377.07
377.07
377.07
377.07
376.69
377.07
377.44
377.44
377.82
378.2
378.2
378.58
378.58
378.96
379.33
379.33
378.95
379.33
378.95
378.95
379.33
417.27
417.68
417.68
418.1
418.1
418.52
418.52
418.52
418.1
418.52
418.1
418.52
418.52
418.1
418.1
418.52
418.94
418.94
418.94
418.94
418.52
418.52
418.94
418.52
418.94
419.36
418.94
418.94
418.94
418.94
418.52
418.1
418.52
418.1
418.52
418.52
418.1
417.68
417.26
416.84
416.84
417.26
417.26
417.68
417.26
417.26
417.26
417.26
417.26
417.68
417.26
417.68
417.68
418.1
376.29
375.91
375.91
375.53
375.91
375.91
375.53
375.53
375.53
375.53
375.16
375.53
375.16
374.78
374.41
374.03
373.66
373.29
373.29
373.29
373.66
373.66
373.66
374.03
373.66
374.03
373.66
373.66
374.03
373.66
374.03
374.03
374.41
336.96
336.96
336.96
336.63
336.96
337.3
337.64
337.98
337.98
337.98
338.31
337.98
337.98
337.64
337.3
336.96
337.3
337.64
337.64
337.3
337.64
337.97
337.64
337.3
336.96
336.62
336.62
336.96
336.62
336.96
336.96
337.3
303.57
303.57
303.26
303.57
303.26
303.26
302.96
302.96
302.66
302.66
302.96
302.66
302.96
302.96
303.26
303.57
303.26
303.26
303.57
303.26
302.96
302.66
302.66
302.66
302.66
302.35
302.05
301.75
302.05
302.35
302.35
302.35
302.66
302.35
302.66
302.66
302.66
272.39
272.12
272.12
271.85
272.12
272.39
272.12
271.84
271.57
271.84
271.57
271.3
271.03
271.03
271.3
271.03
271.3
271.03
270.76
270.49
270.22
269.95
270.22
269.95
269.68
269.68
269.41
269.68
269.95
269.68
269.41
269.14
268.87
268.6
268.87
269.14
268.87
268.6
268.87
268.87
268.6
268.6
268.87
269.14
268.87
268.6
268.33
268.33
268.33
268.33
268.6
268.6
268.6
268.33
268.6
268.6
268.6
268.6
268.33
268.33
268.6
268.6
268.87
268.6
268.33
268.33
268.6
268.86
268.6
268.33
268.33
268.06
267.79
267.52
267.52
267.79
267.52
267.79
267.52
267.79
267.52
267.25
267.25
267.52
267.79
267.52
267.79
267.52
267.79
268.06
267.79
268.06
268.32
268.06
268.32
268.06
268.06
268.32
268.06
268.32
268.06
268.32
268.32
268.59
268.86
269.13
269.13
268.86
268.86
268.86
268.86
268.86
269.13
269.13
269.13
269.13
269.4
269.13
269.13
269.4
269.67
269.94
269.94
269.67
269.4
269.4
269.67
269.94
269.94
270.21
269.94
270.21
270.48
270.21
269.94
269.67
269.4
269.67
269.67
269.67
269.94
269.67
269.93
269.93
269.66
242.7
242.94
242.94
242.7
242.46
242.21
242.21
242.21
242.21
242.46
242.21
241.97
242.21
242.45
242.21
241.97
241.73
241.97
241.73
241.73
241.73
241.97
242.21
241.97
241.97
242.21
242.21
241.97
241.97
242.21
241.97
241.73
241.97
241.73
241.73
241.48
241.73
241.48
241.48
241.48
241.48
241.73
241.48
241.73
241.97
242.21
241.97
241.73
241.48
241.48
241.73
241.48
241.72
241.72
241.72
241.97
241.97
241.97
241.97
241.97
242.21
242.45
242.21
241.97
242.21
242.21
242.21
242.21
242.21
242.45
242.21
242.45
242.45
242.21
217.99
218.2
217.99
218.2
218.42
218.64
218.42
218.2
218.42
218.42
218.42
218.42
218.64
218.42
218.42
218.42
218.64
218.64
218.42
218.64
218.42
218.42
218.42
240.26
240.5
240.5
240.74
240.99
241.23
240.99
240.99
240.74
240.5
240.26
240.26
240.5
240.5
240.5
240.74
240.98
240.98
240.74
240.5
240.5
240.74
240.74
240.5
240.74
240.74
240.74
240.74
240.74
240.74
240.98
241.22
240.98
240.74
240.74
240.5
240.26
240.26
240.26
240.5
240.5
240.26
240.5
240.26
240.26
240.26
264.29
264.02
263.76
263.49
263.49
263.49
263.76
263.49
263.76
264.02
264.29
264.02
264.02
263.76
264.02
264.02
264.29
264.29
264.29
264.29
264.02
264.02
264.02
264.29
264.55
264.28
264.28
264.02
264.02
264.28
264.02
264.02
264.28
264.28
264.28
264.28
264.02
264.28
264.55
264.28
264.55
264.81
265.08
265.08
264.81
264.81
265.08
265.34
265.61
265.61
265.34
265.34
265.61
265.34
265.08
265.08
265.08
264.81
265.08
264.81
264.81
265.08
291.58
291.29
291.58
291.29
291.58
291.87
291.58
291.29
291.29
291
291
291.29
291.29
291.29
291.29
291
291.29
291
290.71
290.71
290.71
291
291
291.29
291.58
291.58
291.87
291.58
291.58
291.87
291.87
291.58
291.87
291.87
291.58
291.29
291.58
291.58
291.87
291.87
292.16
292.16
292.16
291.87
292.16
291.87
291.58
291.58
291.58
291.87
291.87
291.58
291.87
291.58
291.58
291.58
320.74
320.42
320.42
320.74
320.42
320.09
320.09
320.41
320.09
320.09
320.09
320.09
320.09
320.41
320.73
320.73
321.06
321.06
321.38
321.7
322.02
321.7
321.7
321.7
321.7
321.7
322.02
321.7
322.02
322.02
322.02
289.82
290.11
289.82
289.53
289.24
288.95
289.24
288.95
288.66
288.66
288.37
288.37
288.08
287.79
287.79
288.08
288.37
288.66
288.95
288.66
288.37
288.08
288.37
288.37
288.37
288.37
288.66
288.95
288.95
289.24
289.52
289.81
289.52
289.23
289.52
289.52
289.52
289.23
289.52
289.52
289.52
289.23
289.52
289.81
290.1
290.39
290.1
290.39
290.39
290.1
290.1
290.39
290.1
290.1
290.1
289.81
289.81
290.1
290.39
290.39
290.1
290.39
290.39
290.68
290.39
290.68
290.68
290.97
261.87
261.87
261.87
262.14
261.87
261.87
261.61
261.61
261.61
261.35
261.09
261.09
260.83
260.83
260.57
260.57
260.57
260.57
260.83
261.09
260.83
261.09
260.83
260.57
260.57
260.83
260.83
260.83
260.83
260.57
260.83
261.09
261.35
261.35
261.35
261.09
261.35
261.09
261.09
261.09
287.2
287.48
287.2
287.2
287.2
286.91
286.62
286.91
287.2
287.2
287.2
287.2
287.2
287.2
287.2
287.48
287.48
287.77
287.48
287.77
287.77
288.06
288.35
288.35
288.06
288.06
288.35
288.06
288.35
288.35
288.06
259.25
259.25
259.25
258.99
258.73
258.99
258.99
258.99
259.25
258.99
258.73
258.99
259.25
258.99
259.25
259.51
259.77
259.51
259.77
259.77
259.77
259.51
259.77
260.03
260.03
259.77
260.03
259.77
259.77
259.51
285.46
285.46
285.46
285.17
285.46
285.46
285.17
285.46
285.17
285.46
285.46
285.46
285.17
285.46
285.74
286.03
286.03
286.03
286.03
285.74
285.74
285.46
285.74
285.46
285.74
286.03
286.03
286.03
286.03
285.74
285.74
285.46
285.46
285.17
285.46
285.46
285.46
285.74
285.46
285.74
285.74
286.03
285.74
286.03
286.03
285.74
257.17
256.91
257.17
257.42
257.42
257.42
257.68
257.42
257.68
257.42
257.17
256.91
256.65
256.65
256.39
256.39
256.14
256.39
256.14
256.14
256.39
282.03
282.03
282.32
282.32
282.32
282.03
281.75
282.03
282.31
282.03
282.03
281.75
281.47
281.47
281.19
281.47
281.47
281.19
280.91
280.62
280.34
280.06
280.06
280.06
280.34
280.34
280.06
280.34
280.34
280.62
280.34
280.62
280.62
280.9
252.81
253.07
252.81
253.07
253.07
252.81
252.81
252.81
252.56
252.81
253.07
253.32
253.07
253.07
252.81
253.07
253.32
253.32
253.07
252.81
252.56
252.56
252.31
252.31
252.05
252.05
252.31
252.31
252.05
252.05
251.8
252.05
251.8
251.8
251.8
276.98
276.71
276.71
276.71
276.71
276.71
276.98
276.98
277.26
277.54
277.54
277.81
278.09
278.09
278.09
278.09
277.81
278.09
278.09
278.37
278.37
278.37
278.65
278.37
278.65
278.65
278.93
278.93
278.93
278.65
278.37
278.09
278.37
278.37
278.09
278.09
278.09
278.09
278.09
278.37
278.37
278.65
278.92
278.65
278.37
278.37
278.37
278.09
278.09
278.09
277.81
277.53
277.26
277.26
277.26
277.26
276.98
276.7
276.7
276.98
276.7
276.98
276.7
276.7
276.98
277.25
277.53
277.81
277.81
277.81
277.81
277.81
277.81
278.09
277.81
278.09
278.09
278.09
250.28
250.28
250.03
250.28
250.53
250.28
250.53
250.78
250.78
250.53
250.53
250.78
251.03
250.78
250.53
250.53
250.53
250.78
250.53
250.53
250.78
251.03
251.28
251.03
251.28
251.28
251.53
251.78
251.78
251.53
251.78
251.53
251.53
251.28
251.28
251.53
251.28
251.03
251.28
251.28
251.28
251.28
251.28
251.53
251.28
251.53
251.53
251.53
226.38
226.6
226.38
226.38
226.15
225.92
226.15
225.92
226.15
226.15
226.37
226.15
225.92
225.92
225.7
225.92
225.92
225.92
225.92
226.15
226.15
226.37
226.6
226.37
226.15
226.15
226.15
225.92
225.92
225.92
226.15
226.37
226.37
226.15
226.37
226.15
226.15
226.37
249.01
248.76
248.76
248.51
248.76
249.01
249.26
249.26
249.26
249.51
249.76
249.51
249.26
249.26
249.26
249.26
249.51
249.76
249.76
250.01
250.26
250.51
250.26
250.26
250.26
250.01
250.01
250.01
250.01
250.01
250.26
250.51
250.76
250.76
250.51
250.76
250.76
251.01
251.26
251.26
251.51
251.26
251.51
251.51
251.76
226.59
226.59
226.59
226.59
226.59
226.59
226.59
226.36
226.36
226.58
226.58
226.36
226.36
226.58
226.36
226.13
226.36
226.36
226.13
225.91
225.91
225.91
225.91
225.68
225.45
225.68
225.45
225.68
225.45
225.23
225.23
225
224.78
224.55
224.78
224.78
224.55
224.55
224.33
224.1
224.1
223.88
223.88
223.66
223.66
223.66
223.66
223.43
223.66
223.88
224.1
224.1
224.1
224.33
224.55
224.78
225
225
225.23
225
224.78
225
225
225
224.78
224.55
224.33
224.33
224.1
223.88
223.88
223.88
223.65
223.88
223.88
223.65
223.65
223.65
223.65
223.65
223.65
223.43
223.43
223.43
223.43
223.43
223.65
223.88
223.88
224.1
224.32
224.32
224.32
224.55
224.77
224.55
224.32
224.1
224.32
224.55
224.32
224.32
224.55
224.55
224.77
224.77
224.77
224.55
224.32
224.32
224.1
224.1
224.1
224.1
224.32
224.1
224.32
224.32
224.55
202.09
201.89
201.89
201.69
201.49
201.29
201.49
201.49
201.29
201.08
201.08
200.88
200.68
200.68
200.68
200.88
200.68
200.68
200.48
200.48
200.48
200.28
200.28
200.28
200.08
199.88
200.08
200.08
199.88
199.68
199.68
199.48
199.68
199.48
199.48
199.28
219.21
219.21
219.43
219.21
218.99
218.99
218.77
218.99
218.99
218.99
219.21
218.99
219.21
219.43
219.65
219.65
219.43
219.43
219.43
219.21
219.21
219.21
218.99
218.99
219.21
218.99
219.21
219.21
218.99
197.09
196.89
196.89
196.89
197.09
196.89
196.89
196.7
196.5
196.5
196.5
196.69
196.89
197.09
196.89
197.09
196.89
196.69
196.5
196.3
196.1
195.91
195.71
195.52
195.52
195.71
195.52
195.52
195.71
195.52
195.32
195.32
195.52
195.71
195.91
195.71
195.71
195.71
195.71
195.52
195.71
195.71
195.91
195.71
195.91
195.91
195.91
176.32
176.49
176.67
176.49
176.32
176.49
176.32
176.14
176.14
175.96
175.79
175.96
176.14
175.96
176.14
176.32
176.32
176.49
176.31
176.14
176.14
175.96
176.14
176.31
176.31
176.49
176.67
176.49
176.49
176.31
176.49
176.31
176.31
176.49
176.49
176.67
176.67
176.49
176.31
176.31
176.31
176.14
175.96
175.79
175.96
175.79
175.96
175.78
175.61
175.78
175.96
175.78
175.78
175.78
175.96
176.14
176.31
176.49
176.49
176.67
176.67
176.84
177.02
176.84
176.84
177.02
176.84
176.84
176.84
176.84
176.66
176.49
176.49
176.49
176.49
176.66
176.66
176.84
176.66
176.84
176.84
177.02
159.32
159.48
159.63
159.79
159.79
159.63
159.79
159.95
160.11
160.11
159.95
159.95
159.79
159.63
159.79
159.95
159.79
159.63
159.47
159.63
159.79
159.95
159.95
159.95
159.95
159.79
159.63
159.79
159.63
159.47
159.47
159.31
159.47
159.47
159.31
159.15
159
158.84
158.68
158.52
158.52
158.68
158.84
159
158.84
158.99
158.99
158.84
158.99
158.99
158.84
158.99
158.84
158.84
158.99
174.89
175.07
175.07
175.24
175.42
175.42
175.42
175.59
175.42
175.59
175.59
175.42
175.42
175.24
175.42
175.24
175.07
175.24
175.07
175.24
175.07
174.89
174.89
175.07
175.07
175.24
175.07
175.24
175.24
175.07
157.56
157.56
157.4
157.56
157.4
157.4
157.4
157.25
157.09
157.25
157.4
157.4
157.24
157.09
157.24
157.09
157.09
157.09
157.24
157.09
157.09
156.93
156.77
156.62
156.62
156.77
156.62
156.46
156.3
156.3
156.46
156.3
156.46
156.3
156.3
156.3
156.15
156.3
156.15
156.15
156.15
155.99
155.83
155.68
155.68
155.52
155.37
155.21
155.21
155.06
155.06
155.06
154.9
155.06
155.21
155.21
155.37
155.52
155.52
155.37
155.52
155.37
155.37
155.52
171.07
171.25
171.07
171.07
171.07
171.25
171.25
171.42
171.24
171.07
171.07
170.9
170.73
170.73
170.56
170.39
170.56
170.73
170.9
170.73
170.73
170.56
170.73
170.9
170.9
171.07
170.9
170.9
171.07
171.24
171.07
171.07
170.9
170.73
170.56
170.56
170.39
170.39
170.56
170.39
170.56
170.56
170.73
153.66
153.66
153.81
153.66
153.81
153.96
153.81
153.66
153.81
153.66
153.81
153.66
153.81
153.66
153.81
153.81
153.96
153.81
153.66
153.5
153.35
153.5
153.5
153.66
153.5
153.5
153.66
153.5
153.66
153.66
153.81
138.43
138.57
138.43
138.29
138.15
138.01
138.01
138.01
138.15
138.29
138.43
138.29
138.43
138.43
138.57
138.7
138.84
138.98
138.98
138.84
138.7
138.57
138.7
138.7
138.56
138.43
138.56
138.56
138.56
138.56
138.7
138.56
138.7
138.7
138.7
124.83
124.83
124.71
124.58
124.71
124.71
124.71
124.58
124.46
124.58
124.58
124.71
124.71
124.71
124.71
124.71
124.71
124.83
124.83
124.83
124.83
124.83
124.83
124.83
124.96
125.08
125.08
125.21
125.21
125.33
125.21
125.33
125.33
125.21
112.69
112.69
112.8
112.91
112.8
112.69
112.69
112.69
112.57
112.46
112.57
112.57
112.46
112.46
112.35
112.24
112.24
112.12
112.01
111.9
112.01
112.01
112.01
111.9
111.79
111.68
111.68
111.68
111.79
111.9
112.01
111.9
111.9
112.01
111.9
112.01
111.9
111.79
111.9
111.79
111.9
111.9
112.01
111.9
112.01
112.01
112.12
100.91
100.91
101.01
101.01
100.91
100.81
100.71
100.61
100.51
100.61
100.71
100.61
100.51
100.41
100.41
100.51
100.51
100.51
100.41
100.31
100.31
100.21
100.31
100.21
100.21
100.31
100.31
100.31
100.31
100.31
100.41
100.41
100.51
100.41
100.51
100.51
100.51
100.61
100.51
100.51
100.41
100.31
100.41
100.31
100.31
100.41
100.51
100.51
100.61
100.51
100.41
100.3
100.41
100.51
100.41
100.51
100.51
100.51
100.61
100.51
100.61
100.71
100.61
100.71
100.71
100.71
100.71
100.81
100.91
100.81
100.81
100.81
100.91
100.81
100.81
100.81
100.81
100.81
100.71
100.81
100.71
100.71
100.81
110.89
110.89
110.89
110.78
110.78
110.89
111
111
111.11
111.22
111.22
111.22
111.11
111.11
111.11
111.11
111
111
111.11
111.11
111.11
111.22
111.22
111.33
111.44
111.44
111.55
111.67
111.78
111.67
111.55
111.44
111.55
111.67
111.55
111.55
111.44
111.33
111.33
111.33
111.44
111.33
111.22
111.22
111.11
111
110.89
111
111
111
111
111.11
111.22
111.22
111.33
111.33
111.33
111.44
111.33
111.33
111.44
111.33
111.44
111.44
111.33
100.2
100.3
100.2
100.2
100.2
100.3
100.4
100.3
100.3
100.4
100.5
100.4
100.3
100.4
100.3
100.3
100.3
100.3
100.4
100.3
100.3
100.3
100.3
100.3
100.3
100.4
100.3
100.3
100.2
100.3
100.2
100.2
100.3
110.33
110.22
110.33
110.22
110.22
110.1
109.99
109.88
109.99
109.88
109.88
109.99
109.88
109.77
109.66
109.77
109.88
109.77
109.77
109.77
109.77
109.88
109.88
109.77
109.88
109.77
109.77
109.77
109.66
109.66
109.77
109.66
109.66
109.66
109.55
109.45
109.34
109.34
109.45
109.55
109.44
109.55
109.66
109.77
109.66
109.55
109.66
109.55
109.55
109.66
109.55
109.66
109.66
109.77
98.796
98.697
98.796
98.895
98.796
98.894
98.993
99.092
99.092
98.993
98.894
98.795
98.795
98.795
98.697
98.598
98.697
98.697
98.795
98.894
98.894
98.894
98.795
98.894
98.993
98.993
98.993
98.894
98.795
98.894
98.795
98.696
98.696
98.696
98.795
98.696
98.795
98.795
98.696
88.826
88.737
88.737
88.649
88.56
88.56
88.649
88.649
88.649
88.737
88.737
88.737
88.826
88.915
88.826
88.826
88.915
89.004
89.093
89.004
88.915
88.826
88.826
88.914
89.003
89.003
89.003
89.092
89.181
89.092
89.092
89.003
88.914
88.825
88.736
88.825
88.914
88.914
89.003
89.092
89.092
89.181
89.27
89.359
89.359
89.449
89.449
89.449
89.449
89.449
89.449
89.449
89.359
89.27
89.27
89.359
89.449
89.449
89.538
89.628
89.628
89.538
89.628
89.538
89.538
89.448
98.393
98.492
98.393
98.295
98.393
98.491
98.393
98.491
98.59
98.688
98.787
98.688
98.787
98.886
98.886
98.787
98.787
98.688
98.688
98.589
98.688
98.787
98.885
98.885
98.787
98.787
98.688
98.786
98.688
98.688
98.688
98.688
98.589
98.49
98.589
98.687
98.687
98.786
98.786
98.687
98.786
98.687
98.687
98.589
108.45
108.56
108.66
108.77
108.66
108.66
108.66
108.56
108.45
108.34
108.45
108.34
108.34
108.34
108.45
108.45
108.45
108.45
108.34
108.23
108.23
108.23
108.23
108.34
108.45
108.34
108.45
108.34
108.34
108.45
108.45
108.55
108.66
108.77
108.77
108.66
108.66
108.66
108.66
108.55
108.55
108.55
108.66
108.77
108.66
108.66
108.66
108.77
108.77
108.77
108.66
108.66
108.77
108.77
108.66
108.66
108.55
108.66
108.77
108.77
108.88
108.99
108.88
108.99
108.88
108.99
108.99
108.99
108.99
108.99
108.88
108.88
108.88
108.88
108.99
108.88
108.99
108.99
108.88
97.992
98.09
97.992
97.992
97.992
97.992
97.992
97.992
97.894
97.796
97.894
97.894
97.991
98.089
98.089
97.991
98.089
97.991
97.991
97.893
107.68
107.68
107.57
107.68
107.57
107.47
107.47
107.36
107.47
107.47
107.57
107.47
107.36
107.47
107.36
107.47
107.47
107.36
107.25
107.36
107.36
107.25
107.36
107.25
107.25
107.14
107.25
107.14
107.14
107.14
117.86
117.98
118.09
118.09
118.21
118.33
118.45
118.45
118.45
118.57
118.69
118.81
118.81
118.81
118.69
118.8
118.92
118.92
119.04
119.16
119.16
119.16
119.16
119.28
119.28
119.28
119.4
119.52
119.4
119.4
119.52
119.4
119.4
119.4
119.4
119.4
119.52
119.52
119.64
119.64
119.52
119.52
119.64
119.76
119.76
119.64
119.52
119.64
119.76
119.76
119.64
119.64
119.52
119.52
119.4
119.52
119.64
119.64
119.52
119.4
119.52
119.64
119.52
119.64
119.76
119.64
119.64
119.76
119.76
119.88
119.76
119.88
119.88
119.76
107.78
107.78
107.89
107.78
107.78
107.67
107.78
107.89
108
107.89
107.78
107.89
107.89
107.89
107.78
107.78
107.78
107.89
107.78
107.78
107.78
107.78
107.67
107.78
107.67
107.67
107.67
107.67
107.78
107.78
107.67
107.56
107.56
107.56
107.46
107.56
107.46
107.46
107.46
118.2
118.08
117.97
117.85
117.97
117.97
117.97
118.08
118.08
118.2
118.32
118.44
118.32
118.44
118.56
118.56
118.44
118.56
118.68
118.56
118.44
118.44
118.56
118.68
118.79
118.91
118.79
118.68
118.79
118.68
118.79
118.68
118.56
118.56
118.44
118.56
118.56
118.56
118.68
118.56
118.56
118.56
118.67
118.56
118.67
118.56
118.56
118.44
118.32
118.2
118.32
118.32
118.32
118.32
118.32
118.2
118.2
118.32
118.44
118.56
118.44
118.44
118.32
118.2
118.32
118.32
118.32
118.44
118.56
118.67
118.79
118.67
118.67
118.79
118.67
118.67
118.79
118.91
118.91
119.03
119.03
118.91
118.91
119.03
118.91
119.03
119.03
119.03
107.13
107.02
107.13
107.02
107.13
107.13
107.13
107.23
107.13
107.02
107.13
107.13
107.13
107.13
107.02
107.13
107.02
106.91
107.02
107.13
107.02
106.91
106.8
106.91
107.02
107.13
107.13
107.23
107.13
107.13
107.02
107.13
107.13
107.23
107.13
107.23
107.23
107.13
96.413
96.413
96.509
96.509
96.413
96.509
96.509
96.413
96.316
96.412
96.509
96.509
96.605
96.605
96.509
96.605
96.702
96.799
96.702
96.702
96.702
96.702
96.798
96.798
96.895
96.798
96.702
96.798
96.702
96.605
96.605
96.701
96.798
96.895
96.798
96.701
96.605
96.701
96.604
96.508
96.604
96.508
96.411
96.508
96.508
96.411
96.315
96.218
96.315
96.411
96.507
96.507
96.604
96.507
96.507
96.507
96.411
96.314
96.411
96.314
96.218
96.218
96.218
96.314
96.218
96.218
96.122
96.218
96.121
96.121
96.025
105.63
105.63
105.73
105.73
105.73
105.73
105.73
105.73
105.63
105.63
105.52
105.52
105.63
105.73
105.63
105.52
105.52
105.52
105.42
105.52
105.63
105.63
105.52
105.42
105.52
105.42
105.42
105.42
105.42
105.42
105.42
105.52
105.52
105.42
105.42
105.31
105.42
105.42
105.52
105.52
105.42
105.52
105.52
105.52
105.52
105.63
105.52
105.63
105.63
105.63
95.064
95.159
95.254
95.349
95.254
95.349
95.254
95.254
95.349
95.445
95.349
95.445
95.54
95.444
95.349
95.254
95.349
95.254
95.158
95.063
95.158
95.063
94.968
94.968
95.063
94.968
95.063
95.063
95.063
95.063
95.063
95.158
95.158
95.253
95.158
95.253
95.253
95.158
85.642
85.642
85.642
85.642
85.556
85.556
85.642
85.727
85.642
85.642
85.727
85.727
85.727
85.813
85.727
85.813
85.899
85.813
85.727
85.813
85.727
85.641
85.641
85.556
85.47
85.385
85.47
85.556
85.641
85.555
85.47
85.555
85.47
85.384
85.47
85.47
85.555
85.47
85.47
85.47
85.47
85.555
85.641
85.555
85.641
85.726
85.812
85.898
85.898
85.898
85.898
85.898
85.812
85.726
85.64
85.64
85.555
85.555
85.555
85.469
85.469
85.469
85.384
85.298
85.213
85.298
85.213
85.213
85.128
85.128
85.213
85.128
85.213
85.213
85.127
76.615
76.691
76.615
76.691
76.768
76.768
76.768
76.768
76.845
76.922
76.845
76.845
76.922
76.922
76.998
76.998
76.998
76.998
77.075
76.998
76.998
76.921
76.998
77.075
76.998
77.075
76.998
76.998
76.998
76.998
77.075
77.152
77.075
76.998
76.998
76.998
77.075
77.152
77.152
77.075
77.075
77.075
76.998
76.998
77.075
76.998
77.075
77.075
77.075
69.367
69.298
69.229
69.159
69.229
69.159
69.159
69.228
69.159
69.228
69.159
69.09
69.09
69.021
69.021
69.021
68.952
68.883
68.952
69.021
69.021
68.952
69.021
68.952
68.952
69.021
75.923
75.847
75.923
75.847
75.771
75.771
75.771
75.771
75.695
75.619
75.619
75.619
75.619
75.544
75.619
75.619
75.695
75.695
75.771
75.695
75.619
75.544
75.468
75.393
75.317
75.317
75.392
75.317
75.392
75.392
75.468
67.921
67.853
67.853
67.785
67.785
67.717
67.785
67.785
67.717
67.717
67.717
67.717
67.785
67.853
67.921
67.853
67.853
67.785
67.717
67.717
67.785
67.785
67.785
67.785
67.785
67.853
67.921
67.988
67.92
67.853
67.92
67.852
67.852
67.92
67.92
67.852
67.852
67.92
67.852
67.784
67.717
67.649
67.649
67.581
67.649
67.581
67.581
67.649
74.414
74.339
74.414
74.488
74.563
74.637
74.562
74.488
74.562
74.637
74.562
74.637
74.637
74.562
74.637
74.562
74.562
74.637
74.562
74.562
74.488
74.562
74.487
74.487
74.413
81.854
81.936
81.936
81.854
81.936
81.854
81.772
81.854
81.854
81.772
81.772
81.772
81.854
81.854
81.854
81.854
81.772
81.69
81.69
81.772
81.772
81.772
81.772
81.772
81.772
81.772
81.772
81.854
81.772
81.772
81.854
81.936
81.854
81.772
81.854
81.772
81.772
81.69
81.772
81.772
81.853
81.772
81.772
81.772
81.69
81.608
81.69
81.771
81.771
81.69
81.69
81.69
81.69
81.771
81.69
81.771
81.771
81.771
73.594
73.668
73.741
73.815
73.889
73.815
73.815
73.889
73.889
73.815
73.815
73.815
73.741
73.667
73.741
73.815
73.815
73.741
73.815
73.815
73.815
73.815
73.889
73.815
73.815
73.741
73.741
73.741
73.667
73.593
73.593
73.52
73.52
73.446
73.446
73.373
73.446
73.446
73.373
73.373
73.446
73.373
73.373
73.446
73.446
73.446
73.52
73.52
73.446
73.519
73.446
73.446
73.372
73.446
73.519
73.446
73.372
73.372
73.446
73.372
73.446
73.372
73.299
73.299
73.299
73.226
73.226
73.299
73.372
73.445
73.372
73.445
73.519
73.592
73.666
73.666
73.74
73.74
73.74
73.813
73.739
73.666
73.592
73.592
73.592
73.666
73.739
73.666
73.592
73.518
73.592
73.518
73.518
73.592
73.592
73.518
73.518
73.445
73.518
73.518
73.518
73.518
73.518
73.518
73.518
73.445
73.371
73.371
73.371
73.371
73.445
73.518
73.592
73.665
73.665
73.665
73.739
73.739
73.665
73.665
73.665
73.665
73.665
73.739
73.739
73.739
73.739
73.665
73.665
73.665
73.665
73.665
73.665
73.665
73.739
73.665
73.739
73.739
73.665
66.298
66.232
66.232
66.232
66.298
66.365
66.431
66.431
66.497
66.497
66.497
66.497
66.497
66.564
66.564
66.63
66.564
66.63
66.63
66.564
59.907
59.967
60.027
59.967
59.967
59.907
59.907
59.847
59.907
59.847
59.847
59.907
59.847
59.907
59.847
59.847
59.787
59.727
59.727
59.668
59.727
59.787
59.727
59.787
59.847
59.787
59.847
59.847
59.787
59.847
59.787
59.787
59.727
65.7
65.634
65.634
65.7
65.634
65.568
65.634
65.7
65.634
65.7
65.765
65.7
65.634
65.568
65.503
65.503
65.568
65.503
65.568
65.568
65.634
59.07
59.011
59.07
59.129
59.129
59.188
59.248
59.188
59.248
59.188
59.247
59.307
59.366
59.425
59.485
59.544
59.604
59.604
59.604
59.663
59.723
59.723
59.663
59.663
59.604
59.604
59.663
59.604
59.604
59.544
59.604
59.544
59.544
59.604
59.544
59.603
59.603
59.663
53.697
53.697
53.75
53.75
53.75
53.697
53.697
53.643
53.643
53.697
53.643
53.697
53.697
53.697
53.697
53.697
53.643
53.589
53.643
53.643
53.589
53.643
53.696
53.696
53.696
53.75
53.696
53.696
53.696
53.75
53.804
53.75
53.75
53.75
53.696
53.643
53.696
53.75
53.75
53.696
53.696
53.696
53.643
53.696
53.696
53.642
53.696
53.642
53.642
53.589
58.948
58.889
58.83
58.771
58.83
58.83
58.771
58.712
58.771
58.771
58.712
58.712
58.712
58.771
58.712
58.771
58.829
58.771
58.712
58.712
58.653
58.712
58.653
58.594
58.594
58.594
58.594
58.653
58.594
58.594
58.653
58.594
58.536
58.477
58.477
58.536
58.536
58.477
58.419
58.477
58.536
58.536
58.594
58.594
58.536
58.477
58.419
58.477
58.418
58.418
58.477
58.418
58.36
58.302
58.243
58.185
58.185
58.127
58.069
58.069
58.127
58.185
58.127
58.127
58.185
58.185
58.185
58.243
58.185
58.243
58.243
58.185
58.185
58.243
58.185
58.127
58.068
58.01
58.01
57.952
58.01
57.952
57.894
57.894
57.952
57.952
57.894
57.894
57.894
57.894
57.894
57.836
57.894
57.836
57.836
57.778
57.778
57.836
57.778
57.836
57.836
57.894
52.105
52.053
52.105
52.052
52
52.052
52.052
52
52
51.948
51.948
51.948
51.948
51.948
51.896
51.845
51.845
51.845
51.845
51.845
51.845
51.845
51.845
51.793
51.793
51.844
51.844
51.844
51.844
51.844
51.844
51.793
51.793
51.741
51.689
51.689
51.741
51.741
51.689
51.741
51.741
51.792
51.792
51.741
51.689
51.637
51.689
51.741
51.689
51.741
51.689
51.689
51.637
51.689
51.689
51.689
51.689
51.74
51.689
51.689
51.689
51.74
51.74
51.689
51.74
51.74
51.74
51.792
51.74
51.792
51.792
51.844
46.659
46.706
46.659
46.706
46.753
46.706
46.706
46.659
46.659
46.706
46.753
46.799
46.846
46.893
46.846
46.893
46.94
46.987
47.034
46.987
47.034
46.987
46.987
47.034
47.081
47.128
47.081
47.128
47.081
47.034
46.987
47.034
47.034
47.034
47.034
47.081
47.033
47.081
47.081
47.081
42.372
42.33
42.288
42.33
42.372
42.372
42.415
42.457
42.415
42.372
42.33
42.33
42.288
42.245
42.288
42.245
42.245
42.245
42.288
42.245
42.245
42.245
42.203
42.245
42.203
42.203
42.245
46.47
46.423
46.377
46.377
46.33
46.284
46.284
46.238
46.238
46.192
46.192
46.238
46.238
46.238
46.238
46.284
46.284
46.238
46.284
46.284
46.238
46.284
46.238
46.238
46.191
50.81
50.76
50.76
50.709
50.658
50.608
50.557
50.557
50.607
50.607
50.658
50.607
50.607
50.658
50.658
50.658
50.607
50.607
50.557
50.607
50.607
50.658
50.607
50.607
50.557
50.506
50.557
50.607
50.658
50.658
50.708
50.759
50.759
50.81
50.81
50.81
50.81
50.81
50.759
50.81
50.759
50.759
50.708
55.779
55.835
55.891
55.891
55.947
56.003
56.059
56.115
56.171
56.171
56.227
56.227
56.171
56.115
56.115
56.171
56.114
56.171
56.114
56.058
56.002
56.058
56.058
56.002
56.058
56.058
56.114
56.058
56.114
56.114
56.114
50.503
50.503
50.452
50.402
50.402
50.452
50.402
50.351
50.402
50.402
50.402
50.452
50.503
50.503
50.452
50.402
50.351
50.402
50.402
50.452
50.502
50.553
50.603
50.553
50.603
50.603
50.553
50.603
50.603
50.603
50.654
50.705
50.705
50.654
50.705
50.705
50.654
50.654
50.603
50.654
50.603
50.603
50.553
55.608
55.552
55.608
55.663
55.608
55.663
55.719
55.663
55.608
55.552
55.608
55.552
55.552
55.496
55.496
55.496
55.496
55.496
55.496
55.496
55.441
55.441
55.441
55.441
55.496
55.441
55.496
55.496
55.496
49.947
49.997
50.047
49.997
50.047
49.997
49.947
49.947
49.897
49.897
49.847
49.797
49.847
49.847
49.797
49.847
49.847
49.896
49.946
49.946
49.996
50.046
50.096
50.096
50.046
50.046
50.096
50.046
50.096
50.146
50.096
50.046
49.996
49.996
50.046
50.096
50.096
50.146
50.196
50.246
50.246
50.196
50.146
50.196
50.196
50.146
50.196
50.196
50.146
50.096
50.096
50.146
50.096
50.146
50.146
50.146
45.131
45.176
45.131
45.176
45.176
45.131
45.176
45.221
45.176
45.131
45.086
45.131
45.176
45.131
45.131
45.131
45.176
45.131
45.086
45.041
45.086
45.041
44.996
44.951
44.906
44.951
44.996
44.951
44.996
44.951
44.995
44.995
44.95
44.906
44.95
44.995
44.95
44.995
45.04
45.085
45.085
45.13
45.085
45.13
45.13
45.176
40.658
40.699
40.658
40.699
40.658
40.658
40.658
40.658
40.617
40.658
40.699
40.699
40.739
40.698
40.698
40.698
40.739
40.78
40.821
40.862
40.902
40.861
40.902
40.943
40.943
40.984
40.984
40.943
40.943
40.943
40.902
40.943
40.902
40.902
40.902
40.943
40.902
40.943
40.943
40.943
36.849
36.886
36.886
36.849
36.886
36.886
36.886
36.886
36.922
36.922
36.886
36.886
36.886
36.886
36.886
36.886
36.849
36.885
36.922
36.885
36.885
36.849
36.812
36.849
36.849
36.812
36.775
36.738
36.775
36.812
36.848
36.812
36.775
36.738
36.775
36.738
36.701
36.701
36.738
36.775
36.775
36.738
36.775
36.775
36.775
36.775
36.738
36.701
36.664
36.701
36.701
36.738
36.775
36.811
36.811
36.848
36.811
36.811
36.811
36.811
36.811
36.811
36.774
36.738
36.738
36.774
36.811
36.774
36.738
36.701
36.664
36.664
36.627
36.627
36.664
36.701
36.737
36.774
36.737
36.774
36.811
36.811
36.811
36.811
36.848
36.848
36.811
36.811
36.811
36.774
36.737
36.737
36.701
36.664
36.701
36.737
36.774
36.774
36.811
36.811
36.811
36.848
36.884
36.884
36.848
36.811
36.848
36.811
36.774
36.811
36.811
36.774
36.737
36.774
36.811
36.774
36.737
36.7
36.7
36.664
36.7
36.737
36.7
36.7
36.7
36.7
36.737
36.7
36.7
36.737
36.774
36.774
36.81
36.774
36.737
36.737
36.737
36.7
36.737
36.7
36.7
36.737
40.41
40.41
40.37
40.37
40.33
40.37
40.37
40.41
40.41
40.41
40.41
40.41
40.451
40.491
40.451
40.491
40.451
40.451
40.451
40.491
40.532
40.572
40.613
40.613
40.653
40.613
40.653
40.613
40.613
40.572
40.531
40.491
40.45
40.41
40.41
40.41
40.369
40.329
40.369
40.41
40.369
40.369
40.369
40.329
40.329
40.329
40.369
40.369
40.329
40.329
40.289
40.248
40.248
40.208
40.168
40.128
40.168
40.208
40.168
40.208
40.248
40.208
40.168
40.168
40.128
40.168
40.168
40.168
40.208
40.168
40.208
40.208
40.248
36.223
36.223
36.223
36.187
36.187
36.187
36.151
36.151
36.115
36.151
36.187
36.187
36.223
36.259
36.259
36.223
36.259
36.223
36.223
36.223
39.845
39.885
39.845
39.805
39.805
39.805
39.845
39.805
39.766
39.766
39.726
39.726
39.766
39.766
39.766
39.766
39.766
39.805
39.805
39.805
39.805
39.766
39.766
39.766
39.726
39.726
39.726
39.686
39.726
39.686
39.686
39.726
43.698
43.742
43.698
43.655
43.655
43.655
43.655
43.655
43.611
43.567
43.567
43.567
43.567
43.524
43.524
43.48
43.48
43.48
43.48
43.524
43.48
43.524
43.524
43.567
39.21
39.171
39.21
39.171
39.21
39.171
39.21
39.171
39.171
39.132
39.171
39.21
39.249
39.289
39.289
39.328
39.289
39.328
39.328
39.367
35.431
35.431
35.395
35.431
35.395
35.43
35.395
35.36
35.395
35.36
35.324
35.36
35.36
35.36
35.395
35.36
35.36
35.324
35.36
35.324
35.324
35.359
38.895
38.895
38.895
38.934
38.973
38.934
38.934
38.973
39.012
38.973
38.934
38.895
38.895
38.895
38.934
38.895
38.895
38.895
38.895
38.856
38.895
38.895
38.856
38.817
38.817
38.817
38.779
38.817
38.817
38.779
38.779
38.817
38.856
38.895
38.856
38.856
38.817
38.817
38.856
38.817
38.817
38.856
38.817
38.817
38.856
38.856
38.856
38.817
38.856
38.817
38.817
38.778
42.656
42.656
42.613
42.656
42.699
42.741
42.741
42.699
42.741
42.784
42.784
42.784
42.784
42.827
42.784
42.741
42.741
42.741
42.784
42.827
42.827
42.784
42.827
42.827
42.827
42.827
42.87
42.87
42.87
42.913
42.87
42.912
42.912
42.912
38.621
38.583
38.583
38.544
38.544
38.583
38.621
38.583
38.621
38.582
38.544
38.582
38.544
38.582
38.544
38.544
38.582
38.544
38.505
38.467
38.428
38.39
38.351
38.313
38.351
38.39
38.428
38.428
38.39
38.428
38.39
38.39
38.351
42.186
42.144
42.144
42.186
42.144
42.186
42.229
42.229
42.229
42.271
42.228
42.271
42.228
42.228
42.228
42.271
42.228
42.271
42.271
42.228
38.006
38.044
38.044
38.044
38.082
38.12
38.082
38.082
38.082
38.043
38.005
37.967
37.967
37.967
37.929
37.892
37.929
37.967
37.967
37.929
37.891
37.891
37.929
37.967
38.005
38.005
38.005
38.005
37.967
38.005
38.043
38.005
37.967
37.929
37.891
37.929
37.967
37.929
37.929
37.929
37.891
37.929
37.929
37.891
37.891
37.891
37.853
37.891
37.929
37.967
38.005
37.967
37.929
37.967
37.967
37.967
37.929
37.891
37.853
37.815
37.815
37.777
37.815
37.777
37.815
37.815
37.777
37.777
37.777
37.815
37.815
37.815
37.777
37.777
37.777
37.815
37.777
37.815
37.815
37.853
37.815
37.815
37.815
37.853
37.891
37.891
37.929
37.929
37.891
37.853
37.853
37.853
37.891
37.853
37.891
37.891
37.891
34.101
34.101
34.136
34.101
34.067
34.033
34.033
33.999
34.033
34.033
33.999
33.999
33.999
33.999
33.965
33.999
33.999
33.965
33.999
33.965
33.931
33.897
33.897
33.897
33.863
33.829
33.829
33.829
33.796
33.829
33.829
33.863
33.829
33.796
33.762
33.796
33.762
33.728
33.728
33.762
33.795
33.829
33.795
33.762
33.762
33.728
33.694
33.66
33.66
33.66
33.627
33.66
33.66
33.627
33.593
33.56
33.56
33.526
33.492
33.526
33.526
33.559
33.526
33.526
33.559
33.526
33.526
33.526
33.526
33.492
33.526
33.492
33.459
33.459
33.425
33.425
33.459
33.459
33.492
33.492
33.526
33.492
33.492
33.459
33.425
33.392
33.358
33.358
33.325
33.358
33.325
33.325
33.325
36.658
36.694
36.694
36.658
36.658
36.694
36.694
36.694
36.694
36.694
36.658
36.621
36.621
36.621
36.657
36.621
36.584
36.621
36.584
36.584
36.584
36.621
36.621
36.657
36.621
36.584
36.621
36.584
36.547
36.511
36.511
36.474
36.511
36.511
36.474
36.438
36.474
36.474
36.474
36.474
36.474
36.438
36.474
36.438
36.474
36.438
36.401
36.365
36.329
36.329
36.329
36.292
36.256
36.22
36.256
36.256
36.292
36.292
36.328
36.365
36.328
36.292
36.256
36.292
36.256
36.256
36.22
36.256
36.292
36.292
36.292
36.328
36.365
36.401
36.401
36.365
36.401
36.365
36.365
36.401
40.041
40.041
40.081
40.081
40.081
40.041
40.041
40.001
39.961
40.001
40.041
40.081
40.041
40.041
40.081
40.041
40.001
39.961
39.921
39.961
39.921
39.961
40.001
40.041
40.081
40.121
40.161
40.201
40.241
40.241
40.201
40.161
40.121
40.081
40.04
40
39.96
39.92
39.96
39.96
39.96
39.92
39.88
39.841
39.88
39.841
39.88
39.92
39.96
39.96
40
39.96
39.96
40
40.04
40.08
40.04
40.04
40
39.96
39.96
39.96
39.96
39.92
39.92
39.92
39.88
39.88
39.88
39.88
39.88
39.88
39.88
39.84
39.88
39.88
39.84
39.84
39.8
39.761
39.761
39.761
39.721
39.761
39.721
39.721
39.681
39.721
39.721
39.681
39.681
39.681
39.681
39.641
39.602
39.641
39.602
39.641
39.602
39.562
39.602
39.602
39.602
39.562
39.522
39.562
39.522
39.522
39.522
39.483
39.522
39.483
39.483
39.443
43.388
43.344
43.388
43.388
43.388
43.344
43.301
43.301
43.301
43.301
43.301
43.301
43.344
43.301
43.344
43.344
43.388
43.344
43.387
43.387
43.387
39.049
39.01
39.01
39.01
39.01
38.971
39.01
39.01
39.049
39.088
39.088
39.127
39.088
39.049
39.01
39.049
39.049
39.009
39.009
39.048
39.048
39.088
39.127
39.087
39.048
39.048
39.048
39.087
39.048
39.048
39.087
39.048
39.087
39.087
39.087
35.179
35.214
35.179
35.143
35.179
35.179
35.214
35.214
35.249
35.214
35.249
35.249
35.214
35.214
35.249
35.214
35.178
35.143
35.108
35.143
35.143
35.178
35.178
35.178
35.178
35.178
35.178
35.214
35.178
35.143
35.143
35.108
35.143
35.108
35.108
35.108
38.619
38.619
38.657
38.657
38.619
38.657
38.657
38.696
38.657
38.696
38.735
38.735
38.696
38.696
38.735
38.735
38.773
38.735
38.773
38.773
38.773
34.896
34.896
34.931
34.896
34.896
34.861
34.861
34.861
34.861
34.826
34.791
34.791
34.791
34.791
34.826
34.861
34.896
34.896
34.931
34.931
34.966
34.931
34.931
34.896
34.931
34.931
34.931
34.896
34.896
34.931
34.931
34.931
34.896
34.931
34.931
34.966
34.931
34.965
34.965
34.931
31.437
31.469
31.469
31.5
31.532
31.563
31.532
31.5
31.469
31.437
31.406
31.406
31.437
31.469
31.469
31.5
31.469
31.5
31.532
31.5
31.5
31.532
31.5
31.532
31.532
31.563
28.407
28.435
28.435
28.407
28.435
28.435
28.407
28.407
28.378
28.407
28.407
28.378
28.378
28.407
28.435
28.435
28.435
28.407
28.407
28.378
28.35
28.378
28.407
28.378
28.35
28.322
28.322
28.293
28.265
28.237
28.265
28.265
28.237
28.265
28.237
28.237
28.237
31.06
31.06
31.029
31.06
31.091
31.122
31.122
31.091
31.06
31.091
31.06
31.091
31.06
31.029
31.029
31.029
30.998
31.029
30.998
30.998
30.998
34.098
34.132
34.098
34.098
34.132
34.098
34.064
34.098
34.064
34.029
33.995
33.995
33.961
33.928
33.928
33.928
33.961
33.927
33.961
33.961
33.995
30.596
30.596
30.596
30.596
30.596
30.596
30.626
30.657
30.626
30.596
30.565
30.596
30.626
30.657
30.626
30.596
30.596
30.565
30.596
30.626
30.626
30.657
30.688
30.688
30.657
30.626
30.626
30.626
30.596
30.626
30.626
30.596
30.626
30.595
30.595
30.595
33.655
33.655
33.621
33.621
33.621
33.621
33.655
33.655
33.621
33.588
33.621
33.655
33.655
33.621
33.655
33.655
33.655
33.689
33.689
33.689
33.655
33.655
33.689
33.722
33.722
33.756
33.722
33.756
33.756
33.722
33.756
33.756
33.79
33.823
33.857
33.857
33.891
33.891
33.857
33.857
33.857
33.823
33.857
33.823
33.823
33.857
37.243
37.206
37.168
37.206
37.206
37.168
37.206
37.206
37.206
37.206
37.206
37.243
37.205
37.205
37.243
37.205
37.243
37.28
37.28
37.243
37.243
37.243
37.28
37.243
37.243
37.28
37.28
37.243
37.28
37.243
37.243
37.28
41.008
41.008
41.008
41.008
41.008
40.967
41.008
40.967
41.008
40.967
41.008
40.967
41.008
40.967
40.926
40.967
41.007
41.007
41.048
41.007
40.966
40.966
40.966
40.925
40.925
40.925
40.925
40.925
40.925
40.885
40.885
40.885
40.885
40.925
40.925
40.925
40.884
40.844
40.844
40.803
40.803
40.803
40.762
40.803
40.844
40.884
40.843
40.803
40.843
40.884
40.884
40.884
40.884
40.925
40.884
40.884
40.925
40.925
40.884
40.925
40.884
40.884
40.884
44.973
45.018
44.973
44.928
44.928
44.972
44.972
45.017
44.972
44.972
44.972
44.972
45.017
44.972
45.017
45.017
44.972
44.972
44.972
45.017
45.017
45.017
45.062
45.017
45.017
44.972
44.972
44.927
44.927
44.972
44.927
44.972
44.972
45.017
40.515
40.556
40.556
40.597
40.597
40.556
40.556
40.556
40.515
40.556
40.556
40.556
40.515
40.475
40.475
40.515
40.475
40.515
40.515
40.515
40.556
40.596
40.596
40.596
40.596
40.556
40.556
40.556
40.515
40.475
40.515
40.475
40.434
40.394
40.394
40.394
40.394
40.353
40.353
40.394
40.353
40.353
40.394
40.353
40.394
40.434
40.434
40.394
40.434
40.393
40.434
40.393
40.434
40.393
40.434
40.393
40.434
40.393
40.434
40.474
40.434
40.474
40.474
40.434
40.393
40.393
40.393
40.393
40.434
40.434
40.474
40.474
40.434
40.474
40.434
40.434
40.393
40.433
40.474
40.474
40.514
40.474
40.514
40.514
40.555
36.499
36.536
36.536
36.536
36.499
36.536
36.499
36.463
36.499
36.463
36.499
36.536
36.536
36.499
36.536
36.499
36.499
36.499
36.536
36.572
36.572
36.609
36.609
36.645
36.645
36.645
36.645
36.645
36.682
36.719
36.719
36.682
36.719
36.682
36.682
36.682
40.35
40.39
40.39
40.39
40.431
40.39
40.431
40.431
40.431
40.39
40.35
40.39
40.35
40.31
40.35
40.39
40.35
40.31
40.35
40.31
40.269
40.269
40.309
40.35
40.309
40.309
40.269
40.269
40.269
40.229
40.229
40.189
40.229
40.269
40.309
40.269
40.229
40.229
40.188
40.229
40.188
40.188
40.229
44.252
44.296
44.34
44.296
44.251
44.207
44.163
44.163
44.119
44.119
44.163
44.163
44.163
44.163
44.163
44.163
44.207
44.207
44.207
44.207
44.163
44.119
44.119
44.163
44.207
44.163
44.163
44.163
44.207
44.163
44.119
44.119
44.074
44.074
44.074
44.119
44.074
44.03
44.03
44.074
44.074
44.074
44.118
44.163
44.163
44.207
44.163
44.163
44.118
44.162
44.162
44.207
44.251
44.295
44.339
44.384
44.428
44.428
44.473
44.517
44.517
44.517
44.472
44.517
44.472
44.472
44.428
48.871
48.871
48.92
48.969
48.969
48.969
48.92
48.969
48.92
48.92
48.968
49.017
49.066
49.017
48.968
48.968
49.017
48.968
49.017
49.017
49.066
44.16
44.116
44.071
44.115
44.16
44.16
44.16
44.204
44.16
44.115
44.115
44.16
44.204
44.204
44.159
44.115
44.159
44.159
44.115
44.159
44.159
44.159
44.204
44.204
44.159
44.159
44.159
44.115
44.071
44.071
44.027
44.071
44.027
43.983
44.027
44.071
44.115
44.071
44.071
44.071
44.071
44.115
44.159
44.159
44.115
44.115
44.071
44.071
44.071
44.115
44.159
44.115
44.159
44.203
44.203
44.247
44.247
44.203
44.159
44.115
44.115
44.159
44.159
44.203
44.247
44.247
44.247
44.203
44.203
44.203
44.203
44.203
44.203
44.247
44.203
44.247
44.291
44.247
44.247
44.247
44.203
44.247
44.203
44.247
44.247
44.247
44.291
44.247
44.203
44.158
44.158
44.158
44.158
44.158
44.203
44.158
44.203
44.203
44.247
39.822
39.782
39.782
39.782
39.782
39.782
39.742
39.703
39.663
39.663
39.623
39.584
39.544
39.584
39.544
39.584
39.623
39.623
39.584
39.544
39.584
39.623
39.584
39.584
39.544
39.584
39.623
39.663
39.663
39.702
39.742
39.742
39.702
39.702
39.742
39.702
39.742
39.702
39.742
39.742
39.742
39.702
39.742
39.742
39.742
39.782
39.742
39.782
39.782
39.782
39.782
39.821
39.861
39.861
39.821
39.861
39.821
39.821
39.861
43.847
43.847
43.891
43.847
43.847
43.803
43.76
43.76
43.716
43.672
43.672
43.716
43.716
43.759
43.716
43.716
43.716
43.759
43.716
43.759
43.759
43.716
39.344
39.344
39.383
39.383
39.423
39.383
39.423
39.462
39.462
39.423
39.383
39.344
39.344
39.344
39.344
39.344
39.344
39.305
39.265
39.305
39.305
39.344
39.344
39.304
39.304
39.265
39.265
39.265
39.226
39.265
39.265
39.265
39.226
39.226
39.226
39.187
39.226
39.187
39.147
39.187
39.147
39.187
39.147
39.186
39.147
39.147
39.108
39.147
39.108
39.147
39.147
39.186
39.226
39.265
39.265
39.226
39.265
39.225
39.225
39.186
43.105
43.148
43.105
43.062
43.062
43.019
43.062
43.062
43.105
43.105
43.148
43.105
43.105
43.148
43.148
43.148
43.148
43.191
43.148
43.191
43.191
43.148
38.833
38.794
38.794
38.833
38.872
38.911
38.872
38.833
38.872
38.911
38.949
38.988
38.949
38.949
38.91
38.91
38.872
38.872
38.91
38.949
38.988
39.027
39.066
39.027
39.066
39.027
39.066
39.027
38.988
38.949
38.91
38.91
38.871
38.832
38.832
38.832
38.794
38.832
38.794
38.755
38.755
38.794
38.755
38.716
38.716
38.677
38.716
38.716
38.677
38.716
38.755
38.755
38.793
38.832
38.871
38.871
38.871
38.91
38.871
38.91
38.91
38.91
35.019
35.019
35.019
35.019
35.019
35.019
34.984
34.949
34.914
34.949
34.984
34.949
34.984
35.019
34.984
34.949
34.984
34.949
34.984
34.949
34.949
34.949
34.984
34.984
35.019
35.019
34.984
34.949
34.983
34.983
34.949
34.914
34.914
34.914
34.948
34.948
34.983
34.983
34.948
34.983
34.983
35.018
35.053
35.018
35.018
34.983
35.018
34.983
35.018
35.018
35.018
34.983
34.983
35.018
34.983
34.948
34.913
34.878
34.843
34.843
34.843
34.843
34.809
34.809
34.809
34.809
34.774
34.774
34.809
34.843
34.878
34.843
34.843
34.809
34.774
34.739
34.704
34.704
34.739
34.704
34.704
34.739
34.774
34.739
34.774
34.808
34.774
34.808
34.774
34.774
34.739
34.773
34.808
34.843
34.878
34.843
34.843
34.808
34.808
34.843
34.808
34.808
34.843
34.843
34.878
34.913
34.913
34.878
34.913
34.878
34.878
34.913
38.404
38.404
38.365
38.327
38.365
38.404
38.365
38.365
38.327
38.365
38.365
38.327
38.327
38.289
38.289
38.25
38.25
38.25
38.25
38.289
38.25
38.289
38.289
38.327
34.494
34.529
34.529
34.563
34.598
34.598
34.563
34.563
34.529
34.529
34.494
34.529
34.494
34.46
34.425
34.425
34.46
34.46
34.425
34.391
34.425
34.391
34.356
34.356
34.322
34.356
34.391
34.356
34.322
34.287
34.322
34.356
34.356
34.356
34.356
34.39
34.356
34.356
34.39
34.39
34.39
34.356
34.39
34.425
34.39
34.356
34.322
34.322
34.322
34.287
34.253
34.253
34.219
34.185
34.15
34.184
34.219
34.219
34.184
34.15
34.15
34.15
34.15
34.184
34.15
34.116
34.082
34.082
34.082
34.082
34.116
34.15
34.116
34.116
34.082
34.116
34.082
34.082
34.116
37.528
37.528
37.528
37.528
37.528
37.528
37.565
37.565
37.603
37.64
37.64
37.678
37.716
37.716
37.716
37.753
37.753
37.753
37.753
37.791
37.753
37.791
37.791
37.791
34.012
33.978
33.978
34.012
34.046
34.046
34.046
34.046
34.08
34.08
34.046
34.046
34.012
34.012
34.012
34.012
34.046
34.08
34.114
34.114
34.148
34.182
34.216
34.182
34.182
34.182
34.216
34.251
34.216
34.216
34.182
34.182
34.182
34.148
34.148
34.148
34.114
34.08
34.08
34.046
34.08
34.046
34.011
33.977
33.977
33.977
33.977
34.011
34.011
34.045
34.011
34.045
34.045
34.045
30.641
30.61
30.641
30.641
30.61
30.61
30.641
30.671
30.671
30.641
30.671
30.671
30.702
30.733
30.733
30.733
30.733
30.702
30.733
30.702
30.733
30.702
30.733
30.702
30.733
30.733
30.733
30.733
30.733
30.733
30.763
30.733
30.763
30.733
30.733
30.763
30.733
30.763
30.733
30.763
30.794
30.763
30.794
30.763
30.763
30.732
30.702
30.671
30.671
30.671
30.702
30.732
30.763
30.732
30.763
30.763
30.763
30.732
30.702
30.702
30.732
30.702
30.732
30.732
30.732
27.659
27.687
27.687
27.687
27.659
27.687
27.687
27.714
27.687
27.687
27.659
27.659
27.659
27.687
27.714
27.687
27.714
27.714
27.687
27.659
27.631
27.604
27.576
27.548
27.521
27.548
27.576
27.576
27.548
27.521
27.493
27.493
27.521
27.521
27.548
27.548
27.576
27.603
27.603
27.576
27.603
27.576
27.576
27.576
30.333
30.333
30.364
30.394
30.364
30.394
30.424
30.455
30.455
30.455
30.485
30.516
30.485
30.516
30.516
30.485
30.485
30.485
30.485
30.485
30.485
30.455
30.424
30.394
30.424
30.394
30.363
30.363
30.363
30.394
30.394
30.363
30.333
30.303
30.333
30.333
30.363
30.394
30.424
30.455
30.455
30.424
30.394
30.424
30.424
30.394
30.424
30.394
30.363
30.333
30.303
30.333
30.302
30.272
30.302
30.302
30.302
30.272
30.302
30.302
30.302
30.302
30.333
30.333
30.363
30.393
30.363
30.363
30.363
30.393
30.393
30.424
30.393
30.424
30.424
30.424
30.393
30.424
30.454
30.454
30.454
30.424
30.424
30.454
30.424
30.424
30.393
30.393
30.393
30.393
30.363
30.393
30.424
30.424
30.393
30.424
30.393
30.393
30.393
33.432
33.432
33.466
33.432
33.399
33.399
33.432
33.399
33.366
33.332
33.366
33.399
33.399
33.432
33.399
33.399
33.432
33.399
33.432
33.432
33.466
33.499
33.533
33.533
33.566
33.6
33.633
33.6
33.6
33.566
33.566
33.6
33.566
33.6
33.6
33.633
30.27
30.3
30.33
30.3
30.33
30.361
30.33
30.33
30.33
30.33
30.33
30.3
30.33
30.361
30.33
30.3
30.27
30.239
30.209
30.179
30.209
30.209
30.209
30.209
30.239
30.209
30.209
30.179
30.209
30.239
30.239
30.27
30.239
30.27
30.27
30.27
27.243
27.27
27.297
27.27
27.243
27.215
27.215
27.243
27.215
27.188
27.215
27.242
27.27
27.242
27.27
27.27
27.27
27.27
27.27
27.27
27.27
27.242
27.215
27.242
27.27
27.297
27.297
27.297
27.297
27.324
27.324
27.324
27.324
27.324
27.297
27.297
27.297
27.297
27.324
27.297
27.324
27.324
27.324
24.592
24.616
24.592
24.616
24.641
24.666
24.641
24.666
24.641
24.665
24.665
24.665
24.641
24.641
24.616
24.641
24.616
24.641
24.665
24.641
24.616
24.641
24.665
24.641
24.616
24.591
24.591
24.591
24.591
24.567
24.567
24.542
24.518
24.518
24.493
24.518
24.518
24.542
24.567
24.542
24.567
24.591
24.591
24.591
24.591
24.591
24.616
24.591
24.567
24.542
24.518
24.518
24.518
24.493
24.518
24.518
24.542
24.567
24.591
24.591
24.616
24.64
24.64
24.665
24.665
24.69
24.665
24.69
24.665
24.665
24.64
24.665
24.64
24.64
24.616
27.077
27.077
27.104
27.077
27.104
27.131
27.159
27.159
27.159
27.186
27.158
27.131
27.104
27.131
27.131
27.158
27.131
27.158
27.158
27.131
24.418
24.443
24.467
24.467
24.443
24.443
24.443
24.443
24.418
24.394
24.394
24.394
24.394
24.418
24.394
24.418
24.394
24.418
24.418
24.442
24.442
24.442
24.442
24.418
24.442
24.442
24.442
24.418
24.418
24.418
24.442
24.418
24.442
24.467
24.442
24.442
24.418
24.442
24.442
24.467
24.442
24.467
24.467
24.442
24.467
24.442
24.442
24.442
26.886
26.913
26.913
26.913
26.913
26.913
26.94
26.967
26.994
26.967
26.94
26.967
26.94
26.913
26.94
26.967
26.994
26.994
26.994
27.021
26.994
26.967
26.967
26.994
26.967
26.967
26.94
26.913
26.913
26.886
26.886
26.859
26.859
26.859
26.886
26.913
26.913
26.886
26.886
26.886
26.859
26.832
26.806
26.832
26.832
26.806
26.832
26.805
26.805
26.805
29.486
29.516
29.486
29.486
29.486
29.486
29.486
29.516
29.516
29.516
29.486
29.515
29.486
29.486
29.486
29.486
29.456
29.456
29.486
29.486
29.456
29.456
29.486
29.486
29.486
29.486
29.456
29.486
29.515
29.486
29.456
29.486
29.515
29.545
29.574
29.604
29.604
29.604
29.604
29.604
29.574
29.604
29.574
29.604
29.574
29.604
29.633
29.633
29.633
29.604
29.604
29.574
29.574
29.604
29.633
29.663
29.693
29.693
29.722
29.722
29.752
29.722
29.752
29.752
29.722
29.752
29.722
29.752
29.782
29.782
29.812
29.782
29.812
29.812
29.782
26.804
26.83
26.83
26.857
26.857
26.83
26.803
26.803
26.803
26.83
26.83
26.857
26.83
26.83
26.857
26.884
26.911
26.911
26.884
26.911
26.884
26.884
26.884
29.572
29.572
29.543
29.543
29.572
29.602
29.631
29.602
29.572
29.543
29.543
29.572
29.572
29.543
29.513
29.543
29.572
29.572
29.602
29.602
29.602
29.631
29.631
29.631
29.661
29.661
29.661
29.661
29.691
29.661
29.631
29.661
29.691
29.691
29.691
29.72
29.75
29.78
29.809
29.839
29.839
29.809
29.78
29.78
29.75
29.75
29.72
29.75
29.72
29.75
29.78
29.78
29.75
29.72
29.75
29.779
29.809
29.839
29.839
29.839
29.869
29.869
29.899
29.869
29.899
29.929
29.899
29.899
29.929
29.899
29.899
29.929
29.929
29.899
29.869
29.869
29.839
29.869
29.839
29.839
29.809
32.79
32.757
32.79
32.823
32.855
32.855
32.855
32.823
32.79
32.823
32.855
32.888
32.855
32.855
32.888
32.921
32.888
32.921
32.954
32.921
32.921
32.954
32.987
33.02
33.053
33.02
33.02
33.053
33.086
33.086
33.053
33.02
33.02
33.053
33.053
33.02
32.987
32.954
32.987
32.987
33.02
33.053
33.053
33.053
33.086
33.119
33.119
33.119
33.119
33.086
33.119
33.086
33.086
33.119
36.431
36.467
36.504
36.504
36.467
36.431
36.394
36.394
36.394
36.431
36.394
36.358
36.321
36.321
36.285
36.249
36.249
36.285
36.321
36.285
36.321
36.321
36.285
36.321
36.321
36.285
36.321
36.285
36.285
36.321
39.953
39.993
40.033
40.033
39.993
39.993
40.033
39.993
40.033
40.073
40.113
40.153
40.153
40.153
40.113
40.073
40.113
40.113
40.073
40.033
40.073
40.033
40.073
40.113
40.113
40.153
40.153
40.153
40.193
40.193
40.193
40.234
40.234
40.234
40.193
40.153
40.153
40.113
40.113
40.073
40.033
40.033
40.073
40.033
40.033
40.073
40.033
40.073
40.073
40.073
36.065
36.065
36.065
36.102
36.065
36.101
36.138
36.138
36.174
36.21
36.174
36.174
36.174
36.21
36.21
36.174
36.21
36.21
36.174
36.21
36.246
36.246
36.246
36.21
36.21
36.246
36.282
36.318
36.282
36.246
36.282
36.246
36.21
36.173
36.21
36.21
36.173
36.137
36.101
36.101
36.137
36.137
36.101
36.065
36.101
36.137
36.173
36.173
36.209
36.173
36.173
36.209
36.209
36.246
36.209
36.209
36.173
36.209
36.245
36.245
36.245
36.282
36.282
36.282
36.245
36.282
36.245
36.245
36.245
39.87
39.91
39.91
39.91
39.91
39.91
39.95
39.91
39.91
39.87
39.83
39.79
39.83
39.79
39.83
39.79
39.75
39.79
39.75
39.711
39.671
39.631
39.631
39.671
39.631
39.671
39.671
39.671
35.704
35.704
35.668
35.704
35.704
35.668
35.704
35.739
35.739
35.775
35.775
35.811
35.775
35.811
35.775
35.775
35.775
35.775
35.811
35.847
35.847
35.847
35.811
35.775
35.739
35.775
35.775
35.811
35.811
35.846
35.846
35.882
35.846
35.882
35.882
35.918
32.326
32.294
32.294
32.326
32.294
32.326
32.359
32.391
32.423
32.423
32.391
32.359
32.391
32.358
32.358
32.391
32.358
32.326
32.326
32.294
32.294
32.294
32.261
32.294
32.261
32.261
32.294
35.523
35.523
35.523
35.559
35.594
35.559
35.523
35.523
35.523
35.559
35.559
35.594
35.63
35.63
35.63
35.63
35.665
35.63
35.594
35.558
35.558
35.594
35.558
35.523
35.487
35.523
35.523
35.523
35.523
35.487
35.523
35.523
35.523
35.523
35.487
35.523
35.487
35.487
35.487
39.036
39.075
39.114
39.114
39.114
39.153
39.114
39.153
39.114
39.114
39.153
39.192
39.231
39.192
39.192
39.231
39.192
39.231
39.192
39.192
39.231
39.231
39.231
39.231
39.271
39.31
39.349
39.388
39.428
39.388
39.349
39.349
39.31
39.27
39.27
39.27
39.31
39.27
39.31
39.31
39.31
35.379
35.343
35.379
35.379
35.379
35.343
35.379
35.379
35.414
35.449
35.414
35.414
35.449
35.485
35.449
35.414
35.414
35.414
35.378
35.378
35.378
35.414
35.378
35.414
35.414
35.449
35.485
35.52
35.556
35.52
35.556
35.556
35.556
35.591
35.556
35.556
35.591
35.556
35.591
35.591
35.627
32.064
32.032
32.032
32
32
32
31.968
32
32
31.968
32
32.032
32.032
32
32
32
32
32.032
32.064
32.032
32.032
32
31.968
32
31.968
32
32.032
32.032
32.064
32.096
32.096
32.064
32.064
32.032
32.064
32.032
32.032
32.032
32
32.032
32
32
31.968
31.936
31.904
31.936
31.936
31.936
31.967
31.967
31.967
31.935
31.904
31.935
31.904
31.904
31.872
31.872
31.903
31.935
31.967
31.935
31.967
31.999
31.999
32.031
31.999
32.031
32.031
32.031
28.828
28.828
28.799
28.799
28.77
28.77
28.77
28.77
28.77
28.742
28.77
28.77
28.799
28.799
28.799
28.77
28.77
28.742
28.77
28.742
28.742
28.742
31.616
31.616
31.584
31.616
31.616
31.647
31.616
31.647
31.647
31.647
31.616
31.584
31.584
31.584
31.616
31.584
31.584
31.616
31.647
31.647
31.616
31.616
31.616
31.616
31.584
31.616
31.584
31.616
31.616
31.584
31.552
31.552
31.521
31.489
31.521
31.489
31.458
31.489
31.458
31.426
31.458
31.426
31.458
31.489
31.458
31.458
31.489
31.458
31.458
31.489
31.458
31.458
31.426
31.395
31.363
31.363
31.332
31.332
31.332
31.363
31.363
31.395
31.426
31.457
31.457
31.426
31.426
31.457
31.426
31.395
31.395
31.426
31.426
31.457
31.457
31.457
31.489
31.52
31.489
31.457
31.457
31.457
31.457
31.489
31.457
31.426
31.457
31.489
31.52
31.52
31.52
31.52
31.489
31.489
31.52
31.52
31.552
31.52
31.489
31.52
31.552
31.583
31.615
31.646
31.615
31.583
31.551
31.551
31.52
31.551
31.52
31.52
31.488
34.637
34.672
34.707
34.707
34.741
34.776
34.776
34.776
34.776
34.776
