100
100
100
99.9
100
99.9
100
100
100
99.9
100
99.9
100
100
99.9
100
100
99.9
99.8
99.899
99.899
99.899
99.999
99.899
99.899
99.899
99.899
99.999
99.899
99.799
99.899
99.899
99.799
99.799
99.799
99.899
99.799
99.799
99.899
99.899
99.899
98.9
99.889
99.889
99.889
99.989
109.99
109.88
109.88
109.99
109.88
109.77
109.77
109.77
109.66
109.77
109.77
109.88
109.77
109.88
109.77
109.88
109.99
109.99
109.99
109.99
109.99
108.89
109.98
109.98
109.98
109.87
120.85
120.97
120.85
120.85
120.73
120.61
120.49
120.37
120.37
120.49
120.37
120.25
120.37
120.49
120.37
120.49
120.37
120.25
120.37
120.37
120.49
120.61
120.73
120.73
120.61
120.49
120.49
120.37
120.49
120.49
120.61
120.61
120.61
120.73
120.73
119.52
120.72
120.72
120.72
120.6
132.66
132.52
132.39
132.26
132.26
132.39
132.52
132.52
132.52
132.39
132.52
132.39
132.26
132.13
132.13
132.13
132.26
132.13
132.13
132.26
132.13
132.13
132.26
132.39
132.52
132.39
132.52
132.52
133.85
132.51
132.51
132.51
132.64
119.38
119.38
119.5
119.38
119.26
119.38
119.26
119.26
119.26
119.14
119.26
119.26
119.14
119.26
119.26
119.38
119.5
119.38
119.38
119.26
119.26
119.38
119.26
119.26
119.14
119.26
119.26
119.26
119.26
119.14
119.26
119.38
119.5
119.38
119.38
119.38
118.18
119.37
119.37
119.37
119.37
131.3
131.3
131.43
131.56
131.56
131.43
131.56
131.56
131.43
131.56
131.43
131.43
131.43
131.3
131.3
131.43
131.56
131.43
131.56
131.56
131.56
131.56
131.7
131.56
131.7
131.83
131.7
131.7
131.83
131.83
131.96
131.96
130.64
131.95
131.95
131.95
132.08
145.29
145.43
145.43
145.43
145.58
145.58
145.58
145.72
145.72
145.58
145.72
145.72
145.58
145.58
145.58
145.58
145.72
145.87
145.72
145.87
146.01
146.16
146.16
146.3
146.45
146.3
146.3
146.16
146.01
146.01
145.87
145.72
145.57
145.57
145.43
145.28
145.43
145.57
145.57
144.12
145.56
145.56
145.56
145.41
159.96
159.8
159.8
159.96
160.12
160.28
160.44
160.44
160.6
160.6
160.6
160.76
160.92
160.76
160.92
160.76
160.76
160.6
160.6
160.44
160.6
160.6
158.99
160.58
160.58
160.58
160.74
176.81
176.81
176.99
176.99
176.81
176.64
176.64
176.64
176.64
176.46
176.64
176.46
176.28
176.11
176.28
176.11
175.93
175.76
175.58
175.76
175.76
175.58
175.4
175.58
175.58
175.75
175.93
175.93
175.75
175.58
175.75
175.93
175.75
175.58
175.58
175.58
175.75
175.93
175.75
175.93
175.75
175.93
176.11
176.28
176.28
176.46
176.28
176.1
176.1
176.28
176.1
176.28
176.1
176.1
175.93
175.93
175.93
176.1
175.93
176.1
176.28
176.1
176.1
176.1
175.93
175.75
175.58
175.58
175.75
175.75
173.99
175.73
175.73
175.73
175.56
193.11
192.92
192.92
192.73
192.54
192.34
192.15
192.15
192.15
192.15
192.34
192.15
192.15
191.96
192.15
191.96
191.96
191.77
191.57
191.38
191.19
191.19
191.38
191.38
191.19
191.38
191.57
191.38
191.38
191.19
191
191
190.81
190.81
190.62
190.43
190.24
190.24
190.24
190.43
190.43
190.62
190.62
190.43
190.43
190.43
188.52
190.41
190.41
190.41
190.6
209.66
209.87
209.66
209.87
209.66
209.87
209.87
209.66
209.66
209.45
209.66
209.45
209.24
209.03
209.24
209.24
209.45
209.66
209.66
209.87
210.08
209.87
210.08
209.87
209.87
210.08
210.08
210.29
210.08
210.29
210.5
210.29
210.5
210.71
210.92
210.71
210.92
210.71
210.92
211.13
211.13
211.13
211.13
211.34
211.34
211.55
211.76
211.76
211.55
211.55
211.55
211.34
211.13
211.13
209.02
211.11
211.11
211.11
210.89
231.98
231.75
231.98
231.98
231.75
231.75
231.98
231.98
231.75
231.98
232.22
231.98
231.98
232.22
232.45
232.45
232.45
232.21
232.21
231.98
231.75
231.75
231.98
231.98
231.98
231.75
231.75
231.52
231.52
231.52
231.29
231.29
231.29
231.06
231.06
231.29
231.29
231.52
231.75
231.75
231.52
231.75
231.75
231.98
231.98
231.98
231.98
231.75
231.75
231.98
231.75
231.75
231.75
231.98
232.21
232.21
231.98
231.75
231.52
231.52
231.75
231.98
232.21
231.98
231.75
231.98
231.98
232.21
232.44
232.44
232.68
232.44
232.68
232.91
232.68
232.44
232.21
232.21
232.44
232.44
232.68
232.91
232.91
233.14
232.91
233.14
233.14
233.14
233.37
233.37
233.37
233.14
233.37
233.37
233.14
233.37
233.37
233.14
233.14
233.37
233.14
233.14
233.37
233.61
233.37
233.14
233.37
233.37
233.37
233.61
233.37
233.37
233.14
233.14
232.91
232.91
232.67
232.44
232.44
232.44
232.44
232.67
232.91
232.67
232.67
232.67
232.67
232.44
232.44
232.21
231.98
231.98
232.21
232.44
232.67
232.67
235
232.65
232.65
232.65
232.42
209.17
209.38
209.38
209.17
209.17
208.96
208.76
208.96
209.17
209.17
209.17
209.38
209.59
209.59
209.38
209.59
209.8
209.59
209.59
209.59
209.59
209.8
209.8
209.8
207.7
209.78
209.78
209.78
209.57
230.53
230.76
230.99
230.76
230.53
230.76
230.76
230.76
230.76
230.99
231.22
231.45
231.68
231.91
232.15
231.91
231.91
231.68
231.68
231.91
231.91
231.91
231.68
231.45
231.22
231.45
231.68
231.91
231.91
229.59
231.89
231.89
231.89
231.89
255.08
254.82
254.57
254.31
254.57
254.57
254.57
254.82
254.82
254.82
254.57
254.31
254.57
254.31
254.06
254.31
254.57
254.31
254.31
254.31
251.77
254.29
254.29
254.29
254.29
279.72
279.72
279.44
279.16
278.88
279.16
279.44
279.16
278.88
278.88
278.6
278.32
278.32
278.6
278.6
278.88
278.6
278.32
278.6
278.88
278.6
278.32
278.04
278.04
277.76
278.04
278.32
278.6
278.6
278.32
278.6
278.6
275.81
278.57
278.57
278.57
278.57
306.42
306.73
306.42
306.42
306.42
306.42
306.42
306.42
306.42
306.73
306.73
306.73
307.04
306.73
306.73
307.04
307.34
307.34
307.65
307.34
307.34
307.34
307.34
307.34
304.27
307.31
307.31
307.31
307.31
338.04
338.04
338.04
338.38
338.38
338.04
337.71
338.04
338.04
338.04
338.04
338.04
338.04
338.38
338.38
338.38
338.38
338.04
338.38
338.72
338.72
338.72
338.38
338.38
338.72
338.38
338.38
338.38
338.04
338.04
338.04
338.38
338.38
338.04
338.04
338.38
338.72
338.38
338.72
338.38
338.38
338.72
338.72
338.38
338.38
338.38
338.38
338.72
338.72
338.38
338.38
338.38
338.38
338.38
338.38
338.72
338.72
339.06
338.72
338.38
338.72
338.72
338.72
338.72
339.06
339.06
339.06
339.39
339.73
339.73
340.07
340.41
340.75
340.41
340.75
340.41
340.41
340.41
340.07
340.07
340.41
340.41
340.07
339.73
340.07
340.07
340.41
340.75
341.09
341.09
341.09
341.43
341.43
341.09
341.09
341.43
341.09
341.09
341.09
341.43
341.09
341.43
341.77
341.43
341.43
341.09
341.09
340.75
340.75
340.75
340.41
340.07
340.07
343.47
340.04
340.04
340.04
340.38
306.34
306.34
306.34
306.34
306.64
306.64
306.34
306.03
305.73
306.03
306.34
306.34
306.03
305.72
305.72
305.72
305.42
305.11
304.81
304.5
304.5
304.2
304.2
303.89
304.2
303.89
303.89
303.89
304.2
304.5
304.2
304.2
304.5
304.2
304.2
304.5
304.2
304.5
304.5
304.2
304.2
304.2
303.89
303.59
303.89
304.2
303.89
304.2
303.89
303.89
304.2
304.2
304.2
304.5
304.2
304.5
304.5
304.8
305.11
305.41
305.41
305.41
305.41
305.11
305.11
305.11
305.11
305.11
304.8
304.8
304.8
305.11
304.8
304.8
304.5
304.5
304.8
304.5
304.19
303.89
304.19
304.5
304.5
304.8
305.11
304.8
304.8
304.5
304.8
304.5
304.19
304.5
304.8
304.5
304.5
304.19
304.19
303.89
303.89
303.89
304.19
303.89
304.19
304.5
304.5
304.5
304.8
304.49
304.19
303.89
304.19
304.19
303.89
303.58
303.28
302.98
303.28
303.58
303.88
303.88
304.19
303.88
304.19
304.19
304.19
303.88
303.58
303.88
303.88
304.19
303.88
304.19
304.49
304.8
304.8
305.1
305.1
305.41
305.41
305.1
305.1
305.41
305.71
305.41
305.1
304.8
304.8
305.1
305.1
305.4
305.1
304.79
304.79
304.49
304.49
304.79
304.49
304.49
304.18
304.49
304.49
304.79
304.49
304.49
304.79
305.1
304.79
304.49
304.79
304.79
304.79
305.1
305.1
305.4
305.71
305.4
305.71
305.71
305.71
305.4
305.71
305.4
305.4
305.71
305.71
308.76
305.68
305.68
305.68
305.68
275.11
275.38
275.66
275.38
275.11
275.38
275.66
275.93
275.93
275.93
275.93
275.93
275.93
275.93
275.66
275.93
275.93
275.93
275.93
276.21
276.49
276.49
276.49
276.49
276.21
275.93
276.21
276.49
276.76
276.49
276.21
276.49
276.49
276.21
276.21
276.21
276.21
276.21
276.48
276.48
276.21
275.93
275.93
273.17
275.9
275.9
275.9
276.18
303.8
304.1
303.8
303.8
303.8
303.8
304.1
304.1
303.8
303.49
303.49
303.49
303.19
302.89
303.19
302.89
302.89
302.58
302.89
303.19
302.89
302.89
305.92
302.86
302.86
302.86
302.86
272.57
272.84
273.12
273.12
273.12
272.84
273.12
272.84
272.57
272.3
272.57
272.3
272.57
272.3
272.57
272.3
272.3
272.57
272.3
272.02
272.3
272.02
271.75
271.75
271.75
271.48
271.21
270.94
270.94
270.94
268.23
270.91
270.91
270.91
270.64
297.7
298
298.3
298
298.3
298.6
298.6
298.9
299.19
299.19
299.49
299.49
299.19
299.49
299.49
299.49
299.79
300.09
300.09
300.09
299.79
300.09
300.39
300.39
300.09
300.39
300.09
299.79
300.09
300.09
299.79
299.79
299.49
299.49
299.49
299.79
300.09
300.39
300.69
300.99
301.29
300.99
300.69
300.99
300.99
301.29
301.59
301.59
301.29
301.59
301.89
302.2
301.89
302.2
301.89
301.59
301.59
301.89
301.59
301.59
301.89
301.89
301.89
302.2
302.5
302.2
302.5
302.8
302.5
302.19
302.19
302.5
302.19
302.19
301.89
301.59
301.89
301.89
301.59
301.29
301.29
298.28
301.26
301.26
301.26
301.56
331.72
332.05
331.72
331.38
331.38
331.05
330.72
330.39
330.72
330.39
330.39
330.39
330.72
330.39
330.06
330.39
330.72
331.05
331.05
331.38
331.05
331.05
331.05
331.38
331.38
331.71
331.71
331.38
331.05
330.72
331.05
331.05
331.05
331.38
331.38
331.05
330.72
330.39
330.06
330.39
330.06
329.73
329.73
329.4
329.4
329.4
329.73
329.73
329.73
329.73
329.4
329.4
329.07
329.4
329.73
329.4
329.72
330.05
330.05
329.72
329.72
329.72
329.72
329.39
329.39
329.07
328.74
329.06
329.06
329.06
329.06
328.74
328.74
328.41
328.74
328.74
328.74
332.02
328.7
328.7
328.7
328.37
295.54
295.83
295.83
295.54
295.24
295.54
295.83
295.54
295.54
295.54
295.24
294.94
295.24
295.24
295.54
295.54
295.83
295.53
295.53
295.83
295.53
295.53
295.83
296.13
295.83
295.83
296.13
296.13
296.42
296.13
295.83
295.53
295.53
295.83
295.53
295.83
295.83
295.83
296.12
296.42
296.72
297.01
297.01
297.01
297.01
297.01
297.31
297.61
297.31
297.01
297.01
296.72
297.01
296.72
296.72
296.42
296.12
295.83
296.12
296.12
295.83
295.53
295.23
295.23
295.53
295.53
295.23
294.94
294.64
294.64
294.94
294.64
294.94
294.94
295.23
294.94
294.94
294.94
291.99
294.91
294.91
294.91
294.91
324.4
324.4
324.08
324.08
324.4
324.08
324.08
324.4
324.4
324.72
324.4
324.72
324.4
324.07
324.07
323.75
324.07
324.4
324.4
324.4
324.4
324.4
324.4
324.07
323.75
324.07
324.07
324.4
324.07
324.07
324.4
324.4
324.4
324.07
323.75
323.75
324.07
324.4
324.72
324.72
324.4
324.4
324.72
324.72
324.72
325.05
325.37
325.04
325.37
325.04
325.04
321.79
325.01
325.01
325.01
325.34
357.87
358.23
358.59
358.95
358.95
358.95
358.95
358.95
358.59
358.59
358.59
358.59
358.94
358.59
358.94
359.3
359.66
359.3
359.66
359.3
358.94
359.3
358.94
358.58
358.94
359.3
358.94
358.94
358.94
359.3
359.66
359.3
358.94
358.94
358.94
358.94
359.3
358.94
358.94
359.3
359.3
355.71
359.26
359.26
359.26
359.62
395.59
395.98
396.38
395.98
396.38
395.98
396.38
396.77
396.38
396.77
397.17
396.77
397.17
396.77
397.17
396.77
396.77
396.77
396.37
396.37
395.98
395.98
395.58
395.58
395.58
395.19
394.79
394.79
394.79
395.19
395.19
395.19
395.19
394.79
394.4
394
394.4
394.79
394.79
394.4
394.79
395.18
395.18
395.18
394.79
394.79
394.39
394.39
394.39
394
394.39
394
394.39
394.39
394
394.39
394
394.39
394.39
394.79
395.18
394.79
394.79
394.39
394.79
395.18
394.79
394.39
394.39
394.79
395.18
395.18
395.58
395.18
395.18
394.79
395.18
394.78
394.39
394
394.39
394.39
394
394.39
394.78
394.39
393.99
393.6
393.99
394.39
394.78
394.78
394.39
393.99
394.39
393.99
393.6
393.21
393.21
392.81
393.21
393.21
393.6
393.2
393.2
393.6
393.99
393.6
393.99
394.39
393.99
393.6
393.6
393.99
393.99
393.99
393.99
393.6
393.2
393.6
393.2
393.6
393.6
393.99
393.99
393.99
394.38
394.78
394.38
394.78
394.78
394.38
393.99
393.99
393.59
393.59
393.59
393.99
393.59
393.2
393.59
393.99
393.59
393.59
393.2
393.2
393.59
393.2
392.81
392.41
392.02
392.41
392.41
396.34
392.37
392.37
392.37
392.37
353.14
353.49
353.84
353.84
353.49
353.14
353.14
353.14
353.14
352.78
353.13
352.78
352.43
352.78
352.78
353.13
353.13
352.78
352.43
352.43
352.08
352.43
352.43
348.9
352.39
352.39
352.39
352.39
387.63
387.63
387.24
387.63
387.63
387.63
387.63
387.24
387.24
387.24
387.63
387.24
386.86
387.24
387.63
388.02
387.63
387.63
388.02
388.41
388.02
388.02
388.02
388.02
387.63
387.24
387.24
387.24
387.24
387.24
391.11
387.2
387.2
387.2
387.59
348.83
348.48
348.48
348.83
348.48
348.83
348.83
348.83
348.48
348.83
349.18
348.83
348.83
348.83
349.18
349.18
349.53
349.18
348.83
348.83
349.18
349.18
349.18
348.83
348.48
348.13
348.48
348.48
348.48
348.13
348.48
348.83
348.48
348.48
344.99
348.44
348.44
348.44
348.44
383.29
383.67
383.67
384.06
384.06
384.06
383.67
383.67
384.05
384.44
384.05
384.05
384.05
384.44
384.82
385.21
385.21
385.21
385.59
385.21
384.82
385.21
385.21
384.82
384.44
384.05
384.05
383.67
384.05
384.44
384.82
384.44
384.05
384.44
384.44
384.82
384.43
384.43
384.05
384.05
380.21
384.01
384.01
384.01
383.63
421.99
421.57
421.15
420.73
420.73
421.15
421.57
421.57
421.57
421.57
421.99
422.41
422.41
422.83
422.83
422.41
421.99
421.57
421.57
425.78
421.52
421.52
421.52
421.95
379.75
379.75
380.13
380.51
380.51
380.51
380.51
380.51
380.13
379.75
380.13
380.51
380.51
380.89
380.89
381.27
381.27
380.89
380.89
380.51
380.89
380.51
380.89
380.89
380.51
380.51
380.89
381.27
381.65
381.65
381.65
382.03
381.65
381.65
382.03
381.65
381.27
381.27
381.27
381.27
381.27
381.27
380.89
381.27
381.65
382.03
382.41
382.03
382.41
382.41
382.03
382.41
382.03
381.65
381.65
381.27
381.65
382.03
382.41
382.03
382.03
381.65
382.03
382.41
382.41
382.03
381.65
382.03
382.41
382.41
378.59
382.37
382.37
382.37
382.37
420.61
420.61
420.19
420.61
420.61
421.03
421.03
420.61
421.03
420.61
421.03
421.45
421.03
421.03
420.61
420.61
424.81
420.57
420.57
420.57
420.14
378.13
378.51
378.13
377.75
377.75
377.75
377.75
377.37
377
376.62
377
377.37
377
377
377.37
377.37
377.75
377.37
377.75
378.13
377.75
377.37
376.99
377.37
377.37
377.75
377.37
377.75
377.37
377.75
377.75
377.75
381.53
377.71
377.71
377.71
377.33
339.6
339.94
339.6
339.6
339.94
340.28
339.94
340.28
339.94
340.28
339.94
339.6
339.26
339.26
338.92
338.58
338.24
337.9
338.24
338.24
338.58
338.24
338.58
338.92
338.92
342.31
338.88
338.88
338.88
339.22
305.3
305.3
305.61
305.61
305.3
304.99
304.99
304.99
304.69
304.99
305.3
304.99
304.99
304.99
304.69
304.69
304.99
304.69
304.38
304.08
304.38
304.38
304.69
304.38
304.08
304.08
304.08
304.38
304.38
304.08
303.77
304.08
303.77
304.08
303.77
303.47
303.47
303.77
303.47
303.47
300.44
303.44
303.44
303.44
303.14
333.45
333.12
333.12
332.78
332.78
332.45
332.45
332.78
332.78
333.12
332.78
332.78
332.78
332.78
333.12
333.12
333.12
333.12
333.45
333.45
333.78
333.78
333.78
334.12
333.78
334.12
334.45
334.45
334.78
335.12
334.78
334.45
334.45
334.45
334.45
334.78
334.78
334.78
335.12
335.12
335.12
335.45
335.12
335.12
335.45
335.45
335.79
336.12
336.46
336.46
336.8
337.13
337.13
336.8
337.13
336.8
337.13
337.13
333.76
337.1
337.1
337.1
337.1
370.81
371.18
370.81
370.81
370.44
370.44
370.07
370.44
370.07
370.07
370.44
370.81
370.81
370.44
370.07
369.7
369.7
366
369.66
369.66
369.66
370.03
407.03
407.03
407.44
407.85
408.25
407.85
408.25
408.25
408.66
408.25
407.84
407.44
407.84
407.44
407.44
407.84
408.25
407.84
407.44
407.44
407.03
407.44
407.84
407.43
407.84
407.84
407.43
407.03
407.43
407.03
407.03
406.62
406.62
407.03
407.43
407.84
408.25
407.84
407.84
407.43
407.43
407.03
407.43
407.84
407.84
407.84
407.43
407.84
407.84
403.76
407.8
407.8
407.8
407.39
448.13
448.58
449.03
448.58
449.03
448.58
448.13
448.13
448.13
447.68
447.23
447.68
448.13
448.13
447.68
447.23
447.68
448.13
448.13
448.13
447.68
447.23
447.68
447.23
447.23
447.68
447.23
446.78
446.78
446.78
446.34
446.34
446.78
446.78
446.34
446.34
446.78
446.33
446.33
446.78
446.78
446.33
446.33
445.89
445.44
445.89
446.33
446.78
447.23
447.67
447.23
447.67
448.12
448.57
448.57
448.57
448.12
448.57
448.57
444.08
448.52
448.52
448.52
448.52
493.38
492.88
492.39
492.39
491.9
492.39
491.9
492.39
492.88
492.39
492.39
492.88
492.39
492.39
491.9
491.9
491.4
491.9
492.39
491.89
491.89
492.39
492.39
492.39
497.31
492.34
492.34
492.34
492.34
443.1
443.55
443.55
443.55
443.99
444.43
444.43
443.99
443.55
443.55
443.55
443.99
443.55
443.99
443.54
443.1
442.66
442.66
443.1
443.1
442.66
442.66
447.08
442.61
442.61
442.61
442.17
397.95
398.35
398.75
399.15
399.15
398.75
398.35
398.35
398.75
398.35
397.95
397.55
397.55
397.16
396.76
396.76
396.36
396.76
396.36
395.97
395.97
399.93
395.93
395.93
395.93
396.32
356.69
357.05
356.69
357.05
356.69
356.69
356.69
357.05
357.4
357.4
357.76
357.4
357.76
357.76
357.4
357.05
356.69
356.33
356.33
355.98
355.98
355.62
355.62
355.97
355.97
352.41
355.94
355.94
355.94
355.94
391.53
391.92
391.53
391.53
391.92
391.53
391.92
392.32
391.92
392.32
391.92
391.53
391.92
391.92
391.53
391.92
391.92
391.53
391.14
391.14
391.53
391.14
391.14
391.14
391.53
391.92
391.92
388
391.88
391.88
391.88
391.88
431.07
431.5
431.5
431.93
432.36
432.36
431.93
431.5
431.93
431.93
431.5
431.07
431.07
431.07
431.5
431.5
431.07
431.07
431.5
431.07
430.64
430.64
431.07
431.07
431.5
431.5
431.07
431.07
431.07
431.5
431.93
431.5
431.5
431.07
431.5
431.5
431.07
430.63
430.2
430.63
431.06
431.5
431.93
431.93
431.5
431.93
432.36
431.93
431.49
431.06
430.63
430.2
429.77
429.34
428.91
429.34
429.34
429.77
429.34
429.77
429.34
429.77
430.2
429.77
430.2
429.77
429.34
429.77
429.34
429.34
428.91
428.91
428.48
428.91
428.48
428.05
428.48
428.48
428.48
428.48
428.48
432.76
428.44
428.44
428.44
428.01
385.21
385.59
385.59
385.59
385.98
385.59
385.21
384.82
384.82
384.44
384.44
384.44
384.05
384.44
384.05
383.67
383.28
382.9
382.9
382.52
382.9
383.28
383.67
384.05
384.43
384.43
384.82
384.43
384.43
384.82
384.82
385.2
384.82
385.2
385.2
384.82
384.43
384.82
385.2
384.82
385.2
385.2
384.82
384.43
384.43
384.05
383.66
383.66
384.05
383.66
384.05
384.43
384.05
384.05
380.21
384.01
384.01
384.01
384.01
422.41
422.41
422.83
422.83
423.25
423.68
424.1
424.52
424.95
424.52
424.95
424.95
424.52
424.1
424.52
424.95
424.95
425.37
424.95
424.95
425.37
425.37
424.95
425.37
424.95
424.95
425.37
424.95
424.95
425.37
425.37
424.95
424.52
424.52
424.52
424.94
424.52
424.52
424.52
424.1
424.52
424.52
424.09
424.09
428.34
424.05
424.05
424.05
423.63
381.27
381.27
381.27
381.27
380.88
381.27
381.65
381.65
382.03
382.41
382.41
382.79
382.79
383.18
383.56
383.56
379.72
383.52
383.52
383.52
383.9
422.29
422.72
422.72
423.14
423.14
423.56
423.56
423.56
423.14
423.56
423.14
423.56
423.56
423.14
423.14
423.56
423.98
423.98
423.98
423.98
423.56
423.56
423.98
423.56
423.98
424.41
423.98
423.98
423.98
423.98
423.56
423.14
423.56
423.14
423.56
423.56
423.13
422.71
422.29
421.87
421.87
422.29
422.29
422.71
422.29
422.29
422.29
422.29
422.29
426.51
422.25
422.25
422.25
422.67
380.4
380.02
380.02
379.64
380.02
380.02
379.64
379.64
379.64
379.64
379.26
379.64
379.26
378.88
378.5
378.12
377.75
377.37
377.37
377.37
377.75
377.75
377.75
378.12
377.74
378.12
377.74
377.74
381.52
377.71
377.71
377.71
378.08
340.28
340.28
340.28
339.94
340.28
340.62
340.96
341.3
341.3
341.3
341.64
341.3
341.3
340.96
340.61
340.27
340.61
340.96
340.96
340.61
340.95
341.3
340.95
340.61
340.27
339.93
339.93
343.33
339.9
339.9
339.9
340.24
306.21
306.21
305.91
306.21
305.91
305.91
305.6
305.6
305.3
305.3
305.6
305.3
305.6
305.6
305.91
306.21
305.91
305.91
306.21
305.91
305.6
305.3
305.3
305.3
305.3
304.99
304.68
304.38
304.68
304.99
304.99
304.99
308.04
304.96
304.96
304.96
304.96
274.46
274.19
274.19
273.91
274.19
274.46
274.19
273.91
273.64
273.91
273.64
273.37
273.09
273.09
273.37
273.09
273.37
273.09
272.82
272.55
272.27
272
272.27
272
271.73
271.73
271.46
271.73
272
271.73
271.46
271.19
270.91
270.64
270.91
271.18
270.91
270.64
270.91
270.91
270.64
270.64
270.91
271.18
270.91
270.64
270.37
270.37
270.37
270.37
270.64
270.64
270.64
270.37
270.64
270.64
270.64
270.64
270.37
270.37
270.64
270.64
270.91
270.64
270.37
270.37
270.64
270.91
270.64
270.37
270.37
270.1
269.83
269.56
269.56
269.83
269.56
269.83
269.56
269.83
269.56
269.29
269.29
269.56
269.83
269.56
269.83
269.56
269.83
270.1
269.83
270.1
270.37
270.1
270.37
270.1
270.1
270.37
270.1
270.37
270.1
270.37
270.37
270.64
270.91
271.18
271.18
270.91
270.91
270.91
270.91
270.91
271.18
271.18
271.18
271.18
271.45
271.18
271.18
271.45
271.72
271.99
271.99
271.72
271.45
271.45
271.72
271.99
271.99
272.26
271.99
272.26
272.53
272.26
271.99
271.72
271.45
271.72
271.72
271.72
274.44
271.69
271.69
271.69
271.42
244.28
244.52
244.52
244.28
244.03
243.79
243.79
243.79
243.79
244.03
243.79
243.54
243.79
244.03
243.79
243.54
243.3
243.54
243.3
243.3
243.3
243.54
243.79
243.54
243.54
243.79
243.79
243.54
243.54
243.79
243.54
243.3
243.54
243.3
243.3
243.06
243.3
243.06
243.06
243.06
243.06
243.3
243.06
243.3
243.54
243.79
243.54
243.3
243.05
243.05
243.3
243.05
243.3
243.3
243.3
243.54
243.54
243.54
243.54
243.54
243.78
244.03
243.78
243.54
243.78
243.78
243.78
243.78
243.78
246.22
243.76
243.76
243.76
243.52
219.16
219.38
219.16
219.38
219.6
219.82
219.6
219.38
219.6
219.6
219.6
219.6
219.82
219.6
219.6
219.6
219.82
219.82
217.62
219.8
219.8
219.8
219.8
241.78
242.02
242.02
242.26
242.51
242.75
242.5
242.5
242.26
242.02
241.78
241.78
242.02
242.02
242.02
242.26
242.5
242.5
242.26
242.02
242.02
242.26
242.26
242.02
242.26
242.26
242.26
242.26
242.26
242.26
242.5
242.75
242.5
242.26
242.26
242.02
241.78
241.78
241.78
242.02
242.02
239.6
241.99
241.99
241.99
241.99
266.19
265.93
265.66
265.4
265.4
265.4
265.66
265.4
265.66
265.93
266.19
265.93
265.93
265.66
265.93
265.93
266.19
266.19
266.19
266.19
265.93
265.93
265.93
266.19
266.46
266.19
266.19
265.93
265.93
266.19
265.92
265.92
266.19
266.19
266.19
266.19
265.92
266.19
266.46
266.19
266.46
266.72
266.99
266.99
266.72
266.72
266.99
267.26
267.52
267.52
267.26
267.26
267.52
267.26
266.99
266.99
266.99
264.32
266.96
266.96
266.96
267.23
293.95
293.66
293.95
293.66
293.95
294.25
293.95
293.66
293.66
293.36
293.36
293.66
293.66
293.66
293.66
293.36
293.66
293.36
293.07
293.07
293.07
293.36
293.36
293.66
293.95
293.95
294.24
293.95
293.95
294.24
294.24
293.95
294.24
294.24
293.95
293.65
293.95
293.95
294.24
294.24
294.54
294.54
294.54
294.24
294.54
294.24
293.95
293.95
293.95
294.24
294.24
291.3
294.21
294.21
294.21
294.21
323.63
323.31
323.31
323.63
323.31
322.99
322.99
323.31
322.99
322.99
322.99
322.99
322.99
323.31
323.63
323.63
323.96
323.96
324.28
324.6
324.93
324.6
324.6
324.6
324.6
324.6
327.85
324.57
324.57
324.57
324.57
292.11
292.41
292.11
291.82
291.53
291.24
291.53
291.24
290.95
290.95
290.66
290.66
290.36
290.07
290.07
290.36
290.65
290.95
291.24
290.95
290.65
290.36
290.65
290.65
290.65
290.65
290.94
291.24
291.24
291.53
291.82
292.11
291.82
291.53
291.82
291.82
291.82
291.53
291.82
291.82
291.82
291.53
291.82
292.11
292.4
292.69
292.4
292.69
292.69
292.4
292.4
292.69
292.4
292.4
292.4
292.11
292.11
292.4
292.69
292.69
292.4
292.69
292.69
295.62
292.66
292.66
292.66
292.96
263.66
263.66
263.66
263.92
263.66
263.66
263.4
263.4
263.4
263.13
262.87
262.87
262.61
262.61
262.34
262.34
262.34
262.34
262.61
262.87
262.61
262.87
262.61
262.34
262.34
262.61
262.61
262.61
262.61
262.34
262.61
262.87
263.13
263.13
263.13
260.5
263.1
263.1
263.1
263.1
289.41
289.7
289.41
289.41
289.41
289.13
288.84
289.12
289.41
289.41
289.41
289.41
289.41
289.41
289.41
289.7
289.7
289.99
289.7
289.99
289.99
290.28
290.57
290.57
290.28
290.28
293.19
290.25
290.25
290.25
289.96
260.97
260.97
260.97
260.71
260.45
260.71
260.71
260.71
260.97
260.71
260.44
260.71
260.97
260.7
260.97
261.23
261.49
261.23
261.49
261.49
261.49
261.23
261.49
261.75
261.75
259.13
261.72
261.72
261.72
261.46
287.61
287.61
287.61
287.32
287.61
287.61
287.32
287.61
287.32
287.61
287.61
287.61
287.32
287.61
287.89
288.18
288.18
288.18
288.18
287.89
287.89
287.61
287.89
287.61
287.89
288.18
288.18
288.18
288.18
287.89
287.89
287.6
287.6
287.32
287.6
287.6
287.6
287.89
287.6
287.89
287.89
290.77
287.86
287.86
287.86
287.57
258.82
258.56
258.82
259.08
259.08
259.08
259.33
259.08
259.33
259.08
258.82
258.56
258.3
258.3
258.04
258.04
255.46
258.01
258.01
258.01
258.27
284.1
284.1
284.38
284.38
284.38
284.1
283.82
284.1
284.38
284.1
284.1
283.82
283.53
283.53
283.25
283.53
283.53
283.25
282.96
282.68
282.4
282.12
282.12
282.12
282.4
282.4
282.12
282.4
282.4
285.22
282.37
282.37
282.37
282.65
254.39
254.64
254.39
254.64
254.64
254.39
254.39
254.39
254.13
254.39
254.64
254.9
254.64
254.64
254.39
254.64
254.89
254.89
254.64
254.39
254.13
254.13
253.88
253.88
253.62
253.62
253.88
253.88
253.62
253.62
251.09
253.6
253.6
253.6
253.6
278.96
278.68
278.68
278.68
278.68
278.68
278.96
278.96
279.24
279.51
279.51
279.79
280.07
280.07
280.07
280.07
279.79
280.07
280.07
280.35
280.35
280.35
280.63
280.35
280.63
280.63
280.91
280.91
280.91
280.63
280.35
280.07
280.35
280.35
280.07
280.07
280.07
280.07
280.07
280.35
280.35
280.63
280.91
280.63
280.35
280.35
280.35
280.07
280.07
280.07
279.79
279.51
279.23
279.23
279.23
279.23
278.95
278.67
278.67
278.95
278.67
278.95
278.67
278.67
278.95
279.23
279.51
279.79
279.79
279.79
279.79
279.79
279.79
282.59
279.76
279.76
279.76
279.76
251.79
251.79
251.53
251.79
252.04
251.79
252.04
252.29
252.29
252.04
252.04
252.29
252.54
252.29
252.04
252.04
252.04
252.29
252.04
252.04
252.29
252.54
252.79
252.54
252.79
252.79
253.05
253.3
253.3
253.05
253.3
253.04
253.04
252.79
252.79
253.04
252.79
252.54
252.79
252.79
252.79
252.79
252.79
255.32
252.77
252.77
252.77
252.77
227.49
227.72
227.49
227.49
227.26
227.03
227.26
227.03
227.26
227.26
227.49
227.26
227.03
227.03
226.81
227.03
227.03
227.03
227.03
227.26
227.26
227.49
227.72
227.49
227.26
227.26
227.26
227.03
227.03
227.03
227.26
227.49
227.49
225.21
227.46
227.46
227.46
227.69
250.46
250.21
250.21
249.96
250.21
250.46
250.71
250.71
250.71
250.96
251.21
250.96
250.71
250.71
250.71
250.71
250.96
251.21
251.21
251.46
251.71
251.97
251.71
251.71
251.71
251.46
251.46
251.46
251.46
251.46
251.71
251.97
252.22
252.22
251.97
252.22
252.22
252.47
252.72
252.72
255.25
252.7
252.7
252.7
252.95
227.65
227.65
227.65
227.65
227.65
227.65
227.65
227.43
227.43
227.65
227.65
227.43
227.43
227.65
227.43
227.2
227.43
227.43
227.2
226.97
226.97
226.97
226.97
226.75
226.52
226.74
226.52
226.74
226.52
226.29
226.29
226.06
225.84
225.61
225.84
225.84
225.61
225.61
225.39
225.16
225.16
224.94
224.94
224.71
224.71
224.71
224.71
224.49
224.71
224.94
225.16
225.16
225.16
225.39
225.61
225.84
226.06
226.06
226.29
226.06
225.84
226.06
226.06
226.06
225.84
225.61
225.39
225.39
225.16
224.93
224.93
224.93
224.71
224.93
224.93
224.71
224.71
224.71
224.71
224.71
224.71
224.48
224.48
224.48
224.48
224.48
224.71
224.93
224.93
225.16
225.38
225.38
225.38
225.61
225.84
225.61
225.38
225.16
225.38
225.61
225.38
225.38
225.61
225.61
225.83
225.83
225.83
225.61
225.38
225.38
225.16
225.16
225.16
225.16
227.41
225.13
225.13
225.13
225.36
202.82
202.62
202.62
202.42
202.22
202.01
202.22
202.22
202.01
201.81
201.81
201.61
201.41
201.41
201.41
201.61
201.41
201.41
201.21
201.21
201.21
201.01
201.01
201.01
200.8
200.6
200.8
200.8
200.6
200.4
200.4
198.4
200.38
200.38
200.38
200.18
220.2
220.2
220.42
220.2
219.98
219.98
219.76
219.98
219.98
219.98
220.2
219.98
220.2
220.42
220.64
220.64
220.42
220.42
220.42
220.2
220.2
220.2
219.98
219.98
222.18
219.96
219.96
219.96
219.74
197.76
197.57
197.57
197.57
197.76
197.57
197.57
197.37
197.17
197.17
197.17
197.37
197.57
197.76
197.56
197.76
197.56
197.37
197.17
196.97
196.78
196.58
196.38
196.19
196.19
196.38
196.19
196.19
196.38
196.19
195.99
195.99
196.19
196.38
196.58
196.38
196.38
196.38
196.38
196.18
196.38
196.38
198.34
196.36
196.36
196.36
196.36
176.73
176.9
177.08
176.9
176.72
176.9
176.72
176.55
176.55
176.37
176.2
176.37
176.55
176.37
176.55
176.72
176.72
176.9
176.72
176.55
176.55
176.37
176.55
176.72
176.72
176.9
177.08
176.9
176.9
176.72
176.9
176.72
176.72
176.9
176.9
177.08
177.08
176.9
176.72
176.72
176.72
176.55
176.37
176.19
176.37
176.19
176.37
176.19
176.02
176.19
176.37
176.19
176.19
176.19
176.37
176.54
176.72
176.9
176.9
177.08
177.08
177.25
177.43
177.25
177.25
177.43
177.25
177.25
177.25
177.25
177.07
176.9
176.9
176.9
176.9
177.07
177.07
178.85
177.06
177.06
177.06
177.23
159.51
159.67
159.83
159.99
159.99
159.83
159.99
160.15
160.31
160.31
160.15
160.15
159.99
159.83
159.99
160.15
159.99
159.83
159.67
159.83
159.99
160.15
160.15
160.15
160.15
159.99
159.83
159.99
159.83
159.67
159.67
159.51
159.67
159.67
159.51
159.35
159.19
159.03
158.87
158.71
158.71
158.87
159.03
159.19
159.03
159.19
159.19
159.03
159.19
159.19
157.6
159.17
159.17
159.17
159.33
175.27
175.44
175.44
175.62
175.79
175.79
175.79
175.97
175.79
175.97
175.97
175.79
175.79
175.62
175.79
175.62
175.44
175.61
175.44
175.61
175.44
175.26
175.26
175.44
175.44
177.19
175.42
175.42
175.42
175.25
157.72
157.72
157.56
157.72
157.56
157.56
157.56
157.41
157.25
157.41
157.56
157.56
157.41
157.25
157.41
157.25
157.25
157.25
157.41
157.25
157.25
157.09
156.93
156.78
156.78
156.93
156.78
156.62
156.46
156.46
156.62
156.46
156.62
156.46
156.46
156.46
156.31
156.46
156.31
156.31
156.31
156.15
155.99
155.84
155.84
155.68
155.53
155.37
155.37
155.22
155.22
155.22
155.06
155.22
155.37
155.37
155.53
155.68
155.68
154.12
155.67
155.67
155.67
155.82
171.4
171.57
171.4
171.4
171.4
171.57
171.57
171.75
171.57
171.4
171.4
171.23
171.06
171.06
170.89
170.72
170.89
171.06
171.23
171.06
171.06
170.89
171.06
171.23
171.23
171.4
171.23
171.23
171.4
171.57
171.4
171.4
171.23
171.06
170.89
170.89
170.72
170.72
172.42
170.7
170.7
170.7
170.87
153.78
153.78
153.94
153.78
153.94
154.09
153.94
153.78
153.94
153.78
153.94
153.78
153.94
153.78
153.94
153.94
154.09
153.94
153.78
153.63
153.47
153.63
153.63
153.78
153.63
153.63
155.16
153.61
153.61
153.61
153.77
138.39
138.53
138.39
138.25
138.11
137.97
137.97
137.97
138.11
138.25
138.39
138.25
138.39
138.39
138.53
138.67
138.8
138.94
138.94
138.8
138.67
138.53
138.67
138.67
138.53
138.39
138.53
138.53
138.53
138.53
139.91
138.51
138.51
138.51
138.51
124.66
124.66
124.54
124.41
124.54
124.54
124.54
124.41
124.29
124.41
124.41
124.54
124.54
124.54
124.54
124.54
124.54
124.66
124.66
124.66
124.66
124.66
124.66
124.66
124.79
124.91
124.91
125.04
125.04
126.29
125.02
125.02
125.02
124.9
112.41
112.41
112.52
112.63
112.52
112.41
112.41
112.41
112.3
112.18
112.3
112.3
112.18
112.18
112.07
111.96
111.96
111.85
111.74
111.62
111.73
111.73
111.73
111.62
111.51
111.4
111.4
111.4
111.51
111.62
111.73
111.62
111.62
111.73
111.62
111.73
111.62
111.51
111.62
111.51
111.62
111.62
112.74
111.61
111.61
111.61
111.72
100.55
100.55
100.65
100.65
100.55
100.45
100.35
100.25
100.15
100.25
100.35
100.25
100.15
100.05
100.05
100.15
100.15
100.15
100.05
99.948
99.948
99.848
99.948
99.848
99.848
99.948
99.948
99.948
99.948
99.948
100.05
100.05
100.15
100.05
100.15
100.15
100.15
100.25
100.15
100.15
100.05
99.948
100.05
99.948
99.948
100.05
100.15
100.15
100.25
100.15
100.05
99.947
100.05
100.15
100.05
100.15
100.15
100.15
100.25
100.15
100.25
100.35
100.25
100.35
100.35
100.35
100.35
100.45
100.55
100.45
100.45
100.45
100.55
100.45
100.45
100.45
100.45
100.45
99.443
100.44
100.44
100.44
100.54
110.59
110.59
110.59
110.48
110.48
110.59
110.7
110.7
110.81
110.92
110.92
110.92
110.81
110.81
110.81
110.81
110.7
110.7
110.81
110.81
110.81
110.92
110.92
111.03
111.15
111.15
111.26
111.37
111.48
111.37
111.26
111.15
111.26
111.37
111.26
111.26
111.15
111.03
111.03
111.03
111.14
111.03
110.92
110.92
110.81
110.7
110.59
110.7
110.7
110.7
110.7
110.81
110.92
110.92
111.03
111.03
111.03
111.14
111.03
111.03
112.14
111.02
111.02
111.02
110.91
99.82
99.92
99.82
99.82
99.82
99.92
100.02
99.92
99.92
100.02
100.12
100.02
99.919
100.02
99.919
99.919
99.919
99.919
100.02
99.919
99.919
99.919
99.919
99.919
99.919
100.02
99.919
99.919
98.92
99.909
99.909
99.909
100.01
110.01
109.9
110.01
109.9
109.9
109.79
109.68
109.57
109.68
109.57
109.57
109.68
109.57
109.46
109.35
109.46
109.57
109.46
109.46
109.46
109.46
109.57
109.57
109.46
109.57
109.46
109.46
109.46
109.35
109.35
109.46
109.35
109.35
109.35
109.24
109.13
109.02
109.02
109.13
109.24
109.13
109.24
109.35
109.46
109.35
109.24
109.35
109.24
109.24
110.33
109.23
109.23
109.23
109.34
98.405
98.307
98.405
98.503
98.405
98.503
98.602
98.7
98.7
98.602
98.503
98.405
98.405
98.405
98.306
98.208
98.306
98.306
98.404
98.503
98.503
98.503
98.404
98.503
98.601
98.601
98.601
98.503
98.404
98.502
98.404
98.306
98.306
98.306
99.289
98.296
98.296
98.296
98.197
88.378
88.289
88.289
88.201
88.113
88.113
88.201
88.201
88.201
88.289
88.289
88.289
88.377
88.466
88.377
88.377
88.466
88.554
88.643
88.554
88.466
88.377
88.377
88.465
88.554
88.554
88.554
88.642
88.731
88.642
88.642
88.554
88.465
88.377
88.288
88.377
88.465
88.465
88.553
88.642
88.642
88.731
88.819
88.908
88.908
88.997
88.997
88.997
88.997
88.997
88.997
88.997
88.908
88.819
88.819
88.908
88.997
88.997
89.086
89.175
89.175
88.283
89.166
89.166
89.166
89.077
97.985
98.083
97.985
97.887
97.984
98.082
97.984
98.082
98.18
98.279
98.377
98.279
98.377
98.475
98.475
98.377
98.377
98.278
98.278
98.18
98.278
98.376
98.475
98.475
98.376
98.376
98.278
98.376
98.278
98.278
98.278
98.278
98.18
98.081
98.18
98.278
98.278
98.376
98.376
97.392
98.366
98.366
98.366
98.268
108.09
108.2
108.31
108.42
108.31
108.31
108.31
108.2
108.09
107.99
108.09
107.99
107.99
107.99
108.09
108.09
108.09
108.09
107.99
107.88
107.88
107.88
107.88
107.99
108.09
107.99
108.09
107.99
107.99
108.09
108.09
108.2
108.31
108.42
108.42
108.31
108.31
108.31
108.31
108.2
108.2
108.2
108.31
108.42
108.31
108.31
108.31
108.42
108.42
108.42
108.31
108.31
108.42
108.42
108.31
108.31
108.2
108.31
108.42
108.42
108.53
108.63
108.53
108.63
108.53
108.63
108.63
108.63
108.63
108.63
108.53
108.53
108.53
108.53
109.61
108.51
108.51
108.51
108.41
97.566
97.663
97.566
97.566
97.566
97.566
97.566
97.566
97.468
97.371
97.468
97.468
97.565
97.663
97.663
96.686
97.653
97.653
97.653
97.556
107.31
107.31
107.2
107.31
107.2
107.1
107.1
106.99
107.1
107.1
107.2
107.1
106.99
107.1
106.99
107.1
107.1
106.99
106.88
106.99
106.99
106.88
106.99
106.88
106.88
105.81
106.87
106.87
106.87
106.87
117.56
117.68
117.79
117.79
117.91
118.03
118.15
118.15
118.15
118.27
118.38
118.5
118.5
118.5
118.38
118.5
118.62
118.62
118.74
118.86
118.86
118.86
118.86
118.98
118.98
118.98
119.1
119.21
119.1
119.1
119.21
119.1
119.1
119.1
119.1
119.1
119.21
119.21
119.33
119.33
119.21
119.21
119.33
119.45
119.45
119.33
119.21
119.33
119.45
119.45
119.33
119.33
119.21
119.21
119.09
119.21
119.33
119.33
119.21
119.09
119.21
119.33
119.21
119.33
119.45
119.33
119.33
119.45
119.45
120.65
119.44
119.44
119.44
119.32
107.39
107.39
107.5
107.39
107.39
107.28
107.39
107.5
107.6
107.5
107.39
107.5
107.5
107.5
107.39
107.39
107.39
107.5
107.39
107.39
107.39
107.39
107.28
107.39
107.28
107.28
107.28
107.28
107.39
107.39
107.28
107.17
107.17
107.17
106.1
107.16
107.16
107.16
107.16
117.88
117.76
117.64
117.52
117.64
117.64
117.64
117.76
117.76
117.88
118
118.11
118
118.11
118.23
118.23
118.11
118.23
118.35
118.23
118.11
118.11
118.23
118.35
118.47
118.59
118.47
118.35
118.47
118.35
118.47
118.35
118.23
118.23
118.11
118.23
118.23
118.23
118.35
118.23
118.23
118.23
118.35
118.23
118.35
118.23
118.23
118.11
117.99
117.88
117.99
117.99
117.99
117.99
117.99
117.88
117.88
117.99
118.11
118.23
118.11
118.11
117.99
117.88
117.99
117.99
117.99
118.11
118.23
118.35
118.47
118.35
118.35
118.47
118.35
118.35
118.47
118.58
118.58
118.7
118.7
118.58
118.58
119.77
118.57
118.57
118.57
118.57
106.72
106.61
106.71
106.61
106.71
106.71
106.71
106.82
106.71
106.61
106.71
106.71
106.71
106.71
106.61
106.71
106.61
106.5
106.61
106.71
106.61
106.5
106.39
106.5
106.61
106.71
106.71
106.82
106.71
106.71
106.61
106.71
106.71
107.78
106.7
106.7
106.7
106.6
95.937
95.937
96.033
96.033
95.937
96.033
96.033
95.937
95.841
95.936
96.032
96.032
96.128
96.128
96.032
96.128
96.224
96.321
96.224
96.224
96.224
96.224
96.321
96.321
96.417
96.321
96.224
96.32
96.224
96.128
96.128
96.224
96.32
96.417
96.32
96.224
96.128
96.224
96.128
96.031
96.127
96.031
95.935
96.031
96.031
95.935
95.839
95.743
95.839
95.935
96.031
96.031
96.127
96.031
96.031
96.031
95.935
95.839
95.935
95.839
95.743
95.743
95.743
95.839
95.743
95.743
94.785
95.733
95.733
95.733
95.637
105.2
105.2
105.31
105.31
105.31
105.31
105.31
105.31
105.2
105.2
105.1
105.1
105.2
105.31
105.2
105.1
105.1
105.1
104.99
105.1
105.2
105.2
105.1
104.99
105.1
104.99
104.99
104.99
104.99
104.99
104.99
105.1
105.1
104.99
104.99
104.89
104.99
104.99
105.1
105.1
104.99
105.09
105.09
105.09
105.09
106.15
105.08
105.08
105.08
105.08
94.576
94.671
94.765
94.86
94.765
94.86
94.765
94.765
94.86
94.955
94.86
94.955
95.05
94.955
94.86
94.765
94.859
94.765
94.67
94.575
94.67
94.575
94.481
94.481
94.575
94.48
94.575
94.575
94.575
94.575
94.575
94.669
94.669
95.616
94.66
94.66
94.66
94.565
85.109
85.109
85.109
85.109
85.024
85.024
85.109
85.194
85.109
85.109
85.194
85.194
85.194
85.279
85.194
85.279
85.364
85.279
85.193
85.279
85.193
85.108
85.108
85.023
84.938
84.853
84.938
85.023
85.108
85.023
84.938
85.023
84.938
84.853
84.938
84.938
85.023
84.938
84.938
84.938
84.938
85.023
85.108
85.022
85.107
85.193
85.278
85.363
85.363
85.363
85.363
85.363
85.278
85.192
85.107
85.107
85.022
85.022
85.022
84.937
84.937
84.937
84.852
84.767
84.683
84.767
84.682
84.682
84.598
84.598
85.444
84.589
84.589
84.589
84.505
76.054
76.13
76.054
76.13
76.206
76.206
76.206
76.206
76.283
76.359
76.282
76.282
76.359
76.359
76.435
76.435
76.435
76.435
76.512
76.435
76.435
76.359
76.435
76.511
76.435
76.511
76.435
76.435
76.435
76.435
76.511
76.588
76.511
76.435
76.435
76.435
76.511
76.588
76.588
76.511
76.511
76.511
76.434
76.434
77.199
76.427
76.427
76.427
76.427
68.784
68.715
68.647
68.578
68.647
68.578
68.578
68.647
68.578
68.646
68.578
68.509
68.509
68.441
68.441
68.441
68.372
68.304
68.372
68.441
68.441
67.756
68.434
68.434
68.434
68.502
75.352
75.277
75.352
75.277
75.202
75.202
75.202
75.202
75.126
75.051
75.051
75.051
75.051
74.976
75.051
75.051
75.126
75.126
75.201
75.126
75.051
74.976
74.901
74.826
74.751
74.751
75.499
74.744
74.744
74.744
74.819
67.337
67.269
67.269
67.202
67.202
67.135
67.202
67.202
67.135
67.135
67.135
67.135
67.202
67.269
67.337
67.269
67.269
67.202
67.135
67.135
67.202
67.202
67.202
67.202
67.202
67.269
67.336
67.404
67.336
67.269
67.336
67.269
67.269
67.336
67.336
67.269
67.269
67.336
67.269
67.201
67.134
67.067
67.067
66.396
67.06
67.06
67.06
67.127
73.84
73.766
73.84
73.914
73.988
74.062
73.988
73.914
73.988
74.062
73.988
74.062
74.062
73.988
74.062
73.988
73.988
74.062
73.987
73.987
73.248
73.98
73.98
73.98
73.906
81.297
81.378
81.378
81.297
81.378
81.297
81.215
81.296
81.296
81.215
81.215
81.215
81.296
81.296
81.296
81.296
81.215
81.134
81.134
81.215
81.215
81.215
81.215
81.215
81.215
81.215
81.215
81.296
81.215
81.215
81.296
81.377
81.296
81.215
81.296
81.215
81.215
81.133
81.215
81.215
81.296
81.214
81.214
81.214
81.133
81.052
81.133
81.214
81.214
81.133
81.133
81.133
81.133
81.944
81.125
81.125
81.125
81.125
73.012
73.086
73.159
73.232
73.305
73.232
73.232
73.305
73.305
73.232
73.232
73.232
73.158
73.085
73.158
73.231
73.231
73.158
73.231
73.231
73.231
73.231
73.305
73.231
73.231
73.158
73.158
73.158
73.085
73.012
73.012
72.939
72.939
72.866
72.866
72.793
72.866
72.866
72.793
72.793
72.866
72.793
72.793
72.866
72.866
72.866
72.939
72.939
72.866
72.938
72.866
72.866
72.793
72.865
72.938
72.865
72.793
72.793
72.865
72.792
72.865
72.792
72.72
72.72
72.72
72.647
72.647
72.719
72.792
72.865
72.792
72.865
72.938
73.011
73.084
73.084
73.157
73.157
73.157
73.23
73.157
73.084
73.011
73.011
73.011
73.084
73.157
73.083
73.01
72.937
73.01
72.937
72.937
73.01
73.01
72.937
72.937
72.864
72.937
72.937
72.937
72.937
72.937
72.937
72.937
72.864
72.791
72.791
72.791
72.791
72.864
72.937
73.01
73.083
73.083
73.083
73.156
73.156
73.083
73.083
73.083
73.083
73.083
73.156
73.156
73.156
73.156
73.083
73.083
73.083
73.083
73.083
73.083
73.083
73.814
73.075
73.075
73.075
73.002
65.702
65.636
65.636
65.636
65.702
65.768
65.834
65.834
65.899
65.899
65.899
65.899
65.899
65.965
65.965
66.625
65.959
65.959
65.959
65.893
59.303
59.363
59.422
59.363
59.363
59.303
59.303
59.244
59.303
59.244
59.244
59.303
59.244
59.303
59.244
59.244
59.185
59.125
59.125
59.066
59.125
59.185
59.125
59.184
59.244
59.184
59.244
59.244
58.651
59.238
59.238
59.238
59.178
65.096
65.031
65.031
65.096
65.031
64.966
65.031
65.096
65.031
65.096
65.161
65.096
65.031
64.966
64.901
64.901
65.55
64.894
64.894
64.894
64.959
58.463
58.405
58.463
58.522
58.522
58.58
58.639
58.58
58.639
58.58
58.639
58.697
58.756
58.815
58.874
58.932
58.991
58.991
58.991
59.05
59.109
59.109
59.05
59.05
58.991
58.991
59.05
58.991
58.991
58.932
58.991
58.932
58.932
59.522
58.926
58.926
58.926
58.985
53.087
53.087
53.14
53.14
53.14
53.087
53.087
53.034
53.034
53.087
53.034
53.087
53.087
53.087
53.087
53.087
53.033
52.98
53.033
53.033
52.98
53.033
53.086
53.086
53.086
53.139
53.086
53.086
53.086
53.139
53.193
53.139
53.139
53.139
53.086
53.033
53.086
53.139
53.139
53.086
53.086
53.086
53.033
53.086
53.086
52.555
53.081
53.081
53.081
53.028
58.33
58.272
58.214
58.156
58.214
58.214
58.156
58.097
58.156
58.156
58.097
58.097
58.097
58.155
58.097
58.155
58.214
58.155
58.097
58.097
58.039
58.097
58.039
57.981
57.981
57.981
57.981
58.039
57.981
57.981
58.039
57.981
57.923
57.865
57.865
57.923
57.923
57.865
57.807
57.865
57.923
57.923
57.981
57.981
57.923
57.865
57.807
57.865
57.807
57.807
57.865
57.807
57.749
57.691
57.634
57.576
57.576
57.518
57.461
57.461
57.518
57.576
57.518
57.518
57.576
57.576
57.576
57.633
57.576
57.633
57.633
57.576
57.576
57.633
57.576
57.518
57.46
57.403
57.403
57.346
57.403
57.346
57.288
57.288
57.345
57.345
57.288
57.288
57.288
57.288
57.288
57.231
57.288
57.231
57.231
57.174
57.174
57.745
57.168
57.168
57.168
57.225
51.502
51.451
51.502
51.451
51.399
51.451
51.451
51.399
51.399
51.348
51.348
51.348
51.348
51.348
51.297
51.245
51.245
51.245
51.245
51.245
51.245
51.245
51.245
51.194
51.194
51.245
51.245
51.245
51.245
51.245
51.245
51.194
51.194
51.143
51.092
51.092
51.143
51.143
51.092
51.143
51.143
51.194
51.194
51.143
51.092
51.041
51.092
51.143
51.092
51.143
51.091
51.091
51.04
51.091
51.091
51.091
51.091
51.142
51.091
51.091
51.091
51.142
51.142
51.091
51.142
51.142
51.142
51.654
51.137
51.137
51.137
51.188
46.07
46.116
46.07
46.116
46.162
46.116
46.116
46.069
46.069
46.116
46.162
46.208
46.254
46.3
46.254
46.3
46.346
46.393
46.439
46.393
46.439
46.393
46.393
46.439
46.486
46.532
46.486
46.532
46.485
46.439
46.393
46.439
46.439
46.439
46.439
46.903
46.434
46.434
46.434
46.434
41.791
41.749
41.707
41.749
41.791
41.791
41.833
41.874
41.833
41.791
41.749
41.749
41.707
41.665
41.707
41.665
41.665
41.665
41.707
41.665
41.665
41.665
41.249
41.661
41.661
41.661
41.703
45.873
45.827
45.781
45.781
45.736
45.69
45.69
45.644
45.644
45.599
45.599
45.644
45.644
45.644
45.644
45.69
45.69
45.644
45.69
45.69
45.233
45.685
45.685
45.685
45.64
50.204
50.153
50.153
50.103
50.053
50.003
49.953
49.953
50.003
50.003
50.053
50.003
50.003
50.053
50.053
50.053
50.003
50.003
49.953
50.003
50.003
50.053
50.003
50.003
49.953
49.903
49.953
50.003
50.053
50.053
50.103
50.153
50.153
50.203
50.203
50.203
50.203
50.203
49.701
50.198
50.198
50.198
50.148
55.163
55.218
55.273
55.273
55.328
55.384
55.439
55.494
55.55
55.55
55.605
55.605
55.55
55.494
55.494
55.55
55.494
55.55
55.494
55.439
55.383
55.439
55.439
55.383
55.438
55.438
55.993
55.433
55.433
55.433
55.433
49.89
49.89
49.84
49.79
49.79
49.84
49.79
49.74
49.79
49.79
49.79
49.84
49.889
49.889
49.84
49.79
49.74
49.79
49.79
49.839
49.889
49.939
49.989
49.939
49.989
49.989
49.939
49.989
49.989
49.989
50.039
50.089
50.089
50.039
50.089
50.089
50.039
50.039
49.539
50.034
50.034
50.034
49.984
54.982
54.927
54.982
55.037
54.982
55.037
55.092
55.037
54.982
54.927
54.982
54.927
54.927
54.872
54.872
54.872
54.872
54.872
54.872
54.872
54.817
54.817
54.817
54.817
55.365
54.812
54.812
54.812
54.812
49.331
49.38
49.429
49.38
49.429
49.38
49.33
49.33
49.281
49.281
49.232
49.183
49.232
49.232
49.183
49.232
49.232
49.281
49.33
49.33
49.38
49.429
49.478
49.478
49.429
49.429
49.478
49.429
49.478
49.528
49.478
49.429
49.379
49.379
49.429
49.478
49.478
49.528
49.577
49.627
49.627
49.577
49.527
49.577
49.577
49.527
49.577
49.577
49.527
49.478
49.478
49.973
49.473
49.473
49.473
49.473
44.526
44.57
44.526
44.57
44.57
44.526
44.57
44.615
44.57
44.525
44.481
44.525
44.57
44.525
44.525
44.525
44.57
44.525
44.481
44.436
44.481
44.436
44.392
44.347
44.303
44.347
44.392
44.347
44.392
44.347
44.392
44.392
44.347
44.303
44.347
44.392
44.347
44.392
44.436
44.48
44.48
44.925
44.476
44.476
44.476
44.52
40.068
40.108
40.068
40.108
40.068
40.068
40.068
40.068
40.028
40.068
40.108
40.108
40.148
40.108
40.108
40.108
40.148
40.188
40.229
40.269
40.309
40.269
40.309
40.349
40.349
40.39
40.39
40.349
40.349
40.349
40.309
40.349
40.309
40.309
40.309
40.712
40.305
40.305
40.305
40.305
36.274
36.311
36.311
36.274
36.311
36.311
36.311
36.311
36.347
36.347
36.311
36.311
36.311
36.311
36.311
36.311
36.274
36.311
36.347
36.311
36.311
36.274
36.238
36.274
36.274
36.238
36.202
36.166
36.202
36.238
36.274
36.238
36.202
36.165
36.202
36.165
36.129
36.129
36.165
36.202
36.202
36.165
36.202
36.202
36.202
36.202
36.165
36.129
36.093
36.129
36.129
36.165
36.201
36.238
36.238
36.274
36.238
36.238
36.238
36.238
36.238
36.238
36.201
36.165
36.165
36.201
36.237
36.201
36.165
36.129
36.093
36.093
36.057
36.057
36.093
36.129
36.165
36.201
36.165
36.201
36.237
36.237
36.237
36.237
36.274
36.274
36.237
36.237
36.237
36.201
36.165
36.165
36.129
36.093
36.129
36.165
36.201
36.201
36.237
36.237
36.237
36.273
36.31
36.31
36.273
36.237
36.273
36.237
36.201
36.237
36.237
36.201
36.165
36.201
36.237
36.201
36.164
36.128
36.128
36.092
36.128
36.164
36.128
36.128
36.128
36.128
36.164
36.128
36.128
36.164
36.2
36.2
36.237
36.2
36.164
36.164
36.164
35.803
36.161
36.161
36.161
36.197
39.816
39.816
39.777
39.777
39.737
39.777
39.777
39.816
39.816
39.816
39.816
39.816
39.856
39.896
39.856
39.896
39.856
39.856
39.856
39.896
39.936
39.976
40.016
40.016
40.056
40.016
40.056
40.016
40.016
39.976
39.936
39.896
39.856
39.816
39.816
39.816
39.776
39.736
39.776
39.816
39.776
39.776
39.776
39.736
39.736
39.736
39.776
39.776
39.736
39.736
39.697
39.657
39.657
39.617
39.578
39.538
39.578
39.617
39.578
39.617
39.657
39.617
39.577
39.577
39.538
39.577
39.577
39.577
39.973
39.573
39.573
39.573
39.613
35.652
35.652
35.652
35.616
35.616
35.616
35.58
35.58
35.545
35.58
35.616
35.616
35.652
35.687
35.687
35.33
35.684
35.684
35.684
35.684
39.252
39.291
39.252
39.213
39.213
39.213
39.252
39.213
39.174
39.174
39.134
39.134
39.173
39.173
39.173
39.173
39.173
39.213
39.213
39.213
39.213
39.173
39.173
39.173
39.134
39.134
39.134
38.743
39.13
39.13
39.13
39.169
43.086
43.13
43.086
43.043
43.043
43.043
43.043
43.043
43
42.957
42.957
42.957
42.957
42.914
42.914
42.871
42.871
42.871
42.871
43.3
42.867
42.867
42.867
42.91
38.619
38.58
38.619
38.58
38.619
38.58
38.619
38.58
38.58
38.542
38.58
38.619
38.657
38.696
38.696
39.083
38.692
38.692
38.692
38.731
34.858
34.858
34.823
34.858
34.823
34.858
34.823
34.788
34.823
34.788
34.753
34.788
34.788
34.788
34.823
34.788
34.788
34.44
34.784
34.784
34.784
34.819
38.301
38.301
38.301
38.339
38.378
38.339
38.339
38.378
38.416
38.378
38.339
38.301
38.301
38.301
38.339
38.301
38.301
38.301
38.301
38.263
38.301
38.301
38.263
38.224
38.224
38.224
38.186
38.224
38.224
38.186
38.186
38.224
38.263
38.301
38.262
38.262
38.224
38.224
38.262
38.224
38.224
38.262
38.224
38.224
38.262
38.262
38.262
37.88
38.259
38.259
38.259
38.22
42.042
42.042
42
42.042
42.084
42.126
42.126
42.084
42.126
42.168
42.168
42.168
42.168
42.211
42.168
42.126
42.126
42.126
42.168
42.211
42.211
42.168
42.211
42.211
42.211
42.211
42.253
42.253
42.253
42.675
42.248
42.248
42.248
42.248
38.024
37.986
37.986
37.948
37.948
37.986
38.024
37.986
38.024
37.986
37.948
37.985
37.947
37.985
37.947
37.947
37.985
37.947
37.909
37.872
37.834
37.796
37.758
37.72
37.758
37.796
37.834
37.834
37.455
37.83
37.83
37.83
37.792
41.571
41.53
41.53
41.571
41.53
41.571
41.613
41.613
41.613
41.654
41.613
41.654
41.613
41.613
41.613
42.029
41.608
41.608
41.608
41.567
37.41
37.448
37.448
37.448
37.485
37.522
37.485
37.485
37.485
37.447
37.41
37.373
37.373
37.373
37.335
37.298
37.335
37.373
37.373
37.335
37.298
37.298
37.335
37.372
37.41
37.41
37.41
37.41
37.372
37.41
37.447
37.41
37.372
37.335
37.298
37.335
37.372
37.335
37.335
37.335
37.298
37.335
37.335
37.297
37.297
37.297
37.26
37.297
37.335
37.372
37.409
37.372
37.335
37.372
37.372
37.372
37.335
37.297
37.26
37.223
37.223
37.186
37.223
37.185
37.223
37.223
37.185
37.185
37.185
37.223
37.223
37.223
37.185
37.185
37.185
37.223
37.185
37.223
37.223
37.26
37.223
37.223
37.223
37.26
37.297
37.297
37.334
37.334
37.297
37.26
37.26
37.26
37.632
37.256
37.256
37.256
37.256
33.53
33.53
33.564
33.53
33.497
33.463
33.463
33.43
33.463
33.463
33.43
33.43
33.43
33.43
33.396
33.43
33.43
33.396
33.43
33.396
33.363
33.33
33.33
33.33
33.296
33.263
33.263
33.263
33.23
33.263
33.263
33.296
33.263
33.23
33.196
33.23
33.196
33.163
33.163
33.196
33.229
33.263
33.229
33.196
33.196
33.163
33.13
33.097
33.097
33.097
33.064
33.097
33.097
33.064
33.031
32.998
32.998
32.965
32.932
32.964
32.964
32.997
32.964
32.964
32.997
32.964
32.964
32.964
32.964
32.931
32.964
32.931
32.898
32.898
32.866
32.866
32.898
32.898
32.931
32.931
32.964
32.931
32.931
32.898
32.865
32.833
32.8
32.8
32.472
32.797
32.797
32.797
32.797
36.076
36.112
36.112
36.076
36.076
36.112
36.112
36.112
36.112
36.112
36.076
36.04
36.04
36.04
36.076
36.04
36.004
36.04
36.004
36.004
36.004
36.04
36.04
36.076
36.04
36.004
36.04
36.004
35.968
35.932
35.932
35.896
35.932
35.932
35.896
35.86
35.896
35.896
35.896
35.896
35.896
35.86
35.896
35.86
35.896
35.86
35.824
35.788
35.752
35.752
35.752
35.717
35.681
35.645
35.681
35.681
35.717
35.717
35.752
35.788
35.752
35.716
35.681
35.716
35.681
35.681
35.645
35.681
35.716
35.716
35.716
35.752
35.788
35.824
35.824
35.465
35.82
35.82
35.82
35.856
39.441
39.441
39.481
39.481
39.481
39.441
39.441
39.402
39.363
39.402
39.441
39.481
39.441
39.441
39.481
39.441
39.402
39.362
39.323
39.362
39.323
39.362
39.402
39.441
39.481
39.52
39.56
39.599
39.639
39.639
39.599
39.559
39.52
39.48
39.441
39.401
39.362
39.323
39.362
39.362
39.362
39.323
39.283
39.244
39.283
39.244
39.283
39.323
39.362
39.362
39.401
39.362
39.362
39.401
39.441
39.48
39.441
39.441
39.401
39.362
39.362
39.362
39.362
39.322
39.322
39.322
39.283
39.283
39.283
39.283
39.283
39.283
39.283
39.244
39.283
39.283
39.244
39.244
39.204
39.165
39.165
39.165
39.126
39.165
39.126
39.126
39.087
39.126
39.126
39.087
39.087
39.087
39.087
39.048
39.009
39.048
39.009
39.048
39.009
38.97
39.009
39.009
39.009
38.97
38.931
38.97
38.931
38.931
38.931
38.541
38.927
38.927
38.927
38.888
42.777
42.734
42.777
42.777
42.777
42.734
42.691
42.691
42.691
42.691
42.691
42.691
42.734
42.691
42.734
42.734
43.161
42.729
42.729
42.729
42.729
38.456
38.418
38.418
38.418
38.418
38.38
38.418
38.418
38.456
38.495
38.495
38.533
38.495
38.456
38.418
38.456
38.456
38.418
38.418
38.456
38.456
38.495
38.533
38.495
38.456
38.456
38.456
38.495
38.456
38.456
38.841
38.452
38.452
38.452
38.452
34.607
34.642
34.607
34.572
34.607
34.607
34.642
34.642
34.676
34.642
34.676
34.676
34.642
34.642
34.676
34.641
34.607
34.572
34.538
34.572
34.572
34.607
34.607
34.607
34.607
34.607
34.607
34.641
34.607
34.572
34.572
34.226
34.569
34.569
34.569
34.569
38.026
38.026
38.064
38.064
38.025
38.064
38.064
38.102
38.063
38.102
38.14
38.14
38.102
38.102
38.14
38.14
38.521
38.136
38.136
38.136
38.136
34.322
34.322
34.357
34.322
34.322
34.288
34.288
34.288
34.288
34.254
34.219
34.219
34.219
34.219
34.254
34.288
34.322
34.322
34.356
34.356
34.391
34.356
34.356
34.322
34.356
34.356
34.356
34.322
34.322
34.356
34.356
34.356
34.322
34.356
34.356
34.7
34.353
34.353
34.353
34.318
30.887
30.918
30.918
30.948
30.979
31.01
30.979
30.948
30.917
30.887
30.856
30.856
30.886
30.917
30.917
30.948
30.917
30.948
30.979
30.948
30.948
31.258
30.945
30.945
30.945
30.976
27.878
27.906
27.906
27.878
27.906
27.906
27.878
27.878
27.851
27.878
27.878
27.85
27.85
27.878
27.906
27.906
27.906
27.878
27.878
27.85
27.823
27.85
27.878
27.85
27.823
27.795
27.795
27.767
27.739
27.711
27.739
27.739
27.462
27.736
27.736
27.736
27.736
30.51
30.51
30.479
30.51
30.54
30.571
30.571
30.54
30.51
30.54
30.51
30.54
30.51
30.479
30.479
30.479
30.175
30.476
30.476
30.476
30.476
33.524
33.557
33.524
33.524
33.557
33.524
33.49
33.524
33.49
33.457
33.423
33.423
33.39
33.357
33.357
33.357
33.69
33.353
33.353
33.353
33.387
30.048
30.048
30.048
30.048
30.048
30.048
30.078
30.108
30.078
30.048
30.018
30.048
30.078
30.108
30.078
30.048
30.048
30.018
30.048
30.078
30.078
30.108
30.138
30.138
30.108
30.078
30.078
30.078
30.048
30.078
30.078
29.777
30.075
30.075
30.075
30.075
33.082
33.082
33.049
33.049
33.049
33.049
33.082
33.082
33.049
33.016
33.049
33.082
33.082
33.049
33.082
33.082
33.082
33.115
33.115
33.115
33.082
33.082
33.115
33.148
33.148
33.181
33.148
33.181
33.181
33.148
33.181
33.181
33.214
33.248
33.281
33.281
33.314
33.314
33.281
33.281
33.281
32.948
33.278
33.278
33.278
33.311
36.642
36.605
36.569
36.605
36.605
36.569
36.605
36.605
36.605
36.605
36.605
36.642
36.605
36.605
36.642
36.605
36.642
36.678
36.678
36.642
36.642
36.642
36.678
36.642
36.642
36.678
36.678
36.311
36.675
36.675
36.675
36.711
40.382
40.382
40.382
40.382
40.382
40.342
40.382
40.342
40.382
40.342
40.382
40.342
40.382
40.342
40.301
40.342
40.382
40.382
40.423
40.382
40.342
40.342
40.342
40.301
40.301
40.301
40.301
40.301
40.301
40.261
40.261
40.261
40.261
40.301
40.301
40.301
40.261
40.221
40.221
40.181
40.181
40.181
40.14
40.181
40.221
40.261
40.221
40.18
40.221
40.261
40.261
40.261
40.261
40.301
40.261
40.261
40.301
40.301
39.898
40.297
40.297
40.297
40.297
44.327
44.371
44.327
44.282
44.282
44.327
44.327
44.371
44.327
44.327
44.327
44.327
44.371
44.327
44.371
44.371
44.327
44.327
44.327
44.371
44.371
44.371
44.415
44.371
44.371
44.326
44.326
44.282
44.282
44.725
44.278
44.278
44.278
44.322
39.89
39.93
39.93
39.97
39.97
39.93
39.93
39.93
39.89
39.93
39.93
39.93
39.89
39.85
39.85
39.89
39.85
39.89
39.89
39.89
39.929
39.969
39.969
39.969
39.969
39.929
39.929
39.929
39.889
39.85
39.889
39.85
39.81
39.77
39.77
39.77
39.77
39.73
39.73
39.77
39.73
39.73
39.77
39.73
39.77
39.81
39.81
39.77
39.809
39.77
39.809
39.77
39.809
39.77
39.809
39.77
39.809
39.77
39.809
39.849
39.809
39.849
39.849
39.809
39.769
39.769
39.769
39.769
39.809
39.809
39.849
39.849
39.809
39.849
39.809
39.809
39.769
39.809
39.849
39.849
40.247
39.845
39.845
39.845
39.885
35.896
35.932
35.932
35.932
35.896
35.932
35.896
35.86
35.896
35.86
35.896
35.932
35.932
35.896
35.932
35.896
35.896
35.896
35.932
35.968
35.968
36.004
36.004
36.04
36.04
36.04
36.04
36.04
36.076
36.112
36.112
35.751
36.108
36.108
36.108
36.108
39.719
39.759
39.759
39.759
39.799
39.759
39.799
39.799
39.799
39.759
39.719
39.759
39.719
39.679
39.719
39.759
39.719
39.679
39.719
39.679
39.639
39.639
39.679
39.719
39.679
39.679
39.639
39.639
39.639
39.6
39.6
39.56
39.6
39.639
39.679
39.639
39.6
39.6
39.204
39.596
39.596
39.596
39.635
43.599
43.642
43.686
43.642
43.599
43.555
43.512
43.512
43.468
43.468
43.512
43.512
43.512
43.512
43.512
43.512
43.555
43.555
43.555
43.555
43.511
43.468
43.468
43.511
43.555
43.511
43.511
43.511
43.555
43.511
43.468
43.468
43.424
43.424
43.424
43.468
43.424
43.381
43.381
43.424
43.424
43.424
43.468
43.511
43.511
43.555
43.511
43.511
43.468
43.511
43.511
43.555
43.598
43.642
43.685
43.729
43.773
43.773
43.817
43.86
43.86
43.86
43.422
43.856
43.856
43.856
43.812
48.193
48.193
48.242
48.29
48.29
48.29
48.242
48.29
48.241
48.241
48.29
48.338
48.386
48.338
48.29
48.29
48.773
48.285
48.285
48.285
48.333
43.5
43.456
43.413
43.456
43.5
43.5
43.5
43.543
43.5
43.456
43.456
43.5
43.543
43.543
43.5
43.456
43.5
43.5
43.456
43.499
43.499
43.499
43.543
43.543
43.499
43.499
43.499
43.456
43.412
43.412
43.369
43.412
43.369
43.326
43.369
43.412
43.456
43.412
43.412
43.412
43.412
43.456
43.499
43.499
43.456
43.456
43.412
43.412
43.412
43.456
43.499
43.456
43.499
43.543
43.543
43.586
43.586
43.542
43.499
43.455
43.455
43.499
43.499
43.542
43.586
43.586
43.586
43.542
43.542
43.542
43.542
43.542
43.542
43.586
43.542
43.586
43.629
43.586
43.586
43.586
43.542
43.586
43.542
43.586
43.586
43.586
43.629
43.586
43.542
43.499
43.499
43.499
43.499
43.499
43.934
43.494
43.494
43.494
43.538
39.184
39.145
39.145
39.145
39.145
39.145
39.106
39.066
39.027
39.027
38.988
38.949
38.91
38.949
38.91
38.949
38.988
38.988
38.949
38.91
38.949
38.988
38.949
38.949
38.91
38.949
38.988
39.027
39.027
39.066
39.105
39.105
39.066
39.066
39.105
39.066
39.105
39.066
39.105
39.105
39.105
39.066
39.105
39.105
39.105
39.144
39.105
39.144
39.144
39.144
39.144
39.183
39.222
39.222
38.83
39.219
39.219
39.219
39.258
43.184
43.184
43.227
43.183
43.183
43.14
43.097
43.097
43.054
43.011
43.011
43.054
43.054
43.097
43.054
43.054
43.054
43.485
43.05
43.05
43.05
43.007
38.706
38.706
38.745
38.745
38.783
38.745
38.783
38.822
38.822
38.783
38.745
38.706
38.706
38.706
38.706
38.706
38.706
38.667
38.628
38.667
38.667
38.706
38.706
38.667
38.667
38.628
38.628
38.628
38.59
38.628
38.628
38.628
38.59
38.59
38.59
38.551
38.59
38.551
38.513
38.551
38.512
38.551
38.512
38.551
38.512
38.512
38.474
38.512
38.474
38.512
38.512
38.551
38.589
38.628
38.628
38.242
38.624
38.624
38.624
38.585
42.444
42.486
42.444
42.402
42.402
42.359
42.401
42.401
42.444
42.444
42.486
42.444
42.444
42.486
42.486
42.486
42.486
42.911
42.482
42.482
42.482
42.44
38.196
38.157
38.157
38.196
38.234
38.272
38.234
38.195
38.234
38.272
38.31
38.349
38.31
38.31
38.272
38.272
38.234
38.234
38.272
38.31
38.348
38.387
38.425
38.387
38.425
38.387
38.425
38.387
38.348
38.31
38.272
38.272
38.233
38.195
38.195
38.195
38.157
38.195
38.157
38.119
38.119
38.157
38.119
38.081
38.081
38.042
38.08
38.08
38.042
38.08
38.119
38.119
38.157
38.195
38.233
38.233
38.233
38.615
38.229
38.229
38.229
38.229
34.406
34.406
34.406
34.406
34.406
34.406
34.372
34.337
34.303
34.337
34.372
34.337
34.372
34.406
34.372
34.337
34.372
34.337
34.372
34.337
34.337
34.337
34.372
34.372
34.406
34.406
34.372
34.337
34.372
34.372
34.337
34.303
34.303
34.303
34.337
34.337
34.371
34.371
34.337
34.371
34.371
34.406
34.44
34.406
34.406
34.371
34.406
34.371
34.406
34.406
34.406
34.371
34.371
34.406
34.371
34.337
34.303
34.268
34.234
34.234
34.234
34.234
34.2
34.2
34.2
34.2
34.166
34.166
34.2
34.234
34.268
34.234
34.234
34.2
34.165
34.131
34.097
34.097
34.131
34.097
34.097
34.131
34.165
34.131
34.165
34.199
34.165
34.199
34.165
34.165
34.131
34.165
34.199
34.234
34.268
34.234
34.234
34.199
34.199
34.234
34.199
34.199
34.233
34.233
34.268
34.302
34.302
33.959
34.299
34.299
34.299
34.333
37.766
37.766
37.728
37.691
37.728
37.766
37.728
37.728
37.691
37.728
37.728
37.691
37.691
37.653
37.653
37.615
37.615
37.615
37.615
37.991
37.611
37.611
37.611
37.649
33.884
33.918
33.918
33.952
33.986
33.986
33.952
33.952
33.918
33.918
33.884
33.918
33.884
33.85
33.816
33.816
33.85
33.85
33.816
33.782
33.816
33.782
33.749
33.749
33.715
33.749
33.782
33.749
33.715
33.681
33.715
33.748
33.748
33.748
33.748
33.782
33.748
33.748
33.782
33.782
33.782
33.748
33.782
33.816
33.782
33.748
33.715
33.715
33.715
33.681
33.647
33.647
33.614
33.58
33.546
33.58
33.613
33.613
33.58
33.546
33.546
33.546
33.546
33.58
33.546
33.513
33.479
33.479
33.479
33.479
33.513
33.546
33.513
33.513
33.177
33.509
33.509
33.509
33.543
36.897
36.897
36.897
36.897
36.897
36.897
36.934
36.934
36.971
37.008
37.008
37.045
37.082
37.082
37.082
37.119
37.119
37.119
37.119
37.49
37.115
37.115
37.115
37.115
33.404
33.37
33.37
33.404
33.437
33.437
33.437
33.437
33.471
33.471
33.437
33.437
33.404
33.404
33.404
33.404
33.437
33.47
33.504
33.504
33.537
33.571
33.605
33.571
33.571
33.571
33.605
33.638
33.605
33.605
33.571
33.571
33.571
33.537
33.537
33.537
33.504
33.47
33.47
33.437
33.47
33.437
33.403
33.37
33.37
33.37
33.37
33.403
33.403
33.737
33.4
33.4
33.4
33.4
30.06
30.03
30.06
30.06
30.03
30.03
30.06
30.09
30.09
30.06
30.09
30.09
30.12
30.15
30.15
30.15
30.15
30.12
30.15
30.12
30.15
30.12
30.15
30.12
30.15
30.15
30.15
30.15
30.15
30.15
30.18
30.15
30.18
30.15
30.15
30.18
30.15
30.18
30.15
30.18
30.21
30.18
30.21
30.18
30.18
30.15
30.12
30.09
30.09
30.09
30.12
30.15
30.18
30.15
30.18
30.18
30.18
30.15
30.12
30.12
30.421
30.117
30.117
30.117
30.117
27.105
27.132
27.132
27.132
27.105
27.132
27.132
27.159
27.132
27.132
27.105
27.105
27.105
27.132
27.159
27.132
27.159
27.159
27.132
27.105
27.078
27.051
27.023
26.996
26.969
26.996
27.023
27.023
26.996
26.969
26.942
26.942
26.969
26.969
26.996
26.996
27.023
27.05
27.05
26.78
27.048
27.048
27.048
27.048
29.752
29.752
29.782
29.812
29.782
29.812
29.842
29.872
29.872
29.872
29.901
29.931
29.901
29.931
29.931
29.901
29.901
29.901
29.901
29.901
29.901
29.872
29.842
29.812
29.842
29.812
29.782
29.782
29.782
29.812
29.812
29.782
29.752
29.722
29.752
29.752
29.782
29.812
29.841
29.871
29.871
29.841
29.812
29.841
29.841
29.812
29.841
29.812
29.782
29.752
29.722
29.752
29.722
29.692
29.722
29.722
29.722
29.692
29.722
29.722
29.722
29.722
29.752
29.752
29.782
29.811
29.782
29.782
29.782
29.811
29.811
29.841
29.811
29.841
29.841
29.841
29.811
29.841
29.871
29.871
29.871
29.841
29.841
29.871
29.841
29.841
29.811
29.811
29.811
29.811
29.781
29.811
29.841
29.841
29.543
29.838
29.838
29.838
29.838
32.822
32.822
32.855
32.822
32.789
32.789
32.822
32.789
32.756
32.723
32.756
32.789
32.789
32.822
32.789
32.789
32.822
32.789
32.822
32.822
32.854
32.887
32.92
32.92
32.953
32.986
33.019
32.986
32.986
32.953
32.953
33.282
32.95
32.95
32.95
32.983
29.684
29.714
29.744
29.714
29.744
29.773
29.744
29.744
29.744
29.744
29.744
29.714
29.744
29.773
29.744
29.714
29.684
29.654
29.625
29.595
29.625
29.625
29.625
29.625
29.654
29.625
29.625
29.595
29.625
29.654
29.654
29.951
29.651
29.651
29.651
29.651
26.686
26.713
26.74
26.713
26.686
26.66
26.66
26.686
26.66
26.633
26.659
26.686
26.713
26.686
26.713
26.713
26.713
26.713
26.713
26.713
26.713
26.686
26.659
26.686
26.713
26.739
26.739
26.739
26.739
26.766
26.766
26.766
26.766
26.766
26.739
26.739
26.739
26.739
27.007
26.737
26.737
26.737
26.737
24.063
24.087
24.063
24.087
24.111
24.135
24.111
24.135
24.111
24.135
24.135
24.135
24.111
24.111
24.087
24.111
24.087
24.111
24.135
24.111
24.087
24.111
24.135
24.111
24.087
24.063
24.063
24.063
24.063
24.039
24.039
24.015
23.991
23.991
23.967
23.991
23.991
24.015
24.039
24.015
24.039
24.063
24.063
24.063
24.063
24.063
24.087
24.063
24.039
24.015
23.991
23.991
23.991
23.967
23.991
23.991
24.015
24.039
24.063
24.063
24.087
24.111
24.111
24.135
24.135
24.159
24.135
24.159
24.135
24.135
23.893
24.132
24.132
24.132
24.108
26.519
26.519
26.546
26.519
26.546
26.572
26.599
26.599
26.599
26.625
26.599
26.572
26.545
26.572
26.572
26.838
26.569
26.569
26.569
26.543
23.889
23.912
23.936
23.936
23.912
23.912
23.912
23.912
23.888
23.865
23.865
23.865
23.865
23.888
23.865
23.888
23.865
23.888
23.888
23.912
23.912
23.912
23.912
23.888
23.912
23.912
23.912
23.888
23.888
23.888
23.912
23.888
23.912
23.936
23.912
23.912
23.888
23.912
23.912
23.936
23.912
23.936
23.936
23.697
23.934
23.934
23.934
23.934
26.327
26.353
26.353
26.353
26.353
26.353
26.38
26.406
26.432
26.406
26.38
26.406
26.38
26.353
26.38
26.406
26.432
26.432
26.432
26.459
26.432
26.406
26.406
26.432
26.406
26.406
26.379
26.353
26.353
26.327
26.327
26.3
26.3
26.3
26.327
26.353
26.353
26.327
26.327
26.327
26.3
26.274
26.248
26.274
26.274
26.011
26.271
26.271
26.271
26.271
28.899
28.927
28.899
28.899
28.899
28.899
28.899
28.927
28.927
28.927
28.899
28.927
28.898
28.898
28.898
28.898
28.87
28.87
28.898
28.898
28.87
28.87
28.898
28.898
28.898
28.898
28.87
28.898
28.927
28.898
28.869
28.898
28.927
28.956
28.985
29.014
29.014
29.014
29.014
29.014
28.985
29.014
28.985
29.014
28.985
29.014
29.043
29.043
29.043
29.014
29.014
28.985
28.985
29.014
29.043
29.072
29.101
29.101
29.13
29.13
29.159
29.13
29.159
29.159
29.13
29.159
29.13
29.159
29.188
29.188
29.48
29.185
29.185
29.185
29.156
26.241
26.267
26.267
26.293
26.293
26.267
26.241
26.241
26.241
26.267
26.267
26.293
26.267
26.267
26.293
26.319
26.346
26.346
26.082
26.343
26.343
26.343
26.343
28.977
28.977
28.948
28.948
28.977
29.006
29.035
29.006
28.977
28.948
28.948
28.977
28.977
28.948
28.919
28.948
28.977
28.977
29.006
29.006
29.006
29.035
29.035
29.035
29.064
29.064
29.064
29.064
29.093
29.064
29.035
29.064
29.093
29.093
29.093
29.122
29.151
29.181
29.21
29.239
29.239
29.21
29.181
29.181
29.151
29.151
29.122
29.151
29.122
29.151
29.18
29.18
29.151
29.122
29.151
29.18
29.21
29.239
29.239
29.239
29.268
29.268
29.297
29.268
29.297
29.327
29.297
29.297
29.327
29.297
29.297
29.326
29.326
29.297
29.268
29.268
28.975
29.265
29.265
29.265
29.236
32.159
32.127
32.159
32.191
32.224
32.224
32.224
32.191
32.159
32.191
32.223
32.256
32.223
32.223
32.256
32.288
32.256
32.288
32.32
32.288
32.288
32.32
32.352
32.385
32.417
32.385
32.385
32.417
32.45
32.45
32.417
32.385
32.385
32.417
32.417
32.385
32.352
32.32
32.352
32.352
32.385
32.417
32.417
32.417
32.449
32.482
32.482
32.482
32.482
32.157
32.479
32.479
32.479
32.511
35.762
35.798
35.834
35.834
35.798
35.762
35.726
35.726
35.726
35.762
35.726
35.691
35.655
35.655
35.619
35.584
35.584
35.619
35.655
35.619
35.655
35.655
35.619
35.655
35.655
35.298
35.651
35.651
35.651
35.687
39.256
39.295
39.334
39.334
39.295
39.295
39.334
39.295
39.334
39.373
39.413
39.452
39.452
39.452
39.413
39.373
39.413
39.413
39.373
39.334
39.373
39.334
39.373
39.413
39.413
39.452
39.452
39.452
39.491
39.491
39.491
39.531
39.531
39.531
39.491
39.452
39.452
39.412
39.412
39.373
39.334
39.334
39.373
39.334
39.334
39.727
39.33
39.33
39.33
39.33
35.397
35.397
35.397
35.432
35.397
35.432
35.468
35.468
35.503
35.538
35.503
35.503
35.503
35.538
35.538
35.503
35.538
35.538
35.503
35.538
35.574
35.574
35.574
35.538
35.538
35.574
35.609
35.645
35.609
35.574
35.609
35.574
35.538
35.503
35.538
35.538
35.503
35.467
35.432
35.432
35.467
35.467
35.432
35.396
35.432
35.467
35.502
35.502
35.538
35.502
35.502
35.538
35.538
35.573
35.538
35.538
35.502
35.538
35.573
35.573
35.573
35.609
35.609
35.609
35.253
35.605
35.605
35.605
35.605
39.166
39.205
39.205
39.205
39.205
39.205
39.244
39.205
39.205
39.166
39.127
39.088
39.127
39.088
39.127
39.088
39.048
39.087
39.048
39.009
38.97
38.931
38.931
39.321
38.927
38.927
38.927
38.927
35.035
35.035
35
35.035
35.035
35
35.035
35.07
35.07
35.105
35.105
35.14
35.105
35.14
35.105
35.105
35.105
35.105
35.14
35.175
35.175
35.175
35.14
35.105
35.07
35.105
35.105
35.14
35.14
35.175
35.175
35.527
35.171
35.171
35.171
35.206
31.686
31.654
31.654
31.686
31.654
31.686
31.717
31.749
31.781
31.781
31.749
31.717
31.749
31.717
31.717
31.749
31.717
31.686
31.686
31.654
31.654
31.654
31.337
31.651
31.651
31.651
31.682
34.851
34.851
34.851
34.886
34.92
34.885
34.851
34.851
34.851
34.885
34.885
34.92
34.955
34.955
34.955
34.955
34.99
34.955
34.92
34.885
34.885
34.92
34.885
34.85
34.816
34.85
34.85
34.85
34.85
34.816
34.85
34.85
34.85
34.85
34.502
34.847
34.847
34.847
34.847
38.332
38.37
38.408
38.408
38.408
38.447
38.408
38.447
38.408
38.408
38.447
38.485
38.524
38.485
38.485
38.523
38.485
38.523
38.485
38.485
38.523
38.523
38.523
38.523
38.562
38.6
38.639
38.678
38.716
38.678
38.639
38.639
38.6
38.562
38.562
38.562
38.947
38.558
38.558
38.558
38.558
34.702
34.667
34.702
34.702
34.702
34.667
34.702
34.702
34.737
34.771
34.737
34.737
34.771
34.806
34.771
34.737
34.737
34.737
34.702
34.702
34.702
34.737
34.702
34.737
34.737
34.771
34.806
34.841
34.876
34.841
34.876
34.876
34.876
34.911
34.876
34.876
35.224
34.872
34.872
34.872
34.907
31.416
31.385
31.385
31.354
31.354
31.354
31.322
31.354
31.354
31.322
31.353
31.385
31.385
31.353
31.353
31.353
31.353
31.385
31.416
31.385
31.385
31.353
31.322
31.353
31.322
31.353
31.385
31.385
31.416
31.447
31.447
31.416
31.416
31.385
31.416
31.385
31.385
31.385
31.353
31.385
31.353
31.353
31.322
31.29
31.259
31.29
31.29
31.29
31.322
31.322
31.322
31.29
31.259
31.29
31.259
31.259
31.228
31.228
31.259
31.29
31.322
31.29
31.322
31.353
31.353
31.666
31.35
31.35
31.35
31.35
28.215
28.215
28.187
28.187
28.158
28.158
28.158
28.158
28.158
28.13
28.158
28.158
28.187
28.187
28.187
28.158
28.158
27.877
28.156
28.156
28.156
28.156
30.971
30.971
30.94
30.971
30.971
31.002
30.971
31.002
31.002
31.002
30.971
30.94
30.94
30.94
30.971
30.94
30.94
30.971
31.002
31.002
30.971
30.971
30.971
30.971
30.94
30.971
30.94
30.971
30.971
30.94
30.909
30.909
30.878
30.847
30.878
30.847
30.816
30.847
30.816
30.785
30.816
30.785
30.816
30.847
30.816
30.816
30.847
30.816
30.816
30.847
30.816
30.816
30.785
30.754
30.724
30.724
30.693
30.693
30.693
30.724
30.724
30.754
30.785
30.816
30.816
30.785
30.785
30.816
30.785
30.754
30.754
30.785
30.785
30.816
30.816
30.816
30.847
30.878
30.847
30.816
30.816
30.816
30.816
30.847
30.816
30.785
30.816
30.847
30.877
30.877
30.877
30.877
30.847
30.847
30.877
30.877
30.908
30.877
30.846
30.877
30.908
30.939
30.97
31.001
30.97
30.939
30.908
30.908
30.599
30.905
30.905
30.905
30.874
33.962
33.995
34.029
34.029
34.063
34.098
34.098
34.098
34.098
34.098
