100
100
100
99.9
100
99.9
100
100
100
99.9
100
99.9
100
100
99.9
100
100
99.9
99.8
99.899
99.899
99.899
99.999
99.899
99.899
99.899
99.899
99.999
99.899
99.799
99.899
99.899
99.799
99.799
99.799
99.899
99.799
99.799
99.899
99.899
99.999
99.999
99.899
99.999
99.899
99.999
110
109.89
109.89
110
109.89
109.78
109.78
109.78
109.67
109.78
109.78
109.89
109.78
109.89
109.78
109.89
110
110
110
110
109.89
110
110.11
110
109.89
109.78
120.76
120.88
120.76
120.76
120.63
120.51
120.39
120.27
120.27
120.39
120.27
120.15
120.27
120.39
120.27
120.39
120.27
120.15
120.27
120.27
120.39
120.51
120.63
120.63
120.51
120.39
120.39
120.27
120.39
120.39
120.51
120.51
120.51
120.63
120.63
120.51
120.51
120.63
120.75
120.63
132.7
132.56
132.43
132.3
132.3
132.43
132.56
132.56
132.56
132.43
132.56
132.43
132.3
132.17
132.17
132.17
132.3
132.17
132.17
132.3
132.17
132.17
132.3
132.43
132.56
132.43
132.56
132.56
132.56
132.69
132.69
132.83
132.96
119.66
119.66
119.78
119.66
119.54
119.66
119.54
119.54
119.54
119.43
119.54
119.54
119.42
119.54
119.54
119.66
119.78
119.66
119.66
119.54
119.54
119.66
119.54
119.54
119.42
119.54
119.54
119.54
119.54
119.42
119.54
119.66
119.78
119.66
119.66
119.78
119.9
119.9
119.78
119.66
119.66
131.63
131.63
131.76
131.89
131.89
131.76
131.89
131.89
131.76
131.89
131.76
131.76
131.76
131.63
131.63
131.76
131.89
131.76
131.89
131.89
131.89
131.89
132.02
131.89
132.02
132.16
132.02
132.02
132.16
132.16
132.29
132.16
132.16
132.16
132.16
132.02
132.16
145.37
145.52
145.52
145.52
145.66
145.66
145.66
145.81
145.81
145.66
145.81
145.81
145.66
145.66
145.66
145.66
145.81
145.95
145.81
145.95
146.1
146.24
146.24
146.39
146.54
146.39
146.39
146.24
146.1
146.1
145.95
145.81
145.66
145.66
145.51
145.37
145.51
145.66
145.51
145.66
145.51
145.51
145.66
145.51
160.07
159.91
159.91
160.07
160.23
160.39
160.55
160.55
160.71
160.71
160.71
160.87
161.03
160.87
161.03
160.87
160.87
160.71
160.71
160.55
160.71
160.55
160.55
160.38
160.38
160.38
160.55
176.6
176.6
176.78
176.78
176.6
176.42
176.42
176.42
176.42
176.25
176.42
176.25
176.07
175.89
176.07
175.89
175.72
175.54
175.37
175.54
175.54
175.37
175.19
175.37
175.37
175.54
175.72
175.72
175.54
175.37
175.54
175.72
175.54
175.37
175.37
175.37
175.54
175.72
175.54
175.72
175.54
175.72
175.89
176.07
176.07
176.24
176.07
175.89
175.89
176.07
175.89
176.07
175.89
175.89
175.72
175.72
175.72
175.89
175.72
175.89
176.07
175.89
175.89
175.89
175.71
175.54
175.36
175.36
175.54
175.54
175.71
175.89
175.71
175.54
175.36
192.9
192.71
192.71
192.51
192.32
192.13
191.94
191.94
191.94
191.94
192.13
191.94
191.94
191.74
191.94
191.74
191.74
191.55
191.36
191.17
190.98
190.98
191.17
191.17
190.98
191.17
191.36
191.17
191.17
190.98
190.79
190.79
190.6
190.6
190.41
190.22
190.02
190.02
190.02
190.22
190.22
190.41
190.41
190.21
190.21
190.02
190.21
190.21
190.4
190.21
190.4
209.45
209.65
209.44
209.65
209.44
209.65
209.65
209.44
209.44
209.24
209.44
209.23
209.03
208.82
209.03
209.03
209.23
209.44
209.44
209.65
209.86
209.65
209.86
209.65
209.65
209.86
209.86
210.07
209.86
210.07
210.28
210.07
210.28
210.49
210.7
210.49
210.7
210.49
210.7
210.91
210.91
210.91
210.91
211.12
211.12
211.33
211.55
211.55
211.33
211.33
211.33
211.12
210.91
210.91
210.91
210.7
210.91
210.7
210.49
231.54
231.31
231.54
231.54
231.31
231.31
231.54
231.54
231.31
231.54
231.77
231.54
231.54
231.77
232
232
232
231.77
231.77
231.54
231.31
231.31
231.54
231.54
231.54
231.31
231.31
231.08
231.08
231.08
230.84
230.84
230.84
230.61
230.61
230.84
230.84
231.07
231.31
231.31
231.07
231.31
231.31
231.54
231.54
231.54
231.54
231.31
231.31
231.54
231.3
231.3
231.3
231.54
231.77
231.77
231.54
231.3
231.07
231.07
231.3
231.54
231.77
231.54
231.3
231.54
231.54
231.77
232
232
232.23
232
232.23
232.46
232.23
232
231.77
231.77
232
232
232.23
232.46
232.46
232.69
232.46
232.69
232.69
232.69
232.93
232.93
232.93
232.69
232.93
232.93
232.69
232.93
232.93
232.69
232.69
232.93
232.69
232.69
232.93
233.16
232.93
232.69
232.93
232.93
232.93
233.16
232.92
232.92
232.69
232.69
232.46
232.46
232.23
231.99
231.99
231.99
231.99
232.23
232.46
232.23
232.23
232.23
232.23
231.99
231.99
231.76
231.53
231.53
231.76
231.99
232.23
231.99
231.76
231.76
231.53
231.76
231.53
208.38
208.58
208.58
208.38
208.38
208.17
207.96
208.17
208.38
208.38
208.38
208.58
208.79
208.79
208.58
208.79
209
208.79
208.79
208.79
208.79
209
209
209.21
209.42
209.21
209.21
209.42
209.21
230.13
230.36
230.59
230.36
230.13
230.36
230.36
230.36
230.36
230.59
230.82
231.05
231.28
231.51
231.75
231.51
231.51
231.28
231.28
231.51
231.51
231.51
231.28
231.05
230.82
231.05
231.28
231.51
231.75
231.75
231.75
231.75
231.75
231.75
254.92
254.66
254.41
254.16
254.41
254.41
254.41
254.66
254.66
254.66
254.41
254.15
254.41
254.15
253.9
254.15
254.41
254.15
254.15
254.41
254.66
254.66
254.41
254.15
254.15
279.57
279.57
279.29
279.01
278.73
279.01
279.29
279.01
278.73
278.73
278.45
278.17
278.17
278.45
278.45
278.73
278.45
278.17
278.45
278.73
278.45
278.17
277.89
277.89
277.62
277.89
278.17
278.45
278.45
278.17
278.45
278.73
279.01
278.73
278.45
278.45
278.45
306.29
306.6
306.29
306.29
306.29
306.29
306.29
306.29
306.29
306.6
306.6
306.6
306.91
306.6
306.6
306.91
307.21
307.21
307.52
307.21
307.21
307.21
307.21
307.52
307.52
307.21
306.91
306.91
306.91
337.6
337.6
337.6
337.93
337.93
337.6
337.26
337.6
337.6
337.6
337.6
337.6
337.6
337.93
337.93
337.93
337.93
337.59
337.93
338.27
338.27
338.27
337.93
337.93
338.27
337.93
337.93
337.93
337.59
337.59
337.59
337.93
337.93
337.59
337.59
337.93
338.27
337.93
338.27
337.93
337.93
338.27
338.27
337.93
337.93
337.93
337.93
338.27
338.27
337.93
337.93
337.93
337.93
337.93
337.93
338.27
338.27
338.61
338.27
337.93
338.27
338.27
338.27
338.27
338.61
338.61
338.61
338.94
339.28
339.28
339.62
339.96
340.3
339.96
340.3
339.96
339.96
339.96
339.62
339.62
339.96
339.96
339.62
339.28
339.62
339.62
339.96
340.3
340.64
340.64
340.64
340.98
340.98
340.64
340.64
340.98
340.64
340.64
340.64
340.98
340.64
340.98
341.32
340.98
340.98
340.64
340.64
340.3
340.3
340.3
339.96
339.62
339.28
338.94
338.94
338.6
338.26
338.6
304.74
304.74
304.74
304.74
305.04
305.04
304.74
304.43
304.13
304.43
304.74
304.74
304.43
304.13
304.13
304.13
303.83
303.52
303.22
302.91
302.91
302.61
302.61
302.31
302.61
302.31
302.31
302.31
302.61
302.91
302.61
302.61
302.91
302.61
302.61
302.91
302.61
302.91
302.91
302.61
302.61
302.61
302.31
302.01
302.31
302.61
302.31
302.61
302.31
302.31
302.61
302.61
302.61
302.91
302.61
302.91
302.91
303.21
303.52
303.82
303.82
303.82
303.82
303.52
303.52
303.52
303.52
303.52
303.21
303.21
303.21
303.52
303.21
303.21
302.91
302.91
303.21
302.91
302.61
302.3
302.61
302.91
302.91
303.21
303.52
303.21
303.21
302.91
303.21
302.91
302.61
302.91
303.21
302.91
302.91
302.6
302.6
302.3
302.3
302.3
302.6
302.3
302.6
302.91
302.91
302.91
303.21
302.91
302.6
302.3
302.6
302.6
302.3
302
301.7
301.39
301.7
302
302.3
302.3
302.6
302.3
302.6
302.6
302.6
302.3
302
302.3
302.3
302.6
302.3
302.6
302.9
303.21
303.21
303.51
303.51
303.81
303.81
303.51
303.51
303.81
304.12
303.81
303.51
303.21
303.21
303.51
303.51
303.81
303.51
303.2
303.2
302.9
302.9
303.2
302.9
302.9
302.6
302.9
302.9
303.2
302.9
302.9
303.2
303.51
303.2
302.9
303.2
303.2
303.2
303.51
303.51
303.81
304.11
303.81
304.11
304.11
304.11
303.81
304.11
303.81
303.81
304.11
304.11
304.42
304.42
304.11
304.11
304.11
273.7
273.97
274.25
273.97
273.7
273.97
274.25
274.52
274.52
274.52
274.52
274.52
274.52
274.52
274.25
274.52
274.52
274.52
274.52
274.8
275.07
275.07
275.07
275.07
274.8
274.52
274.8
275.07
275.35
275.07
274.8
275.07
275.07
274.79
274.79
274.79
274.79
274.79
275.07
275.07
274.79
274.52
274.25
274.52
274.52
274.25
274.52
274.79
302.27
302.58
302.27
302.27
302.27
302.27
302.58
302.58
302.27
301.97
301.97
301.97
301.67
301.37
301.67
301.37
301.37
301.07
301.37
301.67
301.37
301.37
301.06
301.06
300.76
300.76
300.76
270.69
270.96
271.23
271.23
271.23
270.96
271.23
270.96
270.69
270.42
270.69
270.42
270.69
270.42
270.69
270.41
270.41
270.69
270.41
270.14
270.41
270.14
269.87
269.87
269.87
269.6
269.33
269.06
269.06
269.33
269.06
269.06
269.33
269.6
269.33
296.27
296.56
296.86
296.56
296.86
297.16
297.16
297.45
297.75
297.75
298.05
298.05
297.75
298.05
298.05
298.05
298.35
298.64
298.64
298.64
298.35
298.64
298.94
298.94
298.64
298.94
298.64
298.35
298.64
298.64
298.34
298.34
298.05
298.05
298.05
298.34
298.64
298.94
299.24
299.54
299.84
299.54
299.24
299.54
299.54
299.84
300.14
300.14
299.84
300.14
300.44
300.74
300.44
300.74
300.44
300.14
300.14
300.44
300.14
300.14
300.44
300.44
300.44
300.74
301.04
300.74
301.04
301.34
301.04
300.74
300.74
301.04
300.74
300.74
300.44
300.14
300.44
300.44
300.13
299.83
300.13
300.43
300.43
300.43
300.13
300.43
330.48
330.81
330.48
330.15
330.15
329.82
329.49
329.16
329.49
329.16
329.16
329.16
329.49
329.16
328.83
329.16
329.49
329.82
329.82
330.14
329.81
329.81
329.81
330.14
330.14
330.47
330.47
330.14
329.81
329.48
329.81
329.81
329.81
330.14
330.14
329.81
329.48
329.15
328.83
329.15
328.82
328.5
328.5
328.17
328.17
328.17
328.5
328.5
328.5
328.5
328.17
328.17
327.84
328.17
328.49
328.17
328.49
328.82
328.82
328.49
328.49
328.49
328.49
328.17
328.17
327.84
327.51
327.84
327.84
327.84
327.84
327.51
327.51
327.18
327.51
327.51
327.84
327.84
328.16
328.49
328.16
327.84
295.05
295.35
295.35
295.05
294.76
295.05
295.35
295.05
295.05
295.05
294.76
294.46
294.76
294.76
295.05
295.05
295.35
295.05
295.05
295.35
295.05
295.05
295.35
295.64
295.35
295.35
295.64
295.64
295.94
295.64
295.34
295.05
295.05
295.34
295.05
295.34
295.34
295.34
295.64
295.93
296.23
296.53
296.53
296.53
296.53
296.53
296.82
297.12
296.82
296.53
296.53
296.23
296.53
296.23
296.23
295.93
295.64
295.34
295.64
295.64
295.34
295.05
294.75
294.75
295.05
295.05
294.75
294.46
294.16
294.16
294.46
294.16
294.46
294.46
294.75
294.46
294.46
294.16
293.87
293.87
293.57
293.28
293.28
322.61
322.61
322.28
322.28
322.61
322.28
322.28
322.61
322.61
322.93
322.61
322.93
322.61
322.28
322.28
321.96
322.28
322.61
322.61
322.61
322.61
322.61
322.61
322.28
321.96
322.28
322.28
322.6
322.28
322.28
322.6
322.6
322.6
322.28
321.96
321.96
322.28
322.6
322.93
322.93
322.6
322.6
322.93
322.93
322.93
323.25
323.57
323.25
323.57
323.25
322.92
323.25
323.57
323.89
323.57
323.89
356.28
356.64
357
357.35
357.35
357.35
357.35
357.35
357
357
357
357
357.35
357
357.35
357.71
358.07
357.71
358.07
357.71
357.35
357.71
357.35
356.99
357.35
357.71
357.35
357.35
357.35
357.71
358.07
357.71
357.35
357.35
357.35
357.35
357.71
357.35
357.35
357.71
358.06
358.06
358.06
357.71
357.35
357.71
393.48
393.87
394.26
393.87
394.26
393.87
394.26
394.66
394.26
394.66
395.05
394.66
395.05
394.66
395.05
394.66
394.66
394.66
394.26
394.26
393.87
393.87
393.47
393.47
393.47
393.08
392.69
392.69
392.69
393.08
393.08
393.08
393.08
392.69
392.29
391.9
392.29
392.69
392.69
392.29
392.69
393.08
393.08
393.08
392.68
392.68
392.29
392.29
392.29
391.9
392.29
391.9
392.29
392.29
391.9
392.29
391.9
392.29
392.29
392.68
393.08
392.68
392.68
392.29
392.68
393.07
392.68
392.29
392.29
392.68
393.07
393.07
393.47
393.07
393.07
392.68
393.07
392.68
392.29
391.9
392.29
392.29
391.89
392.29
392.68
392.29
391.89
391.5
391.89
392.29
392.68
392.68
392.29
391.89
392.28
391.89
391.5
391.11
391.11
390.72
391.11
391.11
391.5
391.11
391.11
391.5
391.89
391.5
391.89
392.28
391.89
391.5
391.5
391.89
391.89
391.89
391.89
391.5
391.11
391.5
391.11
391.5
391.5
391.89
391.89
391.89
392.28
392.67
392.28
392.67
392.67
392.28
391.89
391.89
391.5
391.5
391.5
391.89
391.5
391.1
391.49
391.89
391.49
391.49
391.1
391.1
391.49
391.1
390.71
390.32
389.93
390.32
389.93
390.32
389.93
389.54
389.93
389.93
350.94
351.29
351.64
351.64
351.29
350.94
350.94
350.94
350.94
350.58
350.94
350.58
350.23
350.58
350.58
350.93
350.93
350.58
350.23
350.23
349.88
350.23
350.23
350.23
350.23
349.88
349.88
349.88
384.87
384.87
384.49
384.87
384.87
384.87
384.87
384.49
384.49
384.49
384.87
384.48
384.1
384.48
384.87
385.25
384.87
384.87
385.25
385.64
385.25
385.25
385.25
385.25
384.87
384.48
384.48
384.48
384.48
384.87
384.87
385.25
385.25
384.87
385.25
346.73
346.38
346.38
346.73
346.38
346.73
346.73
346.73
346.38
346.73
347.07
346.73
346.73
346.73
347.07
347.07
347.42
347.07
346.72
346.72
347.07
347.07
347.07
346.72
346.38
346.03
346.38
346.38
346.38
346.03
346.38
346.72
346.38
346.38
346.03
346.38
346.03
346.03
346.03
380.63
381.01
381.01
381.39
381.39
381.39
381.01
381.01
381.39
381.78
381.39
381.39
381.39
381.78
382.16
382.54
382.54
382.54
382.92
382.54
382.16
382.54
382.54
382.16
381.77
381.39
381.39
381.01
381.39
381.77
382.15
381.77
381.39
381.77
381.77
382.15
381.77
381.77
381.39
381.01
381.01
380.63
380.25
380.25
379.87
417.85
417.44
417.02
416.6
416.6
417.02
417.43
417.43
417.43
417.43
417.85
418.27
418.27
418.69
418.69
418.27
417.85
417.43
417.85
418.27
418.27
418.69
418.27
418.69
376.82
376.82
377.19
377.57
377.57
377.57
377.57
377.57
377.19
376.82
377.19
377.57
377.57
377.95
377.95
378.33
378.33
377.95
377.95
377.57
377.95
377.57
377.95
377.95
377.57
377.57
377.95
378.33
378.7
378.7
378.7
379.08
378.7
378.7
379.08
378.7
378.32
378.32
378.32
378.32
378.32
378.32
377.95
378.32
378.7
379.08
379.46
379.08
379.46
379.46
379.08
379.46
379.08
378.7
378.7
378.32
378.7
379.08
379.46
379.08
379.08
378.7
379.08
379.46
379.46
379.08
378.7
379.08
379.46
379.84
379.46
379.84
379.46
379.08
379.08
416.98
416.98
416.57
416.98
416.98
417.4
417.4
416.98
417.4
416.98
417.4
417.82
417.4
417.4
416.98
416.56
416.56
416.15
416.56
416.15
415.73
374.16
374.53
374.16
373.78
373.78
373.78
373.78
373.41
373.04
372.66
373.04
373.41
373.04
373.04
373.41
373.41
373.78
373.41
373.78
374.16
373.78
373.41
373.03
373.41
373.41
373.78
373.41
373.78
373.41
373.78
373.78
373.41
373.78
373.78
373.41
373.03
372.66
335.39
335.73
335.39
335.39
335.73
336.06
335.73
336.06
335.73
336.06
335.73
335.39
335.06
335.06
334.72
334.39
334.05
333.72
334.05
334.05
334.39
334.05
334.39
334.72
335.05
335.39
335.73
336.06
336.4
336.73
303.06
303.06
303.36
303.36
303.06
302.76
302.76
302.76
302.45
302.76
303.06
302.76
302.76
302.76
302.45
302.45
302.76
302.45
302.15
301.85
302.15
302.15
302.45
302.15
301.85
301.85
301.85
302.15
302.15
301.85
301.55
301.85
301.55
301.85
301.55
301.24
301.24
301.54
301.24
301.54
301.54
301.24
301.54
301.85
301.54
331.7
331.37
331.37
331.04
331.04
330.7
330.7
331.03
331.03
331.37
331.03
331.03
331.03
331.03
331.37
331.37
331.37
331.37
331.7
331.7
332.03
332.03
332.03
332.36
332.03
332.36
332.69
332.69
333.03
333.36
333.03
332.69
332.69
332.69
332.69
333.02
333.02
333.02
333.36
333.36
333.36
333.69
333.36
333.36
333.69
333.69
334.02
334.36
334.69
334.69
335.03
335.36
335.36
335.03
335.36
335.03
335.36
335.7
335.36
335.36
335.7
336.03
336.03
369.64
370.01
369.64
369.64
369.27
369.27
368.9
369.27
368.9
368.9
369.27
369.63
369.63
369.26
368.9
368.53
368.16
367.79
368.16
368.53
368.16
368.53
405.38
405.38
405.78
406.19
406.6
406.19
406.59
406.59
407
406.59
406.19
405.78
406.19
405.78
405.78
406.19
406.59
406.19
405.78
405.78
405.37
405.78
406.19
405.78
406.19
406.19
405.78
405.37
405.78
405.37
405.37
404.97
404.97
405.37
405.78
406.18
406.59
406.18
406.18
405.78
405.78
405.37
405.78
406.18
406.18
406.18
405.78
406.18
406.59
406.59
406.59
407
407.4
406.99
447.69
448.14
448.59
448.14
448.59
448.14
447.69
447.69
447.69
447.25
446.8
447.24
447.69
447.69
447.24
446.8
447.24
447.69
447.69
447.69
447.24
446.8
447.24
446.8
446.8
447.24
446.8
446.35
446.35
446.35
445.9
445.9
446.35
446.35
445.9
445.9
446.35
445.9
445.9
446.35
446.35
445.9
445.9
445.45
445.01
445.45
445.9
446.35
446.79
447.24
446.79
447.24
447.69
448.13
448.13
448.13
447.69
448.13
447.68
448.13
448.13
448.58
448.58
448.58
493.44
492.95
492.45
492.45
491.96
492.45
491.96
492.45
492.94
492.45
492.45
492.94
492.45
492.45
491.96
491.96
491.47
491.96
492.45
491.96
491.96
492.45
492.45
491.96
491.96
492.45
492.94
493.43
493.43
444.09
444.53
444.53
444.53
444.98
445.42
445.42
444.98
444.53
444.53
444.53
444.98
444.53
444.98
444.53
444.09
443.64
443.64
444.09
444.09
443.64
443.64
443.64
444.09
443.64
444.09
443.64
399.28
399.68
400.08
400.48
400.48
400.08
399.68
399.68
400.08
399.68
399.28
398.88
398.88
398.48
398.08
398.08
397.68
398.08
397.68
397.28
397.28
396.89
396.49
396.09
396.09
396.49
356.84
357.2
356.84
357.2
356.84
356.84
356.84
357.2
357.55
357.55
357.91
357.55
357.91
357.91
357.55
357.2
356.84
356.48
356.48
356.13
356.13
355.77
355.77
356.12
356.48
356.12
356.48
356.84
356.48
356.48
392.13
392.52
392.13
392.13
392.52
392.13
392.52
392.91
392.52
392.91
392.52
392.13
392.52
392.52
392.13
392.52
392.52
392.13
391.73
391.73
392.12
391.73
391.73
391.73
392.12
392.52
392.12
392.12
392.52
392.12
392.52
392.52
431.77
432.2
432.2
432.63
433.06
433.06
432.63
432.2
432.63
432.63
432.2
431.77
431.77
431.77
432.2
432.2
431.77
431.77
432.2
431.76
431.33
431.33
431.76
431.76
432.2
432.2
431.76
431.76
431.76
432.2
432.63
432.2
432.2
431.76
432.19
432.19
431.76
431.33
430.9
431.33
431.76
432.19
432.63
432.63
432.19
432.63
433.06
432.62
432.19
431.76
431.33
430.9
430.47
430.04
429.61
430.04
430.04
430.47
430.03
430.46
430.03
430.46
430.89
430.46
430.89
430.46
430.03
430.46
430.03
430.03
429.6
429.6
429.17
429.6
429.17
428.74
429.17
429.17
429.17
429.17
429.17
429.6
429.6
429.17
429.17
428.74
385.87
386.25
386.25
386.25
386.64
386.25
385.87
385.48
385.48
385.1
385.1
385.1
384.71
385.1
384.71
384.33
383.94
383.56
383.56
383.17
383.56
383.94
384.32
384.71
385.09
385.09
385.48
385.09
385.09
385.48
385.48
385.86
385.48
385.86
385.86
385.48
385.09
385.48
385.86
385.48
385.86
385.86
385.48
385.09
385.09
384.71
384.32
384.32
384.71
384.32
384.71
385.09
384.7
385.09
385.09
385.47
385.47
385.09
385.09
423.6
423.6
424.02
424.02
424.45
424.87
425.3
425.72
426.15
425.72
426.15
426.15
425.72
425.29
425.72
426.14
426.14
426.57
426.14
426.14
426.57
426.57
426.14
426.57
426.14
426.14
426.57
426.14
426.14
426.57
426.57
426.14
425.72
425.72
425.72
426.14
425.72
425.72
425.72
425.29
425.72
425.72
425.29
425.72
425.29
424.86
425.29
425.29
424.86
382.38
382.38
382.38
382.38
382
382.38
382.76
382.76
383.14
383.53
383.53
383.91
383.91
384.29
384.68
384.68
385.06
384.68
384.29
384.29
384.68
423.14
423.57
423.57
423.99
423.99
424.41
424.41
424.41
423.99
424.41
423.99
424.41
424.41
423.99
423.99
424.41
424.84
424.84
424.84
424.84
424.41
424.41
424.84
424.41
424.84
425.26
424.84
424.84
424.84
424.84
424.41
423.99
424.41
423.99
424.41
424.41
423.99
423.56
423.14
422.72
422.72
423.14
423.14
423.56
423.14
423.14
423.14
423.14
423.14
423.56
423.56
423.14
422.71
423.14
380.82
380.44
380.44
380.06
380.44
380.44
380.06
380.06
380.06
380.06
379.68
380.06
379.68
379.3
378.92
378.54
378.16
377.79
377.79
377.79
378.16
378.16
378.16
378.54
378.16
378.54
378.16
378.54
378.54
378.54
378.54
378.16
378.54
340.69
340.69
340.69
340.35
340.69
341.03
341.37
341.71
341.71
341.71
342.05
341.71
341.71
341.37
341.03
340.69
341.03
341.37
341.37
341.03
341.37
341.71
341.37
341.03
340.68
340.34
340.68
340.34
340.34
340
340
340.34
306.31
306.31
306
306.31
306
306
305.7
305.7
305.39
305.39
305.7
305.39
305.7
305.7
306
306.31
306
306
306.31
306
305.69
305.39
305.39
305.39
305.39
305.08
304.78
304.47
304.78
305.08
305.08
305.08
305.39
305.69
305.39
305.08
305.08
274.57
274.3
274.3
274.03
274.3
274.57
274.3
274.02
273.75
274.02
273.75
273.48
273.2
273.2
273.48
273.2
273.48
273.2
272.93
272.66
272.38
272.11
272.38
272.11
271.84
271.84
271.57
271.84
272.11
271.84
271.57
271.3
271.02
270.75
271.02
271.29
271.02
270.75
271.02
271.02
270.75
270.75
271.02
271.29
271.02
270.75
270.48
270.48
270.48
270.48
270.75
270.75
270.75
270.48
270.75
270.75
270.75
270.75
270.48
270.48
270.75
270.75
271.02
270.75
270.48
270.48
270.75
271.02
270.75
270.48
270.48
270.21
269.94
269.67
269.67
269.94
269.67
269.94
269.67
269.94
269.67
269.4
269.4
269.67
269.94
269.67
269.94
269.67
269.94
270.21
269.94
270.21
270.48
270.21
270.48
270.21
270.21
270.48
270.21
270.48
270.21
270.48
270.48
270.75
271.02
271.29
271.29
271.02
271.02
271.02
271.02
271.02
271.29
271.29
271.29
271.29
271.56
271.29
271.29
271.56
271.83
272.1
272.1
271.83
271.56
271.56
271.83
272.1
272.1
272.37
272.1
272.37
272.65
272.37
272.1
271.83
271.56
271.83
271.83
271.56
271.28
271.56
271.83
271.56
271.28
244.16
244.4
244.4
244.16
243.91
243.67
243.67
243.67
243.67
243.91
243.67
243.42
243.67
243.91
243.67
243.42
243.18
243.42
243.18
243.18
243.18
243.42
243.67
243.42
243.42
243.67
243.67
243.42
243.42
243.67
243.42
243.18
243.42
243.18
243.18
242.93
243.18
242.93
242.93
242.93
242.93
243.18
242.93
243.18
243.42
243.66
243.42
243.18
242.93
242.93
243.18
242.93
243.18
243.18
243.18
243.42
243.42
243.42
243.42
243.42
243.66
243.91
243.66
243.42
243.66
243.66
243.66
243.66
243.42
243.66
243.66
243.42
243.18
242.93
218.64
218.86
218.64
218.86
219.08
219.3
219.08
218.86
219.08
219.08
219.08
219.08
219.29
219.08
219.08
219.08
219.29
219.51
219.29
219.07
218.86
218.86
218.86
240.74
240.98
240.98
241.22
241.46
241.71
241.46
241.46
241.22
240.98
240.74
240.74
240.98
240.98
240.98
241.22
241.46
241.46
241.22
240.98
240.98
241.22
241.22
240.98
241.22
241.22
241.22
241.22
241.22
241.22
241.46
241.7
241.46
241.22
241.22
240.98
240.74
240.74
240.74
240.98
241.22
240.98
240.98
240.98
241.22
241.22
265.34
265.08
264.81
264.55
264.55
264.55
264.81
264.55
264.81
265.08
265.34
265.08
265.08
264.81
265.08
265.08
265.34
265.34
265.34
265.34
265.08
265.08
265.08
265.34
265.61
265.34
265.34
265.07
265.07
265.34
265.07
265.07
265.34
265.34
265.34
265.34
265.07
265.34
265.6
265.34
265.6
265.87
266.14
266.14
265.87
265.87
266.14
266.4
266.67
266.67
266.4
266.4
266.67
266.4
266.13
266.13
266.4
266.4
266.13
266.4
266.13
266.4
293.04
292.75
293.04
292.75
293.04
293.33
293.04
292.75
292.75
292.45
292.45
292.75
292.75
292.75
292.75
292.45
292.75
292.45
292.16
292.16
292.16
292.45
292.45
292.75
293.04
293.04
293.33
293.04
293.04
293.33
293.33
293.04
293.33
293.33
293.04
292.74
293.04
293.04
293.33
293.33
293.62
293.62
293.62
293.33
293.62
293.33
293.04
293.04
293.04
293.33
293.62
293.33
293.04
293.33
293.62
293.62
322.98
322.66
322.66
322.98
322.66
322.34
322.34
322.66
322.34
322.34
322.34
322.34
322.34
322.66
322.98
322.98
323.31
323.31
323.63
323.95
324.28
323.95
323.95
323.95
323.95
323.95
323.95
323.63
323.3
323.63
323.63
291.27
291.56
291.26
290.97
290.68
290.39
290.68
290.39
290.1
290.1
289.81
289.81
289.52
289.23
289.23
289.52
289.81
290.1
290.39
290.1
289.81
289.52
289.81
289.81
289.81
289.81
290.1
290.39
290.39
290.68
290.97
291.26
290.97
290.68
290.97
290.97
290.97
290.68
290.97
290.97
290.97
290.68
290.97
291.26
291.55
291.84
291.55
291.84
291.84
291.55
291.55
291.84
291.55
291.55
291.55
291.26
291.26
291.55
291.84
291.84
291.55
291.84
291.84
292.13
292.13
292.13
292.43
292.72
263.45
263.45
263.45
263.71
263.45
263.45
263.18
263.18
263.18
262.92
262.66
262.66
262.39
262.39
262.13
262.13
262.13
262.13
262.39
262.66
262.39
262.66
262.39
262.13
262.13
262.39
262.39
262.39
262.39
262.13
262.39
262.66
262.92
262.92
262.65
262.39
262.65
262.65
262.39
262.39
288.63
288.92
288.63
288.63
288.63
288.34
288.05
288.34
288.63
288.63
288.63
288.63
288.63
288.63
288.63
288.92
288.92
289.21
288.92
289.21
289.21
289.5
289.79
289.79
289.5
289.79
289.5
289.79
289.79
290.08
289.79
260.81
260.81
260.81
260.55
260.29
260.55
260.55
260.55
260.81
260.55
260.28
260.55
260.81
260.54
260.81
261.07
261.33
261.07
261.33
261.33
261.33
261.07
261.33
261.59
261.59
261.59
261.85
262.11
262.37
262.11
288.32
288.32
288.32
288.03
288.32
288.32
288.03
288.32
288.03
288.32
288.32
288.32
288.03
288.32
288.61
288.9
288.9
288.9
288.9
288.61
288.61
288.32
288.61
288.32
288.61
288.9
288.9
288.9
288.9
288.61
288.61
288.32
288.32
288.03
288.32
288.32
288.32
288.61
288.32
288.61
288.61
288.32
288.61
288.61
288.61
288.32
259.49
259.23
259.49
259.75
259.75
259.75
260.01
259.75
260.01
259.75
259.49
259.23
258.97
258.97
258.71
258.71
258.71
258.97
258.97
259.23
259.49
285.43
285.43
285.72
285.72
285.72
285.43
285.15
285.43
285.72
285.43
285.43
285.15
284.86
284.86
284.58
284.86
284.86
284.58
284.29
284.01
283.72
283.44
283.44
283.44
283.72
283.72
283.44
283.72
284.01
284.01
284.29
284.01
283.72
284.01
255.61
255.86
255.61
255.86
255.86
255.61
255.61
255.61
255.35
255.61
255.86
256.12
255.86
255.86
255.6
255.86
256.12
256.12
255.86
255.6
255.35
255.35
255.09
255.09
254.84
254.84
255.09
255.09
254.84
254.84
254.84
254.58
254.33
254.07
254.07
279.48
279.2
279.2
279.2
279.2
279.2
279.48
279.48
279.76
280.04
280.04
280.32
280.6
280.6
280.6
280.6
280.32
280.6
280.6
280.88
280.88
280.88
281.16
280.88
281.16
281.16
281.44
281.44
281.44
281.16
280.88
280.6
280.88
280.88
280.6
280.6
280.6
280.6
280.6
280.88
280.88
281.16
281.44
281.16
280.88
280.88
280.88
280.6
280.6
280.6
280.32
280.04
279.76
279.76
279.76
279.76
279.48
279.2
279.2
279.48
279.2
279.48
279.2
279.2
279.48
279.76
280.04
280.32
280.32
280.32
280.32
280.32
280.04
279.76
280.04
280.04
280.04
280.04
252.03
252.03
251.78
252.03
252.28
252.03
252.28
252.54
252.54
252.28
252.28
252.54
252.79
252.54
252.28
252.28
252.28
252.53
252.28
252.28
252.53
252.79
253.04
252.79
253.04
253.04
253.29
253.55
253.55
253.29
253.55
253.29
253.29
253.04
253.04
253.29
253.04
252.79
253.04
253.04
253.04
253.04
253.29
253.54
253.54
253.29
253.04
253.04
227.73
227.96
227.73
227.73
227.51
227.28
227.51
227.28
227.51
227.51
227.73
227.51
227.28
227.28
227.05
227.28
227.28
227.28
227.28
227.51
227.51
227.73
227.96
227.73
227.5
227.5
227.5
227.28
227.28
227.28
227.5
227.73
227.96
227.73
227.73
227.73
227.5
227.73
250.5
250.25
250.25
250
250.25
250.5
250.75
250.75
250.75
251.01
251.26
251.01
250.75
250.75
250.75
250.75
251
251.26
251.26
251.51
251.76
252.01
251.76
251.76
251.76
251.51
251.51
251.51
251.51
251.51
251.76
252.01
252.26
252.26
252.01
252.26
252.26
252.51
252.77
252.77
252.77
252.51
252.77
252.51
252.77
227.49
227.49
227.49
227.49
227.49
227.49
227.49
227.26
227.26
227.49
227.49
227.26
227.26
227.49
227.26
227.03
227.26
227.26
227.03
226.81
226.81
226.81
226.81
226.58
226.35
226.58
226.35
226.58
226.35
226.13
226.13
225.9
225.67
225.45
225.67
225.67
225.45
225.45
225.22
225
225
224.77
224.77
224.55
224.55
224.55
224.55
224.32
224.55
224.77
225
225
225
225.22
225.45
225.67
225.9
225.9
226.12
225.9
225.67
225.9
225.9
225.9
225.67
225.45
225.22
225.22
225
224.77
224.77
224.77
224.55
224.77
224.77
224.55
224.55
224.55
224.55
224.55
224.55
224.32
224.32
224.32
224.32
224.32
224.55
224.77
224.77
225
225.22
225.22
225.22
225.45
225.67
225.45
225.22
224.99
225.22
225.44
225.22
225.22
225.44
225.44
225.67
225.67
225.67
225.44
225.22
225.22
224.99
224.99
224.99
224.99
224.99
224.99
224.99
224.77
224.99
202.49
202.29
202.29
202.09
201.89
201.69
201.89
201.89
201.69
201.48
201.48
201.28
201.08
201.08
201.08
201.28
201.08
201.08
200.88
200.88
200.88
200.68
200.68
200.68
200.48
200.28
200.48
200.48
200.28
200.08
199.88
199.68
199.88
200.08
200.28
200.08
220.08
220.08
220.3
220.08
219.86
219.86
219.64
219.86
219.86
219.86
220.08
219.86
220.08
220.3
220.52
220.52
220.3
220.3
220.3
220.08
220.08
220.08
219.86
219.64
219.42
219.42
219.64
219.42
219.2
197.28
197.09
197.09
197.09
197.28
197.09
197.09
196.89
196.69
196.69
196.69
196.89
197.09
197.28
197.08
197.28
197.08
196.89
196.69
196.49
196.3
196.1
195.91
195.71
195.71
195.9
195.71
195.71
195.9
195.71
195.51
195.51
195.71
195.9
196.1
195.9
195.9
195.9
195.9
195.71
195.9
195.71
195.9
195.71
195.51
195.51
195.51
175.96
176.14
176.31
176.14
175.96
176.14
175.96
175.78
175.78
175.61
175.43
175.61
175.78
175.61
175.78
175.96
175.96
176.14
175.96
175.78
175.78
175.61
175.78
175.96
175.96
176.14
176.31
176.13
176.13
175.96
176.13
175.96
175.96
176.13
176.13
176.31
176.31
176.13
175.96
175.96
175.96
175.78
175.61
175.43
175.61
175.43
175.61
175.43
175.26
175.43
175.61
175.43
175.43
175.43
175.61
175.78
175.96
176.13
176.13
176.31
176.31
176.49
176.66
176.49
176.49
176.66
176.49
176.49
176.49
176.49
176.31
176.13
176.13
176.13
176.13
176.31
176.31
176.13
176.31
176.48
176.66
176.84
159.15
159.31
159.47
159.63
159.63
159.47
159.63
159.79
159.95
159.95
159.79
159.79
159.63
159.47
159.63
159.79
159.63
159.47
159.31
159.47
159.63
159.79
159.79
159.79
159.79
159.63
159.47
159.63
159.47
159.31
159.31
159.15
159.31
159.31
159.15
158.99
158.83
158.67
158.52
158.36
158.36
158.52
158.67
158.83
158.67
158.83
158.83
158.67
158.83
158.83
158.67
158.52
158.36
158.2
158.36
174.19
174.37
174.37
174.54
174.72
174.72
174.72
174.89
174.72
174.89
174.89
174.72
174.72
174.54
174.72
174.54
174.37
174.54
174.37
174.54
174.37
174.19
174.19
174.37
174.37
174.19
174.19
174.02
174.19
174.02
156.61
156.61
156.46
156.61
156.46
156.46
156.46
156.3
156.15
156.3
156.46
156.46
156.3
156.15
156.3
156.14
156.14
156.14
156.3
156.14
156.14
155.99
155.83
155.68
155.68
155.83
155.68
155.52
155.37
155.37
155.52
155.37
155.52
155.37
155.37
155.37
155.21
155.36
155.21
155.21
155.21
155.05
154.9
154.74
154.74
154.59
154.44
154.28
154.28
154.13
154.13
154.13
153.97
154.13
154.28
154.28
154.43
154.59
154.43
154.43
154.43
154.59
154.59
154.74
170.22
170.39
170.22
170.22
170.22
170.39
170.39
170.56
170.39
170.22
170.22
170.05
169.88
169.88
169.71
169.54
169.71
169.88
170.05
169.88
169.88
169.71
169.88
170.05
170.05
170.22
170.05
170.05
170.22
170.39
170.22
170.22
170.05
169.88
169.71
169.71
169.54
169.71
169.54
169.71
169.54
169.37
169.54
152.58
152.58
152.73
152.58
152.73
152.89
152.73
152.58
152.73
152.58
152.73
152.58
152.73
152.58
152.73
152.73
152.89
152.73
152.58
152.43
152.28
152.43
152.43
152.58
152.43
152.58
152.73
152.73
152.73
152.58
152.73
137.46
137.6
137.46
137.32
137.18
137.05
137.05
137.05
137.18
137.32
137.46
137.32
137.46
137.46
137.6
137.73
137.87
138.01
138.01
137.87
137.73
137.6
137.73
137.73
137.6
137.46
137.6
137.6
137.6
137.73
137.73
137.87
137.87
138.01
138.01
124.21
124.21
124.08
123.96
124.08
124.08
124.08
123.96
123.84
123.96
123.96
124.08
124.08
124.08
124.08
124.08
124.08
124.21
124.21
124.21
124.21
124.21
124.21
124.21
124.33
124.46
124.46
124.58
124.7
124.83
124.95
125.08
124.95
124.83
112.35
112.35
112.46
112.57
112.46
112.35
112.35
112.35
112.23
112.12
112.23
112.23
112.12
112.12
112.01
111.9
111.9
111.79
111.67
111.56
111.67
111.67
111.67
111.56
111.45
111.34
111.34
111.34
111.45
111.56
111.67
111.56
111.56
111.67
111.56
111.67
111.56
111.45
111.56
111.45
111.56
111.67
111.78
111.9
111.9
111.78
111.9
100.71
100.71
100.81
100.81
100.71
100.61
100.51
100.4
100.3
100.4
100.5
100.4
100.3
100.2
100.2
100.3
100.3
100.3
100.2
100.1
100.1
100
100.1
100
100
100.1
100.1
100.1
100.1
100.1
100.2
100.2
100.3
100.2
100.3
100.3
100.3
100.4
100.3
100.3
100.2
100.1
100.2
100.1
100.1
100.2
100.3
100.3
100.4
100.3
100.2
100.1
100.2
100.3
100.2
100.3
100.3
100.3
100.4
100.3
100.4
100.5
100.4
100.5
100.5
100.5
100.5
100.6
100.7
100.6
100.6
100.6
100.7
100.6
100.6
100.6
100.6
100.5
100.5
100.6
100.6
100.5
100.6
110.66
110.66
110.66
110.55
110.55
110.66
110.77
110.77
110.88
111
111
111
110.88
110.88
110.88
110.88
110.77
110.77
110.88
110.88
110.88
111
111
111.11
111.22
111.22
111.33
111.44
111.55
111.44
111.33
111.22
111.33
111.44
111.33
111.33
111.22
111.11
111.11
111.11
111.22
111.11
110.99
110.99
110.88
110.77
110.66
110.77
110.77
110.77
110.77
110.88
110.99
110.99
111.11
111.11
111.11
111.22
111.11
110.99
110.99
110.88
110.99
110.99
110.88
99.795
99.894
99.795
99.795
99.795
99.894
99.994
99.894
99.894
99.994
100.09
99.994
99.894
99.994
99.894
99.894
99.894
99.894
99.994
99.894
99.894
99.894
99.894
99.894
99.894
99.994
99.894
99.794
99.794
99.894
99.894
99.994
100.09
110.1
109.99
110.1
109.99
109.99
109.88
109.77
109.66
109.77
109.66
109.66
109.77
109.66
109.55
109.44
109.55
109.66
109.55
109.55
109.55
109.55
109.66
109.66
109.55
109.66
109.55
109.55
109.55
109.44
109.44
109.55
109.44
109.44
109.44
109.33
109.22
109.12
109.12
109.22
109.33
109.22
109.33
109.44
109.55
109.44
109.33
109.44
109.33
109.33
109.33
109.22
109.11
109.01
109.11
98.203
98.105
98.203
98.301
98.203
98.301
98.399
98.498
98.498
98.399
98.301
98.202
98.202
98.202
98.104
98.006
98.104
98.104
98.202
98.3
98.3
98.3
98.202
98.3
98.399
98.399
98.399
98.3
98.202
98.3
98.202
98.104
98.104
98.202
98.202
98.103
98.103
98.005
97.907
88.117
88.028
88.028
87.94
87.853
87.853
87.94
87.94
87.94
88.028
88.028
88.028
88.116
88.204
88.116
88.116
88.204
88.293
88.381
88.292
88.204
88.116
88.116
88.204
88.292
88.292
88.292
88.381
88.469
88.381
88.381
88.292
88.204
88.116
88.028
88.116
88.204
88.204
88.292
88.38
88.38
88.469
88.557
88.646
88.646
88.734
88.734
88.734
88.734
88.734
88.734
88.734
88.645
88.557
88.557
88.645
88.734
88.734
88.823
88.912
88.823
88.734
88.645
88.556
88.556
88.468
97.315
97.412
97.315
97.217
97.315
97.412
97.314
97.412
97.509
97.607
97.704
97.607
97.704
97.802
97.802
97.704
97.704
97.606
97.606
97.509
97.606
97.704
97.802
97.802
97.704
97.704
97.606
97.704
97.606
97.606
97.606
97.606
97.508
97.411
97.508
97.606
97.606
97.703
97.801
97.899
97.899
97.899
97.801
97.703
107.47
107.58
107.69
107.8
107.69
107.69
107.69
107.58
107.47
107.37
107.47
107.37
107.37
107.37
107.47
107.47
107.47
107.47
107.37
107.26
107.26
107.26
107.26
107.37
107.47
107.37
107.47
107.37
107.37
107.47
107.47
107.58
107.69
107.8
107.8
107.69
107.69
107.69
107.69
107.58
107.58
107.58
107.69
107.8
107.69
107.69
107.69
107.79
107.79
107.79
107.69
107.69
107.79
107.79
107.69
107.69
107.58
107.69
107.79
107.79
107.9
108.01
107.9
108.01
107.9
108.01
108.01
108.01
108.01
108.01
107.9
107.9
107.9
108.01
107.9
107.9
107.79
107.9
107.79
97.015
97.112
97.015
97.015
97.015
97.015
97.015
97.015
96.917
96.821
96.917
96.917
97.014
97.111
97.014
96.917
97.014
97.014
97.111
97.014
106.72
106.72
106.61
106.72
106.61
106.5
106.5
106.4
106.5
106.5
106.61
106.5
106.4
106.5
106.4
106.5
106.5
106.4
106.29
106.39
106.39
106.29
106.39
106.29
106.18
106.18
106.08
106.08
106.18
106.18
116.8
116.92
117.03
117.03
117.15
117.27
117.39
117.39
117.39
117.5
117.62
117.74
117.74
117.74
117.62
117.74
117.86
117.86
117.97
118.09
118.09
118.09
118.09
118.21
118.21
118.21
118.33
118.45
118.33
118.33
118.45
118.33
118.33
118.33
118.33
118.33
118.45
118.45
118.56
118.56
118.45
118.45
118.56
118.68
118.68
118.56
118.45
118.56
118.68
118.68
118.56
118.56
118.45
118.45
118.33
118.45
118.56
118.56
118.44
118.33
118.44
118.56
118.44
118.56
118.68
118.56
118.56
118.68
118.68
118.8
118.92
118.8
118.68
118.56
106.71
106.71
106.81
106.71
106.71
106.6
106.71
106.81
106.92
106.81
106.71
106.81
106.81
106.81
106.71
106.71
106.71
106.81
106.71
106.71
106.71
106.71
106.6
106.71
106.6
106.6
106.6
106.6
106.71
106.71
106.6
106.49
106.49
106.49
106.49
106.49
106.49
106.6
106.6
117.26
117.14
117.02
116.91
117.02
117.02
117.02
117.14
117.14
117.26
117.38
117.49
117.38
117.49
117.61
117.61
117.49
117.61
117.73
117.61
117.49
117.49
117.61
117.73
117.85
117.96
117.85
117.73
117.85
117.73
117.84
117.73
117.61
117.61
117.49
117.61
117.61
117.61
117.73
117.61
117.61
117.61
117.73
117.61
117.73
117.61
117.61
117.49
117.37
117.26
117.37
117.37
117.37
117.37
117.37
117.26
117.26
117.37
117.49
117.61
117.49
117.49
117.37
117.26
117.37
117.37
117.37
117.49
117.61
117.73
117.84
117.73
117.73
117.84
117.73
117.73
117.84
117.96
117.96
118.08
118.08
117.96
118.08
117.96
117.84
117.72
117.61
117.61
105.85
105.74
105.85
105.74
105.85
105.85
105.85
105.95
105.85
105.74
105.85
105.85
105.85
105.85
105.74
105.85
105.74
105.63
105.74
105.85
105.74
105.63
105.53
105.63
105.74
105.85
105.85
105.95
105.85
105.85
105.74
105.85
105.85
105.95
106.06
106.16
106.06
105.95
95.356
95.356
95.451
95.451
95.356
95.451
95.451
95.356
95.26
95.355
95.451
95.451
95.546
95.546
95.451
95.546
95.642
95.737
95.642
95.642
95.642
95.642
95.737
95.737
95.833
95.737
95.641
95.737
95.641
95.546
95.546
95.641
95.737
95.833
95.737
95.641
95.545
95.641
95.545
95.45
95.545
95.45
95.354
95.45
95.45
95.354
95.259
95.164
95.259
95.354
95.449
95.449
95.545
95.449
95.449
95.449
95.354
95.258
95.354
95.258
95.163
95.163
95.163
95.258
95.163
95.163
95.258
95.258
95.353
95.449
95.353
104.89
104.89
104.99
104.99
104.99
104.99
104.99
104.99
104.89
104.89
104.78
104.78
104.89
104.99
104.89
104.78
104.78
104.78
104.68
104.78
104.89
104.89
104.78
104.68
104.78
104.68
104.68
104.68
104.68
104.68
104.68
104.78
104.78
104.68
104.68
104.57
104.68
104.68
104.78
104.78
104.68
104.78
104.78
104.78
104.89
104.89
104.89
104.89
104.99
104.99
94.493
94.588
94.682
94.777
94.682
94.777
94.682
94.682
94.777
94.871
94.777
94.871
94.966
94.871
94.776
94.682
94.776
94.682
94.587
94.492
94.587
94.492
94.398
94.398
94.492
94.398
94.492
94.492
94.492
94.492
94.492
94.586
94.492
94.586
94.492
94.492
94.586
94.492
85.043
85.043
85.043
85.043
84.957
84.957
85.042
85.127
85.042
85.042
85.127
85.127
85.127
85.213
85.127
85.212
85.298
85.212
85.127
85.212
85.127
85.042
85.042
84.957
84.872
84.787
84.872
84.957
85.042
84.957
84.872
84.957
84.872
84.787
84.872
84.872
84.956
84.871
84.871
84.871
84.871
84.956
85.041
84.956
85.041
85.126
85.211
85.297
85.297
85.297
85.297
85.297
85.211
85.126
85.041
85.041
84.956
84.956
84.956
84.871
84.871
84.871
84.786
84.701
84.617
84.701
84.616
84.616
84.532
84.532
84.616
84.616
84.701
84.616
84.532
76.079
76.155
76.078
76.155
76.231
76.231
76.231
76.231
76.307
76.383
76.307
76.307
76.383
76.383
76.46
76.46
76.46
76.46
76.536
76.459
76.459
76.383
76.459
76.536
76.459
76.536
76.459
76.459
76.459
76.459
76.536
76.612
76.536
76.459
76.459
76.459
76.536
76.612
76.612
76.535
76.535
76.535
76.459
76.382
76.306
76.306
76.306
76.382
76.382
68.744
68.675
68.607
68.538
68.607
68.538
68.538
68.607
68.538
68.607
68.538
68.469
68.469
68.401
68.401
68.401
68.333
68.264
68.332
68.401
68.401
68.401
68.401
68.332
68.401
68.469
75.316
75.241
75.316
75.241
75.165
75.165
75.165
75.165
75.09
75.015
75.015
75.015
75.015
74.94
75.015
75.015
75.09
75.09
75.165
75.09
75.015
74.94
74.865
74.79
74.715
74.79
74.715
74.79
74.865
74.94
75.015
67.513
67.446
67.446
67.378
67.378
67.311
67.378
67.378
67.311
67.311
67.311
67.311
67.378
67.445
67.513
67.445
67.445
67.378
67.31
67.31
67.378
67.378
67.378
67.378
67.378
67.445
67.513
67.58
67.513
67.445
67.512
67.445
67.445
67.512
67.512
67.445
67.445
67.512
67.445
67.377
67.31
67.243
67.243
67.175
67.175
67.243
67.31
67.377
74.115
74.041
74.115
74.189
74.263
74.337
74.263
74.189
74.263
74.337
74.263
74.337
74.337
74.263
74.337
74.263
74.263
74.337
74.263
74.188
74.188
74.114
74.188
74.188
74.114
81.526
81.607
81.607
81.525
81.607
81.525
81.444
81.525
81.525
81.444
81.444
81.444
81.525
81.525
81.525
81.525
81.444
81.362
81.362
81.444
81.444
81.444
81.444
81.444
81.444
81.444
81.444
81.525
81.444
81.444
81.525
81.607
81.525
81.443
81.525
81.443
81.443
81.362
81.443
81.443
81.525
81.443
81.443
81.443
81.362
81.28
81.362
81.443
81.443
81.362
81.362
81.362
81.28
81.361
81.28
81.28
81.28
81.28
73.152
73.225
73.298
73.372
73.445
73.372
73.372
73.445
73.445
73.372
73.372
73.372
73.298
73.225
73.298
73.371
73.371
73.298
73.371
73.371
73.371
73.371
73.445
73.371
73.371
73.298
73.298
73.298
73.225
73.151
73.151
73.078
73.078
73.005
73.005
72.932
73.005
73.005
72.932
72.932
73.005
72.932
72.932
73.005
73.005
73.005
73.078
73.078
73.005
73.078
73.005
73.005
72.932
73.005
73.078
73.005
72.932
72.932
73.005
72.932
73.005
72.932
72.859
72.859
72.859
72.786
72.786
72.859
72.931
73.004
72.931
73.004
73.077
73.15
73.223
73.223
73.297
73.297
73.297
73.37
73.297
73.223
73.15
73.15
73.15
73.223
73.296
73.223
73.15
73.077
73.15
73.077
73.077
73.15
73.15
73.077
73.077
73.004
73.077
73.077
73.077
73.077
73.077
73.077
73.077
73.004
72.931
72.931
72.931
72.931
73.003
73.076
73.15
73.223
73.223
73.223
73.296
73.296
73.223
73.223
73.223
73.223
73.223
73.296
73.296
73.296
73.296
73.223
73.223
73.223
73.223
73.223
73.223
73.296
73.296
73.369
73.369
73.369
73.296
65.966
65.9
65.9
65.9
65.966
66.032
66.098
66.098
66.164
66.164
66.164
66.164
66.164
66.23
66.297
66.23
66.23
66.164
66.164
66.098
59.488
59.548
59.607
59.547
59.547
59.488
59.488
59.428
59.488
59.428
59.428
59.488
59.428
59.488
59.428
59.428
59.369
59.309
59.309
59.25
59.309
59.369
59.309
59.369
59.428
59.369
59.428
59.428
59.369
59.309
59.309
59.25
59.191
65.11
65.045
65.045
65.11
65.045
64.979
65.044
65.109
65.044
65.109
65.175
65.109
65.044
64.979
64.914
64.914
64.979
65.044
65.044
65.109
65.174
58.657
58.598
58.657
58.715
58.715
58.774
58.833
58.774
58.833
58.774
58.833
58.892
58.951
59.009
59.068
59.128
59.187
59.187
59.187
59.246
59.305
59.305
59.246
59.246
59.187
59.187
59.246
59.187
59.187
59.127
59.186
59.127
59.127
59.068
59.068
59.127
59.127
59.186
53.268
53.268
53.321
53.321
53.321
53.268
53.268
53.214
53.214
53.268
53.214
53.268
53.268
53.268
53.268
53.268
53.214
53.161
53.214
53.214
53.161
53.214
53.267
53.267
53.267
53.321
53.267
53.267
53.267
53.321
53.374
53.321
53.321
53.321
53.267
53.214
53.267
53.32
53.32
53.267
53.267
53.267
53.214
53.267
53.267
53.32
53.267
53.214
53.214
53.161
58.477
58.418
58.36
58.301
58.36
58.36
58.301
58.243
58.301
58.301
58.243
58.243
58.243
58.301
58.243
58.301
58.359
58.301
58.243
58.243
58.184
58.243
58.184
58.126
58.126
58.126
58.126
58.184
58.126
58.126
58.184
58.126
58.068
58.01
58.01
58.068
58.068
58.01
57.952
58.01
58.068
58.068
58.126
58.126
58.068
58.01
57.952
58.01
57.952
57.952
58.01
57.952
57.894
57.836
57.778
57.72
57.72
57.662
57.605
57.605
57.662
57.72
57.662
57.662
57.72
57.72
57.72
57.778
57.72
57.778
57.778
57.72
57.72
57.778
57.72
57.662
57.604
57.547
57.547
57.489
57.547
57.489
57.432
57.432
57.489
57.489
57.432
57.432
57.432
57.432
57.432
57.374
57.432
57.374
57.374
57.317
57.317
57.374
57.317
57.374
57.431
57.489
51.74
51.688
51.74
51.688
51.636
51.688
51.688
51.636
51.636
51.585
51.585
51.585
51.585
51.585
51.533
51.482
51.482
51.482
51.482
51.482
51.482
51.482
51.482
51.43
51.43
51.482
51.482
51.482
51.482
51.482
51.482
51.43
51.43
51.379
51.327
51.327
51.379
51.379
51.327
51.379
51.379
51.43
51.43
51.379
51.327
51.276
51.327
51.378
51.327
51.378
51.327
51.327
51.276
51.327
51.327
51.327
51.327
51.378
51.327
51.327
51.327
51.378
51.378
51.327
51.378
51.378
51.327
51.275
51.327
51.378
51.378
51.429
46.287
46.333
46.286
46.333
46.379
46.333
46.333
46.286
46.286
46.333
46.379
46.425
46.472
46.518
46.472
46.518
46.565
46.611
46.658
46.611
46.658
46.611
46.611
46.658
46.704
46.751
46.704
46.751
46.704
46.658
46.611
46.658
46.658
46.658
46.704
46.704
46.751
46.751
46.704
46.704
42.034
41.992
41.95
41.992
42.034
42.034
42.076
42.118
42.076
42.034
41.992
41.992
41.95
41.908
41.95
41.908
41.908
41.908
41.95
41.908
41.908
41.95
41.908
41.949
41.991
41.991
42.033
46.237
46.191
46.144
46.144
46.098
46.052
46.052
46.006
46.006
45.96
45.96
46.006
46.006
46.006
46.006
46.052
46.052
46.006
46.052
46.006
46.052
46.052
46.098
46.052
46.006
50.606
50.556
50.556
50.505
50.455
50.404
50.354
50.354
50.404
50.404
50.455
50.404
50.404
50.455
50.455
50.455
50.404
50.404
50.354
50.404
50.404
50.454
50.404
50.404
50.354
50.303
50.354
50.404
50.454
50.454
50.505
50.555
50.555
50.606
50.606
50.606
50.606
50.606
50.555
50.606
50.656
50.656
50.606
55.666
55.722
55.778
55.778
55.833
55.889
55.945
56.001
56.057
56.057
56.113
56.113
56.057
56.001
56.001
56.057
56.001
56.057
56.001
55.945
55.889
55.945
55.945
55.889
55.945
55.889
55.833
55.777
55.721
55.777
55.777
50.199
50.199
50.149
50.099
50.099
50.149
50.099
50.049
50.099
50.099
50.099
50.149
50.199
50.199
50.149
50.099
50.049
50.099
50.099
50.149
50.199
50.249
50.299
50.249
50.299
50.299
50.249
50.299
50.299
50.299
50.35
50.4
50.4
50.35
50.4
50.4
50.35
50.299
50.35
50.35
50.35
50.299
50.249
55.274
55.218
55.274
55.329
55.274
55.329
55.384
55.329
55.274
55.218
55.273
55.218
55.218
55.163
55.163
55.163
55.163
55.163
55.163
55.163
55.108
55.108
55.108
55.108
55.053
54.998
54.943
54.888
54.888
49.399
49.448
49.498
49.448
49.498
49.448
49.399
49.399
49.349
49.349
49.3
49.251
49.3
49.3
49.251
49.3
49.3
49.349
49.399
49.399
49.448
49.497
49.547
49.547
49.497
49.497
49.547
49.497
49.547
49.596
49.547
49.497
49.448
49.448
49.497
49.547
49.547
49.596
49.646
49.695
49.695
49.646
49.596
49.646
49.646
49.596
49.646
49.646
49.596
49.546
49.497
49.447
49.398
49.447
49.398
49.398
44.458
44.503
44.458
44.503
44.503
44.458
44.502
44.547
44.502
44.458
44.413
44.458
44.502
44.458
44.458
44.458
44.502
44.458
44.413
44.369
44.413
44.369
44.325
44.28
44.236
44.28
44.324
44.28
44.324
44.28
44.324
44.324
44.28
44.236
44.28
44.324
44.28
44.324
44.369
44.413
44.457
44.413
44.413
44.413
44.457
44.502
40.052
40.092
40.052
40.092
40.051
40.051
40.051
40.051
40.011
40.051
40.091
40.091
40.132
40.091
40.091
40.091
40.132
40.172
40.212
40.252
40.292
40.252
40.292
40.333
40.333
40.373
40.373
40.333
40.333
40.333
40.292
40.332
40.292
40.292
40.252
40.292
40.332
40.292
40.292
40.292
36.263
36.299
36.299
36.263
36.299
36.299
36.299
36.299
36.335
36.335
36.299
36.299
36.299
36.299
36.299
36.299
36.263
36.299
36.335
36.299
36.299
36.263
36.226
36.263
36.263
36.226
36.19
36.154
36.19
36.226
36.263
36.226
36.19
36.154
36.19
36.154
36.118
36.118
36.154
36.19
36.19
36.154
36.19
36.19
36.19
36.19
36.154
36.118
36.081
36.118
36.118
36.154
36.19
36.226
36.226
36.262
36.226
36.226
36.226
36.226
36.226
36.226
36.19
36.154
36.154
36.19
36.226
36.19
36.153
36.117
36.081
36.081
36.045
36.045
36.081
36.117
36.153
36.189
36.153
36.189
36.226
36.226
36.226
36.226
36.262
36.262
36.226
36.226
36.226
36.189
36.153
36.153
36.117
36.081
36.117
36.153
36.189
36.189
36.225
36.225
36.225
36.262
36.298
36.298
36.262
36.225
36.262
36.225
36.189
36.225
36.225
36.189
36.153
36.189
36.225
36.189
36.153
36.117
36.117
36.081
36.117
36.153
36.117
36.117
36.117
36.117
36.153
36.117
36.117
36.153
36.189
36.189
36.225
36.189
36.153
36.153
36.189
36.225
36.261
36.261
36.225
36.261
39.887
39.887
39.847
39.847
39.808
39.847
39.847
39.887
39.887
39.887
39.887
39.887
39.927
39.967
39.927
39.967
39.927
39.927
39.927
39.967
40.007
40.047
40.087
40.087
40.127
40.087
40.127
40.087
40.087
40.047
40.007
39.967
39.927
39.887
39.887
39.887
39.847
39.807
39.847
39.887
39.847
39.847
39.847
39.807
39.807
39.807
39.847
39.847
39.807
39.807
39.767
39.727
39.727
39.688
39.648
39.608
39.648
39.688
39.648
39.688
39.727
39.688
39.648
39.648
39.608
39.648
39.648
39.648
39.608
39.648
39.608
39.648
39.687
35.719
35.719
35.719
35.683
35.683
35.683
35.647
35.647
35.612
35.647
35.683
35.683
35.719
35.754
35.79
35.826
35.862
35.826
35.862
35.862
39.448
39.487
39.448
39.408
39.408
39.408
39.448
39.408
39.369
39.369
39.329
39.329
39.369
39.369
39.369
39.369
39.369
39.408
39.408
39.408
39.408
39.369
39.369
39.369
39.329
39.329
39.369
39.369
39.329
39.29
39.329
39.369
43.305
43.349
43.305
43.262
43.262
43.262
43.262
43.262
43.219
43.176
43.176
43.176
43.176
43.132
43.132
43.089
43.089
43.089
43.046
43.089
43.046
43.003
43.003
43.046
38.742
38.703
38.741
38.703
38.741
38.703
38.741
38.703
38.703
38.664
38.703
38.741
38.78
38.819
38.78
38.741
38.78
38.819
38.78
38.819
34.937
34.937
34.902
34.937
34.902
34.937
34.902
34.867
34.902
34.867
34.832
34.867
34.867
34.867
34.902
34.867
34.867
34.902
34.902
34.902
34.902
34.937
38.43
38.43
38.43
38.469
38.507
38.469
38.469
38.507
38.546
38.507
38.469
38.43
38.43
38.43
38.469
38.43
38.43
38.43
38.43
38.392
38.43
38.43
38.392
38.353
38.353
38.353
38.315
38.353
38.353
38.315
38.315
38.353
38.392
38.43
38.391
38.391
38.353
38.353
38.391
38.353
38.353
38.391
38.353
38.353
38.391
38.391
38.43
38.43
38.391
38.43
38.468
38.43
42.273
42.273
42.23
42.273
42.315
42.357
42.357
42.315
42.357
42.399
42.399
42.399
42.399
42.442
42.399
42.357
42.357
42.357
42.399
42.442
42.442
42.399
42.442
42.442
42.442
42.442
42.484
42.484
42.527
42.569
42.569
42.527
42.569
42.569
38.312
38.274
38.274
38.236
38.236
38.274
38.312
38.274
38.312
38.274
38.236
38.274
38.236
38.274
38.235
38.235
38.274
38.235
38.197
38.159
38.121
38.083
38.045
38.007
38.045
38.083
38.121
38.121
38.159
38.159
38.197
38.159
38.121
41.933
41.891
41.891
41.933
41.891
41.933
41.975
41.975
41.975
42.017
41.975
42.017
41.974
41.974
42.016
41.974
42.016
42.058
42.1
42.058
37.853
37.89
37.89
37.89
37.928
37.966
37.928
37.928
37.928
37.89
37.852
37.815
37.815
37.815
37.777
37.739
37.777
37.815
37.815
37.777
37.739
37.739
37.777
37.814
37.852
37.852
37.852
37.852
37.814
37.852
37.89
37.852
37.814
37.777
37.739
37.776
37.814
37.776
37.776
37.776
37.739
37.776
37.776
37.739
37.739
37.739
37.701
37.739
37.776
37.814
37.852
37.814
37.776
37.814
37.814
37.814
37.776
37.738
37.701
37.663
37.663
37.625
37.663
37.625
37.663
37.663
37.625
37.625
37.625
37.663
37.663
37.663
37.625
37.625
37.625
37.663
37.625
37.663
37.663
37.7
37.663
37.663
37.663
37.7
37.738
37.738
37.776
37.776
37.738
37.7
37.7
37.738
37.776
37.814
37.814
37.814
37.814
34.032
34.032
34.066
34.032
33.998
33.964
33.964
33.93
33.964
33.964
33.93
33.93
33.93
33.93
33.896
33.93
33.93
33.896
33.93
33.896
33.862
33.828
33.828
33.828
33.795
33.761
33.761
33.761
33.727
33.761
33.761
33.794
33.761
33.727
33.693
33.727
33.693
33.659
33.659
33.693
33.727
33.761
33.727
33.693
33.693
33.659
33.626
33.592
33.592
33.592
33.559
33.592
33.592
33.558
33.525
33.491
33.491
33.458
33.424
33.458
33.458
33.491
33.458
33.458
33.491
33.458
33.458
33.458
33.458
33.424
33.458
33.424
33.391
33.391
33.357
33.357
33.391
33.391
33.424
33.424
33.458
33.424
33.424
33.391
33.357
33.324
33.291
33.257
33.257
33.291
33.324
33.324
33.324
36.656
36.693
36.693
36.656
36.656
36.693
36.693
36.693
36.693
36.693
36.656
36.62
36.62
36.62
36.656
36.62
36.583
36.62
36.583
36.583
36.583
36.62
36.62
36.656
36.619
36.583
36.619
36.583
36.546
36.51
36.51
36.473
36.51
36.51
36.473
36.437
36.473
36.473
36.473
36.473
36.473
36.437
36.473
36.437
36.473
36.437
36.4
36.364
36.327
36.327
36.327
36.291
36.255
36.219
36.255
36.255
36.291
36.291
36.327
36.364
36.327
36.291
36.255
36.291
36.255
36.255
36.218
36.255
36.291
36.291
36.291
36.327
36.363
36.4
36.363
36.363
36.363
36.4
36.4
36.436
40.08
40.08
40.12
40.12
40.12
40.08
40.08
40.04
40
40.04
40.08
40.12
40.08
40.08
40.12
40.08
40.039
39.999
39.959
39.999
39.959
39.999
40.039
40.079
40.119
40.16
40.2
40.24
40.28
40.28
40.24
40.2
40.159
40.119
40.079
40.039
39.999
39.959
39.999
39.999
39.999
39.959
39.919
39.879
39.919
39.879
39.919
39.959
39.999
39.999
40.039
39.999
39.999
40.039
40.079
40.119
40.079
40.079
40.039
39.999
39.999
39.999
39.999
39.959
39.959
39.959
39.919
39.919
39.919
39.919
39.919
39.919
39.919
39.879
39.919
39.919
39.879
39.879
39.839
39.799
39.799
39.799
39.759
39.799
39.759
39.759
39.719
39.759
39.759
39.719
39.719
39.719
39.719
39.68
39.64
39.68
39.64
39.68
39.64
39.6
39.64
39.64
39.64
39.6
39.561
39.6
39.561
39.561
39.6
39.561
39.521
39.561
39.561
39.521
43.473
43.43
43.473
43.473
43.473
43.43
43.386
43.386
43.386
43.386
43.386
43.386
43.43
43.386
43.43
43.473
43.429
43.429
43.386
43.429
43.429
39.086
39.047
39.047
39.047
39.047
39.008
39.047
39.047
39.086
39.125
39.125
39.165
39.125
39.086
39.047
39.086
39.086
39.047
39.047
39.086
39.086
39.125
39.164
39.125
39.086
39.086
39.086
39.125
39.086
39.125
39.125
39.086
39.086
39.125
39.125
35.213
35.248
35.213
35.177
35.213
35.213
35.248
35.248
35.283
35.248
35.283
35.283
35.248
35.248
35.283
35.248
35.212
35.177
35.142
35.177
35.177
35.212
35.212
35.212
35.212
35.212
35.212
35.248
35.212
35.177
35.177
35.142
35.107
35.107
35.072
35.072
38.579
38.579
38.617
38.617
38.579
38.617
38.617
38.656
38.617
38.656
38.695
38.695
38.656
38.656
38.695
38.656
38.656
38.656
38.617
38.656
38.656
34.79
34.79
34.825
34.79
34.79
34.755
34.755
34.755
34.755
34.721
34.686
34.686
34.686
34.686
34.721
34.755
34.79
34.79
34.825
34.825
34.86
34.825
34.825
34.79
34.825
34.825
34.825
34.79
34.79
34.825
34.825
34.825
34.79
34.825
34.86
34.894
34.86
34.86
34.825
34.79
31.311
31.342
31.342
31.374
31.405
31.436
31.405
31.373
31.342
31.311
31.279
31.279
31.311
31.342
31.342
31.373
31.342
31.373
31.405
31.373
31.373
31.342
31.311
31.279
31.311
31.342
28.208
28.236
28.236
28.208
28.236
28.236
28.208
28.208
28.179
28.208
28.208
28.179
28.179
28.208
28.236
28.236
28.236
28.208
28.208
28.179
28.151
28.179
28.208
28.179
28.151
28.123
28.123
28.095
28.067
28.039
28.067
28.095
28.123
28.123
28.095
28.123
28.123
30.935
30.935
30.904
30.935
30.966
30.997
30.997
30.966
30.935
30.966
30.935
30.966
30.935
30.904
30.904
30.873
30.904
30.904
30.904
30.904
30.904
33.994
34.028
33.994
33.994
34.028
33.994
33.96
33.994
33.96
33.926
33.892
33.892
33.859
33.825
33.825
33.825
33.791
33.791
33.825
33.858
33.892
30.503
30.503
30.503
30.503
30.503
30.503
30.534
30.564
30.534
30.503
30.473
30.503
30.534
30.564
30.533
30.503
30.503
30.472
30.503
30.533
30.533
30.564
30.595
30.595
30.564
30.533
30.533
30.533
30.503
30.533
30.503
30.472
30.503
30.533
30.503
30.503
33.553
33.553
33.519
33.519
33.519
33.519
33.553
33.553
33.519
33.486
33.519
33.553
33.553
33.519
33.553
33.553
33.553
33.586
33.586
33.586
33.553
33.553
33.586
33.62
33.62
33.654
33.62
33.654
33.654
33.62
33.654
33.654
33.687
33.721
33.755
33.755
33.788
33.788
33.755
33.755
33.755
33.788
33.755
33.788
33.822
33.856
37.242
37.204
37.167
37.204
37.204
37.167
37.204
37.204
37.204
37.204
37.204
37.241
37.204
37.204
37.241
37.204
37.241
37.279
37.279
37.241
37.241
37.241
37.279
37.241
37.241
37.278
37.278
37.278
37.278
37.278
37.278
37.316
41.047
41.047
41.047
41.047
41.047
41.006
41.047
41.006
41.047
41.006
41.047
41.006
41.047
41.006
40.965
41.006
41.047
41.047
41.088
41.047
41.006
41.006
41.006
40.965
40.965
40.965
40.965
40.965
40.965
40.924
40.924
40.924
40.924
40.965
40.965
40.965
40.924
40.883
40.883
40.842
40.842
40.842
40.801
40.842
40.883
40.924
40.883
40.842
40.883
40.924
40.924
40.924
40.924
40.965
40.924
40.924
40.965
41.006
41.047
41.006
41.006
41.047
41.047
45.151
45.196
45.151
45.106
45.106
45.151
45.151
45.196
45.151
45.151
45.151
45.151
45.196
45.151
45.196
45.196
45.151
45.151
45.151
45.196
45.196
45.196
45.241
45.196
45.196
45.151
45.151
45.106
45.151
45.196
45.196
45.151
45.196
45.241
40.717
40.758
40.758
40.799
40.799
40.758
40.758
40.758
40.717
40.758
40.758
40.758
40.717
40.676
40.676
40.717
40.676
40.717
40.717
40.717
40.758
40.798
40.798
40.798
40.798
40.758
40.758
40.758
40.717
40.676
40.717
40.676
40.635
40.595
40.595
40.595
40.595
40.554
40.554
40.595
40.554
40.554
40.595
40.554
40.595
40.635
40.635
40.595
40.635
40.595
40.635
40.594
40.635
40.594
40.635
40.594
40.635
40.594
40.635
40.676
40.635
40.676
40.676
40.635
40.594
40.594
40.594
40.594
40.635
40.635
40.675
40.675
40.635
40.675
40.635
40.635
40.594
40.635
40.675
40.675
40.716
40.716
40.675
40.635
40.675
36.608
36.644
36.644
36.644
36.608
36.644
36.608
36.571
36.608
36.571
36.608
36.644
36.644
36.608
36.644
36.608
36.608
36.608
36.644
36.681
36.681
36.717
36.717
36.754
36.754
36.754
36.754
36.754
36.791
36.828
36.828
36.791
36.828
36.865
36.901
36.901
40.592
40.632
40.632
40.632
40.673
40.632
40.673
40.673
40.673
40.632
40.591
40.632
40.591
40.551
40.591
40.632
40.591
40.551
40.591
40.551
40.51
40.51
40.551
40.591
40.551
40.551
40.51
40.51
40.51
40.469
40.469
40.429
40.469
40.51
40.55
40.51
40.469
40.429
40.429
40.429
40.469
40.429
40.469
44.516
44.561
44.605
44.561
44.516
44.472
44.427
44.427
44.383
44.383
44.427
44.427
44.427
44.427
44.427
44.427
44.472
44.472
44.472
44.472
44.427
44.383
44.383
44.427
44.471
44.427
44.427
44.427
44.471
44.427
44.382
44.382
44.338
44.338
44.338
44.382
44.338
44.294
44.294
44.338
44.338
44.338
44.382
44.427
44.427
44.471
44.427
44.427
44.382
44.427
44.427
44.471
44.516
44.56
44.605
44.649
44.694
44.694
44.739
44.783
44.783
44.783
44.828
44.873
44.828
44.783
44.738
49.212
49.212
49.261
49.311
49.311
49.311
49.261
49.311
49.261
49.261
49.311
49.36
49.409
49.36
49.311
49.311
49.36
49.311
49.311
49.36
49.409
44.468
44.424
44.379
44.424
44.468
44.468
44.468
44.513
44.468
44.424
44.424
44.468
44.513
44.513
44.468
44.424
44.468
44.468
44.424
44.468
44.468
44.468
44.512
44.512
44.468
44.468
44.468
44.423
44.379
44.379
44.335
44.379
44.335
44.29
44.335
44.379
44.423
44.379
44.379
44.379
44.379
44.423
44.468
44.468
44.423
44.423
44.379
44.379
44.379
44.423
44.468
44.423
44.468
44.512
44.512
44.556
44.556
44.512
44.467
44.423
44.423
44.467
44.467
44.512
44.556
44.556
44.556
44.512
44.512
44.512
44.512
44.512
44.512
44.556
44.512
44.556
44.601
44.556
44.556
44.556
44.512
44.556
44.512
44.556
44.556
44.556
44.601
44.556
44.512
44.467
44.467
44.467
44.467
44.467
44.467
44.423
44.423
44.423
44.467
40.02
39.98
39.98
39.98
39.98
39.98
39.94
39.9
39.86
39.86
39.821
39.781
39.741
39.781
39.741
39.781
39.82
39.82
39.781
39.741
39.781
39.82
39.781
39.781
39.741
39.781
39.82
39.86
39.86
39.9
39.94
39.94
39.9
39.9
39.94
39.9
39.94
39.9
39.94
39.94
39.94
39.9
39.94
39.94
39.94
39.98
39.94
39.98
39.98
39.98
39.98
40.02
40.06
40.1
40.1
40.06
40.02
40.06
40.1
44.11
44.11
44.154
44.11
44.11
44.065
44.021
44.021
43.977
43.933
43.933
43.977
43.977
44.021
43.977
43.977
43.933
43.933
43.889
43.889
43.845
43.802
39.421
39.421
39.461
39.461
39.5
39.461
39.5
39.54
39.54
39.5
39.461
39.421
39.421
39.421
39.421
39.421
39.421
39.382
39.342
39.382
39.382
39.421
39.421
39.382
39.382
39.342
39.342
39.342
39.303
39.342
39.342
39.342
39.303
39.303
39.303
39.264
39.303
39.264
39.224
39.264
39.224
39.264
39.224
39.264
39.224
39.224
39.185
39.224
39.185
39.224
39.224
39.263
39.303
39.342
39.381
39.421
39.421
39.381
39.421
39.381
43.319
43.363
43.319
43.276
43.276
43.233
43.276
43.276
43.319
43.319
43.363
43.319
43.319
43.363
43.363
43.363
43.363
43.363
43.319
43.276
43.276
43.233
38.909
38.87
38.87
38.909
38.948
38.987
38.948
38.909
38.948
38.987
39.026
39.065
39.026
39.026
38.987
38.987
38.948
38.948
38.987
39.026
39.065
39.104
39.143
39.104
39.143
39.104
39.143
39.104
39.065
39.026
38.987
38.987
38.948
38.909
38.909
38.909
38.87
38.909
38.87
38.831
38.831
38.87
38.831
38.792
38.792
38.753
38.792
38.792
38.753
38.792
38.831
38.831
38.87
38.908
38.947
38.947
38.986
38.986
38.947
38.947
38.986
38.986
35.088
35.088
35.088
35.088
35.088
35.088
35.053
35.018
34.983
35.017
35.053
35.017
35.052
35.088
35.052
35.017
35.052
35.017
35.052
35.017
35.017
35.017
35.052
35.052
35.087
35.087
35.052
35.017
35.052
35.052
35.017
34.982
34.982
34.982
35.017
35.017
35.052
35.052
35.017
35.052
35.052
35.087
35.122
35.087
35.087
35.052
35.087
35.052
35.087
35.087
35.087
35.052
35.052
35.087
35.052
35.017
34.982
34.947
34.912
34.912
34.912
34.912
34.877
34.877
34.877
34.877
34.842
34.842
34.877
34.912
34.947
34.912
34.912
34.877
34.842
34.807
34.772
34.772
34.807
34.772
34.772
34.807
34.842
34.807
34.842
34.877
34.842
34.877
34.842
34.842
34.807
34.842
34.877
34.912
34.946
34.912
34.912
34.877
34.877
34.912
34.877
34.877
34.911
34.911
34.946
34.981
35.016
34.981
34.946
34.981
34.981
35.016
38.518
38.518
38.479
38.441
38.479
38.518
38.479
38.479
38.441
38.479
38.479
38.441
38.441
38.402
38.402
38.364
38.364
38.364
38.364
38.326
38.326
38.326
38.326
38.364
34.527
34.562
34.562
34.597
34.631
34.631
34.597
34.597
34.562
34.562
34.527
34.562
34.527
34.493
34.458
34.458
34.493
34.493
34.458
34.424
34.458
34.424
34.389
34.389
34.355
34.389
34.424
34.389
34.355
34.321
34.355
34.389
34.389
34.389
34.389
34.424
34.389
34.389
34.424
34.424
34.424
34.389
34.424
34.458
34.424
34.389
34.355
34.355
34.355
34.32
34.286
34.286
34.252
34.217
34.183
34.217
34.252
34.252
34.217
34.183
34.183
34.183
34.183
34.217
34.183
34.149
34.115
34.115
34.115
34.115
34.149
34.183
34.149
34.183
34.183
34.183
34.217
34.183
34.217
37.639
37.639
37.639
37.639
37.639
37.639
37.677
37.677
37.714
37.752
37.752
37.79
37.828
37.828
37.828
37.865
37.865
37.865
37.827
37.79
37.752
37.79
37.827
37.827
34.045
34.011
34.011
34.045
34.079
34.079
34.079
34.079
34.113
34.113
34.079
34.079
34.045
34.045
34.045
34.045
34.079
34.113
34.147
34.147
34.181
34.215
34.249
34.215
34.215
34.215
34.249
34.284
34.249
34.249
34.215
34.215
34.215
34.181
34.181
34.181
34.147
34.112
34.112
34.078
34.112
34.078
34.044
34.01
34.01
34.01
34.01
34.044
34.078
34.078
34.112
34.112
34.078
34.078
30.67
30.64
30.67
30.67
30.64
30.64
30.67
30.701
30.701
30.67
30.701
30.701
30.732
30.762
30.762
30.762
30.762
30.732
30.762
30.732
30.762
30.732
30.762
30.732
30.762
30.762
30.762
30.762
30.762
30.762
30.793
30.762
30.793
30.762
30.762
30.793
30.762
30.793
30.762
30.793
30.824
30.793
30.824
30.793
30.793
30.762
30.731
30.701
30.701
30.701
30.731
30.762
30.793
30.762
30.793
30.793
30.793
30.762
30.731
30.731
30.762
30.731
30.7
30.731
30.731
27.658
27.686
27.686
27.686
27.658
27.686
27.686
27.713
27.686
27.686
27.658
27.658
27.658
27.686
27.713
27.686
27.713
27.713
27.686
27.658
27.63
27.603
27.575
27.547
27.52
27.547
27.575
27.575
27.547
27.52
27.492
27.492
27.52
27.52
27.547
27.547
27.575
27.602
27.575
27.602
27.602
27.575
27.547
27.547
30.302
30.302
30.332
30.363
30.332
30.363
30.393
30.423
30.423
30.423
30.454
30.484
30.454
30.484
30.484
30.454
30.454
30.454
30.454
30.454
30.454
30.423
30.393
30.362
30.393
30.362
30.332
30.332
30.332
30.362
30.362
30.332
30.302
30.271
30.302
30.302
30.332
30.362
30.393
30.423
30.423
30.393
30.362
30.393
30.393
30.362
30.392
30.362
30.332
30.301
30.271
30.301
30.271
30.241
30.271
30.271
30.271
30.241
30.271
30.271
30.271
30.271
30.301
30.301
30.332
30.362
30.332
30.332
30.332
30.362
30.362
30.392
30.362
30.392
30.392
30.392
30.362
30.392
30.423
30.423
30.423
30.392
30.392
30.423
30.392
30.392
30.362
30.362
30.362
30.362
30.331
30.362
30.392
30.392
30.392
30.392
30.362
30.331
30.331
33.364
33.364
33.398
33.364
33.331
33.331
33.364
33.331
33.298
33.264
33.298
33.331
33.331
33.364
33.331
33.331
33.364
33.331
33.364
33.364
33.398
33.431
33.464
33.464
33.498
33.531
33.565
33.531
33.531
33.498
33.498
33.531
33.531
33.531
33.565
33.598
30.239
30.269
30.299
30.269
30.299
30.329
30.299
30.299
30.299
30.299
30.299
30.269
30.299
30.329
30.299
30.269
30.238
30.208
30.178
30.148
30.178
30.178
30.178
30.178
30.208
30.178
30.178
30.148
30.178
30.208
30.178
30.148
30.117
30.117
30.117
30.117
27.106
27.133
27.16
27.133
27.106
27.079
27.079
27.106
27.079
27.051
27.079
27.106
27.133
27.106
27.133
27.133
27.133
27.133
27.133
27.133
27.133
27.106
27.078
27.106
27.133
27.16
27.16
27.16
27.16
27.187
27.187
27.187
27.187
27.187
27.16
27.16
27.16
27.16
27.187
27.16
27.133
27.16
27.16
24.444
24.468
24.444
24.468
24.493
24.517
24.493
24.517
24.493
24.517
24.517
24.517
24.493
24.493
24.468
24.492
24.468
24.492
24.517
24.492
24.468
24.492
24.517
24.492
24.468
24.443
24.443
24.443
24.443
24.419
24.419
24.395
24.37
24.37
24.346
24.37
24.37
24.395
24.419
24.394
24.419
24.443
24.443
24.443
24.443
24.443
24.468
24.443
24.419
24.394
24.37
24.37
24.37
24.346
24.37
24.37
24.394
24.419
24.443
24.443
24.468
24.492
24.492
24.517
24.517
24.541
24.517
24.541
24.517
24.541
24.517
24.541
24.516
24.492
24.467
26.914
26.914
26.941
26.914
26.941
26.968
26.995
26.995
26.995
27.022
26.995
26.968
26.941
26.968
26.941
26.941
26.941
26.914
26.914
26.887
24.198
24.223
24.247
24.247
24.223
24.223
24.223
24.223
24.198
24.174
24.174
24.174
24.174
24.198
24.174
24.198
24.174
24.198
24.198
24.223
24.223
24.223
24.223
24.198
24.222
24.222
24.222
24.198
24.198
24.198
24.222
24.198
24.222
24.247
24.222
24.222
24.198
24.222
24.222
24.247
24.222
24.247
24.247
24.247
24.247
24.247
24.222
24.222
26.645
26.671
26.671
26.671
26.671
26.671
26.698
26.725
26.751
26.725
26.698
26.725
26.698
26.671
26.698
26.724
26.751
26.751
26.751
26.778
26.751
26.724
26.724
26.751
26.724
26.724
26.698
26.671
26.671
26.644
26.644
26.618
26.618
26.618
26.644
26.671
26.671
26.644
26.644
26.644
26.618
26.591
26.564
26.591
26.564
26.564
26.564
26.538
26.511
26.511
29.162
29.192
29.162
29.162
29.162
29.162
29.162
29.192
29.192
29.192
29.162
29.192
29.162
29.162
29.162
29.162
29.133
29.133
29.162
29.162
29.133
29.133
29.162
29.162
29.162
29.162
29.133
29.162
29.191
29.162
29.133
29.162
29.191
29.221
29.25
29.279
29.279
29.279
29.279
29.279
29.25
29.279
29.25
29.279
29.25
29.279
29.308
29.308
29.308
29.279
29.279
29.25
29.25
29.279
29.308
29.337
29.367
29.367
29.396
29.396
29.426
29.396
29.426
29.426
29.396
29.425
29.396
29.425
29.455
29.455
29.425
29.455
29.484
29.455
29.425
26.483
26.509
26.509
26.536
26.536
26.509
26.483
26.483
26.483
26.509
26.509
26.536
26.509
26.509
26.536
26.562
26.589
26.615
26.589
26.562
26.562
26.589
26.589
29.248
29.248
29.218
29.218
29.248
29.277
29.306
29.277
29.248
29.218
29.218
29.248
29.248
29.218
29.189
29.218
29.247
29.247
29.277
29.277
29.277
29.306
29.306
29.306
29.335
29.335
29.335
29.335
29.365
29.335
29.306
29.335
29.365
29.365
29.365
29.394
29.423
29.453
29.482
29.512
29.512
29.482
29.453
29.453
29.423
29.423
29.394
29.423
29.394
29.423
29.453
29.453
29.423
29.394
29.423
29.453
29.482
29.512
29.512
29.512
29.541
29.541
29.571
29.541
29.571
29.6
29.57
29.57
29.6
29.57
29.57
29.6
29.6
29.57
29.541
29.541
29.57
29.57
29.541
29.541
29.511
32.462
32.43
32.462
32.495
32.527
32.527
32.527
32.495
32.462
32.495
32.527
32.56
32.527
32.527
32.56
32.592
32.56
32.592
32.625
32.592
32.592
32.625
32.657
32.69
32.723
32.69
32.69
32.723
32.756
32.756
32.723
32.69
32.69
32.723
32.723
32.69
32.657
32.625
32.657
32.657
32.69
32.723
32.723
32.723
32.755
32.788
32.788
32.788
32.788
32.821
32.821
32.854
32.854
32.887
36.175
36.211
36.248
36.248
36.211
36.175
36.139
36.139
36.139
36.175
36.139
36.103
36.067
36.067
36.031
35.995
35.995
36.031
36.067
36.031
36.067
36.067
36.031
36.067
36.103
36.067
36.067
36.103
36.067
36.103
39.713
39.753
39.792
39.792
39.753
39.753
39.792
39.752
39.792
39.832
39.872
39.912
39.912
39.912
39.872
39.832
39.872
39.872
39.832
39.792
39.832
39.792
39.832
39.872
39.872
39.912
39.912
39.912
39.951
39.951
39.951
39.991
39.991
39.991
39.951
39.911
39.911
39.872
39.872
39.832
39.792
39.792
39.832
39.792
39.832
39.792
39.832
39.792
39.752
39.752
35.777
35.777
35.777
35.812
35.777
35.812
35.848
35.848
35.884
35.92
35.884
35.884
35.884
35.92
35.92
35.884
35.92
35.92
35.884
35.92
35.956
35.956
35.956
35.92
35.92
35.956
35.992
36.028
35.992
35.956
35.992
35.956
35.92
35.884
35.92
35.92
35.884
35.848
35.812
35.812
35.848
35.848
35.812
35.776
35.812
35.848
35.884
35.884
35.919
35.884
35.884
35.919
35.919
35.955
35.919
35.919
35.884
35.919
35.955
35.955
35.955
35.991
35.991
35.991
35.955
35.991
35.991
35.955
35.955
39.551
39.59
39.59
39.59
39.59
39.59
39.63
39.59
39.59
39.551
39.511
39.472
39.511
39.472
39.511
39.472
39.432
39.472
39.432
39.393
39.353
39.314
39.314
39.314
39.275
39.314
39.274
39.274
35.347
35.347
35.312
35.347
35.347
35.312
35.347
35.382
35.382
35.418
35.418
35.453
35.418
35.453
35.418
35.418
35.418
35.418
35.453
35.489
35.489
35.489
35.453
35.418
35.382
35.418
35.418
35.453
35.453
35.488
35.488
35.488
35.453
35.488
35.488
35.524
31.971
31.939
31.939
31.971
31.939
31.971
32.003
32.035
32.067
32.067
32.035
32.003
32.035
32.003
32.003
32.035
32.003
31.971
31.971
31.939
31.939
31.971
31.971
32.003
32.003
31.971
32.003
35.203
35.203
35.203
35.239
35.274
35.239
35.203
35.203
35.203
35.239
35.239
35.274
35.309
35.309
35.309
35.309
35.344
35.309
35.274
35.238
35.238
35.274
35.238
35.203
35.168
35.203
35.203
35.203
35.203
35.168
35.203
35.203
35.203
35.168
35.133
35.098
35.098
35.098
35.098
38.607
38.646
38.685
38.685
38.685
38.723
38.685
38.723
38.685
38.685
38.723
38.762
38.801
38.762
38.762
38.801
38.762
38.801
38.762
38.762
38.801
38.801
38.801
38.801
38.839
38.878
38.917
38.956
38.995
38.956
38.917
38.917
38.878
38.839
38.839
38.839
38.839
38.878
38.917
38.878
38.878
34.99
34.955
34.99
34.99
34.99
34.955
34.99
34.99
35.025
35.06
35.025
35.025
35.06
35.095
35.06
35.025
35.025
35.025
34.99
34.99
34.99
35.025
34.99
35.025
35.025
35.06
35.095
35.13
35.165
35.13
35.165
35.165
35.165
35.2
35.165
35.13
35.165
35.165
35.165
35.165
35.2
31.68
31.649
31.649
31.617
31.617
31.617
31.585
31.617
31.617
31.585
31.617
31.649
31.649
31.617
31.617
31.617
31.617
31.649
31.68
31.649
31.649
31.617
31.585
31.617
31.585
31.617
31.648
31.648
31.68
31.712
31.712
31.68
31.68
31.648
31.68
31.648
31.648
31.648
31.617
31.648
31.617
31.617
31.585
31.553
31.522
31.553
31.553
31.553
31.585
31.585
31.585
31.553
31.522
31.553
31.522
31.522
31.49
31.49
31.522
31.553
31.585
31.553
31.585
31.616
31.585
31.553
31.522
31.49
31.459
31.459
28.313
28.313
28.284
28.284
28.256
28.256
28.256
28.256
28.256
28.228
28.256
28.256
28.284
28.284
28.284
28.256
28.228
28.228
28.228
28.256
28.256
28.256
31.082
31.082
31.051
31.082
31.082
31.113
31.082
31.113
31.113
31.113
31.082
31.051
31.051
31.051
31.082
31.05
31.05
31.082
31.113
31.113
31.082
31.082
31.082
31.082
31.05
31.081
31.05
31.081
31.081
31.05
31.019
31.019
30.988
30.957
30.988
30.957
30.926
30.957
30.926
30.895
30.926
30.895
30.926
30.957
30.926
30.926
30.957
30.926
30.926
30.957
30.926
30.926
30.895
30.864
30.833
30.833
30.803
30.803
30.803
30.833
30.833
30.864
30.895
30.926
30.926
30.895
30.895
30.926
30.895
30.864
30.864
30.895
30.895
30.926
30.926
30.926
30.957
30.988
30.957
30.926
30.926
30.926
30.926
30.957
30.926
30.895
30.926
30.957
30.988
30.988
30.988
30.988
30.957
30.957
30.988
30.988
31.019
30.988
30.957
30.988
31.019
31.05
31.081
31.112
31.081
31.05
31.018
31.049
31.018
31.049
31.018
30.987
30.956
34.052
34.086
34.12
34.12
34.154
34.188
34.188
34.188
34.188
34.188
