100
100.1
100.2
100.2
100.1
100.1
100.2
100.1
100.2
100.1
100.1
100.1
99.099
99.099
109.01
109.01
109.12
109.23
109.23
109.34
109.45
109.45
109.34
109.34
109.45
109.45
109.45
110.54
110.54
99.486
99.386
99.486
99.486
99.486
99.585
99.685
99.585
99.485
99.386
99.286
99.286
99.286
99.286
98.294
98.294
108.12
108.01
108.01
107.91
108.01
108.12
108.01
108.12
108.01
108.12
108.12
108.01
107.91
107.91
107.91
108.99
108.99
98.087
97.989
97.891
97.989
98.087
97.989
97.989
97.989
97.891
97.891
97.891
97.989
98.087
98.185
98.185
98.283
98.381
98.283
98.381
98.283
98.184
98.283
98.283
98.184
98.282
98.282
98.184
98.184
98.086
98.184
98.282
98.38
98.282
98.282
98.282
98.184
98.184
98.184
98.086
98.086
97.988
97.988
98.086
98.086
97.987
97.889
97.889
97.792
97.792
97.694
97.596
97.596
97.499
97.401
97.304
97.304
97.304
96.331
96.331
105.96
106.07
106.07
106.18
106.07
106.18
106.18
106.18
106.07
106.18
106.28
106.28
106.18
106.07
106.07
105.96
105.96
106.07
106.18
106.07
106.07
105.96
105.86
105.86
105.96
106.07
106.17
106.28
106.28
106.17
106.28
106.28
106.39
106.28
106.17
106.07
106.17
106.17
106.17
106.28
106.28
106.39
106.39
106.39
105.32
105.32
115.86
115.74
115.62
115.74
115.86
115.74
115.74
115.62
115.62
115.51
115.39
115.39
115.39
115.51
115.39
115.28
115.39
115.28
115.16
115.05
115.16
115.16
115.16
114.01
114.01
125.41
125.54
125.41
125.29
125.29
125.29
124.03
124.03
136.44
136.3
136.16
136.03
136.16
136.16
136.03
136.03
136.03
135.89
135.75
135.89
135.89
135.75
135.75
135.89
135.75
135.62
135.75
135.62
135.48
135.62
135.62
135.62
135.75
135.75
135.89
135.89
136.03
136.03
136.16
136.03
136.16
136.3
136.43
136.43
136.43
136.43
136.43
136.3
136.3
136.3
136.16
136.16
136.16
137.52
137.52
123.77
123.65
123.77
123.89
124.02
124.02
124.02
125.26
125.26
112.73
112.85
112.73
112.73
112.73
113.86
113.86
102.47
102.47
102.37
102.27
102.27
102.17
102.27
102.37
102.37
102.47
102.37
102.27
102.37
102.47
102.37
102.47
102.58
102.68
102.68
102.78
102.68
102.78
102.78
102.78
102.68
102.58
102.68
102.58
102.68
102.57
102.57
102.47
102.57
102.57
102.57
103.6
103.6
93.241
93.334
93.334
93.24
93.24
93.334
93.427
93.334
93.24
93.334
93.334
93.427
93.333
93.333
93.427
93.427
93.333
93.333
93.24
93.24
93.333
93.24
93.333
93.333
93.426
93.333
93.24
93.146
93.053
92.96
92.867
92.774
92.774
92.774
91.847
91.847
101.03
101.13
101.03
101.03
101.03
101.13
101.23
101.33
101.33
101.33
101.33
101.44
101.33
101.33
101.44
101.54
101.44
101.44
101.54
101.44
101.44
101.54
101.54
101.44
101.44
101.54
101.54
101.64
101.64
101.54
101.54
101.64
101.54
101.64
101.54
101.54
101.64
101.64
101.54
101.64
101.54
101.54
101.64
101.74
101.84
101.94
101.94
101.84
101.84
101.74
101.74
101.84
101.84
101.84
101.84
101.74
101.64
101.64
101.54
101.43
101.43
101.33
101.23
101.33
101.23
101.33
101.33
101.33
101.33
101.33
101.33
101.43
101.33
101.23
101.33
101.33
101.43
101.54
101.64
101.74
101.74
101.74
100.72
100.72
110.79
110.79
110.79
111.9
111.9
100.71
100.71
100.61
100.71
100.61
100.61
100.71
100.81
100.81
100.81
100.91
100.81
100.91
100.91
101.01
101.11
101.01
101.01
101.01
101.01
100.91
101.01
101.01
101.11
101.01
101.01
100.91
101.01
101.01
100.91
100.91
100.91
100.91
100.91
101.01
101.01
101.01
102.02
102.02
91.821
91.729
91.82
91.82
91.912
91.912
92.004
91.912
91.82
91.912
91.82
91.82
91.912
91.912
92.004
91.912
92.004
92.096
92.004
91.912
91.82
91.728
91.636
91.545
91.545
91.545
91.636
91.636
91.728
91.636
91.636
91.728
91.636
91.544
91.544
91.453
91.544
91.453
91.453
91.544
91.636
91.727
91.727
91.819
91.911
92.003
92.095
92.095
92.095
92.003
92.095
92.187
92.095
92.187
92.279
92.187
92.279
92.371
92.463
92.463
92.371
92.463
92.556
92.556
92.648
92.648
92.741
92.834
92.834
92.741
92.834
92.834
92.927
92.834
92.741
92.834
92.741
92.741
92.741
92.648
92.648
92.741
92.833
92.926
93.019
92.926
92.926
92.833
92.833
92.926
92.833
92.926
93.019
92.926
92.926
92.926
92.926
92.833
92.926
92.833
92.74
92.833
92.833
92.926
92.926
92.926
93.018
93.018
93.018
93.018
93.018
93.018
93.018
93.018
93.111
93.205
93.205
93.205
92.273
92.273
101.5
101.5
101.5
101.5
101.5
101.6
101.6
101.7
101.6
101.7
101.8
101.91
102.01
102.01
101.91
101.8
101.7
101.8
101.91
101.91
101.91
101.91
101.91
102.93
102.93
92.633
92.54
92.447
92.355
92.263
92.355
92.447
92.54
92.447
92.355
92.355
92.447
92.447
92.447
92.447
92.447
91.523
91.523
100.67
100.57
100.67
100.67
100.78
100.88
100.78
100.67
100.57
100.47
100.37
100.27
100.27
100.37
100.27
100.17
100.27
100.27
100.17
100.17
100.27
100.27
100.37
100.47
100.47
100.37
100.47
100.57
100.57
100.57
100.57
101.58
101.58
91.421
91.512
91.604
91.604
91.604
91.695
91.604
91.512
91.604
91.695
91.787
91.879
91.971
92.063
91.971
91.971
91.879
91.787
91.695
91.787
91.695
91.695
91.787
91.695
91.603
91.695
91.603
91.695
91.695
91.786
91.878
91.97
91.878
91.786
91.786
91.878
91.97
91.97
92.062
91.97
91.97
92.062
92.154
92.246
92.246
92.154
92.154
92.246
92.154
92.061
92.061
91.969
91.877
91.785
91.785
91.694
91.785
91.785
91.877
91.969
91.969
91.969
91.969
92.061
91.969
92.061
92.061
92.061
92.061
92.982
92.982
83.683
83.683
83.6
83.516
83.433
83.433
83.349
83.266
83.349
83.432
83.516
83.516
83.432
83.349
83.349
83.349
83.349
83.432
83.349
83.432
83.349
83.265
83.182
83.265
83.265
83.182
83.265
83.182
83.099
83.016
83.016
82.933
83.016
82.933
82.85
82.767
82.767
82.684
82.767
82.684
82.767
82.767
82.849
82.849
82.849
82.932
82.932
83.015
83.098
83.098
83.015
83.015
83.015
83.098
83.098
83.181
83.181
83.098
83.181
83.264
83.348
83.264
83.181
83.181
83.264
83.264
83.181
83.264
83.347
83.264
83.347
83.264
83.181
83.181
83.097
83.014
83.014
83.014
83.097
83.014
82.931
82.931
82.848
82.931
83.014
83.014
82.931
82.848
82.931
82.931
82.848
82.931
83.014
83.014
82.931
83.014
83.097
83.014
83.097
83.18
83.263
83.18
83.18
83.097
83.097
83.097
83.013
82.93
83.013
82.93
82.93
82.93
83.76
83.76
75.384
75.308
75.308
75.233
75.233
75.308
75.383
75.308
75.383
75.383
75.308
75.308
75.308
75.308
74.555
74.555
82.01
82.01
81.928
81.928
81.928
81.109
81.109
89.22
89.22
89.22
89.22
89.22
89.22
89.309
89.399
89.399
89.309
89.309
89.309
89.399
89.399
89.488
89.398
89.488
89.488
89.398
89.309
89.22
89.22
89.22
89.22
89.22
89.13
89.22
89.309
89.219
89.219
89.309
89.219
89.309
89.398
89.308
89.219
89.219
89.219
89.308
89.398
89.487
89.398
89.398
89.398
89.308
89.398
89.398
89.398
89.487
89.576
89.666
89.576
89.487
89.397
89.487
89.397
89.308
89.308
89.308
89.218
89.308
89.397
89.308
89.218
89.308
89.218
89.218
89.129
89.218
89.218
89.129
89.218
89.129
89.129
89.129
89.129
89.129
90.02
90.02
81.018
81.099
81.018
81.018
81.018
81.018
81.018
81.099
81.099
81.18
81.18
81.261
81.18
81.261
81.261
81.261
81.342
81.342
81.424
81.505
81.424
81.342
81.424
81.424
81.505
81.424
81.505
81.587
81.587
81.668
81.668
81.586
81.668
81.668
81.668
80.851
80.851
88.936
88.936
88.848
88.936
88.936
88.847
88.759
88.759
88.847
88.847
88.759
88.759
88.67
88.67
88.67
87.783
87.783
96.561
96.465
96.561
96.658
96.754
96.658
96.658
96.561
96.658
96.754
96.658
96.754
96.657
96.657
96.657
95.691
95.691
105.26
105.26
105.15
105.15
105.26
105.37
105.26
105.26
105.36
105.36
105.36
104.31
104.31
114.74
114.74
114.63
114.63
114.51
114.51
114.51
114.51
114.51
114.63
114.51
114.51
114.4
114.4
114.51
114.51
114.51
113.37
113.37
124.7
124.7
124.7
124.7
125.95
125.95
113.36
113.36
113.24
113.36
113.47
113.47
113.58
113.47
113.58
113.47
113.58
113.47
113.58
113.58
113.7
113.58
113.47
113.47
113.36
113.24
113.13
113.24
113.13
113.13
113.24
113.36
113.36
113.47
113.58
113.58
113.7
113.7
113.81
113.92
113.81
113.7
113.7
113.58
113.58
113.7
113.7
113.7
113.7
113.7
113.58
113.58
113.7
113.58
113.47
113.35
113.35
113.35
112.22
112.22
123.44
123.32
123.44
123.32
123.44
123.44
123.32
123.2
123.32
123.2
123.32
123.44
123.57
123.44
123.44
123.57
123.57
123.57
123.44
123.44
123.32
123.2
123.07
122.95
123.07
123.07
123.07
121.84
121.84
134.03
133.89
133.89
133.76
133.62
133.49
133.36
133.22
133.22
133.22
133.36
133.22
133.36
133.49
133.36
133.36
133.22
133.22
133.09
133.22
133.22
133.36
133.36
133.22
133.36
133.36
133.49
133.49
133.62
133.76
133.62
133.62
133.62
133.76
133.89
133.76
133.89
133.89
133.89
134.02
134.02
134.16
134.16
134.16
134.29
134.16
134.29
134.43
134.43
134.29
134.43
134.43
134.29
134.29
134.29
134.16
134.16
134.02
133.89
133.89
134.02
134.02
134.16
134.29
134.43
134.29
134.43
134.29
134.29
134.43
134.43
134.29
134.16
134.29
134.29
134.42
134.29
134.16
134.02
133.89
133.89
134.02
133.89
133.89
133.75
133.75
133.89
133.89
133.89
133.89
134.02
134.16
134.02
134.02
134.02
134.02
134.02
133.89
134.02
134.16
134.29
134.29
134.16
134.16
134.02
134.16
134.02
134.15
134.15
134.15
134.02
134.15
134.02
133.89
133.89
133.89
133.75
133.62
133.49
133.49
133.35
133.22
133.35
133.49
133.49
133.49
133.49
133.49
133.62
133.49
133.35
133.22
133.08
132.95
133.08
132.95
133.08
133.08
133.08
133.08
133.08
132.95
132.82
132.82
132.82
132.69
132.55
132.42
132.29
132.16
132.16
132.02
132.16
132.16
132.16
132.02
132.16
132.02
132.16
132.29
132.42
132.29
132.42
132.55
132.55
132.68
132.82
132.68
132.82
132.68
132.82
132.95
133.08
133.22
133.08
133.08
133.22
133.35
133.48
133.35
133.35
133.48
133.48
133.35
133.22
133.08
133.08
133.08
133.22
133.08
133.08
132.95
133.08
132.95
133.08
133.08
132.95
133.08
133.08
133.08
133.08
133.08
134.41
134.41
120.97
120.97
120.85
120.97
120.85
120.85
120.73
120.73
120.61
120.73
120.73
120.73
121.94
121.94
109.74
109.63
109.52
109.52
109.63
109.52
109.63
109.63
109.74
109.63
109.52
109.52
109.63
109.63
109.63
109.52
109.41
109.52
109.63
109.74
109.74
109.85
109.96
110.07
110.07
109.96
109.96
109.96
110.07
109.96
109.85
109.74
109.85
109.96
109.96
109.85
109.85
109.96
109.85
109.74
109.85
109.74
109.85
109.85
109.96
109.85
109.96
109.96
110.07
110.07
110.18
110.07
110.18
110.29
110.18
110.29
110.18
110.18
110.29
110.4
110.4
110.29
110.18
110.07
110.18
110.07
110.07
110.18
110.18
110.07
109.96
109.96
109.85
109.74
109.63
109.52
109.63
109.52
109.63
109.74
109.63
109.63
109.63
109.74
109.85
109.96
109.85
109.74
109.85
109.74
109.63
109.63
109.63
109.52
109.52
109.52
109.52
109.63
109.74
109.74
109.85
109.74
109.85
109.74
109.74
109.63
109.74
109.63
109.52
109.52
109.41
109.3
109.41
109.41
109.52
109.52
109.63
109.74
109.85
109.74
109.74
109.85
109.74
109.85
109.85
109.85
109.85
109.74
109.63
109.63
109.74
109.74
109.74
108.64
108.64
119.5
119.38
119.27
119.15
119.03
119.03
119.03
119.15
119.03
119.03
119.15
119.15
119.27
119.38
119.5
119.62
119.74
119.74
119.86
119.86
119.86
119.98
119.86
119.86
119.74
119.62
119.62
119.74
119.74
119.62
119.74
119.62
119.74
119.86
119.74
119.86
119.86
119.98
120.1
120.22
120.22
120.1
120.1
119.98
119.86
119.86
119.86
119.98
119.86
119.86
119.86
119.86
119.98
119.98
119.98
119.86
119.74
119.86
119.86
119.98
120.1
120.1
119.98
119.98
119.98
119.86
119.98
119.98
119.86
119.86
119.86
119.74
119.74
119.86
119.74
119.74
119.62
119.74
119.62
119.5
119.62
119.74
119.74
119.74
119.74
119.62
119.74
119.62
119.62
119.62
119.62
119.62
119.5
119.38
119.38
119.26
119.38
119.38
119.38
119.38
119.5
119.5
119.38
119.26
119.26
119.14
119.02
119.02
119.14
119.26
119.38
119.38
119.38
119.26
119.26
119.14
119.14
119.14
120.33
120.33
108.3
108.41
108.52
108.63
108.73
108.63
108.73
108.63
108.52
108.41
108.3
108.19
108.3
108.19
108.19
108.3
108.41
108.41
108.41
108.3
108.19
108.19
108.08
108.08
108.08
107.97
107.87
107.76
107.87
107.97
108.08
108.08
108.19
108.3
108.41
108.52
108.41
108.3
108.3
108.19
108.08
108.08
108.08
107.97
107.97
108.08
107.97
107.87
107.97
107.87
107.87
107.97
107.97
108.08
107.97
107.87
107.76
107.76
107.76
107.65
107.65
107.76
107.87
107.97
107.97
107.97
107.87
107.76
107.65
107.54
107.43
107.33
107.43
107.33
107.22
107.33
107.33
107.43
107.33
107.33
107.43
107.43
107.43
106.36
106.36
117
117
116.88
116.88
116.88
116.76
116.88
116.76
116.88
116.76
116.88
116.88
116.88
116.88
116.88
116.76
116.88
117
117.11
117.11
117.11
117.23
117.23
117.23
117.11
117
117
117.11
117.11
117.23
117.23
117.23
117.35
117.23
117.35
117.23
117.23
117.35
117.46
117.46
117.35
117.46
117.46
117.58
117.7
117.82
117.82
117.93
117.93
117.93
118.05
118.17
118.29
118.41
118.52
118.41
118.29
118.29
118.29
118.29
118.29
118.41
118.29
118.41
118.29
118.17
118.29
118.17
118.17
118.05
117.93
117.82
117.93
117.93
118.05
118.05
117.93
117.93
117.81
117.81
117.81
117.93
117.81
117.93
118.05
117.93
117.81
117.81
117.81
117.7
117.58
117.46
117.58
117.46
117.58
117.58
117.58
117.46
117.46
117.58
117.58
117.7
117.58
117.58
117.7
117.7
117.7
116.52
116.52
128.17
128.04
128.04
128.04
129.32
129.32
116.39
116.39
116.27
116.39
116.27
116.39
116.27
116.27
116.16
116.27
116.16
116.04
116.16
116.27
116.16
116.04
115.93
115.81
115.93
116.04
116.04
116.16
116.04
116.16
116.27
116.39
116.39
116.51
116.39
116.51
116.39
116.27
116.27
116.27
116.27
116.39
116.27
116.16
116.04
116.04
116.16
116.16
116.27
116.27
116.39
116.27
116.27
116.39
116.51
116.51
116.62
116.62
116.51
116.62
116.62
116.62
116.5
116.39
116.5
116.39
116.39
116.27
116.16
116.27
116.16
116.27
116.16
116.16
116.27
116.39
116.5
116.39
116.27
116.39
116.39
116.39
116.39
116.39
116.39
116.39
116.5
116.39
116.27
116.27
116.39
116.39
116.5
116.62
116.74
116.74
116.85
116.74
116.85
116.85
116.97
116.85
116.74
116.74
116.85
116.74
116.62
116.5
116.5
116.5
116.5
116.62
116.74
116.85
116.85
116.74
116.74
116.74
116.74
116.62
116.62
116.74
116.74
116.85
116.97
116.85
116.74
116.85
116.97
117.09
117.09
117.09
117.09
117.2
117.2
117.32
117.44
117.44
117.44
117.44
117.56
117.56
117.56
117.44
117.32
117.2
117.32
117.32
117.44
117.32
117.44
117.32
117.2
117.32
117.2
117.32
117.44
117.55
117.67
117.55
117.67
117.55
117.67
117.55
117.55
117.44
117.44
117.32
117.44
117.55
117.67
117.79
117.91
117.91
117.91
117.79
117.79
117.79
117.79
118.97
118.97
107.07
107.07
106.96
106.96
107.07
107.07
106.96
107.07
107.18
107.18
107.18
107.18
107.18
107.07
107.07
107.07
106.96
107.07
107.18
107.28
107.28
107.18
107.18
107.28
107.28
107.39
107.39
107.28
107.39
107.39
107.28
107.28
107.18
107.18
107.18
106.1
106.1
116.72
116.72
116.72
116.72
116.6
116.6
116.72
116.72
116.83
116.71
116.83
116.83
116.71
116.71
116.71
116.6
116.6
116.71
116.6
116.71
116.71
116.83
116.95
116.83
116.95
116.83
116.83
116.71
116.6
116.48
116.6
116.71
116.71
116.71
116.83
116.71
116.6
116.71
116.6
116.48
116.6
116.71
116.6
116.71
116.6
116.71
116.83
116.83
116.83
116.95
116.95
116.83
116.83
116.71
116.71
116.71
116.6
116.6
116.71
116.71
116.83
116.83
116.71
116.71
116.71
116.6
116.71
116.83
116.71
116.83
116.95
116.83
116.95
117.06
117.06
117.06
118.23
118.23
106.41
106.41
106.52
106.62
106.62
106.62
106.73
106.84
106.94
106.94
106.94
106.84
106.94
106.94
107.05
107.05
107.16
107.16
107.16
107.26
107.16
107.05
106.94
107.05
107.16
107.16
107.05
107.16
107.05
107.16
107.05
107.05
107.16
107.05
107.05
107.16
107.16
107.16
107.05
107.16
107.16
107.16
107.26
107.37
107.26
107.16
107.26
107.16
107.26
107.26
107.37
107.26
107.37
107.37
107.37
107.48
107.37
107.26
107.16
107.05
107.16
107.26
107.37
107.37
107.26
107.16
107.16
107.16
107.16
107.26
107.26
107.16
107.16
107.16
107.05
107.16
107.16
107.26
107.26
107.26
107.16
107.05
106.94
106.94
107.05
107.15
107.05
107.05
107.15
107.15
107.05
107.15
107.05
107.15
107.15
107.05
106.94
107.05
107.05
106.94
106.94
106.94
106.94
106.94
106.94
106.83
106.73
106.62
106.73
106.62
106.73
106.73
106.73
106.83
106.94
106.94
106.94
107.05
107.05
106.94
106.83
106.73
106.83
106.94
107.05
107.05
107.15
107.26
107.15
107.05
107.05
107.15
107.05
107.15
107.15
107.05
107.05
107.15
107.26
107.26
107.37
107.26
107.37
107.47
107.37
107.26
107.15
107.26
107.37
107.47
107.37
107.37
107.26
107.15
107.15
107.15
107.15
107.05
107.15
107.26
107.26
107.37
107.37
107.26
107.26
107.26
107.15
107.15
107.26
107.15
107.04
107.04
107.15
107.15
107.26
107.15
107.15
107.15
107.04
107.04
107.15
107.15
107.15
107.15
107.04
107.15
107.15
107.15
107.15
107.04
106.94
106.94
107.04
107.04
107.15
107.26
107.15
107.26
107.15
107.15
107.15
107.15
107.15
107.26
107.37
107.26
107.37
107.47
107.47
107.47
107.37
107.26
107.15
107.15
107.04
107.15
107.15
107.26
107.15
107.15
107.15
107.04
107.15
107.26
107.15
107.15
107.04
106.94
106.94
106.94
106.83
106.83
106.94
107.04
107.15
107.26
107.36
107.47
107.36
107.47
107.47
107.36
107.36
107.47
107.36
107.26
107.15
107.15
107.04
106.94
106.94
106.94
106.94
106.94
106.83
106.83
106.72
106.61
106.51
106.51
106.61
106.61
106.72
106.72
106.83
106.72
106.72
106.72
107.79
107.79
97.009
97.009
97.009
96.912
96.912
97.009
96.912
96.815
96.912
96.912
96.912
96.815
96.718
96.815
96.815
96.718
96.815
96.718
96.815
96.815
96.912
96.912
96.912
96.815
96.815
96.815
96.815
96.815
96.912
96.912
96.815
96.718
96.815
96.911
97.008
97.008
97.008
97.105
97.105
97.105
97.105
97.105
97.105
97.105
97.008
97.105
97.105
97.105
97.202
97.3
97.3
97.202
97.105
97.008
97.105
97.105
97.202
97.202
97.299
97.202
97.202
97.202
98.174
98.174
88.357
88.268
88.357
88.268
88.18
88.268
88.356
88.445
88.356
88.445
88.445
88.445
88.445
88.356
88.445
88.533
88.622
88.71
88.621
88.533
88.621
88.533
88.533
88.621
88.533
88.444
88.356
88.356
88.267
88.356
88.444
88.444
88.532
88.532
88.621
88.532
88.444
88.444
88.444
88.444
88.532
88.532
88.621
88.532
88.532
88.621
88.709
88.709
88.798
88.887
88.798
88.798
88.798
88.887
88.976
88.887
88.887
88.887
88.975
88.886
88.798
88.798
88.886
88.798
88.798
88.886
88.886
88.975
88.886
88.886
88.975
89.064
89.064
89.153
89.242
89.242
89.242
89.332
89.242
89.153
89.242
89.153
89.153
89.064
89.153
89.064
88.975
88.886
88.886
88.974
88.886
88.886
88.974
88.974
88.885
88.885
88.885
88.974
88.885
88.974
88.974
89.063
88.974
88.974
88.974
88.974
89.864
89.864
80.877
80.877
80.958
80.877
80.877
80.958
80.958
80.958
81.039
80.958
80.877
80.958
81.039
81.12
81.12
81.201
81.282
81.201
81.12
81.039
81.039
81.039
81.039
81.039
81.12
81.12
81.039
81.12
81.039
81.039
81.039
81.12
81.201
81.282
81.363
81.282
81.363
81.363
81.282
81.363
81.363
81.445
81.445
81.526
81.607
81.526
81.526
81.526
81.444
81.526
81.526
81.444
81.526
81.526
81.444
81.526
81.526
81.444
81.363
81.444
81.363
81.363
81.444
81.444
81.362
81.444
81.525
81.525
81.607
81.607
81.525
81.525
81.525
81.444
81.444
81.525
81.525
81.607
81.607
81.607
81.607
82.423
82.423
74.18
74.255
74.329
74.255
74.255
74.18
74.254
74.18
74.18
74.106
74.032
74.032
74.032
74.772
74.772
74.772
75.52
75.52
67.968
67.968
61.171
61.232
61.171
61.11
61.11
61.171
61.11
61.11
61.11
61.721
61.721
55.549
55.549
55.493
55.549
55.604
55.549
55.549
55.604
55.604
55.549
55.549
55.604
55.549
55.493
55.493
55.438
55.438
55.438
55.493
55.549
55.604
55.604
55.549
55.493
55.548
55.548
55.493
55.493
55.493
56.048
56.048
50.443
50.393
50.443
50.443
50.493
50.544
50.594
50.645
50.645
50.645
50.594
50.645
50.594
50.645
50.594
50.645
50.645
50.645
50.696
50.696
50.696
50.645
50.594
50.594
50.645
50.594
50.594
50.645
50.594
50.645
50.695
50.746
50.695
50.746
50.746
50.746
50.239
50.239
55.262
55.318
55.318
55.262
55.207
55.152
55.207
55.207
55.207
55.207
55.207
55.262
55.262
55.207
55.152
55.152
55.097
55.152
55.207
55.207
55.207
55.152
55.097
55.041
54.986
55.041
54.986
54.986
54.986
55.041
54.986
54.931
54.986
54.986
54.986
54.986
54.931
54.986
54.931
54.931
54.986
55.041
55.096
55.151
55.206
55.206
55.206
55.206
55.151
55.151
55.151
55.096
55.151
55.206
55.206
55.261
55.261
55.317
55.372
55.372
55.317
55.372
55.317
55.317
55.317
55.317
55.372
55.372
55.372
55.372
55.427
55.372
55.372
55.317
55.261
55.316
55.261
55.316
55.261
55.261
55.316
55.316
55.261
55.316
55.316
55.372
55.316
55.372
55.427
55.482
55.427
55.371
55.427
55.371
55.427
55.482
55.427
55.482
55.482
55.482
55.482
55.427
55.371
55.371
55.371
55.316
55.316
55.316
55.261
55.205
55.15
55.095
55.095
55.095
55.095
55.095
55.04
54.985
54.985
54.985
54.985
54.985
55.04
55.04
54.985
54.985
55.04
55.095
55.095
55.095
55.04
55.04
55.095
55.04
55.04
54.985
54.985
55.04
55.04
55.095
55.039
54.984
54.984
55.039
55.039
55.094
55.094
55.15
55.205
55.15
55.205
55.205
55.205
55.26
55.26
55.315
55.315
55.26
55.315
55.315
55.26
55.204
55.149
55.149
55.149
55.149
55.204
55.26
55.26
55.204
55.26
55.315
55.315
55.315
55.315
54.762
54.762
60.238
60.238
60.238
60.178
60.117
60.057
60.117
60.117
60.117
60.057
60.117
60.177
60.238
60.238
60.298
60.358
60.419
60.479
60.479
60.539
60.479
60.418
60.479
60.479
60.539
60.6
60.6
60.539
60.539
60.6
60.539
60.6
60.66
60.6
60.6
60.66
60.6
60.6
60.6
60.66
60.66
60.6
60.66
60.66
60.599
60.66
60.599
60.539
60.478
60.478
60.478
60.539
60.478
60.539
60.478
60.539
60.478
60.539
60.478
60.478
60.478
60.478
60.478
60.418
60.478
60.478
60.417
60.357
60.357
60.297
60.297
60.357
60.417
60.478
60.417
60.357
60.297
60.297
60.297
60.297
60.357
60.417
60.417
60.417
60.357
60.417
60.417
60.417
60.478
60.417
60.417
60.417
60.357
60.357
60.417
60.357
60.357
60.357
60.296
60.236
60.176
60.236
60.176
60.176
60.115
60.055
59.995
59.995
59.995
60.595
60.595
54.536
54.536
54.59
54.645
54.645
54.699
54.699
54.699
54.645
54.59
54.59
54.59
54.645
54.59
54.536
54.59
54.59
54.645
54.699
54.754
54.754
54.754
54.699
54.645
54.59
54.59
54.644
54.59
54.535
54.481
54.481
54.481
54.481
54.481
54.481
54.535
54.535
54.59
54.59
54.59
54.644
54.59
54.535
54.535
54.535
54.59
54.59
54.59
54.644
54.699
54.754
54.808
54.808
54.753
54.699
54.699
54.644
54.699
54.753
54.699
54.699
54.699
54.753
54.753
54.808
54.753
54.699
54.699
54.753
54.753
54.808
54.753
54.753
54.698
54.753
54.808
54.808
54.753
54.753
54.753
54.753
54.698
54.644
54.589
54.644
54.589
54.534
54.589
54.589
54.534
54.48
54.48
54.48
54.534
54.534
54.589
54.534
54.48
54.425
54.48
54.425
54.371
54.425
54.425
54.425
54.425
54.425
54.479
54.425
54.425
54.425
54.425
54.371
54.425
54.37
54.316
54.316
54.262
54.208
54.153
54.153
54.099
54.153
54.099
54.153
54.207
54.262
54.316
54.262
54.262
54.316
54.261
54.316
54.261
54.207
54.261
54.316
54.316
54.316
54.37
54.424
54.424
54.424
54.37
54.37
54.316
54.316
54.37
54.315
54.261
54.315
54.37
54.37
54.424
54.424
54.37
54.37
54.315
54.261
54.207
54.153
54.098
54.044
54.098
54.152
54.152
54.207
54.207
54.207
54.207
54.207
54.261
54.315
54.261
54.261
54.315
54.369
54.424
54.424
54.369
54.315
54.369
54.315
54.369
54.315
54.315
54.26
54.26
54.315
54.315
54.315
54.369
54.369
54.369
53.825
53.825
59.208
59.149
59.09
59.03
59.03
58.971
58.971
58.971
59.561
59.561
53.605
53.605
53.659
53.605
53.605
53.659
53.712
53.658
53.712
53.766
53.712
53.712
53.712
53.712
53.712
53.175
53.175
58.492
57.908
57.908
63.698
63.762
63.698
63.635
63.571
63.634
63.571
63.571
63.507
63.571
63.634
63.634
63.571
63.507
63.444
63.507
63.444
63.444
63.507
63.507
63.571
63.507
63.57
63.507
63.57
63.634
63.634
63.698
63.761
63.698
63.761
63.697
63.634
63.57
63.507
63.507
63.443
63.507
63.443
63.38
63.443
63.443
63.379
63.379
63.316
63.379
63.443
63.379
63.443
63.379
63.443
63.443
63.506
63.443
63.379
63.316
63.316
63.316
63.316
63.252
63.189
63.252
63.316
63.379
63.316
63.252
63.189
63.189
63.126
63.126
63.063
63.126
63.126
63.189
63.189
63.189
63.189
63.126
63.189
63.189
63.252
63.315
63.379
63.379
63.379
63.379
63.315
63.379
63.315
63.378
63.315
63.252
63.315
63.378
63.442
63.505
63.442
63.442
63.505
63.505
63.569
63.569
63.505
63.505
63.442
63.442
63.505
63.441
63.378
63.441
63.505
63.568
63.632
63.568
63.505
63.568
63.568
63.568
63.568
63.632
63.695
63.695
63.759
63.823
63.759
63.759
63.823
63.887
63.823
63.823
63.759
63.695
63.695
63.695
63.631
63.631
63.631
63.695
63.759
63.759
63.759
63.759
63.759
63.695
63.631
63.695
63.631
63.695
63.695
63.631
63.631
63.568
63.568
63.568
63.504
63.441
63.504
63.567
63.567
63.504
63.504
63.44
63.504
63.44
63.377
63.377
63.44
63.44
63.44
63.377
63.313
63.377
63.377
63.44
63.377
63.313
63.25
63.187
63.25
63.187
63.25
63.187
63.187
63.25
63.187
63.123
63.06
63.06
63.123
63.186
63.25
63.313
63.313
63.25
63.313
63.313
63.25
63.186
63.249
63.313
63.249
63.249
63.186
63.186
63.249
63.186
63.249
63.249
63.249
63.312
63.376
63.439
63.376
63.439
63.376
63.312
63.312
63.376
63.439
63.439
63.376
63.312
63.312
63.312
63.312
63.312
63.312
63.312
63.312
63.375
63.375
63.375
63.439
63.439
63.502
63.439
63.502
63.502
63.566
63.502
63.502
63.439
63.375
63.312
63.375
63.439
63.375
63.312
63.248
63.185
63.248
63.312
63.312
63.312
63.375
63.312
63.375
63.375
63.311
63.311
63.311
63.311
62.678
62.678
68.946
68.946
69.015
69.015
69.015
69.015
68.325
68.325
75.158
75.158
75.082
75.007
75.007
75.007
75.007
75.082
75.007
74.932
75.007
75.007
75.082
75.007
74.932
74.932
74.932
74.932
74.183
74.183
81.601
81.683
81.601
81.519
81.519
81.519
81.438
81.519
81.601
81.682
81.764
81.846
81.764
81.764
81.764
81.682
81.682
81.764
81.682
81.764
81.682
81.764
81.764
81.764
81.764
81.845
81.845
81.927
81.927
82.009
82.009
82.009
81.189
81.189
89.308
89.308
89.219
89.219
89.308
89.308
89.308
89.308
89.219
89.129
89.04
89.129
89.129
89.129
90.021
90.021
81.019
81.1
81.181
81.262
81.343
81.262
81.262
81.262
81.343
81.343
81.424
81.424
81.506
81.506
81.506
81.587
81.669
81.669
81.669
81.751
81.832
81.914
81.832
81.75
81.75
81.669
81.587
81.669
81.669
81.669
81.587
81.587
81.505
81.505
81.505
82.32
82.32
74.088
74.162
74.088
74.014
74.088
74.162
74.236
74.162
74.162
74.088
74.014
74.014
73.94
73.94
73.94
74.014
73.94
73.866
73.94
73.94
73.866
73.792
73.866
73.792
73.718
73.792
73.718
73.718
73.792
73.792
73.866
73.792
73.865
73.865
73.792
73.865
73.939
74.013
74.087
74.161
74.235
74.31
74.31
74.31
74.31
74.235
74.161
74.235
74.161
74.235
74.161
74.087
74.087
74.087
74.013
74.087
74.013
74.013
74.087
74.013
74.013
74.087
74.161
74.161
74.235
74.309
74.309
74.235
74.309
74.383
74.383
74.383
74.309
74.309
74.309
74.309
74.309
74.309
74.383
74.309
74.383
74.383
74.383
74.383
74.383
74.383
74.309
74.309
74.235
74.235
74.16
74.234
74.16
74.086
74.16
74.086
74.16
74.16
74.16
74.086
74.16
74.086
74.086
74.086
74.012
74.086
74.086
74.012
73.938
73.938
73.938
73.864
73.79
73.716
73.716
73.716
73.79
73.864
73.937
73.863
73.79
73.79
73.716
73.716
73.642
73.642
73.716
73.642
73.716
73.716
73.789
73.789
73.863
73.937
73.863
73.863
73.937
74.011
74.085
74.085
74.011
73.937
74.011
74.085
74.159
74.233
74.159
74.233
74.159
74.233
74.159
74.159
74.084
74.084
74.084
74.159
74.233
74.233
74.307
74.381
74.307
74.233
74.307
74.233
74.158
74.158
74.084
74.158
74.232
74.158
74.084
74.084
74.084
74.158
74.232
74.158
74.232
74.306
74.232
74.306
74.306
74.232
74.158
74.084
74.158
74.158
74.084
74.158
74.232
74.232
74.232
74.158
74.232
74.232
74.232
74.232
74.157
74.083
74.009
73.935
73.935
73.861
73.787
73.714
73.714
73.714
73.714
73.64
73.714
73.714
73.714
73.787
73.787
73.713
73.787
73.861
73.861
73.861
73.787
73.787
73.861
73.861
73.787
73.713
73.713
73.713
73.713
73.713
73.787
73.713
73.639
73.566
73.639
73.639
73.713
73.713
73.787
73.713
73.787
73.713
73.713
73.787
73.787
73.713
73.713
73.787
73.86
73.786
73.86
73.86
73.86
73.86
73.86
73.934
73.86
73.86
73.934
73.86
73.934
73.934
73.86
73.86
73.86
73.86
73.86
73.86
73.86
73.934
73.934
74.008
74.082
74.008
73.934
73.934
73.934
74.673
74.673
67.206
67.206
67.139
67.206
67.138
67.071
67.004
67.071
67.004
66.937
66.87
66.803
66.737
66.803
66.87
66.937
66.937
66.937
66.937
67.606
67.606
60.846
60.907
60.907
60.907
60.907
60.298
60.298
66.327
66.261
66.327
66.327
66.394
66.327
66.393
66.46
66.526
66.46
66.393
66.393
66.393
66.393
66.46
66.393
66.327
66.393
66.327
66.26
66.327
66.26
66.327
66.327
66.393
66.327
66.393
66.393
66.459
66.393
66.459
66.526
66.592
66.659
66.659
66.592
66.659
66.725
66.725
66.725
66.725
66.659
66.659
66.659
66.592
66.659
66.592
66.525
66.525
66.459
66.525
66.592
66.592
66.658
66.592
66.525
66.459
66.392
66.392
66.326
66.259
66.193
66.127
66.193
66.193
66.193
66.193
66.127
66.127
66.127
66.061
66.061
66.127
66.193
66.127
66.193
66.193
66.259
66.325
66.392
66.325
66.325
66.392
66.458
66.392
66.325
66.325
66.325
66.325
66.392
66.458
66.458
66.458
66.458
66.458
67.123
67.123
60.41
60.41
60.35
60.41
60.41
60.35
60.289
60.35
60.289
60.35
60.35
60.35
60.289
60.289
60.289
60.289
60.35
60.35
60.35
60.41
60.47
60.41
60.349
60.41
60.47
60.47
60.47
60.41
60.41
60.41
60.47
60.47
60.47
60.531
60.591
60.531
60.591
60.531
60.531
60.47
60.53
60.47
60.47
60.409
60.47
60.53
60.53
60.591
60.53
60.47
60.409
60.349
60.289
60.349
60.349
60.349
60.288
60.349
60.409
60.349
60.349
60.409
60.469
60.409
60.409
60.469
60.409
60.349
60.288
60.348
60.348
60.409
60.469
60.53
60.469
60.53
60.469
60.469
60.469
60.469
60.409
60.409
60.348
60.409
60.469
60.469
60.529
60.529
60.529
60.529
60.469
60.469
60.529
60.529
60.529
60.59
60.651
60.711
60.711
60.711
60.104
60.104
66.114
66.048
66.114
66.114
66.181
66.247
66.18
66.114
66.18
66.114
66.114
66.048
66.114
66.18
66.18
66.18
66.246
66.18
66.114
66.18
66.18
66.18
66.114
66.048
66.048
66.114
66.048
66.048
66.048
66.114
66.048
66.048
65.982
65.916
65.982
65.982
65.982
65.982
65.982
65.982
65.982
66.048
66.114
66.047
65.981
65.915
65.85
65.85
65.784
65.849
65.849
65.849
65.915
65.849
65.784
65.849
65.849
65.915
65.915
65.915
65.849
65.915
65.915
65.915
65.256
65.256
71.782
71.782
71.782
71.71
71.781
71.71
71.781
71.71
71.781
71.781
71.781
71.853
71.925
71.997
72.069
72.069
72.141
72.069
72.141
72.213
72.285
72.285
72.285
72.358
72.43
72.43
72.502
72.502
72.43
72.357
72.357
72.357
72.357
72.285
72.285
72.213
72.141
72.141
72.213
72.285
72.285
72.357
72.357
72.357
71.634
71.634
78.797
78.876
78.797
78.797
78.876
78.876
78.876
78.087
78.087
85.896
85.982
85.896
85.896
85.981
85.895
85.81
85.81
85.81
84.951
84.951
93.447
93.353
93.26
93.167
93.167
93.26
93.166
93.166
93.26
93.26
93.26
93.166
93.26
93.166
93.166
93.259
93.353
93.353
93.259
93.353
93.259
93.166
93.166
93.259
93.352
93.446
93.352
93.352
93.352
94.286
94.286
84.857
84.942
85.027
85.112
85.197
85.112
85.027
84.942
84.857
84.772
84.687
84.603
84.687
84.687
84.603
84.687
84.602
84.518
84.602
84.687
84.772
84.856
84.856
84.941
85.026
85.111
85.111
85.026
84.941
84.856
84.771
84.771
84.856
84.856
84.856
84.771
84.686
84.771
84.686
84.686
84.771
84.686
84.771
84.771
84.686
84.686
84.686
84.771
84.771
84.771
84.856
84.771
84.686
84.771
84.771
84.686
84.771
84.686
84.601
84.601
84.517
84.432
84.516
84.432
84.348
84.348
84.348
84.432
84.347
84.347
84.432
84.516
84.432
84.516
84.601
84.685
84.685
84.601
84.601
84.601
84.516
84.516
84.431
84.516
84.431
84.347
84.347
84.347
84.347
83.503
83.503
91.854
91.854
91.762
91.762
91.67
91.67
91.579
91.487
91.487
91.487
90.572
90.572
99.629
99.53
99.629
99.53
99.43
99.43
99.529
99.529
99.529
99.529
99.529
99.43
99.529
99.629
99.529
99.629
99.728
99.728
99.629
99.529
99.629
99.529
99.529
99.429
99.33
99.231
99.131
99.231
99.33
99.33
99.429
99.429
99.429
99.529
99.529
99.429
99.429
99.33
99.429
99.33
99.429
99.329
99.329
99.23
99.329
99.329
99.23
99.23
99.131
99.032
99.131
99.23
99.329
99.428
99.329
99.428
99.329
99.428
99.428
99.329
99.229
99.13
99.229
99.13
99.031
98.932
98.932
98.932
99.921
99.921
89.929
90.019
90.109
90.019
90.019
90.019
89.929
90.019
89.929
89.929
89.929
89.03
89.03
97.932
98.03
97.932
97.834
97.737
97.639
97.639
97.737
97.639
97.639
97.639
97.639
97.639
97.541
97.541
97.639
97.639
97.541
97.639
97.639
97.639
97.736
97.834
97.932
98.03
98.128
98.226
98.128
98.128
98.226
98.324
98.226
98.226
98.226
98.226
98.226
97.243
97.243
106.97
106.86
106.86
106.75
106.86
106.97
107.07
107.07
107.07
106
106
116.6
116.6
116.6
116.6
116.6
116.6
117.77
117.77
105.99
105.89
105.99
105.89
105.99
105.99
105.99
105.99
107.05
107.05
96.348
96.348
96.348
96.444
96.348
96.444
96.444
96.444
96.347
96.444
96.444
96.347
96.444
96.347
96.444
96.444
96.347
96.347
96.347
97.311
97.311
87.58
87.492
87.404
87.492
87.492
87.492
87.492
87.404
87.404
87.404
87.492
87.579
87.492
87.492
87.404
87.404
87.404
87.404
87.404
88.278
88.278
79.45
79.53
79.609
79.609
79.53
79.609
79.53
79.53
79.609
79.53
79.53
79.53
79.609
79.53
79.53
79.45
79.45
79.45
79.45
79.371
79.45
79.45
79.529
79.529
79.529
79.529
79.45
79.45
79.529
79.45
79.529
79.529
79.609
79.609
79.688
79.688
79.768
79.848
79.848
79.928
80.008
80.088
80.168
80.248
80.328
80.408
80.489
80.569
80.569
80.489
80.408
80.408
80.408
80.328
80.328
80.328
80.248
80.167
80.167
80.167
80.167
80.087
80.087
80.007
80.087
80.007
80.087
80.087
80.087
80.167
80.167
80.247
80.327
80.408
80.488
80.488
80.569
80.569
80.569
80.488
80.408
80.488
80.408
80.327
80.247
80.167
80.086
80.006
80.086
80.006
80.086
80.006
80.086
80.166
80.246
80.246
80.166
80.086
80.166
80.166
80.086
80.166
80.166
80.166
80.246
80.326
80.407
80.326
80.246
80.326
80.326
80.326
80.326
80.326
81.13
81.13
73.017
73.09
73.163
73.09
73.09
73.09
73.163
73.163
73.236
73.309
73.236
73.162
73.162
73.162
73.089
73.016
72.943
72.87
72.87
72.87
72.943
73.016
72.943
73.016
73.089
73.162
73.162
73.162
73.162
73.089
73.162
73.089
73.016
73.089
73.016
73.016
73.016
73.746
73.746
66.371
66.371
66.371
65.708
65.708
72.278
72.206
72.206
72.134
72.062
72.134
72.134
72.062
72.062
71.99
71.918
71.918
71.918
71.846
71.774
71.774
71.702
71.702
71.63
71.559
71.63
71.63
71.702
71.63
71.702
71.774
71.845
71.845
71.773
71.773
71.773
71.845
71.773
71.702
71.702
71.63
71.558
71.487
71.487
71.415
71.415
71.344
71.272
71.201
71.272
71.344
71.415
71.486
71.558
71.558
71.629
71.558
71.486
71.558
71.558
71.629
71.629
71.701
71.701
71.773
71.773
71.773
71.773
71.701
71.629
71.558
71.558
71.486
71.486
71.415
71.415
71.486
71.486
71.414
71.343
71.343
71.272
71.2
71.272
71.343
71.343
71.414
71.486
71.486
71.557
71.486
71.486
71.486
71.557
71.629
71.557
71.485
71.414
71.343
71.271
71.342
71.414
71.485
71.414
71.342
71.271
71.342
71.342
71.271
71.2
71.128
71.128
71.057
70.986
70.915
70.844
70.915
70.915
70.844
70.773
70.703
70.773
70.773
70.844
70.844
70.844
70.915
70.986
70.986
70.915
70.844
70.773
70.773
70.773
70.844
70.773
70.773
70.702
70.773
70.844
70.915
70.986
70.986
70.986
71.057
71.128
71.056
71.128
71.056
71.056
71.127
71.056
71.127
71.127
71.056
71.127
71.127
71.127
71.198
71.27
71.27
71.341
71.412
71.484
71.412
71.341
71.341
71.412
71.341
71.269
71.198
71.198
71.198
71.269
71.341
71.412
71.483
71.483
71.412
71.483
71.555
71.626
71.555
71.555
71.483
71.483
71.412
71.34
71.412
71.34
71.34
71.34
71.411
71.34
71.34
71.411
71.34
71.269
71.197
71.126
71.197
71.268
71.268
71.197
71.197
71.197
71.909
71.909
64.718
64.654
64.654
64.589
64.653
64.653
64.653
64.589
64.589
64.589
65.235
65.235
58.711
58.711
58.653
58.653
58.711
58.77
58.711
58.711
58.652
58.594
58.652
58.652
58.652
58.066
58.066
63.872
63.936
63.936
64
64.064
64
64
64.064
64.064
64.128
64.064
64.064
64.064
64.064
63.423
63.423
69.766
69.696
69.696
69.626
69.557
69.557
69.557
69.626
69.557
69.557
69.557
69.557
70.252
70.252
63.227
63.29
63.354
63.354
63.354
63.354
63.354
62.72
62.72
68.992
68.923
68.923
68.992
68.992
68.923
68.992
68.923
68.923
68.992
68.923
68.992
68.992
68.992
68.992
68.923
68.923
68.854
68.854
68.854
68.785
68.785
68.785
68.716
68.647
68.579
68.51
68.442
68.442
68.442
68.373
68.442
68.51
68.442
68.51
68.441
68.51
68.441
68.441
68.441
68.51
68.441
68.51
68.578
68.51
68.51
68.51
68.441
68.441
68.441
68.373
68.441
68.373
68.373
68.373
68.373
68.304
68.236
68.168
68.236
68.236
68.236
68.168
68.168
68.168
68.168
68.168
68.1
68.031
68.031
67.963
68.031
68.031
68.031
68.712
68.712
61.841
61.779
61.779
61.779
61.84
61.779
61.84
61.84
61.902
61.84
61.84
61.84
61.84
61.902
61.902
61.902
61.964
62.026
61.964
62.026
61.964
61.902
61.84
61.778
61.716
61.716
61.778
61.778
61.778
61.778
61.716
61.778
61.716
61.655
61.655
61.593
61.655
61.655
61.716
61.778
61.716
61.654
61.593
61.593
61.654
61.716
61.654
61.716
61.654
61.716
61.716
61.654
61.593
61.593
61.531
61.531
61.469
61.469
61.408
61.469
61.469
61.408
61.347
61.347
61.408
61.346
61.285
61.285
61.285
61.224
61.285
61.224
61.224
61.224
61.163
61.163
61.224
61.285
61.346
61.346
61.346
61.96
61.96
55.764
55.819
55.764
55.708
55.652
55.597
55.652
55.708
55.763
55.708
55.708
55.652
55.596
55.652
55.652
55.652
55.596
55.541
55.541
55.485
55.43
55.43
55.374
55.43
55.43
55.485
55.541
55.541
55.485
55.485
55.485
56.04
56.04
50.436
50.385
50.335
50.285
50.234
50.285
50.335
50.285
50.335
50.385
50.385
50.385
50.385
50.436
50.436
50.385
50.436
50.385
50.385
50.435
50.385
50.335
50.284
50.335
50.335
50.335
50.284
50.335
50.385
50.385
50.435
50.385
50.334
50.334
50.334
49.831
49.831
54.814
54.759
54.705
54.705
54.705
54.759
54.705
54.705
54.705
54.759
54.814
54.759
54.705
54.705
54.65
54.65
54.704
54.704
54.759
54.814
54.759
54.704
54.704
54.704
54.704
54.65
54.704
54.65
54.704
54.759
54.704
54.649
54.649
54.704
54.759
54.704
54.704
54.704
54.759
54.704
54.649
54.649
54.595
54.595
54.595
54.649
54.595
54.54
54.54
54.54
54.54
54.485
54.54
54.54
54.594
54.649
54.594
54.594
54.649
54.649
54.649
54.594
54.594
54.594
54.649
54.704
54.758
54.704
54.704
54.758
54.813
54.813
54.813
54.813
54.813
54.813
54.758
54.703
54.703
54.758
54.758
54.758
54.758
54.813
54.868
54.813
54.868
54.923
54.977
54.923
54.977
54.922
54.868
54.813
54.867
54.867
54.867
54.922
54.922
54.922
54.977
54.977
54.977
54.922
54.867
54.922
54.867
54.922
54.922
54.922
54.922
54.922
54.867
54.812
54.867
54.812
54.758
54.758
54.758
54.703
54.757
54.812
54.757
54.757
54.703
54.703
54.703
54.648
54.703
54.703
54.648
54.648
54.703
54.648
54.702
54.702
54.648
54.593
54.539
54.593
54.648
54.593
54.593
54.593
54.593
54.648
54.648
54.593
54.593
54.538
54.593
54.593
54.593
54.648
54.702
54.647
54.702
54.647
54.702
54.647
54.647
54.702
54.702
54.702
54.155
54.155
59.57
59.57
59.63
59.69
59.69
59.63
59.69
59.749
59.749
59.69
59.63
59.63
59.57
59.63
59.63
59.57
59.511
59.511
59.57
59.511
59.511
59.511
59.451
59.392
59.332
59.273
59.273
59.332
59.391
59.451
59.391
59.332
59.273
59.332
59.332
59.391
59.332
59.332
59.273
59.213
59.213
59.154
59.095
59.036
59.036
58.977
58.918
58.918
58.977
58.918
58.977
59.036
58.977
58.918
58.977
58.918
58.976
59.035
59.035
59.095
59.035
59.094
59.035
58.976
58.976
58.917
58.858
58.8
58.741
58.8
58.741
58.741
58.799
58.799
58.741
58.682
58.623
58.682
58.623
58.565
58.565
58.623
58.564
58.623
58.623
58.623
58.623
58.682
58.623
58.623
58.564
58.564
58.564
58.623
58.623
58.682
58.623
58.564
58.564
58.623
58.623
58.681
58.623
58.623
58.623
58.623
58.564
58.506
58.506
58.506
58.506
58.506
58.447
58.389
58.33
58.272
58.214
58.272
58.272
58.272
58.855
58.855
52.969
52.916
52.863
52.916
52.863
52.863
52.916
52.863
52.81
52.81
52.757
52.705
52.652
52.705
52.652
52.652
52.705
52.705
52.757
52.81
52.81
52.757
52.757
52.81
52.863
52.916
52.969
52.916
52.916
52.916
52.916
52.916
52.386
52.386
57.625
57.625
57.049
57.049
62.754
62.754
62.691
62.754
62.754
62.691
62.628
62.691
62.628
62.628
62.566
62.566
62.503
62.44
62.44
62.44
62.378
62.316
62.316
62.316
62.253
62.316
62.316
62.316
62.316
62.253
62.316
62.253
62.253
62.253
62.191
62.253
62.191
62.191
62.191
62.191
62.191
62.813
62.813
56.532
56.475
56.475
56.419
56.475
56.418
56.362
56.418
56.475
56.531
56.588
56.588
56.644
56.701
56.701
56.644
56.644
56.588
56.644
56.701
56.644
56.644
56.701
56.701
56.701
56.644
56.644
56.644
56.644
57.211
57.211
51.49
51.49
50.975
50.975
56.072
56.016
56.016
56.016
55.456
55.456
61.001
61.062
61.001
60.94
61.001
60.94
60.94
60.879
60.879
60.94
60.879
60.94
61.001
60.94
60.879
60.94
60.879
60.818
60.879
60.94
60.879
60.879
60.879
61.488
61.488
55.339
55.394
55.45
55.394
55.394
55.339
55.284
55.339
55.339
55.339
55.394
55.339
55.284
55.228
55.283
55.228
55.228
55.228
55.283
55.283
55.339
55.283
55.283
55.283
55.228
55.173
55.118
55.173
55.228
55.283
55.228
55.173
55.228
55.283
55.338
55.338
55.338
55.394
55.394
55.394
55.449
55.449
55.449
55.394
55.338
55.394
55.449
55.449
55.394
55.394
55.338
55.338
55.283
55.338
55.393
55.449
55.393
55.393
55.393
55.338
55.283
55.338
55.338
55.338
55.338
55.283
55.227
55.227
55.227
55.172
55.227
55.172
55.117
55.062
55.062
55.062
55.062
55.062
55.007
55.062
55.117
55.117
55.117
55.117
55.172
55.172
55.117
55.117
55.117
55.117
55.117
55.117
55.117
55.172
55.117
55.172
55.117
55.061
55.061
55.061
54.511
54.511
59.962
59.962
60.022
60.022
59.962
60.022
60.022
60.022
60.622
60.622
54.56
54.56
54.56
54.614
54.614
54.56
54.614
54.614
54.669
54.669
54.669
54.724
54.669
54.724
54.724
54.778
54.724
54.669
54.614
54.559
54.614
54.669
54.723
54.778
54.833
54.833
54.778
54.833
54.833
54.888
54.888
54.833
54.833
54.888
54.833
54.778
54.833
54.887
54.887
54.887
54.942
54.997
55.052
54.997
55.052
55.052
55.107
55.162
55.162
55.107
55.107
55.107
55.107
54.556
54.556
60.012
60.012
59.952
59.892
59.832
59.832
59.832
59.772
59.832
59.832
59.772
59.712
59.772
59.772
59.832
59.772
59.712
59.712
59.712
59.772
59.772
59.832
59.772
59.772
59.832
59.891
59.831
59.891
59.891
59.891
59.951
59.951
60.011
59.951
60.011
59.951
60.011
60.071
60.011
59.951
59.891
59.831
59.891
59.831
59.771
59.831
59.891
59.831
59.831
59.771
59.831
59.891
59.891
59.891
59.891
60.49
60.49
54.441
54.386
54.386
54.386
54.386
53.842
53.842
59.227
59.227
59.286
59.227
59.286
59.226
59.286
59.286
59.226
59.286
59.286
59.286
59.226
59.167
59.108
59.108
59.167
59.108
59.108
59.049
58.99
58.931
58.872
58.931
58.931
58.931
58.872
58.931
58.872
58.872
58.931
58.99
58.931
58.872
58.93
58.989
58.93
58.871
58.813
58.813
58.813
58.754
58.754
58.754
58.166
58.166
63.983
63.919
63.855
63.855
63.791
63.791
63.855
63.791
63.791
63.791
63.153
63.153
69.468
69.538
69.538
69.538
69.607
69.677
69.677
69.677
69.677
69.747
69.747
69.747
69.677
69.607
69.607
69.607
69.538
69.607
69.677
69.607
69.677
69.607
69.538
69.607
69.677
69.677
69.607
69.607
69.537
69.468
69.398
69.468
69.468
69.537
69.537
69.537
69.607
69.537
69.537
69.537
68.842
68.842
75.726
75.65
75.726
75.65
75.65
75.575
75.575
75.65
75.574
75.574
75.65
75.574
75.574
75.574
75.499
75.499
75.574
75.499
75.574
75.574
75.574
75.65
75.65
75.725
75.725
75.725
75.65
75.65
75.65
75.574
75.499
75.574
75.574
75.498
75.498
75.498
75.498
75.498
75.423
75.348
75.423
75.347
75.423
75.423
75.347
75.347
75.272
75.197
75.272
75.347
75.347
75.347
75.423
75.423
75.423
75.498
75.498
75.573
75.498
75.573
75.573
75.573
75.498
75.498
75.573
75.649
75.573
75.649
75.573
75.498
75.498
75.422
75.422
75.422
75.347
75.271
75.196
75.196
75.196
75.948
75.948
68.353
68.353
68.353
68.422
68.353
68.353
68.422
68.49
68.558
68.558
68.558
68.558
68.558
68.49
68.558
68.49
68.558
68.49
68.49
68.49
68.558
68.558
68.627
68.627
68.627
68.627
68.627
68.695
68.764
68.695
68.695
68.764
68.764
68.833
68.902
68.971
69.039
68.97
68.901
68.901
68.901
68.901
68.833
68.833
68.901
68.901
68.97
68.97
69.039
69.039
69.108
69.177
69.177
69.247
69.316
69.316
69.316
69.385
69.316
69.246
69.177
69.246
69.246
69.316
69.316
69.385
69.385
69.385
69.454
69.454
69.385
69.316
69.246
69.315
69.315
69.246
69.177
69.108
69.108
69.108
69.177
69.108
69.177
69.177
69.177
69.869
69.869
62.882
62.819
62.756
62.819
62.882
62.944
63.007
63.07
63.07
63.133
63.197
63.197
63.197
63.26
63.26
63.197
63.197
63.26
63.26
63.26
63.26
63.323
63.323
63.323
63.26
63.323
63.386
63.386
63.45
63.386
63.386
63.386
62.752
62.752
69.028
68.958
68.958
68.958
68.958
68.958
68.958
69.648
69.648
62.683
62.746
62.809
62.872
62.934
62.934
62.997
62.934
62.871
62.934
62.934
62.997
62.997
63.06
63.123
63.186
63.186
63.25
63.313
63.376
63.439
63.439
63.439
63.439
63.376
63.313
63.313
63.313
63.376
63.313
63.313
63.313
62.679
62.679
68.947
68.947
68.947
69.016
68.947
69.016
69.016
69.085
69.085
69.154
69.154
69.085
69.085
69.154
69.085
69.154
69.223
69.293
69.223
69.154
69.085
69.085
69.085
69.016
69.016
69.085
69.016
69.016
69.016
69.016
68.947
69.016
69.085
69.016
69.016
68.947
68.947
68.947
69.016
69.085
69.085
69.016
69.085
69.085
69.015
68.946
69.015
69.015
69.015
68.946
68.946
69.015
68.946
68.946
69.015
69.015
68.946
68.877
68.877
68.808
68.808
68.74
68.671
68.602
68.602
68.671
68.739
68.739
68.671
68.739
68.739
68.671
68.739
68.739
68.671
68.739
68.671
68.671
68.739
68.808
68.877
68.946
68.877
68.946
68.877
68.946
68.877
68.808
68.876
68.945
68.945
68.945
68.876
68.945
68.945
68.945
69.014
68.945
68.876
68.876
68.945
68.945
68.876
68.876
68.807
68.876
68.807
68.807
68.876
68.876
68.945
69.014
68.945
68.876
68.807
68.738
68.807
68.807
68.876
68.945
68.945
68.876
68.876
68.945
68.876
68.945
68.876
68.807
68.876
68.876
68.807
68.738
68.738
68.807
68.807
68.807
68.875
68.807
68.875
68.806
68.738
68.806
68.806
68.875
68.944
69.013
69.013
69.082
69.082
69.082
68.391
68.391
75.23
75.306
75.381
75.381
75.305
75.305
75.381
75.305
75.305
75.381
75.381
75.456
75.381
75.305
75.23
75.23
75.305
75.305
75.305
74.552
74.552
82.007
81.925
81.925
81.843
81.762
81.843
81.761
81.761
81.68
81.761
81.68
81.761
81.843
81.761
81.843
81.925
81.925
81.925
81.925
82.007
81.925
81.925
81.925
81.925
81.843
81.843
81.925
81.925
82.007
82.089
82.171
82.089
82.089
82.006
81.924
82.006
82.088
82.006
81.924
82.006
82.006
81.924
82.006
82.088
82.17
82.17
82.17
82.088
82.088
82.17
82.17
82.17
82.17
82.17
82.17
82.088
82.006
82.006
81.924
82.006
81.924
82.006
82.088
82.006
82.088
82.006
82.088
82.088
82.088
82.17
82.17
82.252
82.334
82.252
82.252
82.334
82.252
82.334
82.416
82.499
82.581
82.581
82.499
82.416
82.334
82.416
82.416
82.334
82.416
82.498
82.498
82.498
82.416
82.498
82.581
82.581
82.498
82.498
82.498
81.673
81.673
89.84
89.93
89.93
89.93
89.84
89.93
89.84
89.75
89.84
89.84
89.93
90.02
89.93
90.02
90.11
90.11
90.11
90.11
90.02
90.02
90.11
90.2
90.11
90.02
90.02
90.02
89.93
89.93
89.84
89.84
89.929
90.019
89.929
90.019
90.019
90.019
90.92
90.92
81.828
81.909
81.909
81.827
81.827
81.746
81.664
81.582
81.501
81.501
81.501
80.686
80.686
88.754
88.843
88.754
88.754
88.754
88.843
88.843
88.754
88.665
88.577
88.665
88.665
88.577
88.577
88.577
88.665
88.576
88.488
88.576
88.665
88.576
88.665
88.576
88.488
88.399
88.399
88.399
88.399
88.488
88.488
88.488
88.488
89.372
89.372
80.435
80.435
80.355
80.274
80.194
80.114
80.034
79.954
80.034
80.034
80.034
80.114
80.034
79.954
80.034
79.954
79.954
79.954
79.874
79.953
79.953
79.873
79.794
79.794
79.873
79.873
79.794
79.873
79.953
79.953
79.953
79.953
79.873
79.953
80.033
80.033
80.033
79.953
79.953
79.953
79.953
80.033
80.033
79.953
79.873
79.953
79.953
80.033
80.113
80.113
80.193
80.193
80.193
80.193
80.995
80.995
72.895
72.968
73.041
73.041
73.114
73.187
73.187
73.114
73.114
73.187
73.187
73.114
73.187
73.26
73.26
73.26
73.334
73.407
73.48
73.48
73.407
73.407
73.407
72.673
72.673
79.94
80.02
79.94
79.86
79.86
79.86
79.86
80.659
80.659
72.593
72.593
71.867
71.867
79.054
79.054
79.133
79.212
79.212
79.291
79.291
79.212
79.133
79.053
79.133
79.133
79.133
79.924
79.924
71.931
71.931
71.931
72.003
72.075
72.003
72.075
72.147
72.22
72.292
72.219
72.219
72.219
72.292
72.219
72.147
72.075
72.075
72.075
72.075
71.354
71.354
78.49
78.49
77.705
77.705
85.475
85.561
85.646
85.732
85.646
85.646
85.561
85.646
85.732
85.818
85.732
85.732
85.646
85.732
85.646
85.56
85.56
85.56
85.56
86.416
86.416
77.774
77.696
77.696
77.619
77.541
77.541
77.619
77.541
77.464
77.464
77.386
77.309
77.309
77.309
77.309
77.309
77.309
77.231
77.154
77.231
77.154
77.077
77.154
77.077
77.077
77.154
77.077
77
76.923
76.846
76.923
77
76.923
76.846
76.769
76.846
76.922
76.922
76.922
76.999
76.922
76.999
76.999
76.999
76.922
76.999
76.922
76.922
76.845
76.922
76.845
76.845
76.845
76.845
76.768
76.845
76.922
76.999
76.922
76.922
76.999
76.999
76.999
76.999
77.076
76.999
76.922
76.922
76.999
76.999
77.076
77.076
77.153
77.153
77.153
76.381
76.381
84.019
84.019
84.019
84.019
83.935
84.019
84.019
84.019
83.935
83.935
84.019
83.935
83.851
83.935
84.019
83.935
83.851
83.935
84.019
83.935
83.851
83.767
83.767
83.683
83.6
83.683
83.683
83.767
83.683
83.767
83.683
83.767
83.85
83.85
83.85
83.85
83.85
83.934
83.934
83.934
83.85
83.766
83.766
83.85
83.85
83.766
83.85
83.934
83.934
83.934
83.85
83.934
84.018
83.934
84.018
84.018
84.018
84.102
84.102
84.186
84.102
84.102
84.018
84.102
84.018
83.934
83.934
84.017
84.101
84.186
84.186
84.186
84.27
84.27
84.354
84.438
84.438
84.354
84.354
84.354
84.354
84.27
84.354
84.269
84.185
84.269
84.269
84.354
84.269
84.354
84.438
84.522
84.522
84.438
84.353
84.438
84.522
84.607
84.522
84.522
84.607
84.691
84.691
84.776
84.861
84.776
84.861
84.776
84.776
84.691
84.691
84.691
84.776
84.776
84.86
84.776
84.86
84.945
84.86
84.945
85.03
85.03
85.115
85.03
85.115
85.115
85.03
85.115
85.2
85.115
85.03
85.115
85.115
85.115
85.2
85.2
85.115
85.115
85.2
85.285
85.2
85.2
85.2
85.2
85.285
85.2
85.2
85.2
86.052
86.052
77.446
77.524
77.446
77.369
77.292
77.369
77.369
77.292
77.214
77.137
77.214
77.291
77.291
77.291
77.214
77.291
77.291
77.291
77.369
77.446
77.369
77.369
77.369
77.369
77.369
77.369
77.369
77.446
77.368
77.368
77.446
77.368
77.368
77.368
77.291
77.368
77.446
77.523
77.601
77.601
77.678
77.756
77.756
77.678
77.756
77.834
77.756
77.678
77.756
77.756
77.678
77.6
77.6
77.678
77.678
77.6
77.523
77.523
77.523
77.6
77.6
77.678
77.678
77.755
77.755
77.833
77.911
77.911
77.911
77.989
77.989
77.989
78.067
78.067
77.989
77.911
77.911
77.833
77.833
77.833
77.833
77.833
77.911
77.833
77.833
77.755
77.677
77.6
77.522
77.599
77.677
77.755
77.832
77.91
77.91
77.988
78.066
78.066
77.988
77.988
78.066
77.988
77.988
78.066
78.066
77.988
77.988
78.066
78.066
77.988
77.91
77.91
77.91
77.91
77.832
77.832
77.91
77.91
77.832
77.754
77.676
77.676
77.599
77.521
77.521
77.521
77.599
77.676
77.599
77.521
77.443
77.366
77.443
77.443
77.521
77.443
77.521
77.598
77.521
77.598
77.676
77.598
77.52
77.443
77.365
77.288
77.211
77.134
77.056
77.134
77.056
77.133
77.056
77.133
77.211
77.133
77.21
77.133
77.133
77.056
76.979
76.902
76.825
76.825
76.825
76.902
76.902
76.979
76.979
77.056
77.056
77.133
77.056
77.133
77.133
77.056
76.979
76.902
76.902
76.979
77.056
77.133
77.133
77.21
77.21
77.133
77.21
77.21
77.132
77.21
77.132
77.132
77.132
77.055
76.978
76.978
77.055
76.978
76.901
76.824
76.747
76.671
76.671
76.671
76.594
76.594
76.517
76.441
76.517
76.594
76.594
76.594
75.828
75.828
83.411
83.411
83.494
83.578
83.494
83.578
83.661
83.577
83.494
83.41
83.327
83.41
83.327
83.244
83.244
83.16
83.16
83.16
83.243
83.243
83.243
83.243
83.243
83.16
83.077
82.994
83.077
83.077
83.16
83.243
83.16
83.077
83.077
83.16
83.243
83.243
83.326
83.243
83.16
83.077
82.993
82.91
82.993
82.993
82.993
82.91
82.993
82.91
82.827
82.827
82.745
82.827
82.745
82.827
82.91
82.827
82.827
82.744
82.662
82.579
82.496
82.414
82.414
82.496
82.579
82.661
82.744
82.744
82.827
82.91
82.91
82.827
82.744
82.827
82.827
82.827
82.909
82.909
82.909
82.909
82.08
82.08
90.288
90.288
90.379
90.379
90.379
89.475
89.475
98.422
98.324
98.324
98.226
98.226
98.226
98.127
98.029
97.931
97.931
97.931
97.931
98.029
97.931
97.931
97.931
98.029
98.029
98.127
98.029
97.931
97.833
97.931
98.029
98.029
97.931
97.931
97.833
97.735
97.637
97.54
97.54
97.442
97.442
97.442
98.416
98.416
88.575
88.663
88.752
88.663
88.663
88.752
88.752
88.752
88.752
88.841
88.93
88.93
88.93
88.841
88.752
88.663
88.663
88.663
88.574
88.574
88.663
88.663
88.574
88.574
88.574
88.486
88.574
88.663
88.751
88.84
88.929
89.018
88.929
88.929
88.929
88.84
88.751
88.84
88.929
88.84
88.84
88.84
88.751
88.84
88.84
88.929
89.018
88.928
88.84
88.751
88.839
88.839
88.751
88.839
88.928
89.017
88.928
89.017
88.928
88.839
88.839
88.75
88.839
88.75
88.839
88.839
88.928
89.017
89.017
89.017
89.017
89.017
88.928
88.928
88.928
88.038
88.038
96.842
96.842
96.842
96.939
96.939
96.939
96.939
96.939
96.939
96.842
96.939
96.842
96.745
96.745
96.648
96.745
96.745
96.842
96.842
96.745
96.648
96.552
96.552
96.455
96.455
96.359
96.262
96.262
96.166
96.166
96.166
96.262
96.358
96.455
96.358
96.455
96.551
96.648
96.744
96.744
96.648
96.744
96.648
96.551
96.647
96.551
96.647
96.551
96.454
96.551
96.647
96.647
96.647
97.614
97.614
87.852
87.852
87.764
87.852
87.764
87.677
87.677
87.764
87.676
87.589
87.501
87.501
87.414
87.326
87.239
87.152
87.065
86.977
87.064
87.152
87.064
87.151
87.239
87.239
87.151
87.151
87.151
87.151
87.238
87.326
87.326
87.413
87.413
87.326
87.326
87.326
87.238
87.238
87.238
87.238
87.238
87.326
87.413
87.413
87.5
87.5
87.588
87.675
87.675
87.675
87.763
87.763
87.763
87.763
87.763
87.851
87.851
87.851
86.972
86.972
95.67
95.574
95.574
95.669
95.765
95.669
95.669
95.669
95.574
95.478
95.383
95.287
95.192
95.287
95.192
95.097
95.097
95.192
95.192
95.192
95.097
95.097
95.192
95.192
95.287
95.287
95.382
95.478
95.382
95.382
95.477
95.382
95.477
95.573
95.668
95.573
95.477
95.382
95.382
95.477
95.382
95.477
95.477
95.477
95.477
96.432
96.432
86.789
86.789
86.875
86.788
86.702
86.788
86.788
86.702
86.615
86.528
86.442
86.355
86.442
86.355
86.355
86.269
86.183
86.183
86.183
86.096
86.01
86.096
86.182
86.269
86.355
86.441
86.441
86.441
86.355
86.355
86.268
86.355
86.268
86.182
86.096
86.182
86.096
86.096
86.182
86.268
86.268
86.182
86.096
86.01
86.01
86.01
85.149
85.149
93.664
93.571
93.477
93.477
93.477
93.477
93.477
93.571
93.571
93.571
93.477
93.477
93.571
93.664
93.758
93.758
93.852
93.758
93.758
93.851
93.758
93.758
93.758
94.695
94.695
85.226
85.14
85.226
85.14
85.14
85.225
85.14
85.055
84.97
85.055
84.97
84.885
84.97
84.97
84.97
84.885
84.885
84.97
84.885
84.885
84.885
85.734
85.734
77.16
77.083
77.16
77.237
77.16
77.237
77.16
77.237
77.16
77.237
77.314
77.237
77.314
77.314
77.392
77.314
77.237
77.16
77.083
77.083
77.16
77.237
77.237
77.314
77.237
77.237
77.237
77.237
77.314
77.237
77.159
77.237
77.314
77.391
77.314
77.236
77.236
77.236
77.236
76.464
76.464
84.11
84.11
84.11
84.11
84.026
84.026
84.026
84.867
84.867
76.38
76.304
76.227
76.303
76.38
76.303
76.303
76.38
76.38
76.303
76.38
76.303
76.38
76.303
76.379
76.303
76.379
76.303
76.227
76.303
76.227
76.227
76.303
76.227
76.227
76.15
76.226
76.226
76.226
76.226
76.226
76.303
76.226
76.303
76.379
76.303
76.379
76.302
76.302
76.302
76.302
76.302
77.066
77.066
69.359
69.428
69.428
69.498
69.428
69.359
69.359
69.359
69.359
69.428
69.498
69.567
69.498
69.567
69.637
69.637
69.567
69.637
69.706
69.706
69.636
69.706
69.706
69.636
69.636
69.636
69.636
69.706
69.706
69.706
70.403
70.403
63.363
63.426
63.426
63.426
62.792
62.792
69.071
69.14
69.071
69.002
69.002
69.002
69.071
69.002
69.002
69.071
69.002
69.002
69.071
69.14
69.14
69.209
69.278
69.278
69.347
69.417
69.417
69.486
69.417
69.486
69.556
69.486
69.556
69.556
69.556
68.86
68.86
75.746
75.746
75.746
75.746
75.746
75.746
75.822
75.822
75.822
75.822
75.898
75.974
75.898
75.973
75.897
75.973
75.897
75.897
75.973
76.049
76.125
76.049
76.125
76.125
76.049
76.049
75.973
76.049
76.125
76.049
76.049
75.973
75.973
76.049
75.973
75.973
76.049
75.973
75.897
75.973
75.897
75.897
75.897
75.897
75.973
75.897
75.821
75.745
75.821
75.821
75.745
75.745
75.821
75.821
75.821
75.745
75.821
75.896
75.896
75.972
75.972
75.896
75.896
75.972
75.972
76.048
75.972
75.972
75.972
76.048
76.048
76.124
76.124
76.048
76.124
76.124
76.048
76.124
76.2
76.124
76.124
76.2
76.276
76.276
76.2
76.124
76.048
76.048
76.048
76.048
76.048
76.124
76.124
76.2
76.276
76.2
76.2
76.2
76.123
76.2
76.123
76.2
76.123
76.123
76.199
76.276
76.276
76.352
76.276
76.199
76.123
76.123
76.199
76.123
76.047
75.971
75.971
76.047
75.971
76.047
75.971
75.971
75.971
75.971
75.971
75.971
76.73
76.73
69.057
69.126
69.126
69.196
69.265
69.265
69.195
69.195
69.265
69.334
69.403
69.403
69.334
69.403
69.473
69.403
69.403
69.403
69.334
69.264
69.334
69.334
69.264
69.334
69.334
69.264
69.334
69.334
69.264
69.195
69.126
69.126
69.126
69.126
69.195
69.264
69.264
69.333
69.403
69.333
69.264
69.264
69.264
69.264
69.195
69.195
69.125
69.056
69.125
69.056
68.987
68.987
68.918
68.987
69.056
69.056
69.125
69.194
69.264
69.264
69.333
69.263
69.194
69.125
69.194
69.125
69.056
68.987
68.987
69.056
68.987
68.918
68.849
68.918
68.918
68.849
68.849
68.78
68.78
68.78
68.849
68.917
68.917
68.917
68.228
68.228
75.051
75.051
74.976
74.901
74.976
74.901
74.901
74.826
74.901
74.976
75.051
75.126
75.126
75.051
75.126
75.051
74.976
74.901
74.826
74.751
74.826
74.826
74.9
74.826
74.9
74.975
74.975
74.9
74.9
74.975
75.05
74.975
74.975
75.05
75.125
75.125
75.125
75.125
75.05
75.125
75.125
75.2
75.275
75.351
75.351
75.351
75.426
75.426
75.501
75.426
75.426
75.501
75.577
75.501
75.426
75.35
75.275
75.2
75.2
75.125
75.049
75.125
75.049
74.974
75.049
75.124
75.124
75.124
75.199
75.275
75.275
75.275
75.35
75.425
75.425
75.35
75.35
75.275
75.199
75.124
75.124
75.049
75.124
75.049
74.974
74.974
74.974
74.899
74.899
74.899
74.974
74.974
74.899
74.824
74.824
74.824
74.749
74.749
74.824
74.749
74.824
74.899
74.824
74.824
74.824
74.898
74.824
74.749
74.749
74.674
74.674
74.674
74.599
74.599
74.674
74.674
74.749
74.749
74.823
74.823
74.898
74.973
74.898
74.898
74.823
74.748
74.823
74.748
74.674
74.748
74.748
74.823
74.748
74.673
74.599
74.673
74.673
74.748
74.823
74.898
74.823
74.897
74.897
74.897
74.972
74.897
74.972
74.972
75.047
75.122
75.122
75.122
75.047
75.122
75.047
75.122
75.122
75.047
75.122
75.047
75.122
75.122
75.197
75.197
75.122
75.122
75.197
75.122
75.197
75.122
75.197
75.197
75.122
75.122
75.122
75.197
75.272
75.272
75.197
75.272
75.197
75.272
75.197
75.121
75.197
75.197
75.197
75.197
75.197
75.121
75.196
75.196
75.272
75.347
75.347
75.272
75.347
75.347
75.347
75.272
75.272
75.347
75.347
75.347
76.1
76.1
68.49
68.559
68.559
68.559
68.627
68.696
68.765
68.833
68.765
68.765
68.833
68.902
68.833
68.764
68.696
68.696
68.696
68.696
68.696
68.627
68.696
68.627
68.558
68.49
68.421
68.353
68.421
68.49
68.558
68.558
68.489
68.489
68.489
68.489
68.421
68.421
68.421
68.421
68.489
68.489
68.421
68.353
68.421
68.352
68.352
68.284
68.352
68.284
68.216
68.216
68.148
68.216
68.147
68.079
68.079
68.079
68.079
67.399
67.399
74.138
74.213
74.287
74.212
74.138
74.138
74.212
74.287
74.287
74.212
74.138
74.212
74.286
74.212
74.286
74.212
74.212
74.286
74.361
74.286
74.286
74.286
74.36
74.286
74.36
74.286
74.36
74.435
74.435
74.509
74.584
74.658
74.658
74.584
74.658
74.733
74.658
74.658
74.733
74.658
74.733
74.733
74.807
74.807
74.733
74.658
74.583
74.658
74.658
74.658
74.658
74.732
74.732
74.658
74.583
74.583
74.658
74.732
74.658
74.658
74.583
74.657
74.657
74.732
74.657
74.732
74.807
74.732
74.807
74.807
74.807
74.059
74.059
81.465
81.383
81.302
81.383
81.302
81.302
81.302
81.383
81.302
81.383
81.464
81.383
81.464
81.383
81.301
81.22
81.139
81.22
81.139
81.139
81.22
81.139
81.139
81.139
81.139
81.95
81.95
73.755
73.755
73.755
73.755
73.017
73.017
80.319
80.239
80.319
80.239
80.159
80.239
80.158
80.239
80.239
80.239
80.239
80.239
79.436
79.436
87.38
87.292
87.292
87.205
87.205
87.205
87.205
86.333
86.333
94.966
94.871
94.871
94.966
95.061
95.156
95.061
95.061
95.156
95.251
95.156
95.061
95.061
94.966
94.966
94.871
94.776
94.871
94.871
94.871
94.966
94.966
95.061
95.156
95.061
95.061
94.966
94.871
94.965
95.06
94.965
94.87
94.87
94.776
94.87
94.965
95.06
95.155
95.06
95.155
95.06
95.155
95.25
95.345
95.345
95.25
95.25
95.155
95.25
95.155
95.25
95.345
95.345
95.345
95.44
95.345
95.25
95.154
95.154
95.059
95.154
95.059
95.059
95.154
95.249
95.249
95.249
94.297
94.297
103.73
103.83
103.93
103.83
103.83
103.93
104.04
103.93
103.83
103.83
103.73
103.73
103.73
103.83
103.93
103.93
104.04
104.14
104.04
103.93
104.04
104.04
104.14
104.14
104.25
104.14
104.14
104.14
104.14
104.25
104.14
104.04
103.93
104.04
104.04
104.14
104.04
103.93
103.83
103.93
103.93
103.83
103.73
103.73
103.73
103.73
103.73
103.73
104.76
104.76
94.286
94.38
94.475
94.569
94.475
94.475
94.475
94.475
94.569
94.475
94.569
94.664
94.569
94.664
94.758
94.853
94.758
94.853
94.948
95.043
94.948
94.948
94.948
95.897
95.897
86.307
86.221
86.135
86.049
86.135
86.049
86.049
86.049
86.049
85.188
85.188
93.707
93.707
93.801
93.801
93.801
93.894
93.894
93.894
93.894
93.894
93.988
94.082
94.082
94.082
93.142
93.142
102.46
102.35
102.35
102.46
102.56
102.66
102.76
102.66
102.56
102.56
102.66
102.56
102.46
102.56
102.66
102.66
102.56
102.56
102.56
102.45
102.56
102.56
102.56
102.56
101.53
101.53
111.68
111.8
111.8
111.8
111.68
111.68
111.68
111.57
111.57
111.68
111.68
111.68
111.57
111.46
111.35
111.24
111.35
111.24
111.35
111.24
111.35
111.35
111.46
111.57
111.68
111.8
111.91
111.8
111.91
111.8
111.68
111.68
111.8
111.91
111.8
111.8
111.8
111.68
111.57
111.46
111.46
111.46
111.35
111.46
111.46
111.35
111.35
111.24
111.35
111.46
111.57
111.57
111.57
111.68
111.79
111.68
111.79
111.68
111.57
111.46
111.57
111.57
111.68
111.79
111.91
112.02
111.91
111.79
111.79
111.91
111.79
111.79
111.91
111.91
111.79
111.91
112.02
112.13
112.02
111.91
112.02
112.13
112.13
112.24
112.13
112.02
112.13
112.13
112.02
111.9
112.02
112.13
112.13
112.02
112.02
112.02
113.14
113.14
101.82
101.72
101.72
101.72
101.72
101.82
101.82
101.92
102.03
102.13
102.13
102.23
102.23
102.13
102.23
102.23
102.23
102.23
102.13
102.03
101.92
101.82
101.92
101.92
101.92
102.03
102.03
102.13
102.23
102.13
102.13
102.03
102.13
102.13
102.23
102.23
102.13
102.23
102.23
102.23
102.33
102.23
102.23
102.13
102.03
101.92
102.03
102.13
102.23
102.13
102.03
102.03
102.13
102.03
102.03
101.92
102.03
102.03
102.03
101.92
101.92
101.92
101.92
101.92
100.9
100.9
110.99
110.99
110.88
110.88
110.99
110.88
110.99
110.88
110.88
110.77
110.66
110.66
110.55
110.66
110.55
110.44
110.44
110.44
110.33
110.33
110.33
110.33
111.43
111.43
100.29
100.19
100.19
100.09
100.09
100.09
100.19
100.29
100.29
100.29
100.29
100.29
100.29
100.29
100.19
100.29
100.19
100.29
100.39
100.39
100.39
100.29
100.29
100.29
99.286
99.286
109.21
109.21
109.21
109.21
108.12
108.12
118.94
118.82
118.93
119.05
119.17
119.17
119.29
119.41
119.41
119.41
119.41
119.29
119.41
119.41
119.29
119.29
119.29
119.41
119.41
119.29
119.17
119.05
119.17
119.05
119.05
119.05
118.93
119.05
119.17
119.17
119.29
119.17
119.17
119.05
119.17
119.29
119.29
119.17
119.29
119.29
119.17
119.17
119.17
119.29
119.41
119.41
119.29
119.17
119.17
119.05
119.17
119.17
119.17
119.17
119.17
119.29
119.29
119.41
119.29
119.41
119.29
119.41
119.53
119.41
119.41
119.41
119.41
119.29
119.29
119.41
119.41
119.41
119.29
119.29
119.29
119.41
119.53
119.53
119.65
119.77
119.65
119.77
119.77
119.77
120.97
120.97
108.87
108.98
109.09
108.98
108.87
108.98
108.87
108.98
108.98
108.87
108.87
108.87
107.78
107.78
118.56
118.56
118.56
118.56
118.68
118.68
118.68
118.79
118.68
118.79
118.79
118.91
118.79
118.68
118.79
118.91
119.03
119.03
119.03
119.15
119.27
119.15
119.03
119.15
119.27
119.15
119.15
119.03
119.15
119.27
119.27
119.27
119.15
119.27
119.15
119.03
118.91
118.79
118.79
118.67
118.56
118.67
118.56
118.67
118.56
118.67
118.79
118.91
119.03
118.91
118.79
118.67
118.79
118.91
118.79
118.91
118.91
118.91
119.03
119.15
119.03
118.91
118.91
118.91
118.91
119.03
119.15
119.27
119.15
119.15
119.15
119.03
118.91
119.03
118.91
119.03
119.15
119.27
119.27
119.27
119.15
119.15
119.27
119.39
119.39
119.51
119.63
119.51
119.39
119.51
119.51
119.51
119.63
119.63
119.63
119.51
119.39
119.39
119.39
119.27
119.39
119.27
119.15
119.03
119.15
119.15
119.03
119.03
119.03
119.03
119.03
119.15
119.03
118.91
118.91
118.79
118.79
118.91
118.79
118.67
118.55
118.43
118.55
118.55
118.43
118.43
118.43
118.43
118.32
118.32
118.43
118.55
118.55
118.67
118.79
118.79
118.91
119.03
119.03
119.03
117.84
117.84
129.62
129.62
129.49
129.36
129.36
129.23
129.23
129.36
129.23
129.36
129.36
129.23
129.36
129.36
129.49
129.49
129.49
129.62
129.49
129.49
129.36
129.36
129.23
129.36
129.36
129.23
129.1
128.97
128.97
128.97
128.97
129.1
129.23
129.23
129.23
129.36
129.49
129.62
129.75
129.88
130.01
129.88
130.01
130.01
129.88
130.01
130.01
129.88
129.75
129.62
129.75
129.88
130.01
130.14
130.14
130.01
130.14
130.01
129.88
130.01
129.88
129.88
129.88
129.88
129.88
130.01
130.14
130.14
130.14
130.27
130.27
130.27
130.4
130.27
130.4
130.27
130.14
130.01
130.14
130.14
130.14
131.44
131.44
118.29
118.41
118.29
118.29
118.29
118.18
118.18
118.18
119.36
119.36
107.42
107.42
107.42
107.42
107.31
107.31
107.42
107.31
107.31
107.42
107.31
107.21
107.21
107.31
107.21
107.31
107.31
107.31
107.31
107.21
107.31
107.31
107.42
107.42
107.53
107.53
107.42
107.31
107.21
107.21
107.1
106.99
107.1
107.21
107.1
107.1
107.1
107.21
107.1
106.99
107.1
107.1
107.21
107.31
107.21
107.21
107.31
107.31
107.31
107.21
107.21
107.31
107.31
107.21
107.21
107.21
107.31
107.31
107.42
107.42
107.53
107.42
107.42
107.31
107.21
107.21
107.21
107.21
107.21
107.31
107.21
107.21
107.31
107.42
107.53
107.63
107.63
107.63
107.74
107.74
107.74
107.63
107.53
107.42
107.31
107.31
107.31
108.38
108.38
97.546
97.546
97.546
97.644
97.644
97.644
97.546
97.644
97.546
97.449
97.546
97.644
97.741
97.644
97.741
97.839
97.937
97.839
97.937
98.035
98.133
98.133
98.231
98.231
98.329
98.427
98.526
98.427
98.427
98.427
98.526
98.427
98.427
98.427
98.526
98.624
98.723
98.822
98.822
98.723
98.821
98.723
98.821
98.821
98.92
99.019
99.118
99.217
99.118
99.217
99.217
99.217
99.217
99.316
99.316
99.217
99.217
99.217
99.316
99.416
99.416
99.416
99.316
99.217
99.316
99.316
99.415
99.415
99.515
99.515
99.515
99.415
99.415
99.515
99.415
99.515
99.415
99.316
99.415
99.316
99.415
99.514
99.614
99.514
99.514
99.415
99.415
99.415
99.415
99.514
99.415
99.315
99.414
99.414
99.514
99.414
99.514
99.613
99.713
99.713
99.613
99.713
99.613
99.713
99.613
99.513
99.613
99.513
99.414
99.314
99.215
99.215
99.314
99.314
99.215
99.314
99.314
99.314
99.314
99.314
99.413
99.413
99.413
99.314
99.314
99.215
99.116
99.116
99.116
99.016
98.917
98.818
98.917
98.917
98.917
99.016
99.115
99.016
99.016
99.016
99.016
99.016
99.016
99.115
99.214
99.214
99.214
99.313
99.313
99.413
99.313
99.313
99.413
99.313
99.413
99.313
99.412
99.313
99.412
99.313
99.412
99.313
99.214
99.313
99.412
99.511
99.412
99.313
99.213
99.312
99.213
99.312
99.312
99.312
99.412
99.511
99.611
99.71
99.81
99.91
99.91
99.81
99.91
99.91
99.91
99.91
99.81
99.81
99.81
99.91
99.91
99.91
99.81
99.909
99.909
99.81
99.71
99.61
99.51
99.61
99.61
99.51
99.411
99.411
99.411
99.311
99.411
99.311
99.311
99.411
99.51
99.609
99.51
99.609
99.51
99.51
99.51
99.609
99.51
99.41
99.311
99.211
99.112
99.112
99.112
99.112
100.1
100.1
90.093
90.003
90.003
90.003
90.093
90.183
90.183
90.093
90.183
90.273
90.363
90.363
90.363
90.454
90.544
90.454
90.363
90.363
90.363
90.363
90.363
90.273
90.183
90.183
90.183
90.273
90.273
90.273
91.175
91.175
82.058
81.976
81.976
81.976
81.976
82.796
82.796
74.516
74.442
74.367
74.367
74.367
74.367
74.293
74.218
74.218
74.218
74.144
74.218
74.144
74.144
74.07
74.07
74.144
74.144
74.144
73.403
73.403
80.743
80.662
80.582
80.662
80.743
80.743
80.824
80.904
80.985
80.904
80.985
80.904
80.823
80.742
80.823
80.904
80.985
80.904
80.904
80.985
80.985
80.904
80.904
80.823
80.742
80.661
80.742
80.661
80.581
80.5
80.42
80.42
80.42
80.5
80.419
80.339
80.419
80.419
80.339
80.419
80.5
80.5
80.5
80.5
80.419
80.419
80.339
80.339
80.339
80.419
80.339
80.339
80.339
80.258
80.178
80.178
80.178
80.098
80.098
80.098
80.098
80.178
80.178
80.098
80.178
80.178
80.098
80.178
80.258
80.258
80.338
80.338
80.338
80.258
80.258
80.258
80.178
80.258
80.178
80.097
80.097
80.017
79.937
79.937
79.937
79.937
80.017
80.017
80.097
80.017
80.017
79.937
79.857
79.857
79.777
79.777
79.777
79.857
79.937
80.017
80.097
80.017
79.937
79.857
79.777
79.857
79.857
79.937
80.017
80.017
80.017
79.937
80.017
80.017
79.937
80.016
79.936
79.857
79.777
79.697
79.617
79.538
79.538
79.538
79.538
79.538
79.458
79.379
79.379
79.299
79.379
79.379
79.379
79.299
79.378
79.299
79.378
79.299
79.299
79.299
79.22
79.22
79.299
79.22
79.14
79.22
79.299
79.299
79.378
79.457
79.378
79.457
79.457
79.457
79.457
80.252
80.252
72.227
72.227
71.504
71.504
78.655
78.576
78.498
78.576
78.655
78.733
78.812
78.733
78.812
78.891
78.812
78.812
78.891
78.97
78.97
78.891
78.812
78.891
78.97
78.891
78.891
78.969
78.969
79.048
78.969
78.89
78.969
79.048
79.127
79.206
79.286
79.365
79.365
79.286
79.365
79.365
79.444
79.524
79.524
79.524
79.524
79.603
79.524
79.524
79.524
79.603
79.603
79.603
79.603
79.603
79.603
79.683
79.762
79.762
79.683
79.762
79.762
79.683
79.683
79.603
79.682
79.603
79.523
79.603
79.603
79.603
79.603
79.523
79.523
79.444
79.444
79.364
79.443
79.523
79.443
79.523
79.443
79.443
79.364
79.443
79.523
79.443
79.523
79.602
79.523
79.602
79.522
79.522
79.602
79.522
79.522
79.443
79.522
79.522
79.443
79.363
79.363
79.284
79.205
79.284
79.205
79.205
79.284
79.284
79.363
79.442
79.522
79.442
79.363
79.363
79.442
79.363
79.363
79.442
79.442
79.363
79.442
79.442
79.522
79.601
79.601
79.601
79.681
79.601
79.681
79.76
79.84
79.84
79.84
79.84
79.84
79.76
79.76
79.76
79.76
79.76
79.84
79.76
79.84
79.76
79.76
79.84
79.84
79.84
79.76
79.84
79.92
79.84
79.84
79.84
80.638
80.638
72.574
72.574
72.647
72.719
72.719
72.719
72.719
72.792
72.792
72.792
72.865
72.938
73.011
73.084
73.011
73.084
73.157
73.084
73.011
72.938
73.01
73.084
73.084
73.157
73.083
73.083
73.157
73.157
73.23
73.23
73.23
73.156
73.083
73.156
73.23
73.156
73.083
73.083
73.083
73.083
73.156
73.083
73.01
72.937
72.937
72.864
72.937
72.864
72.791
72.864
72.937
72.937
73.01
72.937
72.937
72.864
72.937
72.937
72.937
73.01
73.01
72.937
72.937
73.009
73.009
72.936
72.936
72.936
72.864
72.791
72.718
72.645
72.645
72.573
72.5
72.427
72.355
72.355
72.283
72.355
72.283
72.355
72.283
72.283
72.21
72.21
72.138
72.066
71.994
71.994
71.994
71.994
72.714
72.714
65.442
65.442
65.442
65.442
65.377
65.442
65.377
65.311
65.311
65.311
65.965
65.965
59.368
59.309
59.309
59.368
59.309
59.249
59.309
59.368
59.427
59.368
59.309
59.249
59.19
59.249
59.19
59.249
59.249
59.19
59.131
59.131
59.131
59.072
59.131
59.131
59.131
59.19
59.19
59.131
59.131
59.071
59.071
59.012
59.071
59.012
59.071
59.012
58.953
58.953
58.953
59.012
59.071
59.012
58.953
58.894
58.953
59.012
59.012
59.012
59.012
59.012
59.012
59.071
59.13
59.13
59.071
59.071
59.012
59.012
59.071
59.13
59.071
59.071
59.071
59.662
59.662
53.695
53.749
53.803
53.803
53.749
53.803
53.857
53.857
53.91
53.857
53.857
53.91
53.964
53.964
53.91
53.856
53.91
53.964
54.018
54.072
54.018
53.964
54.018
54.072
54.018
54.018
54.018
54.072
54.018
54.018
54.072
54.072
54.018
53.964
53.91
53.964
53.964
54.018
54.072
54.072
54.072
54.126
54.072
54.018
54.018
54.072
54.018
54.072
54.072
54.126
54.126
54.126
54.072
54.072
54.126
54.18
54.234
54.234
54.234
54.288
54.342
54.397
54.451
54.506
54.451
54.451
54.451
54.397
54.451
54.451
54.451
54.506
54.451
54.451
54.451
54.397
54.451
54.451
54.451
54.397
54.397
54.451
54.396
54.396
54.451
54.451
54.396
54.396
54.342
54.396
54.451
54.505
54.505
54.451
54.505
54.56
54.505
54.56
54.614
54.56
54.56
54.56
54.614
54.56
54.505
54.45
54.45
54.396
54.342
54.396
54.396
54.342
54.342
54.342
54.287
54.287
54.233
54.233
54.179
54.125
54.125
54.07
54.016
54.016
54.016
54.556
54.556
49.101
49.052
49.101
49.101
49.101
49.15
49.101
49.15
49.15
49.199
49.15
49.15
49.15
49.15
49.199
49.199
49.248
49.199
49.15
49.15
49.101
49.101
49.15
49.1
49.1
49.051
49.051
49.051
49.051
49.542
49.542
44.588
44.588
44.588
44.632
44.632
44.588
44.588
44.588
44.632
44.632
44.588
44.632
44.588
44.543
44.588
44.543
44.543
44.498
44.543
44.543
44.543
44.587
44.587
44.587
45.033
45.033
40.53
40.571
40.611
40.611
40.57
40.53
40.489
40.489
40.489
40.894
40.894
36.805
36.768
36.731
36.695
36.695
36.695
36.695
36.695
36.731
36.695
36.658
36.658
36.621
36.658
36.621
36.584
36.621
36.584
36.548
36.511
36.475
36.511
36.511
36.475
36.511
36.475
36.511
36.548
36.584
36.548
36.584
36.548
36.511
36.548
36.548
36.511
36.548
36.511
36.475
36.438
36.402
36.402
36.365
36.402
36.365
36.365
36.365
36.365
36.402
36.438
36.474
36.438
36.474
36.474
36.474
36.438
36.474
36.474
36.511
36.474
36.511
36.511
36.547
36.511
36.511
36.547
36.511
36.547
36.584
36.547
36.584
36.584
36.584
36.547
36.547
36.584
36.584
36.62
36.657
36.62
36.62
36.584
36.584
36.547
36.584
36.62
36.657
36.657
36.693
36.657
36.62
36.657
36.693
36.693
36.693
36.73
36.693
36.693
36.73
36.693
36.73
36.73
36.73
36.693
36.657
36.62
36.62
36.656
36.693
36.693
36.656
36.62
36.62
36.583
36.583
36.62
36.62
36.583
36.583
36.547
36.547
36.51
36.51
36.547
36.583
36.583
36.62
36.62
36.583
36.62
36.62
36.583
36.62
36.62
36.656
36.62
36.583
36.583
36.62
36.62
36.656
36.693
36.693
36.693
36.729
36.729
36.766
36.766
36.766
36.803
36.803
36.803
36.84
36.84
36.877
36.877
36.913
36.913
36.913
36.877
36.84
36.877
36.877
36.877
36.84
36.803
36.803
36.803
36.803
36.803
36.766
36.766
36.766
36.398
36.398
40.038
40.038
40.078
40.038
40.078
40.038
39.998
40.038
39.998
40.038
40.078
40.118
40.078
40.118
40.118
40.118
40.118
40.118
40.519
40.519
36.467
36.431
36.467
36.467
36.467
36.467
36.504
36.54
36.54
36.577
36.54
36.54
36.577
36.613
36.577
36.577
36.577
36.613
36.613
36.65
36.613
36.65
36.687
36.723
36.687
36.65
36.65
36.686
36.686
36.65
36.686
36.65
36.613
36.577
36.577
36.54
36.54
36.54
36.576
36.54
36.503
36.467
36.503
36.503
36.503
36.54
36.503
36.503
36.503
36.503
36.503
36.868
36.868
33.181
33.215
33.181
33.215
33.248
33.215
33.215
33.215
32.882
32.882
36.171
36.207
36.207
36.207
36.207
36.207
36.243
36.243
36.243
36.243
36.207
36.207
36.243
36.207
36.207
36.243
36.243
36.207
36.207
36.207
36.171
36.171
36.134
36.098
36.098
36.134
36.098
36.098
36.062
36.026
36.026
36.062
36.026
36.062
36.026
36.062
36.026
35.99
35.954
35.918
35.918
35.954
35.99
35.99
35.954
35.918
35.918
35.954
35.99
35.954
35.918
35.954
35.954
35.99
35.954
35.954
35.954
35.918
35.918
35.918
36.277
36.277
32.649
32.649
32.649
32.323
32.323
35.555
35.591
35.626
35.591
35.591
35.626
35.591
35.591
35.626
35.59
35.626
35.59
35.626
35.59
35.59
35.59
35.59
35.555
35.519
35.484
35.519
35.555
35.555
35.555
35.519
35.519
35.519
35.484
35.484
35.484
35.839
35.839
32.255
32.222
32.222
32.255
32.222
32.222
32.255
32.222
32.255
32.255
32.222
32.19
32.222
32.254
32.254
32.287
32.319
32.351
32.351
32.384
32.351
32.319
32.287
32.254
32.254
32.254
32.222
32.254
32.222
32.19
32.19
32.222
32.222
32.222
32.254
32.222
32.222
32.19
32.19
32.158
32.19
32.19
32.19
32.158
32.158
32.19
32.158
32.19
32.158
32.158
32.19
32.157
32.125
32.157
32.125
32.093
32.125
32.157
32.19
32.222
32.222
32.254
32.222
32.254
32.254
32.254
32.254
32.254
32.286
32.254
32.222
32.254
32.286
32.254
32.222
32.222
32.254
32.254
32.286
32.318
32.286
32.254
32.286
32.254
32.254
32.286
32.286
32.318
32.351
32.318
32.286
32.254
32.286
32.318
32.35
32.35
32.383
32.415
32.448
32.448
32.448
32.48
32.48
32.513
32.513
32.545
32.512
32.48
32.48
32.512
32.512
32.545
32.578
32.578
32.61
32.643
32.643
32.61
32.643
32.61
32.643
32.675
32.643
32.643
32.61
32.643
32.61
32.61
32.577
32.61
32.61
32.643
32.643
32.675
32.642
32.61
32.577
32.545
32.577
32.577
32.545
32.512
32.48
32.512
32.48
32.48
32.447
32.447
32.415
32.415
32.382
32.415
32.447
32.447
32.479
32.512
32.512
32.544
32.544
32.544
32.577
32.61
32.642
32.675
32.642
32.642
32.609
32.609
32.642
32.609
32.577
32.544
32.512
32.479
32.447
32.479
32.447
32.414
32.447
32.479
32.479
32.512
32.544
32.577
32.577
32.577
32.609
32.642
32.642
32.609
32.609
32.642
32.642
32.642
32.642
32.674
32.674
32.674
32.642
32.642
32.609
32.642
32.609
32.609
32.609
32.609
32.609
32.642
32.674
32.674
32.642
32.642
32.674
32.642
32.609
32.576
32.609
32.576
32.576
32.544
32.576
32.576
32.576
32.609
32.641
32.641
32.609
32.641
32.674
32.674
32.674
32.641
32.674
32.707
32.739
32.772
32.772
32.739
32.707
32.707
32.739
32.739
32.739
32.707
32.674
32.674
32.674
32.707
32.674
32.707
32.739
32.739
32.707
32.739
32.772
32.805
32.838
32.838
32.805
32.772
32.772
32.739
32.739
32.772
32.739
32.739
32.772
32.772
32.739
32.706
32.674
32.674
32.674
32.674
32.641
32.608
32.576
32.608
32.608
32.641
32.674
32.674
32.641
32.608
32.641
32.608
32.576
32.576
32.576
32.543
32.51
32.51
32.478
32.51
32.478
32.51
32.543
32.575
32.608
32.608
32.641
32.641
32.673
32.673
32.641
32.641
32.641
32.641
32.314
32.314
35.546
35.581
35.546
35.581
35.617
35.617
35.617
35.617
35.581
35.617
35.581
35.581
35.545
35.581
35.617
35.652
35.688
35.652
35.652
35.688
35.688
35.652
35.652
35.688
35.723
35.723
35.688
35.688
35.688
35.652
35.688
35.652
35.688
35.688
35.688
35.688
35.723
35.759
35.759
35.795
35.759
35.795
35.831
35.831
35.795
35.759
35.723
35.759
35.795
35.759
35.759
35.759
35.759
35.759
35.795
35.83
35.83
35.83
35.866
35.866
35.866
35.83
35.866
35.83
35.795
35.795
35.759
35.795
35.795
35.83
35.795
35.795
35.83
35.794
35.759
35.794
35.794
35.759
35.723
35.687
35.723
35.687
35.687
35.687
35.651
35.616
35.651
35.616
35.651
35.651
35.616
35.58
