100.1
100.1
100.2
100.1
100.2
100.2
100.1
100
99.9
99.9
99.8
99.7
99.8
99.7
99.8
99.899
99.8
99.8
99.7
99.7
99.799
99.7
99.7
99.799
99.899
99.999
100.1
100.1
99.999
100.1
100.2
100.3
100.3
100.3
100.4
100.4
100.3
100.3
100.3
100.4
100.5
100.4
100.4
100.4
100.5
100.5
100.6
100.6
100.5
100.4
100.5
100.5
100.5
100.4
100.3
100.2
100.1
100.2
100.2
100.2
100.1
99.998
99.998
99.998
100.1
100.2
100.2
100.3
100.2
100.3
100.3
100.4
100.4
100.5
100.6
100.5
100.5
100.4
100.3
100.4
100.4
100.4
100.3
100.4
100.3
100.3
100.3
100.3
100.3
100.3
100.4
100.4
100.5
100.6
100.5
100.4
100.4
100.4
100.4
100.3
100.4
100.3
100.3
100.2
100.1
99.997
100.1
99.997
99.897
99.797
99.797
99.797
99.697
99.697
99.797
99.797
99.697
99.697
99.597
99.597
99.597
99.597
99.497
99.497
99.497
99.497
99.497
99.497
99.497
99.497
99.497
99.597
99.697
99.697
99.597
99.597
99.696
99.597
99.597
99.696
99.696
99.597
99.597
99.497
99.398
99.398
99.298
99.397
99.497
99.497
99.397
99.497
99.596
99.596
99.596
99.596
99.696
99.796
99.895
99.795
99.895
99.795
99.795
99.795
99.696
99.795
99.695
99.695
99.795
99.695
99.695
99.695
99.596
99.695
99.596
99.496
99.595
99.695
99.695
99.795
99.795
99.795
99.695
99.795
99.894
99.894
99.795
99.894
99.994
99.894
99.794
99.894
99.994
99.994
100.09
99.994
99.994
99.994
100.09
100.19
100.09
100.09
99.994
99.994
99.894
99.994
100.09
100.09
100.09
99.994
100.09
100.19
100.09
99.993
100.09
100.09
100.19
100.19
100.19
100.09
99.993
99.893
99.793
99.893
99.993
99.893
99.793
99.893
99.893
99.893
99.793
99.793
99.893
99.993
100.09
100.19
100.09
100.19
100.29
100.19
100.09
99.992
99.892
99.992
99.992
99.992
99.892
99.792
99.792
99.792
99.692
99.792
99.792
99.692
99.593
99.593
99.493
99.593
99.493
99.493
99.592
99.493
99.592
99.493
99.592
99.692
99.792
99.792
99.792
99.692
99.592
99.692
99.692
99.791
99.891
99.991
99.891
99.791
99.691
99.592
99.492
99.592
99.492
99.392
99.392
99.392
99.293
99.194
99.194
99.095
99.095
98.995
98.995
98.896
98.798
98.896
98.797
98.699
98.6
98.501
98.6
98.698
98.797
98.896
98.797
98.896
98.896
98.995
99.094
99.193
99.292
99.391
99.292
99.193
99.093
99.193
99.093
98.994
98.994
99.093
99.093
99.093
99.093
99.192
99.192
99.093
99.192
99.093
98.994
98.895
98.796
98.796
98.697
98.697
98.796
98.697
98.796
98.796
98.796
98.796
98.895
98.796
98.895
98.796
98.697
98.697
98.697
98.697
98.697
98.796
98.894
98.894
98.796
98.796
98.796
98.796
98.697
98.697
98.795
98.795
98.894
98.993
99.092
99.191
99.191
99.29
99.191
99.092
98.993
98.894
98.993
98.894
98.795
98.894
98.894
98.795
98.696
98.696
98.795
98.696
98.696
98.696
98.696
98.597
98.499
98.597
98.498
98.4
98.498
98.498
98.4
98.498
98.597
98.695
98.695
98.597
98.597
98.498
98.597
98.597
98.498
98.596
98.695
98.596
98.695
98.596
98.596
98.498
98.399
98.498
98.596
98.596
98.497
98.497
98.596
98.497
98.399
98.3
98.399
98.399
98.3
98.202
98.104
98.202
98.3
98.398
98.398
98.3
98.398
98.3
98.3
98.398
98.3
98.3
98.202
98.3
98.398
98.398
98.496
98.595
98.595
98.595
98.694
98.792
98.693
98.693
98.792
98.891
98.792
98.891
98.99
99.089
99.089
99.188
99.287
99.287
99.287
99.188
99.287
99.386
99.386
99.386
99.486
99.585
99.685
99.585
99.585
99.485
99.386
99.287
99.287
99.187
99.088
98.989
99.088
99.187
99.187
99.187
99.088
99.187
99.286
99.286
99.385
99.485
99.385
99.485
99.485
99.584
99.584
99.684
99.584
99.584
99.684
99.783
99.883
99.783
99.683
99.683
99.584
99.683
99.584
99.484
99.385
99.285
99.186
99.087
98.988
98.889
98.889
98.889
108.78
119.66
131.62
131.75
131.75
131.75
131.88
131.75
131.88
132.02
131.88
132.02
132.15
132.15
132.02
132.15
132.02
132.15
132.02
131.88
131.75
131.88
131.75
131.75
131.62
131.62
131.75
131.75
131.75
131.88
132.01
132.01
132.15
132.01
132.01
132.15
132.15
132.28
132.15
132.15
132.28
132.41
132.54
132.54
132.54
132.41
132.28
132.28
132.41
132.54
132.68
132.81
132.68
132.68
132.68
132.81
132.81
132.68
132.81
132.94
133.07
132.94
133.07
133.07
132.94
133.07
132.94
132.81
132.67
132.81
132.67
132.54
132.54
132.54
132.41
132.41
132.54
132.41
132.28
132.41
132.28
132.28
132.28
132.14
132.01
132.01
132.14
132.28
132.28
132.28
132.14
132.28
132.14
132.28
132.41
132.41
132.28
132.41
132.54
132.54
132.67
132.81
132.67
132.67
132.67
132.81
132.67
132.67
132.67
132.67
132.67
132.81
132.67
132.54
132.54
132.41
132.54
132.54
132.41
132.41
132.41
132.28
132.14
132.01
132.01
132.01
132.14
132.27
132.41
132.27
132.14
132.14
132.01
132.14
132.01
131.88
131.88
132.01
132.01
132.14
132.27
132.41
132.54
132.41
132.41
132.27
132.41
132.41
132.27
132.27
132.14
132.14
132.01
132.01
132.14
132.01
131.88
131.88
132.01
132.01
132.14
132.27
132.27
132.41
132.41
132.27
132.14
132.01
131.88
131.74
131.61
131.48
131.48
131.61
131.48
144.63
159.09
159.25
159.25
159.09
159.09
158.93
158.93
158.77
158.77
158.93
158.77
158.62
158.46
158.46
158.46
158.3
158.46
158.3
158.46
158.61
158.46
158.61
158.46
158.61
158.46
158.3
158.46
158.46
158.3
158.14
158.14
158.14
157.98
157.82
142.04
141.9
141.76
141.76
141.9
141.76
141.9
141.76
141.76
141.9
142.04
141.9
142.04
142.04
141.9
141.9
142.04
142.18
142.04
141.9
141.9
141.9
141.9
141.9
142.04
141.9
141.76
141.61
141.76
141.76
141.61
141.76
141.9
141.9
141.9
142.04
141.9
142.04
142.18
142.18
142.04
142.18
142.18
142.18
142.04
141.9
141.9
141.9
142.04
142.18
142.04
141.9
141.75
141.9
141.75
141.9
142.04
142.18
142.32
142.46
142.61
142.61
142.61
142.61
142.75
142.75
142.89
142.75
142.89
142.75
142.89
142.89
142.89
142.75
142.89
142.75
142.61
142.61
142.46
142.61
142.75
142.89
142.89
142.75
142.75
142.89
143.03
143.03
142.89
142.75
142.61
142.61
142.61
142.75
142.75
142.61
142.75
142.75
142.75
142.89
142.89
143.03
143.03
142.89
143.03
143.18
143.03
142.89
142.89
142.89
142.75
142.75
142.6
142.75
142.6
142.6
142.75
142.89
143.03
143.03
142.89
143.03
143.18
143.03
143.18
143.03
143.03
142.89
142.75
142.89
142.89
142.75
142.89
142.89
143.03
143.17
143.32
143.17
143.17
143.03
143.17
143.32
143.17
143.17
143.03
142.89
142.89
143.03
142.89
142.75
142.75
142.89
142.89
142.75
142.89
142.89
142.74
142.74
142.6
142.46
142.46
142.32
142.32
142.32
142.17
142.32
142.17
142.32
142.32
142.17
142.17
142.17
142.17
142.17
142.17
142.32
142.32
142.17
142.32
142.17
142.17
142.32
142.17
142.17
142.32
142.46
142.32
142.32
142.17
142.17
142.17
142.17
142.03
141.89
142.03
142.17
142.03
142.17
142.17
142.32
142.32
142.32
142.46
142.6
142.46
142.6
142.74
142.89
142.89
143.03
143.17
143.31
143.17
143.17
143.31
143.17
143.17
143.31
143.46
143.6
143.46
143.46
143.31
143.31
143.17
143.31
143.31
143.31
143.31
143.17
143.31
143.46
143.31
143.31
143.46
143.6
143.46
143.6
143.74
143.6
143.6
143.6
143.46
143.31
143.31
143.46
143.31
143.31
143.17
143.03
143.17
143.31
143.17
143.17
143.31
143.17
143.31
143.46
143.46
143.46
143.46
143.6
143.6
143.46
143.31
143.46
143.46
143.46
143.31
143.17
143.17
143.17
143.03
142.88
142.88
142.74
142.6
142.74
142.74
142.88
142.74
142.88
142.74
142.88
142.74
142.74
142.88
142.74
142.6
142.74
142.6
142.45
142.31
142.31
128.08
127.95
127.82
127.82
127.82
127.82
127.95
127.82
127.95
127.82
127.82
127.82
127.7
127.82
127.95
128.08
127.95
127.82
127.82
127.7
127.7
127.7
127.57
127.57
127.7
127.57
127.44
127.57
127.57
127.69
127.57
127.44
127.57
127.57
127.44
127.57
127.57
127.44
127.31
127.18
127.31
127.44
127.44
127.57
127.44
127.44
127.57
127.69
127.57
127.44
127.44
127.44
127.31
127.31
127.31
127.44
127.57
127.69
127.82
127.69
127.69
127.69
127.57
127.44
127.57
127.69
127.57
127.44
127.31
127.18
127.18
127.31
127.31
127.31
127.18
127.18
127.18
127.18
127.06
127.18
127.31
127.44
127.31
127.31
127.44
127.56
127.69
127.56
127.44
127.31
127.31
127.31
127.44
127.44
127.44
127.56
127.69
127.56
127.56
127.69
127.69
127.69
127.56
127.44
127.56
127.44
127.56
127.56
127.44
127.44
127.44
127.44
127.56
127.56
127.44
127.44
127.44
127.56
127.44
127.56
127.56
127.44
127.31
127.31
127.18
127.05
127.18
127.05
127.05
127.18
127.18
127.18
127.05
127.18
127.18
127.31
127.31
127.44
127.44
127.31
127.18
127.18
127.31
127.31
127.18
127.18
127.31
127.18
127.31
127.31
127.31
127.43
127.43
127.43
127.31
127.18
127.05
126.93
126.8
126.93
126.93
127.05
127.18
127.18
127.18
127.18
127.05
126.93
126.93
126.93
126.93
126.8
126.93
126.8
126.8
126.8
126.93
127.05
127.05
127.05
127.05
127.05
127.05
126.93
127.05
126.92
126.8
126.8
126.92
126.8
126.67
126.8
126.92
126.92
126.92
126.8
126.8
126.92
127.05
126.92
127.05
126.92
127.05
127.05
127.05
127.18
127.31
127.18
127.31
127.43
127.43
127.43
127.31
127.43
127.43
127.3
127.18
127.05
127.05
127.05
126.92
127.05
127.18
127.3
127.18
127.05
126.92
126.8
126.67
126.8
126.8
126.92
126.8
126.67
126.67
126.54
126.54
126.42
126.42
126.54
126.67
126.67
126.67
126.67
126.54
126.67
126.67
126.54
126.42
126.42
126.54
126.54
126.67
126.54
126.54
126.54
126.54
126.67
126.79
126.79
126.92
127.05
126.92
126.79
126.92
126.79
126.79
126.92
126.92
126.79
126.79
126.92
126.79
126.67
126.79
126.92
126.79
126.67
126.79
126.67
126.67
126.67
126.79
126.79
126.92
127.05
127.17
127.05
126.92
126.79
126.67
126.54
126.41
126.29
126.16
126.03
126.03
138.64
152.5
167.75
184.53
184.53
184.71
184.9
185.08
185.08
185.08
185.08
184.9
184.71
184.53
184.34
184.16
184.16
183.97
183.79
183.61
183.79
183.61
183.61
183.79
183.61
183.42
183.42
183.61
183.42
183.42
183.61
183.79
183.97
183.97
183.97
184.16
184.34
184.34
184.16
183.97
183.97
184.16
184.34
184.52
184.71
184.52
184.71
184.52
184.34
184.16
184.34
184.52
184.71
184.71
184.89
184.89
184.89
184.71
184.89
185.08
184.89
184.89
184.71
184.52
184.34
184.52
184.34
184.15
184.34
184.52
184.71
184.89
184.71
184.52
184.52
184.34
184.52
184.34
184.34
184.52
184.52
184.34
184.15
183.97
184.15
184.34
184.34
184.34
184.34
184.52
184.52
184.34
184.52
184.52
184.71
184.71
184.71
184.71
184.52
184.34
184.15
184.34
184.34
184.15
184.15
184.15
183.97
183.97
183.97
184.15
184.34
184.15
183.97
183.97
183.78
183.6
183.6
183.42
183.23
183.23
183.23
183.05
182.87
182.68
182.87
182.68
182.87
183.05
183.23
183.42
183.6
183.6
183.6
183.41
183.41
183.41
183.41
183.23
183.23
183.05
182.87
183.05
183.05
183.23
183.41
183.6
183.41
183.23
183.23
183.05
183.23
183.05
183.23
183.41
183.41
183.41
183.41
183.6
183.6
183.78
183.96
183.78
183.6
183.6
183.78
183.78
183.6
183.41
183.41
183.41
183.6
183.6
183.6
183.6
183.41
183.23
183.41
183.6
183.41
183.23
183.23
183.23
183.05
183.05
182.86
183.05
182.86
182.68
182.68
182.86
182.86
182.68
182.5
182.5
182.68
182.5
182.68
182.68
182.86
183.04
183.04
183.04
182.86
182.68
182.86
182.68
182.5
182.5
182.31
182.5
182.5
182.31
182.5
182.5
182.31
182.31
182.5
182.5
182.5
182.5
182.31
182.31
182.13
182.31
182.31
182.13
181.95
182.13
182.13
182.13
181.95
181.95
182.13
182.13
182.31
182.49
182.31
182.13
182.13
181.95
181.95
181.95
181.77
181.58
181.4
181.22
181.22
181.04
181.22
181.04
180.86
180.68
180.68
180.86
180.86
181.04
180.86
180.86
180.68
180.68
180.5
180.68
180.68
180.5
180.68
180.68
180.86
180.86
181.04
180.86
180.86
181.04
180.86
180.68
180.5
180.68
180.68
180.68
180.86
181.04
181.22
181.04
181.04
180.86
180.86
180.86
180.68
180.68
180.86
181.04
181.04
180.86
180.68
180.49
180.67
180.49
180.49
180.49
180.31
180.49
180.67
180.86
180.67
180.86
181.04
180.85
181.04
181.04
181.04
181.04
181.22
181.22
181.04
180.85
181.04
181.22
181.22
181.22
181.4
181.4
181.58
181.76
181.76
181.76
181.58
181.76
181.76
181.76
181.76
181.58
181.76
181.76
181.94
182.12
182.12
182.12
182.12
181.94
182.12
182.31
182.31
182.31
182.49
182.49
182.31
182.31
182.31
182.12
182.31
182.31
182.12
182.12
182.12
182.12
182.31
182.31
182.31
182.49
182.49
182.67
182.67
182.85
182.85
183.04
183.22
183.4
183.59
183.4
183.59
183.59
183.4
183.4
183.4
183.58
183.4
183.58
183.4
183.22
183.22
183.03
183.03
183.22
183.03
183.22
183.22
183.4
183.58
183.4
183.58
183.77
183.58
183.4
183.22
183.22
183.22
183.4
183.22
183.03
183.03
183.03
182.85
182.85
183.03
182.85
183.03
183.03
183.22
183.4
183.58
183.58
183.77
183.77
183.77
183.77
183.77
183.95
183.95
184.13
184.13
183.95
184.13
184.32
184.13
184.32
184.32
184.32
184.13
184.13
183.95
183.77
183.58
183.58
183.4
183.58
183.58
183.76
183.58
183.76
183.76
183.95
183.76
183.58
183.58
183.4
183.58
183.4
183.21
183.21
183.21
183.21
183.03
183.21
183.4
183.21
183.21
183.21
183.21
183.21
183.21
183.03
182.85
183.03
183.03
182.85
183.03
183.03
183.21
183.21
183.21
183.21
183.4
183.4
183.4
183.21
183.03
183.03
183.03
182.85
182.85
183.03
183.21
183.21
183.4
183.58
183.58
183.76
183.58
183.58
183.39
183.39
183.39
183.58
183.58
183.39
183.39
183.39
183.39
183.58
183.39
183.39
183.21
183.03
183.03
182.84
183.03
182.84
182.66
182.48
182.3
182.3
182.3
182.48
182.3
182.48
182.66
182.48
182.48
182.48
182.66
182.66
182.48
182.3
182.3
182.11
182.3
182.3
182.3
182.48
182.3
182.48
182.66
182.84
182.84
183.03
183.03
183.03
183.21
183.03
183.21
183.03
183.03
182.84
183.03
182.84
182.66
182.84
182.66
182.48
182.48
182.66
182.48
182.29
182.29
182.11
182.11
182.11
182.11
182.11
182.11
182.29
182.48
182.29
182.11
182.11
182.29
182.48
182.29
182.11
182.11
181.93
181.93
181.93
182.11
182.29
182.11
181.93
182.11
181.93
181.93
181.93
181.75
181.56
181.56
181.75
181.75
181.56
181.56
181.56
181.56
181.56
181.56
181.75
181.75
181.75
181.75
181.75
181.75
181.93
182.11
182.11
182.29
182.11
182.29
182.29
182.29
182.29
182.11
182.29
182.29
182.11
181.93
182.11
182.11
182.29
182.29
182.29
182.47
182.66
182.47
182.47
182.66
182.66
182.47
182.47
182.66
182.66
182.47
182.66
182.84
182.84
182.84
183.02
183.2
183.2
183.02
183.02
183.2
183.39
183.39
183.39
183.39
183.39
183.2
183.2
183.2
183.39
183.39
183.57
183.39
183.57
183.39
183.57
183.57
183.39
183.2
183.2
183.2
183.39
183.2
183.02
183.02
183.2
183.2
183.02
183.2
183.39
183.2
183.39
183.39
183.2
183.38
183.57
183.57
183.38
183.38
183.57
183.38
183.38
183.2
183.02
183.02
183.2
183.02
182.83
182.65
182.47
182.65
182.65
182.83
183.02
183.2
183.38
183.38
183.38
183.57
183.75
183.75
183.75
183.57
183.75
183.75
183.75
183.57
183.38
183.57
183.75
183.93
183.93
183.93
183.75
183.57
183.38
183.38
183.2
183.02
183.02
183.2
183.02
183.2
183.38
183.2
183.2
183.02
182.83
182.83
182.83
182.65
182.83
182.83
182.83
182.65
182.65
182.83
182.83
182.83
182.83
183.01
183.2
183.2
183.38
183.2
183.38
183.56
183.38
183.56
183.75
183.56
183.38
183.56
183.38
183.2
183.2
183.2
183.2
183.38
183.56
183.38
183.38
183.38
183.38
183.56
183.75
183.56
183.56
183.56
183.75
183.75
183.56
183.75
183.56
183.56
183.56
183.75
183.93
183.75
183.75
183.56
183.75
183.56
183.75
183.56
183.38
183.38
183.56
183.38
183.38
183.19
183.01
183.01
183.19
183.19
183.38
183.38
183.56
183.74
183.56
183.38
183.19
183.38
183.56
183.56
183.38
183.56
183.74
183.93
184.11
184.3
184.48
184.3
184.3
184.3
184.3
184.3
184.48
184.3
184.48
184.66
184.85
184.85
185.03
185.22
185.03
185.03
184.85
184.66
184.48
184.48
184.29
184.29
184.11
184.29
184.11
184.29
184.48
184.48
184.48
184.29
184.11
183.93
184.11
184.29
184.48
184.48
184.66
184.85
185.03
185.22
185.22
185.22
185.22
185.22
185.03
185.22
185.4
185.22
185.4
185.4
185.4
185.59
185.77
185.96
185.77
185.59
185.59
185.77
185.96
185.77
185.59
185.4
185.22
185.03
185.03
185.22
185.22
185.03
185.03
185.21
185.4
185.21
185.21
185.4
185.4
185.21
185.03
184.84
184.66
184.47
184.66
184.66
184.66
184.84
184.84
185.03
184.84
184.84
184.84
185.03
185.03
184.84
184.84
184.84
185.03
185.21
185.03
185.21
185.03
184.84
184.66
184.66
184.47
184.47
184.29
184.47
184.66
184.66
184.66
184.66
184.66
184.47
184.29
184.29
184.29
184.29
184.47
184.66
184.66
184.84
185.03
185.03
185.21
185.21
185.4
185.4
185.4
185.58
185.58
185.77
185.77
185.77
185.95
185.95
185.77
185.58
185.4
185.4
185.58
185.4
185.58
185.4
185.58
185.58
185.58
185.58
185.58
185.58
185.58
185.4
185.21
185.21
185.4
185.4
185.58
185.77
185.77
185.58
185.4
185.58
185.4
185.21
185.21
185.4
185.58
185.39
185.58
185.77
185.77
185.58
185.77
185.95
186.14
185.95
185.77
185.58
185.58
185.77
185.95
185.95
186.14
185.95
185.95
185.95
185.76
185.76
185.95
186.14
186.32
186.32
186.14
186.32
186.32
186.32
186.32
186.51
186.32
186.51
186.51
186.32
186.32
186.51
186.32
186.14
186.14
186.32
186.51
186.51
186.51
186.51
186.69
186.69
186.88
186.69
186.51
186.69
186.88
186.69
186.69
186.51
186.51
186.69
186.51
186.69
186.88
186.69
186.88
187.07
187.25
187.44
187.44
187.63
187.44
187.63
187.44
187.63
187.63
187.44
187.44
187.25
187.44
187.63
187.63
187.44
187.63
187.63
187.44
187.25
187.07
186.88
186.88
186.69
186.69
186.5
186.69
186.69
186.5
186.32
186.32
186.32
186.5
186.32
186.13
186.13
186.13
185.95
185.76
185.57
185.76
185.57
185.57
185.76
185.76
185.94
185.94
185.76
185.57
185.39
185.39
185.39
185.57
185.39
185.2
185.2
185.02
184.83
185.02
185.2
185.2
185.02
185.2
185.02
184.83
184.65
184.46
184.28
184.09
184.28
184.09
184.09
183.91
202.3
202.1
202.3
202.5
202.3
202.1
201.89
201.89
202.1
201.89
201.69
201.89
201.89
201.89
202.1
201.89
201.69
201.89
202.1
202.1
201.89
202.1
201.89
201.89
201.89
201.89
202.1
202.3
202.1
201.89
202.1
202.3
202.5
202.7
202.7
202.7
202.7
202.5
202.5
202.5
202.7
202.5
202.3
202.3
202.09
202.09
202.09
201.89
202.09
201.89
201.89
201.69
201.69
201.89
201.69
201.69
201.49
201.29
201.09
201.29
201.49
201.69
201.89
201.69
201.49
201.69
201.69
201.89
202.09
202.29
202.09
201.89
201.69
201.89
202.09
202.09
202.09
202.09
202.29
202.5
202.5
202.7
202.5
202.29
202.29
202.5
202.29
202.5
202.29
202.09
202.09
202.09
202.09
202.09
202.29
202.09
202.29
202.5
202.7
202.9
203.1
202.9
203.1
203.1
202.9
202.7
202.9
203.1
203.31
203.1
203.31
203.31
203.1
203.1
203.31
203.31
203.1
202.9
202.7
202.7
202.49
202.7
202.7
202.49
202.7
202.49
202.7
202.7
202.9
202.9
203.1
202.9
202.7
202.49
202.49
202.29
202.29
202.09
201.89
201.89
201.68
201.68
201.48
201.28
201.48
201.28
201.08
201.28
201.48
201.68
201.68
201.68
201.68
201.88
201.68
201.88
202.09
202.29
202.49
202.29
202.49
202.29
202.09
202.29
202.29
202.49
202.69
202.69
202.49
202.69
202.89
203.1
203.3
203.1
203.3
203.3
203.1
203.3
203.1
203.1
203.3
203.3
203.5
203.71
203.5
203.71
203.71
203.91
204.11
204.11
204.32
204.52
204.73
204.73
204.52
204.32
204.32
204.11
204.11
204.11
204.11
204.32
204.52
204.73
204.52
204.73
204.93
204.73
204.73
204.52
204.73
204.93
205.14
204.93
204.93
204.93
205.14
204.93
204.73
204.52
204.73
204.52
204.73
204.93
204.72
204.72
204.72
204.93
204.93
204.72
204.52
204.52
204.32
204.32
204.11
204.11
203.91
204.11
204.32
204.11
204.11
204.11
204.11
204.11
204.31
204.52
204.72
204.52
204.31
204.31
204.11
204.11
204.31
204.31
204.52
204.72
204.52
204.52
204.31
204.52
204.72
204.93
205.13
205.34
205.54
205.34
205.13
204.93
204.93
204.72
204.93
204.72
204.93
204.93
205.13
204.93
205.13
205.13
204.93
205.13
204.93
205.13
205.13
205.13
204.93
205.13
204.93
204.72
204.52
204.31
204.11
204.31
204.11
203.9
203.7
203.5
203.7
203.7
203.49
203.7
203.7
203.7
203.9
204.11
204.11
203.9
203.7
203.9
203.9
203.9
203.9
203.9
204.11
204.31
204.31
204.31
204.51
204.51
204.72
204.72
204.92
204.72
204.92
204.72
204.72
204.72
204.51
204.31
204.1
204.31
204.31
204.31
204.51
204.72
204.51
204.72
204.72
204.92
204.92
204.92
204.72
204.72
204.72
204.72
204.72
204.51
204.51
204.31
204.51
204.72
204.92
205.13
205.33
205.13
205.33
205.13
204.92
204.72
204.51
204.51
204.31
204.1
204.31
204.31
204.51
204.51
204.51
204.51
204.72
204.72
204.92
205.12
205.12
205.33
205.12
205.12
204.92
205.12
205.33
205.33
205.33
205.53
205.53
205.33
205.33
205.53
205.74
205.95
205.74
205.74
205.53
205.53
205.53
205.33
205.33
205.12
205.33
205.12
205.33
205.12
205.33
205.33
205.53
205.33
205.12
204.92
204.92
204.71
204.92
204.92
204.71
204.92
204.71
204.71
204.92
205.12
205.12
205.33
205.12
205.12
204.92
204.92
204.71
204.71
204.71
204.71
204.71
204.71
204.51
204.71
204.51
204.71
204.51
204.3
204.3
204.51
204.71
204.51
204.3
204.1
203.89
203.89
203.89
203.69
203.69
203.89
204.1
204.3
204.51
204.51
204.71
204.5
204.5
204.71
204.5
204.5
204.3
204.3
204.1
203.89
204.1
204.1
203.89
203.89
203.69
203.69
203.89
203.89
203.89
204.1
203.89
204.1
204.3
204.3
204.09
203.89
203.89
203.89
203.89
204.09
204.3
204.5
204.3
204.09
204.3
204.5
204.71
204.71
204.91
205.12
204.91
205.12
205.32
205.32
205.53
205.73
205.94
205.73
205.73
205.53
205.73
205.73
205.73
205.73
205.73
205.94
205.94
205.73
205.94
205.94
206.14
206.14
206.14
206.14
205.94
206.14
206.35
206.35
206.14
206.14
206.35
206.35
206.35
206.56
206.76
206.56
206.35
206.14
205.94
206.14
205.94
205.73
205.52
205.73
205.73
205.52
205.32
205.32
205.11
205.32
205.11
204.91
204.7
204.91
204.7
204.91
204.7
204.7
204.7
204.7
204.7
204.7
204.91
205.11
204.91
204.7
204.5
204.5
204.5
204.29
204.5
204.29
204.5
204.5
204.7
204.91
204.91
204.91
204.7
204.5
204.29
204.09
203.88
203.68
203.48
203.27
203.48
203.27
223.6
245.96
270.56
270.83
270.83
270.83
270.83
270.56
270.56
270.29
270.56
270.29
270.56
270.28
270.01
270.01
269.74
270.01
270.01
269.74
270.01
270.01
270.01
269.74
269.47
269.2
268.94
269.2
268.94
269.2
268.93
268.93
269.2
269.47
269.2
269.2
269.47
269.2
268.93
268.93
268.93
269.2
269.47
269.2
269.47
269.74
269.74
269.47
269.47
269.74
269.74
269.47
269.47
269.74
269.47
269.2
269.47
269.47
269.47
269.47
269.47
269.2
269.47
269.2
268.93
269.2
268.93
268.93
269.2
269.47
269.47
269.74
269.47
269.2
269.2
269.2
269.47
269.47
269.47
269.47
269.47
269.47
269.74
269.74
270.01
270.01
270.01
270.01
270.01
269.74
269.47
269.2
268.93
268.93
268.93
268.66
268.39
268.39
268.39
268.66
268.39
268.12
267.86
267.86
267.86
268.12
268.12
267.86
267.86
267.59
267.86
267.59
267.85
267.59
267.85
267.85
267.85
267.59
267.32
267.05
267.32
267.32
267.32
267.05
267.05
267.05
267.05
267.05
266.78
266.52
266.52
266.25
266.52
266.52
266.25
266.52
266.25
265.98
265.72
265.72
265.98
265.72
265.72
265.98
266.25
265.98
265.98
266.25
266.25
266.25
266.25
265.98
265.98
265.98
265.98
266.25
266.25
266.25
266.52
266.52
266.25
266.25
266.25
265.98
265.98
265.72
265.72
265.98
265.72
265.98
265.72
265.98
265.72
265.98
265.98
265.98
265.72
265.45
265.45
265.45
265.72
265.98
239.38
239.14
239.14
239.38
239.38
239.38
239.62
239.38
239.38
239.62
239.62
239.38
239.62
239.62
239.86
239.62
239.62
239.62
239.38
239.14
239.38
239.14
239.14
238.9
238.66
238.43
238.66
238.9
238.9
239.14
239.38
239.14
239.38
239.14
238.9
238.9
238.9
238.66
238.66
238.9
238.9
238.9
238.9
238.66
238.9
239.14
239.14
238.9
238.66
238.9
238.9
238.66
238.66
238.9
238.66
238.42
238.42
238.66
238.42
238.18
238.42
238.66
238.66
238.42
238.66
238.66
238.66
238.42
238.66
238.9
238.9
238.9
239.14
238.9
239.14
239.38
239.14
239.14
239.14
239.38
239.62
239.38
239.14
239.38
239.38
239.38
239.62
239.38
239.62
239.86
240.1
240.34
240.58
240.33
240.33
240.33
240.58
240.58
240.33
240.09
240.33
240.33
240.57
240.82
241.06
240.82
240.82
241.06
241.3
241.54
241.54
241.78
242.02
242.26
242.26
242.26
242.02
242.02
241.78
241.78
241.78
241.54
241.78
241.54
241.54
241.54
241.54
241.54
241.3
241.05
240.81
241.05
240.81
240.57
240.57
240.57
240.33
240.33
240.09
240.09
240.09
239.85
239.85
239.85
240.09
240.09
239.85
240.09
240.33
240.57
240.81
240.81
241.05
240.81
240.81
240.57
240.57
240.81
240.57
240.57
240.57
240.33
240.09
240.09
240.33
240.33
240.33
240.57
240.33
240.33
240.33
240.33
240.33
240.57
240.81
240.81
240.81
240.57
240.33
240.57
240.81
241.05
240.81
240.57
240.81
240.81
240.81
240.81
241.05
240.81
240.57
240.81
240.81
240.81
240.57
240.33
240.09
239.85
239.61
239.61
239.37
239.13
239.13
239.13
239.37
239.37
239.13
239.37
239.37
239.37
239.37
239.61
239.61
239.61
239.85
239.85
240.09
240.33
240.09
239.85
239.85
240.09
240.33
240.09
240.09
240.33
240.57
240.33
240.33
240.33
240.08
240.33
240.08
240.32
240.08
239.84
239.6
239.6
239.36
239.36
239.6
239.6
239.84
239.6
239.84
239.6
239.36
239.12
239.12
238.89
239.12
239.12
238.89
238.65
238.89
238.89
238.89
238.65
238.65
238.41
238.65
238.41
238.41
238.41
238.65
238.41
238.41
238.65
238.88
239.12
238.88
239.12
239.12
238.88
239.12
239.12
239.12
239.12
238.88
238.64
238.64
238.41
238.41
238.41
238.17
238.17
237.93
237.69
237.45
237.69
237.69
237.93
237.69
237.69
237.93
238.17
238.4
238.64
238.4
238.64
238.4
238.4
238.64
238.64
238.64
238.88
239.12
239.12
239.36
239.6
239.6
239.6
239.6
239.36
239.36
239.12
238.88
238.64
238.64
238.4
238.64
238.4
238.64
238.64
238.64
238.88
238.64
238.88
238.64
238.64
238.88
238.64
238.4
238.4
238.64
238.4
238.4
238.64
238.88
238.88
239.12
238.88
239.12
239.36
239.6
239.6
239.6
239.84
239.6
239.36
239.12
239.36
239.6
239.83
239.59
239.59
239.36
239.59
239.83
239.83
239.59
239.83
239.83
240.07
240.31
240.07
240.07
240.31
240.31
240.31
240.07
239.83
239.83
240.07
240.31
240.31
240.31
240.07
240.07
240.07
240.31
240.07
239.83
240.07
240.31
240.07
240.07
239.83
239.59
239.35
239.11
239.35
239.59
239.59
239.35
239.11
239.11
238.87
238.87
239.11
239.11
239.11
239.11
238.87
238.63
238.4
238.16
237.92
238.16
238.16
238.16
237.92
237.92
238.16
238.4
238.16
238.4
238.4
238.63
238.39
238.16
238.39
238.16
237.92
238.16
237.92
238.16
238.39
238.63
238.63
238.39
238.16
238.39
238.63
238.39
238.15
238.15
238.39
238.39
238.39
238.39
238.63
238.39
238.15
238.15
237.92
237.92
238.15
238.39
238.39
238.15
238.15
238.39
238.39
238.15
238.39
238.39
238.15
237.92
238.15
237.91
237.91
237.91
237.68
237.91
237.91
237.68
237.91
237.91
237.91
237.91
238.15
238.15
237.91
237.91
237.91
237.91
238.15
238.15
238.15
238.15
238.39
238.15
238.39
238.63
238.87
238.87
238.87
238.87
238.63
238.63
238.87
239.11
238.87
238.87
239.11
239.11
239.11
238.87
238.87
239.11
239.34
239.58
239.34
239.58
239.58
239.34
239.34
239.34
239.1
239.34
239.58
239.82
239.58
239.34
239.58
239.82
239.58
239.82
240.06
239.82
239.58
239.82
239.82
239.82
240.06
240.06
240.06
239.82
239.58
239.82
240.06
239.82
239.82
239.58
239.58
239.34
239.58
239.82
240.06
240.3
240.06
239.82
240.06
239.82
240.06
240.06
239.82
240.06
240.06
240.06
240.3
240.06
240.3
240.06
240.06
240.3
240.54
240.3
240.54
240.3
240.54
240.78
241.02
240.78
240.54
240.3
240.54
240.78
241.02
240.78
241.02
241.02
241.26
241.02
241.02
241.26
241.02
240.78
241.02
240.78
241.02
241.26
241.5
241.26
241.5
241.5
241.74
241.74
241.98
242.23
242.47
242.22
242.22
242.47
242.47
242.71
242.95
243.2
243.44
243.19
243.19
242.95
243.19
243.44
243.19
243.44
243.68
243.92
243.68
243.44
243.44
243.68
243.92
243.92
243.68
243.68
243.44
243.44
243.68
243.92
243.92
244.17
244.17
244.41
244.17
244.17
243.92
243.68
243.92
243.68
243.68
243.44
243.44
243.68
243.44
243.44
243.44
243.19
242.95
242.95
242.95
243.19
242.95
243.19
242.95
242.95
242.71
242.46
242.7
242.7
242.46
242.22
242.46
242.46
242.46
242.7
242.95
242.95
242.7
242.95
242.7
242.7
242.95
242.95
242.7
242.7
242.7
242.95
242.95
242.95
243.19
243.43
243.19
243.19
242.95
243.19
242.95
242.7
242.46
242.46
242.46
242.46
242.7
242.95
243.19
242.94
243.19
243.19
243.19
243.43
243.43
243.19
242.94
242.7
242.94
242.7
242.46
242.7
242.7
242.46
242.46
242.46
242.46
242.7
242.7
242.7
242.7
242.7
242.7
242.94
242.94
242.94
243.19
243.19
243.43
243.67
243.67
243.67
243.43
243.19
242.94
242.7
242.94
243.19
243.43
243.19
243.19
242.94
243.18
243.18
243.18
243.43
243.43
243.43
243.43
243.18
243.43
243.67
243.43
243.18
242.94
242.94
242.94
243.18
243.43
243.18
243.18
243.18
242.94
243.18
243.18
242.94
243.18
243.43
243.43
243.67
243.91
243.91
243.91
244.16
244.4
244.65
244.4
244.16
243.91
243.67
243.67
243.43
243.67
243.43
243.43
243.67
243.42
243.42
243.42
243.42
243.42
243.42
243.67
243.67
243.42
243.42
243.18
243.42
243.18
242.94
242.94
242.69
242.45
242.21
242.21
242.45
242.69
242.69
242.69
242.45
242.69
242.69
242.69
242.69
242.45
242.21
241.97
241.97
241.97
241.97
242.21
242.45
242.69
242.45
242.69
242.45
242.69
242.69
242.45
242.21
241.97
241.97
242.21
242.21
242.21
241.97
241.72
241.48
241.72
241.96
241.72
241.72
241.72
241.72
241.48
241.48
241.24
241
241.24
241.48
241.48
241.24
241.24
241.24
241.24
241
240.76
241
240.76
240.76
240.52
240.76
240.52
240.28
240.52
240.52
240.52
240.52
240.27
240.52
240.76
241
240.76
240.51
240.51
240.76
240.51
240.27
240.51
240.27
240.27
240.51
240.51
240.27
240.03
240.03
240.03
240.27
240.27
240.27
240.27
240.27
240.03
240.27
240.27
240.03
240.03
240.27
240.03
240.03
240.03
240.27
240.03
239.79
239.55
239.79
240.03
240.03
240.03
240.03
239.79
239.79
239.55
239.31
239.31
239.07
239.31
239.07
239.31
239.31
239.07
239.07
239.07
239.07
239.31
239.31
239.31
239.55
239.79
239.79
239.55
239.79
240.03
239.79
240.03
240.27
240.03
240.03
240.27
240.03
240.27
240.03
240.27
240.27
240.03
239.79
239.55
239.79
240.03
239.79
239.79
239.55
239.31
239.31
239.55
239.31
239.31
239.31
239.31
239.07
239.07
239.07
239.31
239.07
238.83
238.83
238.59
238.35
238.11
237.88
237.88
237.88
238.11
237.88
238.11
238.35
238.35
238.59
238.59
238.83
238.83
238.59
238.83
238.59
238.59
238.83
238.83
238.83
238.83
238.83
238.59
238.35
238.59
238.35
238.59
238.59
238.35
238.59
238.83
238.83
239.07
238.83
238.83
238.59
238.83
238.59
238.59
238.83
238.83
239.07
239.3
239.54
239.78
239.78
239.54
239.3
239.54
239.3
239.3
239.06
239.3
239.3
239.54
239.78
239.54
239.78
239.54
239.54
239.78
239.78
239.54
239.3
239.06
238.82
238.59
238.82
238.59
238.59
238.59
238.82
238.82
238.82
239.06
238.82
239.06
238.82
238.82
238.58
238.35
238.58
238.82
238.82
238.82
239.06
238.82
238.58
238.35
238.35
238.58
238.82
238.82
238.58
238.58
238.82
238.82
238.82
238.58
238.82
238.82
238.82
239.06
239.3
239.3
239.3
239.54
239.3
239.54
239.78
239.78
240.02
240.02
240.26
240.02
240.02
240.02
240.26
240.26
240.5
240.26
240.02
240.02
240.02
239.78
239.54
239.3
239.54
239.3
239.3
239.06
238.82
239.06
239.3
239.54
239.54
239.3
239.3
239.54
239.3
239.3
239.3
239.06
239.06
239.06
239.06
239.3
239.3
239.54
239.78
240.02
239.78
239.78
239.54
239.77
239.77
239.77
240.01
240.01
240.01
240.01
240.01
239.77
239.53
239.53
239.77
239.77
240.01
240.01
240.25
240.49
240.49
240.73
240.98
240.98
240.73
240.49
240.49
240.49
240.73
240.49
240.49
240.73
240.73
240.97
240.97
240.97
240.97
241.22
241.22
241.22
241.22
241.22
241.46
241.46
241.22
241.46
241.46
241.7
241.94
241.7
241.94
241.7
241.7
241.94
242.18
242.42
242.18
241.94
241.94
241.7
241.46
241.46
241.21
240.97
240.73
240.97
240.97
240.97
240.73
240.73
240.97
241.21
241.45
241.7
241.45
241.21
241.21
241.21
240.97
241.21
241.45
241.21
241.21
241.45
241.21
241.21
240.97
240.97
241.21
241.21
241.45
241.21
241.45
241.69
241.94
242.18
242.18
242.42
242.42
242.66
242.91
242.91
243.15
242.9
242.66
242.66
242.66
242.9
242.66
242.66
242.66
242.9
243.15
243.15
243.39
243.15
243.15
243.39
243.39
243.15
242.9
242.66
242.9
242.66
242.66
242.9
242.66
242.42
242.42
242.66
242.42
242.66
242.66
242.9
243.15
243.15
243.15
242.9
242.66
242.66
242.66
242.9
243.14
243.39
243.39
243.14
243.39
243.39
243.63
243.39
243.39
243.14
242.9
242.66
242.9
243.14
243.39
243.39
243.39
243.14
243.39
243.63
243.87
243.63
243.63
243.87
243.87
243.63
243.39
243.63
243.39
243.39
243.39
243.39
243.63
243.39
243.63
243.87
243.63
243.63
243.38
243.14
242.9
242.9
242.9
242.9
243.14
242.9
243.14
243.38
243.63
243.87
243.87
243.63
243.38
243.14
243.38
243.38
243.38
243.14
243.14
243.38
243.63
243.87
243.63
243.87
243.87
243.63
243.63
243.87
243.87
243.87
243.87
243.63
243.38
243.38
243.63
243.63
243.63
243.87
243.63
243.63
243.38
243.63
243.38
243.14
242.89
243.14
242.89
242.89
242.65
242.89
243.14
242.89
243.14
243.38
243.62
243.38
243.14
243.14
243.14
243.38
243.38
243.38
243.38
243.38
243.14
242.89
243.14
243.14
243.14
242.89
242.65
242.65
242.65
242.41
242.41
242.17
242.17
242.17
242.17
242.17
241.92
241.92
241.92
242.16
242.41
242.16
242.16
242.16
242.16
242.16
242.16
242.16
241.92
241.68
241.44
241.68
241.44
241.44
241.68
241.92
241.68
241.44
241.68
241.92
241.68
241.68
241.44
241.68
241.44
241.68
241.68
241.68
241.92
241.92
242.16
242.16
241.92
241.68
241.92
241.68
241.44
241.68
241.68
241.68
241.44
241.68
241.92
242.16
242.4
242.16
242.4
242.16
241.92
242.16
242.16
242.4
242.64
242.89
242.89
242.89
242.89
242.64
242.89
242.64
242.4
242.4
242.64
242.89
243.13
243.37
243.37
243.13
242.89
243.13
242.89
243.13
243.13
242.89
242.89
243.13
243.13
243.37
243.62
243.86
244.1
243.86
243.61
243.61
243.86
244.1
244.1
244.35
244.59
244.35
244.1
244.1
244.35
244.35
244.59
244.59
244.35
244.35
244.35
244.35
244.1
243.86
243.86
243.61
243.37
243.37
243.13
242.88
242.88
242.64
242.4
242.4
242.4
242.64
242.88
243.13
242.88
243.13
242.88
242.64
242.88
242.88
243.12
242.88
242.64
242.88
242.64
242.64
242.88
243.12
243.37
243.37
243.37
243.61
243.85
243.85
243.85
244.1
244.1
243.85
243.85
243.85
244.1
243.85
243.61
243.61
243.61
243.61
243.61
243.85
244.1
243.85
243.85
243.85
243.85
244.1
243.85
243.61
243.85
243.61
243.37
243.61
243.61
243.85
244.1
244.1
243.85
243.61
243.36
243.36
243.61
243.85
244.1
244.34
244.34
244.1
244.34
244.09
243.85
243.61
243.36
243.61
243.61
243.85
244.09
244.34
244.09
243.85
244.09
244.34
244.09
243.85
244.09
243.85
244.09
244.09
244.09
244.09
244.09
244.09
243.85
243.61
243.61
243.85
243.6
243.36
243.36
243.12
242.87
243.12
243.36
243.36
243.12
243.36
243.36
243.12
243.12
243.36
243.12
242.87
242.87
242.63
242.39
242.39
242.39
242.39
242.39
242.63
242.63
242.63
242.87
243.12
242.87
243.12
242.87
242.87
242.63
242.39
242.39
242.14
242.39
242.39
242.63
242.87
242.87
242.87
242.63
242.63
242.63
242.63
242.63
242.87
242.87
242.63
242.39
242.14
242.14
242.14
242.39
242.14
241.9
241.9
241.66
241.66
241.42
241.66
241.66
241.9
241.66
241.9
241.9
242.14
241.9
242.14
241.9
241.66
241.66
241.42
241.42
241.42
241.18
240.93
241.18
241.18
241.42
241.17
241.17
240.93
240.69
240.69
240.45
240.21
240.45
240.45
240.69
240.69
240.69
240.69
240.93
241.17
241.42
241.17
241.41
241.66
241.9
241.9
242.14
242.14
242.38
242.14
242.14
241.9
241.66
241.66
241.41
241.17
241.41
241.17
241.41
241.41
241.65
241.41
241.41
241.17
240.93
240.93
241.17
241.17
241.41
241.17
241.41
241.17
240.93
240.69
240.69
240.45
240.69
240.93
241.17
240.93
240.69
240.69
240.45
240.45
240.69
240.93
240.69
240.45
240.21
239.97
239.97
239.73
239.97
239.97
239.97
239.97
240.21
240.45
240.69
240.45
240.45
240.69
240.45
240.69
240.45
240.21
239.96
239.96
239.73
239.96
239.96
239.96
239.72
239.49
239.72
239.96
239.96
239.96
239.96
239.72
239.48
239.72
239.96
239.96
239.96
239.72
239.72
239.48
239.48
239.72
239.72
239.72
239.72
239.72
239.72
239.72
239.72
239.96
239.96
239.96
239.72
239.96
239.72
239.72
239.48
239.24
239.48
239.24
239
239
239.24
239.48
239.48
239.24
239.48
239.24
239
239.24
239.48
239.48
239.24
239
239.24
239.24
239
238.76
238.53
238.53
238.76
239
238.76
239
239.24
239.48
239.72
239.48
239.72
239.96
239.72
239.72
239.48
239.72
239.96
240.2
240.2
239.96
239.96
239.72
239.48
239.72
239.72
239.48
239.72
239.96
239.72
239.72
239.96
239.96
240.2
239.96
239.72
239.48
239.24
239
239.24
239.24
239.48
239.48
239.48
239.48
239.48
239.24
239.24
239.48
239.72
239.72
239.72
239.48
239.72
239.48
239.48
239.24
239.48
239.24
239
239
239
238.76
238.76
238.76
238.52
238.28
238.04
237.81
237.81
238.04
238.04
238.28
238.28
238.04
238.28
238.04
238.28
238.52
238.28
238.04
238.04
238.28
238.52
238.28
238.28
238.28
238.28
238.52
238.52
238.76
238.52
238.28
238.52
238.52
238.76
238.76
238.99
238.99
238.99
238.99
238.76
238.76
238.52
238.52
238.52
238.52
238.28
238.28
238.28
238.28
238.52
238.76
238.76
238.99
238.76
238.52
238.28
238.28
238.28
238.52
238.52
238.28
238.28
238.28
238.04
238.04
238.28
238.28
238.04
237.8
237.8
238.04
237.8
238.04
238.28
238.51
238.75
238.99
238.99
238.75
238.75
238.99
238.75
238.51
238.51
238.75
238.51
238.75
238.75
238.75
238.99
238.75
238.51
238.27
238.27
238.51
238.27
238.04
238.04
238.04
238.27
238.51
238.75
238.51
238.75
238.75
238.75
238.51
238.27
238.27
238.51
238.75
238.75
238.51
238.27
238.04
238.27
238.27
238.03
238.27
238.51
238.27
238.03
237.8
237.56
237.8
237.56
237.32
237.32
237.08
236.85
236.61
236.61
236.37
236.14
236.14
236.14
236.14
236.37
236.37
236.37
236.61
236.61
236.85
236.61
236.37
236.37
236.61
236.37
236.14
235.9
235.9
236.14
235.9
235.66
235.9
235.66
235.43
235.19
234.96
234.72
234.49
234.72
234.96
234.96
235.19
258.71
258.71
258.45
258.71
258.71
258.71
258.97
258.97
258.97
259.23
259.49
259.75
259.49
259.75
259.49
259.49
259.75
260.01
260.27
260.27
260.27
260.01
260.01
260.27
260.53
260.27
260
260
260.26
260
260.26
260.52
260.79
260.52
260.52
260.52
260.52
260.26
260.52
260.26
260.26
260.26
260.26
260.52
260.26
260.52
260.52
260.26
260.26
260.26
260.52
260.26
260
260
260.26
260.52
260.26
260
260.26
260
260.26
260.52
260.78
261.04
261.04
261.04
261.3
261.57
261.3
261.04
260.78
261.04
261.04
261.04
261.04
260.78
260.78
261.04
261.04
261.04
260.78
260.78
260.78
260.52
260.26
260.26
260.52
260.52
260.26
260
260
259.74
259.74
260
259.74
259.74
260
259.74
259.48
259.48
259.74
260
260.26
260.52
260.78
260.78
261.04
260.78
260.78
261.04
261.04
261.04
260.78
261.04
261.04
260.78
260.52
260.78
261.04
261.3
261.3
261.3
261.56
261.56
261.56
261.3
261.3
261.04
260.78
260.52
260.52
260.26
260.26
260
260.26
260.52
260.26
260.52
260.78
260.78
260.78
261.04
260.78
260.78
260.78
260.78
260.52
260.78
260.78
261.04
260.78
260.78
260.78
260.78
260.78
261.04
261.3
261.04
261.3
261.04
261.3
261.3
261.04
261.3
261.56
261.56
261.3
261.3
261.3
261.3
261.56
261.3
261.04
261.04
261.04
261.04
260.77
260.77
260.51
260.25
260.25
259.99
259.73
259.73
259.47
259.73
259.99
259.73
259.99
259.99
259.99
259.99
259.99
260.25
260.51
260.51
260.51
260.51
260.77
261.03
260.77
260.51
260.51
260.25
260.25
260.51
260.77
261.03
261.29
261.55
261.29
261.03
261.03
260.77
260.77
260.51
260.77
260.51
260.25
260.25
260.51
260.51
260.77
260.51
260.51
260.25
259.99
259.99
259.73
259.99
259.73
259.73
259.47
259.47
259.47
259.73
259.99
259.99
259.99
259.99
260.25
260.25
260.51
260.77
261.03
260.77
260.51
260.25
259.99
260.25
260.51
260.51
260.25
260.51
260.25
260.25
260.25
260.51
260.77
260.51
260.77
260.77
260.51
260.77
261.03
261.03
261.03
261.29
261.55
261.29
261.03
261.03
260.77
261.03
261.03
261.03
260.77
260.5
260.5
260.5
260.77
261.03
261.29
261.29
261.55
261.55
261.29
261.29
261.29
261.03
261.29
261.29
261.29
261.29
261.03
261.29
261.55
261.29
261.55
261.81
261.81
262.07
262.33
262.07
262.33
262.59
262.33
262.07
262.07
261.81
261.81
261.81
262.07
261.81
261.81
262.07
261.81
261.81
261.55
261.55
261.28
261.28
261.02
261.02
261.28
261.54
261.28
261.54
261.54
261.28
261.02
261.28
261.02
260.76
261.02
261.02
261.28
261.28
261.28
261.02
260.76
261.02
261.28
261.28
261.54
261.8
262.07
262.07
261.8
261.8
262.07
261.8
261.8
261.54
261.54
261.28
261.02
261.02
261.28
261.54
261.8
262.07
262.07
262.33
262.06
262.33
262.33
262.33
262.33
262.59
262.59
262.33
262.59
262.59
262.33
262.33
262.06
261.8
261.54
261.8
261.8
261.8
261.8
262.06
261.8
261.8
261.54
261.28
261.02
261.02
260.76
260.76
260.49
260.76
260.76
261.02
261.28
261.54
261.8
261.8
262.06
262.06
262.06
262.06
262.06
262.06
262.06
261.8
262.06
262.32
262.06
261.8
262.06
261.8
261.54
261.54
261.54
261.54
261.54
261.54
261.54
261.54
261.8
262.06
262.06
262.06
262.06
261.8
261.8
262.06
261.8
261.8
261.8
261.54
261.54
261.8
261.54
261.8
261.8
261.8
262.06
262.06
262.32
262.06
261.8
261.54
261.27
261.54
261.8
262.06
261.8
261.53
261.27
261.53
261.8
261.53
261.53
261.53
261.8
262.06
261.8
262.06
261.8
262.06
261.79
262.06
262.06
261.79
262.06
262.32
262.58
262.58
262.32
262.58
236.32
236.32
236.56
236.8
237.03
236.8
236.56
236.79
237.03
237.27
237.27
237.51
237.27
237.51
237.27
237.03
236.79
237.03
237.03
237.27
237.5
237.27
237.03
237.03
237.27
237.5
237.74
237.74
237.98
237.74
237.74
237.74
237.5
237.27
237.27
237.5
237.74
237.98
237.74
237.5
237.27
237.27
237.5
237.27
237.03
237.27
237.03
236.79
236.55
236.32
236.55
236.55
236.79
237.03
236.79
236.79
237.03
237.26
237.5
237.74
237.74
237.98
238.21
238.45
238.45
238.69
238.69
238.93
238.69
238.93
238.69
238.93
238.69
238.93
238.69
238.69
238.45
238.45
238.45
238.45
238.21
238.45
214.61
214.61
193.15
193.15
192.95
192.76
192.76
192.95
192.95
193.15
193.34
193.53
193.73
193.53
193.53
193.53
193.34
193.53
193.53
193.53
193.34
193.34
193.14
193.34
193.34
193.34
193.34
193.34
193.53
193.53
193.34
193.34
193.53
193.34
193.34
193.34
193.14
193.14
193.14
193.14
192.95
192.95
192.76
192.95
192.76
192.76
192.95
192.76
192.56
192.76
192.76
192.95
193.14
193.14
192.95
193.14
193.34
193.34
193.53
193.72
193.72
193.92
193.72
193.72
193.72
193.53
193.34
193.14
193.34
193.14
192.95
193.14
192.95
192.76
192.56
192.56
192.56
192.56
192.76
192.95
192.76
192.56
192.56
192.37
192.18
192.18
191.99
191.99
192.18
192.37
192.18
192.18
192.37
192.56
192.56
192.75
192.95
192.75
192.95
192.95
192.75
192.56
192.56
192.37
192.18
191.98
192.18
192.37
192.56
192.37
192.56
192.56
192.75
192.75
192.95
192.75
192.75
192.56
192.75
192.95
192.95
192.75
192.94
193.14
192.94
193.14
193.14
193.14
193.33
193.14
192.94
192.94
192.94
192.75
192.75
192.56
192.75
192.75
192.94
193.14
193.14
192.94
192.75
192.94
192.94
192.94
193.14
192.94
193.14
193.14
192.94
192.75
192.94
192.75
192.56
192.56
192.56
192.36
192.36
192.36
192.17
192.36
192.56
192.36
192.36
192.17
191.98
192.17
192.17
192.17
192.17
192.36
192.56
192.75
192.94
192.94
192.75
192.56
192.36
192.36
192.36
192.36
192.17
191.98
191.79
191.6
191.4
191.21
191.4
191.21
191.21
191.21
210.33
210.54
210.54
210.75
210.75
210.54
210.54
210.75
210.96
210.75
210.75
210.54
210.33
210.33
210.33
210.54
210.54
210.54
210.54
210.54
210.54
210.75
210.75
210.75
210.54
210.75
210.75
210.75
210.54
210.75
210.75
210.54
210.75
210.75
210.54
210.33
210.54
210.33
210.33
210.33
210.54
210.75
210.75
210.54
210.33
210.12
210.12
210.33
210.12
209.91
209.7
209.91
209.7
209.7
209.7
209.7
209.91
210.12
210.12
209.91
210.12
210.12
209.91
209.7
209.7
209.49
209.7
209.49
209.49
209.28
209.28
209.07
208.86
208.86
208.86
208.86
208.86
209.07
209.28
209.28
209.28
209.28
209.49
209.7
209.91
209.7
209.7
209.91
209.7
209.49
209.28
209.49
209.28
209.49
209.7
209.91
210.12
209.91
209.91
209.7
209.7
209.7
209.49
209.49
209.49
209.49
209.28
209.07
208.86
209.07
208.86
209.07
208.86
208.86
209.07
209.07
208.86
208.86
208.86
208.65
208.65
208.86
209.07
209.07
209.28
209.07
208.86
209.07
209.28
209.49
209.49
209.28
209.48
209.69
209.48
209.69
209.69
209.9
209.69
209.69
209.9
209.9
209.69
209.69
209.69
209.69
209.9
210.11
209.9
210.11
210.32
210.32
210.32
210.11
209.9
209.69
209.9
209.9
209.9
210.11
210.32
210.32
210.32
210.32
210.53
210.53
210.32
210.53
210.53
210.32
210.32
210.53
210.74
210.53
210.74
210.53
210.74
210.53
210.74
210.95
211.16
211.16
211.38
211.38
211.38
211.38
211.59
190.43
190.43
190.62
190.62
190.81
190.62
190.43
190.62
190.62
190.43
190.24
190.24
190.05
189.86
189.67
189.48
189.67
189.86
189.86
189.67
189.67
189.67
189.86
189.67
189.67
189.86
189.86
189.67
189.48
189.29
189.29
189.48
189.67
189.86
190.05
190.05
190.24
190.43
190.62
190.81
190.62
190.81
190.81
191
191
191.19
191.19
191.38
191.19
191
191.19
191
191
191
191
191
190.81
190.81
190.61
190.81
190.81
190.61
190.42
190.42
190.42
190.42
190.23
190.23
190.23
190.42
190.61
190.42
190.23
190.23
190.04
190.04
190.23
190.42
190.23
190.04
189.85
189.85
190.04
189.85
189.85
189.85
190.04
190.04
190.04
190.04
190.23
190.42
190.61
190.8
190.61
190.61
190.42
190.23
190.04
189.85
189.66
189.66
189.66
189.66
189.66
189.47
189.47
189.66
189.85
190.04
190.23
190.23
190.23
190.04
190.23
190.23
190.23
190.42
190.42
190.23
190.23
190.42
190.61
190.61
190.42
190.23
190.42
190.23
190.23
190.42
190.61
190.8
190.99
190.8
190.8
190.8
190.99
190.99
191.18
191.18
191.18
191.18
190.99
190.8
190.99
191.18
191.37
191.18
191.37
191.56
191.76
191.95
192.14
192.14
191.95
191.76
191.76
191.76
191.95
191.76
191.56
191.37
191.37
191.37
191.37
191.18
190.99
190.99
190.8
190.61
190.61
190.61
190.42
190.61
190.61
190.42
190.23
190.04
189.85
190.04
189.85
189.85
190.04
189.85
190.04
190.04
190.23
190.04
190.04
190.23
190.04
190.04
190.04
190.23
190.23
190.23
190.23
190.42
190.42
190.61
190.61
190.42
190.23
190.23
190.42
190.23
190.03
189.84
189.84
189.66
189.84
189.65
189.84
190.03
190.03
189.84
189.65
189.65
189.46
189.28
189.09
189.09
189.28
189.28
189.28
189.09
189.09
189.09
188.9
188.9
189.09
189.27
189.27
189.46
189.46
189.46
189.46
189.27
189.27
189.09
189.09
189.27
189.09
189.27
189.27
189.46
189.27
189.08
189.27
189.08
189.08
189.27
189.08
188.9
188.71
188.52
188.71
188.52
188.71
188.71
188.71
188.89
188.89
189.08
188.89
189.08
188.89
188.71
188.71
188.89
189.08
188.89
189.08
188.89
189.08
189.08
189.08
189.08
189.27
189.08
188.89
188.89
188.89
188.7
188.52
188.33
188.52
188.7
188.52
188.52
188.33
188.52
188.7
188.89
189.08
189.08
189.08
189.08
189.08
189.27
189.08
189.27
189.27
189.46
189.65
189.46
189.65
189.84
189.84
189.84
189.84
189.84
189.65
189.46
189.27
189.08
188.89
188.7
188.89
189.08
189.08
189.27
208.2
208.4
208.4
208.61
208.4
208.61
208.61
208.4
208.61
208.61
208.4
208.4
208.61
208.82
208.61
208.4
208.19
207.99
207.99
208.19
208.4
208.61
208.82
209.03
208.82
208.82
208.61
208.61
208.82
209.03
208.82
208.82
208.82
208.82
208.61
208.61
208.4
208.4
208.61
208.61
208.4
208.61
208.82
209.03
209.03
209.24
209.03
209.03
209.03
209.03
209.24
209.03
209.03
208.82
208.61
208.82
209.03
209.03
209.24
209.24
209.24
209.44
209.65
209.44
209.44
209.44
209.23
209.44
209.65
209.86
209.86
210.07
209.86
209.65
209.44
209.44
209.65
209.44
209.23
209.02
209.23
209.02
208.82
208.82
209.02
209.02
209.23
209.02
208.82
208.82
208.82
209.02
209.23
209.02
209.23
209.44
209.65
209.86
209.65
209.65
209.86
210.07
210.07
209.86
209.65
209.44
209.44
209.65
209.65
209.86
209.86
209.65
209.65
209.44
209.65
209.86
210.07
209.86
209.86
210.07
209.86
209.65
209.65
209.86
210.07
210.07
210.28
210.07
210.07
209.86
210.07
209.86
209.86
210.07
210.28
210.28
210.28
210.28
210.28
210.49
210.49
210.49
210.49
210.49
210.49
210.28
210.28
210.28
210.49
210.28
210.49
210.28
210.07
210.07
210.07
210.07
210.07
209.86
209.65
209.86
209.86
209.65
209.86
210.07
210.28
210.07
210.07
210.28
210.28
210.49
210.7
210.7
210.7
210.49
210.49
210.28
210.07
210.28
210.28
210.07
210.28
210.49
210.28
210.28
210.28
210.28
210.49
210.7
210.91
211.12
211.12
211.33
211.33
211.33
211.12
210.91
210.91
210.91
210.7
210.7
210.49
210.7
210.7
210.7
210.91
210.91
210.7
210.48
210.7
210.48
210.48
210.69
210.69
210.48
210.48
210.27
210.48
210.48
210.27
210.27
210.27
210.27
210.27
210.06
210.27
210.48
210.69
210.48
210.27
210.48
210.69
210.48
210.48
210.48
210.48
210.69
210.9
211.12
210.9
210.69
210.48
210.27
210.06
210.27
210.48
210.27
210.27
210.06
209.85
209.85
209.64
209.85
210.06
210.06
209.85
209.64
209.43
209.22
209.01
208.8
208.8
208.59
208.39
208.18
229
228.77
228.77
228.77
229
229.22
229
229.22
229.45
229.68
229.68
229.91
230.14
229.91
229.91
229.68
229.45
229.22
229.22
229.45
229.68
229.68
229.68
229.45
229.45
229.68
229.68
229.68
229.68
229.68
229.91
229.68
229.91
229.68
229.91
229.68
229.45
229.68
229.45
229.45
229.68
229.68
229.68
229.91
229.91
206.92
206.92
206.71
206.71
206.51
206.3
206.51
206.3
206.51
206.51
206.3
206.09
206.09
206.09
206.09
205.89
205.89
205.89
206.09
205.89
205.89
206.09
206.3
206.09
205.89
206.09
206.3
206.09
206.3
206.5
206.71
206.5
206.3
206.3
206.5
206.5
206.5
206.71
206.71
206.71
206.71
206.71
206.92
206.71
206.71
206.5
206.71
206.92
207.12
207.12
206.92
206.92
206.92
207.12
207.12
207.12
206.92
206.92
207.12
207.33
207.12
207.33
207.33
207.12
207.12
206.92
206.92
206.71
206.91
207.12
207.12
207.12
207.12
207.12
207.33
207.33
207.12
206.91
206.91
206.71
206.5
206.29
206.29
206.5
206.29
206.29
206.09
206.29
206.5
206.29
206.09
206.09
206.29
206.09
206.29
206.29
206.09
205.88
206.09
206.09
206.29
206.5
206.71
206.71
206.71
206.71
206.71
206.5
206.71
206.91
206.71
206.91
206.7
206.91
206.91
206.7
206.91
206.7
206.91
207.12
207.33
207.53
207.33
207.12
207.12
207.32
207.53
207.74
207.74
207.74
207.53
207.53
207.53
207.74
207.74
207.74
207.95
207.74
207.74
207.74
207.74
207.95
207.74
207.53
207.53
207.74
207.74
207.53
207.32
207.12
207.32
207.12
206.91
207.12
207.32
207.12
207.32
207.12
206.91
206.7
206.7
206.49
206.29
206.49
206.7
206.91
206.91
206.7
206.49
206.49
206.49
206.49
206.49
206.49
206.7
206.7
206.49
206.49
206.29
206.49
206.7
206.7
206.7
206.49
206.7
206.91
206.7
206.7
206.49
206.7
206.91
206.91
207.11
207.11
206.91
207.11
206.91
206.7
206.91
206.91
207.11
207.11
207.11
207.11
206.91
207.11
207.32
207.32
207.53
207.32
207.53
207.32
207.32
207.11
206.9
206.7
206.49
206.49
206.28
206.49
206.7
206.49
206.49
206.49
206.28
206.28
206.08
205.87
205.67
205.46
205.67
205.46
205.67
205.87
206.08
205.87
206.08
206.28
206.08
205.87
206.08
206.08
205.87
206.08
206.08
206.08
206.28
206.49
206.7
206.9
206.69
206.49
206.49
206.28
206.28
206.28
206.49
206.28
206.49
206.28
206.07
206.07
206.07
206.07
206.07
206.28
206.07
206.07
205.87
205.87
205.66
205.87
205.87
205.66
205.87
206.07
206.28
206.28
206.07
206.28
206.28
206.07
205.87
205.66
205.87
206.07
206.07
206.28
206.07
206.28
206.28
206.49
206.49
206.49
206.28
206.28
206.49
206.69
206.49
206.49
206.49
206.49
206.49
206.49
206.28
206.48
206.69
206.9
206.69
206.69
206.48
206.28
206.07
205.87
206.07
205.87
205.66
205.87
205.87
206.07
205.86
206.07
206.07
206.07
205.86
205.86
206.07
206.07
206.07
206.07
206.07
206.28
206.28
206.28
206.07
205.86
206.07
205.86
205.86
205.86
205.86
205.66
205.66
205.86
206.07
205.86
205.66
205.86
205.66
205.66
205.86
205.66
205.45
205.25
205.45
205.66
205.66
205.45
205.45
205.66
205.86
206.07
206.27
206.48
206.27
206.27
206.27
206.27
206.07
206.07
205.86
205.86
206.07
206.07
206.07
206.07
206.27
206.48
206.27
206.27
206.27
206.27
206.07
206.27
206.27
206.48
206.69
206.69
206.89
207.1
207.1
207.31
207.51
207.31
207.51
207.72
207.51
207.51
207.51
207.72
207.93
208.14
208.35
208.14
208.34
208.14
207.93
207.93
207.93
207.72
207.72
207.72
207.72
207.93
207.72
207.51
207.51
207.72
207.72
207.51
207.3
207.3
207.1
206.89
206.89
206.68
206.89
207.1
207.3
207.51
207.51
207.3
207.3
207.3
207.1
207.1
206.89
206.68
206.68
206.68
206.48
206.68
206.89
206.89
206.89
206.68
206.68
206.68
206.68
206.68
206.68
206.89
206.89
206.89
206.68
206.48
206.27
206.48
206.48
206.68
206.47
206.47
206.47
206.68
206.89
206.68
206.89
207.09
207.09
206.89
206.89
206.68
206.89
206.68
206.47
206.47
206.47
206.47
206.68
206.89
206.89
207.09
207.3
207.09
206.89
207.09
207.09
206.89
206.68
206.47
206.47
206.68
206.68
206.47
206.68
206.89
207.09
206.89
206.68
206.89
206.89
206.89
206.89
206.68
206.68
206.68
206.89
207.09
207.09
206.89
207.09
206.88
207.09
206.88
207.09
206.88
207.09
207.3
207.51
207.71
207.51
207.71
207.71
207.71
207.92
187.13
187.13
187.32
187.5
187.5
187.69
187.5
187.5
187.69
187.5
187.69
187.88
188.07
188.07
187.88
187.88
187.88
187.69
187.69
187.69
187.69
187.88
187.88
188.07
187.88
187.88
187.88
188.07
188.25
188.06
188.06
187.88
187.88
187.69
187.5
187.31
187.5
187.31
187.5
187.31
187.5
187.31
187.5
187.69
187.69
187.88
187.69
187.5
187.31
187.31
187.31
168.58
168.75
168.58
168.41
168.41
168.24
168.08
168.08
167.91
168.08
168.24
168.08
168.24
168.08
168.24
168.41
168.41
168.41
168.41
168.24
168.24
168.41
168.41
168.58
168.41
168.41
168.58
168.75
168.92
168.92
169.09
169.26
169.09
169.26
169.09
168.92
168.75
168.92
168.75
168.75
168.58
168.41
168.41
168.58
168.58
168.75
168.58
168.75
168.92
168.92
168.92
168.92
169.08
169.08
168.92
168.75
168.58
168.75
168.75
168.58
168.75
168.92
168.75
168.75
168.58
168.41
168.41
168.41
168.24
168.07
168.07
167.9
168.07
168.24
168.07
168.07
168.07
167.9
168.07
168.24
168.24
168.41
168.41
168.58
168.41
168.58
168.74
168.91
168.91
169.08
169.25
169.25
169.42
169.42
169.59
169.42
169.25
169.25
169.08
168.91
168.91
168.91
169.08
169.25
169.25
169.08
168.91
169.08
169.08
169.08
169.08
169.08
169.08
169.08
169.08
169.25
169.25
169.25
169.42
169.42
169.25
169.25
169.25
169.25
169.42
169.59
169.76
169.76
169.76
169.59
169.59
169.76
169.76
169.76
169.59
169.59
169.42
169.42
169.25
169.08
169.08
168.91
168.74
168.74
168.74
168.91
168.91
168.91
169.08
169.08
169.25
169.08
168.91
168.74
168.57
168.57
168.57
168.74
168.74
168.91
168.91
169.08
169.25
169.42
169.59
169.59
169.59
169.59
169.42
169.42
169.42
169.25
169.42
169.59
169.42
169.42
169.25
169.08
169.08
168.91
168.74
168.91
168.74
168.57
168.74
168.74
168.91
168.91
169.08
169.08
169.08
169.25
169.42
169.59
169.59
169.59
169.42
169.25
169.42
169.25
169.08
168.91
168.74
168.91
168.74
168.57
168.57
168.4
168.57
168.57
168.74
168.57
168.57
168.57
168.74
168.57
168.74
168.74
168.74
168.57
168.57
168.4
168.23
168.23
168.23
168.06
167.9
168.06
168.23
168.23
168.23
168.06
167.9
168.06
167.9
167.9
167.73
167.73
167.9
167.73
167.9
168.06
168.06
168.23
168.4
168.23
168.06
168.23
168.06
168.23
168.23
168.4
168.23
168.23
168.06
167.89
167.73
167.73
167.56
167.56
167.56
167.56
167.39
167.39
167.56
167.73
167.89
168.06
168.23
168.4
168.23
168.4
168.4
168.4
168.4
168.4
168.4
168.4
168.23
168.4
168.23
168.23
168.06
168.06
168.23
168.4
168.57
168.57
168.73
168.57
168.4
168.4
168.23
168.4
168.23
168.23
168.23
168.4
168.4
168.4
168.23
168.06
168.06
167.89
167.89
167.89
167.72
167.56
167.39
167.39
167.56
167.39
167.56
167.39
167.56
167.39
167.39
167.39
167.22
167.05
167.22
167.05
166.89
166.89
167.05
150.35
150.5
150.65
150.8
150.8
150.8
150.95
150.95
151.1
150.95
150.95
151.1
151.1
151.1
151.25
151.25
151.4
151.56
151.4
151.25
151.25
151.25
151.25
151.4
151.4
151.55
151.4
151.55
151.55
151.55
151.4
151.25
151.25
151.4
151.55
151.71
151.71
151.71
151.55
151.4
151.25
151.1
151.1
151.25
151.25
151.25
151.1
151.1
150.95
151.1
151.25
151.4
151.25
151.25
151.1
150.95
150.95
150.95
150.95
150.8
150.65
150.5
150.35
150.2
150.2
150.2
150.35
150.35
150.35
150.5
150.5
150.35
150.5
150.35
150.5
150.5
150.34
150.34
150.19
150.34
150.19
150.19
150.19
150.04
149.89
150.04
150.19
150.34
150.49
150.49
150.49
150.65
150.65
150.65
150.49
150.64
150.64
150.8
150.64
150.49
150.49
150.64
150.64
150.8
150.8
150.95
150.95
151.1
151.25
151.4
151.4
151.25
151.25
151.1
150.95
151.1
150.95
150.95
151.1
151.25
151.25
151.25
151.1
151.1
151.25
151.1
150.95
150.79
150.79
150.94
150.94
151.1
151.1
151.25
151.4
151.55
151.55
151.7
151.55
151.4
151.25
151.25
151.25
151.25
151.25
151.4
151.4
151.25
151.1
151.1
150.94
150.79
150.79
150.94
151.09
151.09
150.94
151.09
151.25
151.09
151.09
150.94
150.79
150.79
150.64
150.79
150.79
150.94
151.09
151.25
151.09
151.09
151.09
151.09
150.94
151.09
151.24
151.09
151.24
151.24
151.09
150.94
150.94
150.94
150.79
150.94
150.79
150.79
150.64
150.64
150.49
150.64
150.64
150.64
150.64
150.79
150.94
150.79
150.94
150.94
150.79
150.79
150.94
150.79
150.64
150.79
150.64
150.79
150.79
150.79
150.94
151.09
151.24
151.24
151.24
151.39
151.39
151.39
151.55
151.55
151.39
151.24
151.39
151.55
151.55
151.7
151.55
151.7
151.7
151.7
151.85
152
152
152.15
152.3
152.46
152.3
152.15
152.3
152.3
152.46
152.46
152.61
152.46
152.3
152.15
152.15
152
152
151.85
151.7
151.85
151.7
151.7
151.85
151.85
151.7
151.7
151.54
151.7
151.85
151.85
152
151.85
151.69
151.85
151.69
151.85
152
152
152.15
152.15
152.3
152.3
152.15
152
151.85
152
152.15
152
152.15
152.3
152.45
152.3
152.15
152.15
152.15
152.3
152.3
152.3
152.15
152.15
152
151.84
151.84
151.84
151.69
151.69
151.54
151.69
151.84
152
151.84
152
151.84
151.84
152
151.84
151.69
151.54
151.39
151.39
151.54
151.54
151.54
151.54
151.69
151.84
152
152
152.15
152.15
152.3
152.3
152.3
152.45
152.3
152.3
152.45
152.45
152.3
152.15
152.15
152.15
152.15
152.15
151.99
152.15
152.15
152.15
151.99
152.15
151.99
151.84
151.99
152.15
152.15
152.15
152.3
152.3
152.45
152.6
152.6
152.6
152.76
152.6
152.76
152.76
152.6
152.45
152.6
152.76
152.6
152.76
152.91
152.76
152.76
152.91
152.76
152.6
152.6
152.45
152.3
152.3
152.3
152.3
152.3
152.45
152.3
152.14
151.99
151.84
151.84
151.84
151.69
151.54
151.69
151.84
151.84
151.99
151.99
151.99
151.84
151.69
151.84
151.69
151.54
151.54
151.69
151.54
151.69
151.54
151.38
151.38
151.38
151.54
151.54
151.54
151.54
151.38
151.38
151.54
151.69
151.84
151.69
151.69
151.69
151.54
151.54
151.54
151.69
151.69
151.69
151.84
151.84
151.84
151.69
151.69
151.84
151.99
152.14
152.14
151.99
151.99
152.14
152.29
152.29
152.29
152.45
152.29
152.14
152.14
152.29
152.14
152.14
152.14
152.29
152.45
152.6
152.75
152.6
152.75
152.9
152.75
152.9
153.06
153.06
153.06
153.06
153.21
153.21
153.06
153.21
153.36
153.21
153.06
152.9
152.75
152.6
152.6
152.6
152.6
152.75
152.6
152.6
152.6
152.75
152.9
152.9
153.06
153.21
153.36
153.52
153.36
153.21
153.36
153.21
153.06
152.9
153.05
152.9
153.05
152.9
152.75
152.9
152.75
152.75
152.9
152.75
152.9
152.9
153.05
153.05
153.21
153.21
153.21
153.05
153.21
153.05
153.21
153.21
153.05
153.05
152.9
152.9
152.9
152.9
152.9
153.05
153.21
153.21
153.05
152.9
152.75
152.75
152.9
152.75
152.59
152.59
152.75
152.75
152.59
152.59
152.59
152.59
152.75
152.75
152.9
152.9
152.9
152.9
152.75
152.9
153.05
153.21
153.36
153.21
153.21
153.36
153.51
153.67
153.51
153.36
153.51
153.67
153.51
153.51
153.67
153.82
153.97
153.97
153.97
153.97
153.97
153.82
153.66
153.66
153.51
153.36
153.51
153.66
153.82
153.82
153.66
153.51
153.51
153.51
153.36
153.2
153.36
153.51
153.36
153.2
153.05
153.2
153.05
153.05
153.2
153.36
153.2
153.2
153.2
153.36
153.36
153.36
153.2
153.36
153.36
153.51
153.66
153.66
153.51
153.66
153.82
153.82
153.97
154.12
153.97
153.82
153.82
153.66
153.51
153.51
153.51
153.66
153.66
153.51
153.35
153.51
153.51
153.51
153.51
153.35
153.2
153.2
153.2
153.2
153.05
153.05
152.9
153.05
152.9
152.9
152.9
152.74
152.89
152.89
152.89
152.74
152.59
152.59
152.44
152.28
152.13
151.98
152.13
151.98
151.83
151.98
152.13
152.28
152.28
152.44
152.59
152.44
152.28
152.44
152.59
152.74
152.89
152.74
152.59
152.74
152.59
152.59
152.43
152.28
152.28
152.28
152.43
152.59
152.43
152.28
152.43
152.43
152.43
152.43
152.43
152.59
152.74
152.59
152.74
152.59
152.74
152.74
152.74
152.59
152.43
152.28
152.28
152.13
151.98
151.83
151.83
151.67
151.67
151.82
151.67
151.52
151.67
151.52
151.67
151.52
151.52
151.67
151.82
151.82
151.67
151.52
151.52
151.37
151.22
151.07
150.92
150.92
150.92
150.76
150.92
150.76
150.61
150.76
150.92
150.76
150.76
150.92
151.07
151.07
151.22
151.37
151.52
151.67
151.67
151.82
151.82
151.82
151.82
151.67
151.82
151.97
152.13
152.13
152.13
152.28
152.13
152.13
152.13
152.13
152.13
152.13
152.28
152.13
151.97
152.13
152.28
152.13
151.97
151.82
151.67
151.67
151.67
151.82
151.97
151.97
151.82
151.82
151.97
152.13
151.97
151.97
152.13
151.97
151.82
151.67
151.67
151.82
151.97
152.12
152.12
152.12
151.97
151.97
151.82
151.82
151.97
151.82
151.82
151.67
151.82
151.67
151.82
151.97
151.82
151.97
151.97
151.97
152.12
152.12
152.28
152.43
152.28
152.43
152.43
152.43
152.43
152.58
152.43
152.28
152.12
152.28
152.43
152.43
152.43
152.43
152.28
152.12
152.12
152.12
151.97
151.97
151.97
151.82
151.97
151.82
151.97
152.12
152.27
152.43
152.58
152.58
152.58
152.58
152.43
152.58
152.43
152.27
152.43
152.58
152.73
152.88
152.73
152.58
152.43
152.43
152.58
152.58
152.73
152.88
152.73
152.73
152.88
153.04
153.19
153.34
153.5
153.65
153.8
153.96
153.96
153.8
153.96
154.11
154.11
153.96
154.11
153.96
153.96
153.96
153.96
154.11
153.96
153.8
153.8
153.96
153.96
154.11
153.96
154.11
153.96
154.11
153.96
154.11
153.96
154.11
154.11
154.26
154.26
154.26
154.42
154.42
138.98
138.84
124.95
124.83
124.83
124.83
124.83
124.7
124.7
124.7
124.58
124.58
124.7
124.83
124.95
125.08
124.95
124.95
124.95
124.83
124.95
124.95
125.08
125.2
125.33
125.33
125.33
125.2
125.33
125.2
125.2
125.08
124.95
124.95
124.95
124.83
124.7
124.58
124.45
124.45
124.45
124.58
124.45
124.58
124.7
124.7
124.7
124.83
124.7
124.7
124.83
124.83
124.7
124.58
124.45
124.45
124.45
124.45
124.45
124.33
124.45
124.45
124.58
124.58
124.58
124.7
124.7
124.7
124.7
124.83
124.7
124.7
124.83
124.95
125.08
125.2
125.33
125.33
125.33
125.45
125.58
125.45
125.45
125.33
125.33
125.45
125.58
125.45
125.33
125.45
125.58
125.58
125.45
125.33
125.45
125.58
125.58
125.45
125.33
125.45
125.32
125.2
125.07
125.07
125.2
125.32
125.2
125.32
125.45
125.32
125.32
125.2
125.07
124.95
124.82
124.82
124.82
124.7
124.82
124.95
125.07
125.2
125.32
125.45
125.32
125.45
125.45
125.32
125.2
125.2
125.2
125.32
125.32
125.45
125.45
125.45
125.45
125.32
125.2
125.07
125.07
125.07
125.07
124.95
124.95
125.07
125.2
125.32
125.2
125.32
125.45
125.32
125.2
125.2
125.07
125.07
125.2
125.07
125.07
125.2
125.07
125.2
125.07
125.2
125.32
125.32
125.2
125.2
125.2
125.32
125.45
125.57
125.7
125.7
125.82
125.7
125.7
125.82
125.82
125.95
125.95
126.08
126.08
125.95
126.08
126.2
126.2
126.08
125.95
125.82
125.7
125.7
125.57
125.45
125.32
125.2
125.32
125.32
125.45
125.45
125.45
125.45
125.45
125.32
125.45
125.45
125.32
125.2
125.07
124.94
125.07
124.94
124.82
124.82
124.82
124.82
124.82
124.82
124.82
124.69
124.69
124.82
124.69
124.82
124.94
125.07
125.19
125.32
125.44
125.57
125.57
125.7
125.82
125.7
125.7
125.57
125.44
125.44
125.57
125.44
125.32
125.32
125.44
125.57
125.57
125.44
125.32
125.32
125.32
125.32
125.32
125.44
125.44
125.32
125.19
125.32
125.32
125.44
125.44
125.57
125.69
125.82
125.95
125.82
125.95
126.07
126.07
125.95
125.95
126.07
125.95
125.95
125.95
125.82
125.82
125.69
125.57
125.69
125.82
125.95
126.07
125.95
125.95
125.95
126.07
126.07
125.95
126.07
126.07
126.07
126.2
126.07
126.07
126.2
126.2
126.07
126.2
126.2
126.07
125.94
126.07
126.07
125.94
125.82
125.69
125.82
125.94
125.94
126.07
126.2
126.2
126.32
126.45
126.32
126.32
126.32
126.2
126.07
126.2
126.07
125.94
126.07
125.94
126.07
125.94
125.82
125.69
125.82
125.94
126.07
125.94
125.94
125.82
125.69
125.57
125.69
125.82
125.94
125.82
125.94
125.82
125.94
125.82
125.69
125.56
125.69
125.56
125.56
125.69
125.56
125.69
125.56
113.01
113.12
113.01
113.12
113.12
113.12
113.23
113.23
113.12
113.12
113.23
113.12
113.01
112.89
112.78
112.78
112.78
112.78
112.67
112.67
112.67
112.78
112.67
112.67
112.67
112.78
112.78
112.67
112.56
112.44
112.56
112.67
112.67
112.56
112.56
112.67
112.78
112.78
112.89
113.01
113.12
113.12
113.01
112.89
112.89
112.78
112.89
112.78
112.67
112.67
112.78
112.89
113.01
113.12
113.23
113.12
113.23
113.35
113.23
113.23
113.35
113.46
113.57
113.57
113.57
113.57
113.69
113.8
113.69
113.57
113.46
113.46
113.57
113.69
113.57
113.69
113.57
113.46
113.46
113.34
113.34
113.46
113.34
113.23
113.23
113.12
113.23
113.23
113.12
113.12
113.12
113.23
113.34
113.34
113.34
113.34
113.23
113.12
113.12
113.12
113.23
113.12
113.23
113.12
113.23
113.34
113.34
113.34
113.34
113.23
113.34
113.46
113.57
113.46
113.46
113.46
113.46
113.34
113.46
113.46
113.57
113.68
113.57
113.57
113.68
113.68
113.8
113.8
113.8
113.68
113.57
113.46
113.34
113.23
113.23
113.34
113.23
113.23
113.12
113.23
113.12
113.23
113.34
113.34
113.23
113.12
113.23
113.34
113.23
113.12
113
112.89
112.89
113
113.12
113.23
113.12
113
113.12
113
112.89
112.89
113
112.89
112.78
112.66
112.55
112.55
112.66
112.55
112.66
112.55
112.66
112.78
112.89
113
113
112.89
112.89
112.89
112.78
112.89
112.78
112.66
112.55
112.44
112.55
112.44
112.32
112.32
112.44
112.44
112.55
112.44
112.55
112.44
112.55
112.55
112.44
112.44
112.55
112.55
112.66
112.66
112.77
112.89
112.77
112.66
112.66
112.66
112.55
112.66
112.77
112.77
112.89
112.77
112.89
112.77
112.89
113
112.89
113
113.11
113.23
113.23
113.23
113.34
113.45
113.34
113.45
113.45
113.34
113.45
113.34
113.22
113.22
113.34
113.45
113.34
113.22
113.11
113
113
113.11
113
113
113
113.11
113
113
113.11
113.11
113
112.88
113
113.11
113.11
113.22
113.22
113.22
113.11
113.22
113.22
113.34
113.45
113.34
113.34
113.22
113.22
113.34
113.22
113.34
113.22
113.22
113.11
113.22
113.22
113.22
113.34
113.45
113.34
113.34
113.22
113.22
113.11
113.11
113.11
113
113.11
113.11
113.22
113.11
113
113.11
113.11
113.22
113.34
113.34
113.34
113.45
113.34
113.22
113.11
113
112.88
112.77
112.77
112.66
112.54
112.66
123.92
123.92
123.92
123.92
124.05
124.05
123.92
123.8
123.92
124.05
124.17
124.29
124.42
124.42
124.29
124.17
124.05
124.17
124.29
124.29
124.42
124.42
124.54
124.54
124.67
124.54
124.42
124.54
124.54
124.42
124.42
124.42
124.29
124.42
124.42
124.54
124.42
124.29
124.42
124.54
124.54
124.67
124.79
124.79
124.67
124.54
124.54
124.67
124.67
124.67
124.79
124.92
124.92
125.04
125.04
125.17
125.04
124.92
125.04
124.92
124.92
124.92
124.92
124.79
124.67
124.54
124.42
124.29
124.42
124.54
124.67
124.79
124.92
125.04
125.17
125.29
125.17
125.17
125.29
125.16
125.16
125.29
125.42
125.29
125.16
125.04
125.16
125.16
125.29
125.29
125.42
125.54
125.41
125.29
125.16
125.29
125.41
125.41
125.54
125.54
125.54
125.54
125.67
125.54
125.54
125.41
125.29
125.41
125.41
125.29
125.41
125.41
125.54
125.67
125.79
125.79
125.79
125.67
125.54
125.66
125.54
125.54
125.54
125.41
125.29
125.29
125.29
125.29
125.16
125.16
125.16
125.29
125.29
125.16
125.29
125.41
125.41
125.41
125.29
125.41
125.41
125.54
125.41
125.54
125.66
125.79
125.79
125.79
125.79
125.79
125.92
125.92
125.79
125.66
125.66
125.79
125.66
125.79
125.66
125.66
125.54
125.66
125.54
125.66
125.54
125.66
125.66
125.66
125.79
125.66
125.66
125.54
125.66
125.54
125.41
125.41
125.54
125.54
125.66
125.79
125.91
126.04
125.91
126.04
125.91
126.04
126.17
126.17
126.17
126.04
126.17
126.17
126.29
126.42
126.29
126.17
126.04
126.04
126.04
125.91
125.79
125.66
125.54
125.66
125.66
125.79
125.79
125.79
125.66
125.66
125.54
125.66
125.79
125.79
125.66
125.66
125.54
125.41
125.54
125.41
125.28
125.28
125.41
125.41
125.41
125.41
125.53
125.41
125.53
125.66
125.79
125.91
125.79
125.66
125.79
125.91
125.79
125.66
125.53
125.53
125.41
125.53
125.53
125.41
125.41
125.41
125.28
125.41
125.41
125.53
125.66
125.66
125.53
125.66
125.78
125.91
125.91
126.04
126.16
126.16
126.16
126.16
126.16
126.16
126.16
126.29
126.29
126.16
126.16
126.29
126.41
126.54
126.54
126.41
126.41
126.41
126.29
126.16
126.29
126.41
126.54
126.41
126.29
126.41
126.41
126.41
126.54
126.67
126.79
126.79
126.79
126.67
126.54
126.54
126.67
126.79
126.67
126.54
126.54
126.54
126.41
126.41
126.29
126.16
126.03
125.91
125.78
125.78
125.66
125.66
125.78
125.91
125.78
125.78
125.78
125.78
125.91
125.91
125.78
125.78
125.91
125.91
125.91
125.91
125.91
126.03
125.91
126.03
125.91
126.03
126.16
126.29
126.29
126.41
126.54
126.41
126.41
126.29
126.16
126.29
126.16
126.16
126.03
126.16
126.16
126.16
126.03
125.91
125.78
125.66
125.66
125.78
125.91
125.78
125.66
125.66
125.66
125.78
125.78
125.78
125.66
125.78
125.65
125.53
125.53
125.4
125.28
125.28
125.4
125.28
125.28
125.15
125.03
125.03
125.03
124.9
124.78
124.78
124.9
124.9
124.9
125.03
125.15
125.03
124.9
124.9
124.78
124.78
124.78
124.9
124.9
124.78
124.65
124.65
124.53
124.4
124.53
124.53
124.4
124.4
124.4
124.28
124.28
124.28
124.15
124.15
124.15
124.28
124.28
124.28
124.28
124.4
124.28
124.15
124.15
124.03
124.15
124.03
123.91
123.78
123.66
123.66
123.78
123.66
123.53
123.53
123.41
123.29
123.41
123.53
123.66
123.78
123.78
123.78
123.91
124.03
124.15
124.15
124.15
124.15
124.28
124.15
124.28
124.15
124.03
123.9
123.9
123.78
123.78
123.78
123.78
123.9
124.03
124.03
123.9
123.78
123.9
124.03
124.15
124.03
124.03
123.9
124.03
123.9
123.78
123.78
123.9
124.03
123.9
124.03
123.9
124.03
123.9
123.78
123.66
123.53
123.66
123.78
123.78
123.9
123.78
123.78
111.4
111.51
111.62
111.51
111.62
111.51
111.62
111.62
111.74
111.62
111.62
111.62
111.74
111.62
111.74
111.85
111.85
111.74
111.85
111.85
111.96
111.85
111.74
111.85
111.74
111.62
111.51
111.4
111.4
111.4
111.51
111.4
111.51
111.62
111.51
111.62
111.51
111.51
111.62
111.62
111.73
111.73
111.62
111.73
111.85
111.96
112.07
112.07
112.07
112.18
112.18
112.07
112.18
112.29
112.41
112.52
112.52
112.41
112.52
112.52
112.41
112.52
112.41
112.52
112.52
112.63
112.63
112.63
112.63
112.74
112.63
112.74
112.86
112.86
112.74
112.74
112.63
112.63
112.52
112.63
112.63
112.63
112.52
112.63
112.63
112.74
112.86
112.74
112.63
112.63
112.74
112.74
112.74
112.74
112.74
112.74
112.86
112.74
112.63
112.52
112.63
112.63
112.74
112.86
112.86
112.86
112.97
113.08
113.19
113.19
113.31
113.31
113.19
113.08
113.19
113.19
113.19
113.31
113.19
113.19
113.19
113.19
113.08
112.97
112.85
112.97
113.08
113.08
112.97
113.08
113.19
113.08
113.08
113.19
113.08
112.97
112.97
112.85
112.85
112.74
112.74
112.63
112.74
112.74
112.74
112.63
112.63
112.52
112.4
112.52
112.4
112.29
112.29
112.18
112.18
112.29
112.18
112.07
112.07
112.18
112.18
112.18
112.18
112.07
111.95
111.95
111.95
111.95
112.07
112.07
111.95
112.07
112.18
112.07
112.07
112.18
112.07
112.07
111.95
111.84
111.84
111.84
111.84
111.84
111.73
111.73
111.84
111.73
111.62
111.73
111.73
111.73
111.73
111.84
111.84
111.84
111.84
111.84
111.73
111.84
111.84
111.95
111.84
111.73
111.73
111.84
111.84
111.84
111.73
111.73
111.84
111.73
111.84
111.95
111.95
111.95
111.84
111.73
111.84
111.84
111.73
111.84
111.95
112.06
112.06
112.06
112.06
111.95
111.84
111.73
111.73
111.73
111.62
111.5
111.62
111.5
111.62
111.62
111.5
111.5
111.39
111.5
111.39
111.28
111.39
111.28
111.17
111.06
111.06
110.95
110.84
110.84
110.95
111.06
111.17
111.06
110.95
110.95
110.84
110.95
110.84
110.84
110.95
110.84
110.73
110.84
110.95
110.95
110.84
110.84
110.84
110.95
110.84
110.73
110.73
110.84
110.84
110.95
110.95
111.06
111.17
111.06
111.17
111.06
111.17
111.17
111.06
111.17
111.28
111.39
111.39
111.5
111.5
111.39
111.39
111.28
111.39
