100.1
100.1
100.2
100.1
100
99.9
100
99.9
99.9
99.9
100
99.9
100
100.1
99.999
99.899
99.899
99.899
99.999
99.899
99.799
99.7
99.7
99.7
99.7
99.799
99.7
99.6
99.699
99.699
99.699
99.6
99.6
99.5
99.6
99.5
99.401
99.401
99.401
99.5
99.5
99.4
99.301
99.202
99.301
99.4
99.4
99.301
99.4
99.301
99.201
99.201
99.201
99.102
99.201
99.301
99.301
99.4
99.4
99.3
99.3
99.201
99.3
99.3
99.201
99.3
99.3
99.3
99.3
99.201
99.102
99.201
99.102
99.201
99.3
99.399
99.399
99.3
99.399
99.499
99.499
99.399
99.498
99.598
99.498
99.399
99.399
99.399
99.498
99.498
99.498
99.498
99.399
99.299
99.399
99.498
99.498
99.598
99.697
99.697
99.797
99.697
99.697
99.597
99.597
99.597
99.498
99.498
99.398
99.398
99.498
99.498
99.398
99.398
99.299
99.299
99.199
99.199
99.1
99.1
99.199
99.299
99.398
99.298
99.398
99.298
99.298
99.199
99.199
99.199
99.199
99.1
99.199
99.298
99.298
99.199
99.1
99.001
99.1
99
99
99.099
99
99.099
99.099
99
98.901
98.901
98.802
98.901
98.901
99
98.901
98.802
98.802
98.901
99
98.901
99
98.901
98.802
98.802
98.802
98.802
98.901
99
98.901
98.999
98.999
98.9
98.802
98.9
98.801
98.801
98.9
98.9
98.999
98.999
98.999
98.9
98.999
98.9
98.801
98.801
98.801
98.9
98.801
98.702
98.702
98.702
98.801
98.9
98.801
98.9
98.999
99.098
99.197
99.296
99.395
99.296
99.296
99.395
99.494
99.494
99.594
99.594
99.694
99.694
99.793
99.793
99.693
99.594
99.494
99.494
99.594
99.494
99.494
99.494
99.395
99.494
99.593
99.593
99.593
99.693
99.793
99.793
99.893
99.992
99.992
100.09
99.992
99.992
100.09
100.19
100.09
100.19
100.09
100.09
100.09
100.09
100.09
99.992
99.892
99.892
99.792
99.892
99.992
100.09
99.992
100.09
100.09
99.992
99.892
99.892
99.892
99.992
99.892
99.792
99.891
99.792
99.891
99.791
99.791
99.891
99.891
99.991
99.991
100.09
100.19
100.09
99.991
99.991
99.891
99.991
100.09
100.09
100.09
100.19
100.09
100.09
99.991
100.09
100.19
100.29
100.29
100.19
100.29
100.29
100.39
100.39
100.29
100.19
100.09
100.09
100.19
100.29
100.19
100.19
100.09
99.99
99.89
99.99
99.89
99.89
99.99
99.99
100.09
100.09
99.99
99.89
99.89
99.79
99.69
99.79
99.69
99.59
99.59
99.59
99.69
99.59
99.49
99.391
99.49
99.59
99.49
99.391
99.391
99.391
99.49
99.391
99.49
99.49
99.391
99.291
99.39
99.291
99.291
99.192
99.291
99.192
99.192
99.291
99.39
99.39
99.39
99.39
99.291
99.191
99.092
99.191
99.092
99.191
99.29
99.39
99.39
99.29
99.29
99.191
99.29
99.39
99.29
99.29
99.29
99.29
99.191
99.191
99.191
99.191
99.29
99.389
99.389
99.29
99.389
99.389
99.389
99.389
99.389
99.29
99.191
99.191
99.29
99.29
99.29
99.29
99.389
99.488
99.389
99.389
99.29
99.19
99.289
99.389
99.389
99.289
99.19
99.19
99.289
99.389
99.389
99.289
99.388
99.488
99.488
99.587
99.687
99.587
99.687
99.787
99.886
99.986
100.09
100.19
100.29
100.29
100.39
100.39
100.49
100.59
100.49
100.59
100.69
100.79
100.79
100.89
100.99
101.09
100.99
100.89
100.79
100.69
100.79
100.79
100.89
100.79
100.79
100.69
100.69
100.69
100.79
100.89
100.79
100.79
100.79
100.69
100.69
100.59
100.59
100.69
100.79
100.89
100.99
100.99
100.99
100.89
100.99
100.99
100.99
100.89
100.89
100.89
100.99
100.99
100.89
100.79
100.69
100.79
100.69
100.79
100.79
100.79
100.89
100.79
100.69
100.79
100.69
100.59
100.49
100.38
100.38
100.28
100.18
100.08
99.984
100.08
100.18
100.18
100.08
100.18
100.08
99.983
99.983
99.883
99.883
99.783
99.684
99.684
99.584
99.484
99.584
99.484
99.385
99.484
99.584
99.584
99.484
99.385
99.484
99.385
99.385
99.484
99.484
99.484
99.384
99.484
99.384
99.484
99.484
99.484
99.384
99.384
99.285
99.186
99.285
99.185
99.086
98.987
99.086
98.987
98.888
98.789
98.789
98.69
98.69
98.592
98.69
98.592
98.493
98.395
98.395
98.296
98.394
98.296
98.198
98.1
98.001
98.099
98.099
98.198
98.099
98.099
98.001
98.099
98.001
98.099
98.001
98.099
98.197
98.197
98.099
98.099
98.197
98.295
98.295
98.197
98.295
98.393
98.492
98.393
98.393
98.393
98.295
98.197
98.197
98.098
98.098
98.098
98.197
98.295
98.295
98.196
98.295
98.196
98.196
98.196
98.196
98.196
98.098
98
98.098
98
98
97.902
97.804
97.706
97.804
97.902
97.902
98
98
97.902
97.902
97.902
97.804
97.706
97.608
97.706
97.804
97.706
97.608
97.608
97.706
97.803
97.803
97.901
97.999
98.097
98.195
98.097
98.097
98.097
98.097
97.999
97.901
97.803
97.803
97.803
97.803
97.803
97.803
97.705
97.705
97.607
97.51
97.412
97.51
97.607
97.607
97.51
97.51
97.51
97.51
97.412
97.51
97.412
97.412
97.315
97.315
97.217
97.315
97.315
97.412
97.412
97.509
97.509
97.607
97.607
97.704
97.704
97.704
97.704
97.802
97.802
97.802
97.9
97.802
97.704
97.802
97.802
97.9
97.802
97.9
97.998
98.096
98.096
97.997
98.095
98.095
98.194
98.194
98.292
98.292
98.39
98.488
98.488
98.587
98.685
98.784
98.685
98.784
98.685
98.685
98.587
98.685
98.586
98.586
98.685
98.784
98.784
98.784
98.685
98.685
98.685
98.784
98.784
98.685
98.784
98.685
98.586
98.488
98.586
98.586
98.586
98.685
98.685
98.586
98.487
98.389
98.29
98.389
98.389
98.29
98.29
98.192
98.094
97.996
97.898
97.8
97.702
97.604
97.702
97.604
97.604
107.36
118.1
118.22
118.22
118.22
118.22
118.34
118.34
118.34
118.46
118.57
118.69
118.69
118.81
118.69
118.69
118.69
118.81
118.69
118.57
118.69
118.69
118.69
118.57
118.69
118.57
118.69
118.57
118.45
118.34
118.22
118.22
118.22
118.34
118.34
118.34
118.45
118.34
118.45
118.45
118.45
118.57
118.45
118.57
118.69
118.57
118.45
118.34
118.45
118.45
118.34
118.22
118.22
118.34
118.45
118.34
118.45
118.34
118.45
118.45
118.57
118.45
118.57
118.57
118.45
118.33
118.45
118.33
118.22
118.22
118.1
118.22
118.1
117.98
117.86
117.98
117.86
117.74
117.86
117.86
117.74
117.74
117.63
117.63
117.63
117.51
117.63
117.63
117.63
117.51
117.39
117.39
117.39
117.27
117.39
117.39
117.27
117.16
117.16
117.04
117.04
117.16
117.16
117.16
117.27
117.27
117.39
117.51
117.51
117.39
117.39
117.27
117.39
117.51
117.39
117.39
117.51
117.63
117.63
117.63
117.74
117.62
117.51
117.51
117.39
117.51
117.62
117.62
117.62
117.51
117.62
117.62
117.62
117.74
117.86
117.98
117.86
117.86
117.74
117.62
117.62
117.74
117.74
117.62
117.62
117.51
117.51
117.51
117.39
117.51
117.62
117.51
117.39
117.27
117.39
117.27
117.15
117.04
116.92
117.04
117.04
116.92
116.8
116.92
116.8
116.8
116.92
117.04
117.15
117.04
117.15
117.27
117.15
117.15
117.15
117.04
116.92
117.04
117.15
117.27
117.27
117.27
117.27
117.27
117.15
117.04
116.92
116.92
116.8
116.68
116.57
116.45
116.34
116.45
116.57
116.57
116.57
116.45
116.57
116.57
116.68
116.57
116.68
116.68
116.68
116.57
116.57
116.68
116.57
116.57
116.45
116.33
116.33
116.33
116.33
116.45
116.57
116.45
116.57
116.57
116.68
116.57
116.45
116.57
116.68
116.57
116.68
116.68
116.8
116.68
116.8
116.8
116.92
116.8
116.92
117.03
117.15
117.03
117.03
117.03
117.03
117.15
117.27
117.15
117.03
117.03
116.92
116.8
116.92
117.03
117.15
117.27
117.38
117.5
117.62
117.62
117.5
117.5
117.38
117.5
117.62
117.62
117.62
117.5
117.62
117.62
117.62
117.62
117.62
117.5
117.62
117.74
117.85
117.97
117.85
117.97
117.85
117.97
118.09
118.21
118.33
118.33
118.21
118.33
118.21
118.21
118.21
118.09
117.97
117.85
117.74
117.62
117.62
117.5
117.5
117.38
117.27
117.27
117.38
117.5
117.5
117.62
117.5
117.38
117.5
117.62
117.5
117.5
117.38
117.5
117.5
117.38
117.5
117.38
117.5
117.5
117.38
117.5
117.62
117.5
117.62
117.5
117.38
117.38
117.26
117.26
117.15
117.15
117.03
117.15
117.26
117.38
117.38
117.26
117.15
117.26
117.15
117.15
117.26
117.38
117.38
117.5
117.62
117.5
117.62
117.62
117.62
117.5
117.62
117.62
117.62
117.5
117.38
117.38
117.5
117.62
117.5
117.61
117.5
117.5
117.61
117.5
117.5
117.61
117.61
117.5
117.5
117.38
117.5
117.5
117.61
117.61
117.73
117.61
117.61
117.61
117.5
117.38
117.26
117.26
117.26
117.38
117.26
117.26
117.14
117.14
117.26
117.26
117.14
117.03
117.14
117.03
117.14
117.14
117.14
117.14
117.03
117.14
117.14
117.26
117.14
117.26
117.26
117.38
117.26
117.38
117.26
117.26
117.26
117.38
117.5
117.61
117.73
117.73
117.85
117.73
117.61
117.5
117.5
117.5
117.61
117.5
117.5
117.5
117.5
117.5
117.5
117.61
117.61
117.61
117.73
117.85
117.85
117.73
117.85
117.97
117.85
117.73
117.73
117.61
117.61
117.73
117.61
117.49
117.49
117.38
117.49
117.61
117.73
117.85
117.85
117.73
117.73
117.73
117.73
117.85
117.85
117.85
117.73
117.85
117.85
117.73
117.85
117.85
117.96
117.96
117.96
118.08
118.2
118.32
118.2
118.32
118.2
118.2
118.2
118.32
118.2
118.32
118.2
118.32
118.32
118.2
118.32
118.44
118.44
118.55
118.67
118.67
118.55
118.67
118.79
118.91
118.79
118.91
118.91
118.79
118.79
118.79
118.79
118.91
118.79
118.67
118.67
118.55
118.44
118.55
118.67
118.67
118.79
118.91
118.79
118.79
118.67
118.79
118.91
119.03
119.03
119.03
118.91
118.91
118.91
118.91
119.03
119.03
119.03
118.91
118.79
118.91
118.91
119.03
119.03
119.03
119.15
119.15
119.15
119.15
119.27
119.15
119.03
119.15
119.03
118.91
118.79
118.79
118.91
118.91
119.03
119.15
119.27
119.15
119.03
119.15
119.27
119.39
119.5
119.5
119.62
119.74
119.62
119.62
119.74
119.74
119.86
119.74
119.86
119.74
119.74
119.86
119.86
119.86
119.98
119.98
120.1
120.1
120.1
120.22
120.22
120.1
120.22
120.1
120.22
120.34
120.46
120.58
120.7
120.7
120.58
120.46
120.34
120.22
120.34
120.46
120.46
120.58
120.7
120.58
120.7
120.58
120.58
120.46
120.46
120.46
120.34
120.22
120.34
120.46
120.34
120.34
120.46
120.34
120.22
120.34
120.22
120.34
120.46
120.58
120.46
120.58
120.7
120.82
120.82
120.94
120.94
120.94
121.07
121.19
121.06
121.19
121.06
121.19
121.19
121.19
121.31
121.31
121.31
121.19
121.31
121.43
121.55
121.67
121.79
121.79
121.91
121.79
121.79
121.79
121.79
121.91
121.79
121.67
121.55
121.67
121.55
121.67
121.79
121.67
121.79
121.67
121.79
121.79
121.91
121.79
121.91
121.79
121.79
121.67
121.79
121.91
121.79
121.79
121.79
121.67
121.55
121.43
121.31
121.18
121.18
121.06
120.94
120.82
120.7
120.82
120.7
120.58
120.58
120.46
120.34
120.34
120.46
120.58
120.7
120.58
120.58
120.46
120.34
120.46
120.58
120.46
120.34
120.46
120.34
120.22
120.22
120.34
120.22
120.34
120.34
120.34
120.22
120.22
120.22
120.1
120.22
120.34
120.34
120.22
120.34
120.46
120.58
120.46
120.58
120.58
120.58
120.58
120.58
120.7
120.7
120.58
120.46
120.58
120.7
120.7
120.82
120.94
121.06
120.94
120.82
120.94
121.06
121.06
121.06
121.18
121.18
121.3
121.42
121.3
121.18
121.3
121.42
121.3
121.18
121.3
121.18
121.06
121.06
121.18
121.18
121.3
121.3
121.42
121.54
121.67
121.79
121.67
121.79
121.67
121.79
121.67
121.79
121.79
121.79
121.67
121.54
121.42
121.42
121.3
121.42
109.28
109.28
109.28
109.17
109.17
109.28
109.17
109.28
109.17
109.17
109.28
109.39
109.39
109.5
109.39
109.39
109.39
109.39
109.28
109.28
109.28
109.17
109.17
109.28
109.39
109.39
109.5
109.5
109.61
109.5
109.61
109.72
109.83
109.94
109.94
109.83
109.72
109.61
109.5
109.61
109.72
109.83
109.94
109.83
109.83
109.94
110.05
110.16
110.16
110.16
110.27
110.16
110.05
110.05
109.94
110.05
110.16
110.27
110.27
110.16
110.16
110.05
110.16
110.04
109.93
109.93
110.04
110.15
110.15
110.15
110.15
110.04
110.15
110.15
110.04
110.15
110.04
110.15
110.26
110.15
110.04
110.04
110.04
110.15
110.15
110.15
110.15
110.04
110.15
110.04
109.93
110.04
110.15
110.15
110.04
109.93
109.93
110.04
110.04
110.04
109.93
109.93
109.82
109.71
109.71
109.71
109.6
109.49
109.49
109.39
109.49
109.49
109.49
109.49
109.38
109.28
109.38
109.28
109.28
109.17
109.06
108.95
109.06
109.17
109.17
109.06
109.17
109.28
109.38
109.27
109.17
109.27
109.17
109.06
109.06
109.17
109.17
109.27
109.38
109.38
109.49
109.49
109.49
109.6
109.6
109.49
109.49
109.49
109.6
109.49
109.6
109.49
109.49
109.6
109.6
109.71
109.71
109.71
109.82
109.82
109.93
109.93
109.93
109.93
109.93
109.93
110.04
109.93
109.93
110.04
109.93
110.04
109.93
110.04
110.04
110.15
110.15
110.15
110.26
110.37
110.37
110.48
110.48
110.59
110.7
110.7
110.81
110.81
110.92
110.92
110.92
111.04
110.92
110.81
110.81
110.92
111.04
111.15
111.15
111.04
111.15
111.26
111.37
111.26
111.37
111.26
111.37
111.26
111.26
111.37
111.48
111.59
111.59
111.59
111.7
111.81
111.81
100.63
100.53
100.43
100.43
100.33
100.43
100.53
100.53
100.63
100.53
100.43
100.43
100.33
100.23
100.23
100.33
100.33
100.23
100.23
100.13
100.13
100.23
100.13
100.13
100.03
99.93
99.93
99.93
100.03
100.13
100.03
100.03
100.13
100.13
100.13
100.13
100.13
100.23
100.13
100.23
100.13
100.13
100.13
100.23
100.23
100.33
100.33
100.23
100.13
100.03
100.03
100.03
100.13
100.13
100.03
100.13
100.03
99.929
99.829
99.729
99.829
99.929
99.929
99.929
99.829
99.729
99.829
99.829
99.929
99.829
99.829
99.729
99.829
99.729
99.629
99.53
99.629
99.729
99.829
99.928
99.928
100.03
99.928
99.928
100.03
99.928
99.928
99.828
99.728
99.828
99.928
99.828
99.828
99.728
99.728
99.828
99.928
99.928
99.928
100.03
100.13
100.23
100.13
100.23
100.23
100.23
100.33
100.23
100.23
100.33
100.33
100.23
100.13
100.13
100.03
100.13
100.23
100.33
100.33
100.23
100.33
100.33
100.23
100.33
100.43
100.43
100.53
100.63
100.53
100.63
100.53
100.63
100.53
100.43
100.43
100.33
100.43
100.43
100.53
100.53
100.63
100.53
90.475
90.565
90.475
90.384
90.475
90.475
90.384
90.474
90.474
90.565
90.565
90.474
90.384
90.294
90.294
90.294
90.203
90.113
90.113
90.203
90.203
90.203
90.203
90.293
90.384
90.384
90.293
90.203
90.203
90.113
90.023
89.933
89.843
89.933
90.022
90.022
90.113
90.022
89.932
90.022
90.022
89.932
89.842
89.932
89.842
89.932
89.842
89.842
89.842
89.842
89.752
89.752
89.663
89.573
89.573
89.483
89.394
89.394
89.394
89.304
89.304
89.304
89.394
89.394
89.394
89.304
89.215
89.126
89.215
89.126
89.215
89.215
89.126
89.126
89.037
88.948
88.948
88.948
88.948
88.948
88.859
88.77
88.681
88.77
88.681
88.681
88.592
88.592
88.592
88.504
88.504
88.415
88.415
88.327
88.238
88.15
88.15
88.15
88.15
88.15
88.062
87.974
87.974
87.886
87.886
87.974
88.062
88.062
88.15
88.15
88.062
88.062
87.974
87.974
87.974
87.974
87.886
87.974
88.062
88.15
88.061
88.149
88.061
88.149
88.238
88.149
88.237
88.237
88.149
88.061
88.061
88.149
88.149
88.061
88.149
88.237
88.237
88.149
88.061
88.061
88.149
88.237
88.149
88.237
88.149
88.149
88.061
88.149
88.06
88.06
88.06
88.149
88.149
88.06
88.148
88.237
88.325
88.325
88.325
88.413
88.325
88.325
88.413
88.501
88.501
88.59
88.679
88.767
88.678
88.767
88.678
88.767
88.678
88.678
88.59
88.678
88.767
88.767
88.767
88.856
88.856
88.767
79.89
79.89
79.97
79.97
79.97
79.89
79.81
79.81
79.89
79.89
79.97
80.05
80.13
80.21
80.29
80.37
80.451
80.531
80.531
80.612
80.612
80.612
80.531
80.451
80.531
80.612
80.612
80.612
80.531
80.451
80.451
80.37
80.29
80.29
80.37
80.29
80.209
80.29
80.37
80.289
80.209
80.209
80.129
80.129
80.209
80.129
80.209
80.209
80.289
80.209
80.289
80.369
80.45
80.45
80.53
80.53
80.53
80.53
80.611
80.611
80.691
80.772
80.772
80.772
80.772
80.691
80.772
80.691
80.691
80.611
80.53
80.53
80.61
80.61
80.61
80.53
80.53
80.61
80.53
80.449
80.369
80.449
80.53
80.449
80.53
80.61
80.61
80.61
80.529
80.61
80.61
80.61
80.61
80.61
80.61
80.61
80.691
80.61
80.61
80.691
80.61
80.529
80.61
80.69
80.61
80.69
80.61
80.69
80.69
80.771
80.771
80.771
80.852
80.771
80.69
80.69
80.609
80.609
80.609
80.609
80.609
80.529
80.529
80.529
80.529
80.609
80.609
80.609
80.529
80.609
80.529
80.609
80.609
80.528
80.528
80.448
80.528
80.609
80.528
80.448
80.367
80.448
80.528
80.609
80.689
80.609
80.528
80.528
80.528
80.528
80.528
80.528
80.447
80.447
80.447
80.367
80.287
80.367
80.367
80.447
80.447
80.528
80.608
80.689
80.689
80.689
80.77
80.689
80.608
80.528
80.447
80.367
80.286
80.206
80.206
80.206
80.126
88.138
96.952
96.855
96.952
96.952
96.952
96.855
96.758
96.661
96.661
96.758
96.661
96.758
96.855
96.952
96.952
97.049
97.146
97.146
97.243
97.243
97.145
97.048
96.951
96.854
96.757
96.661
96.661
96.661
96.564
96.661
106.33
106.22
106.11
106.01
106.11
106.11
106.11
106.01
106.11
106.11
106.22
106.11
106.11
106.11
106.11
106.22
106.22
106.33
106.22
106.11
106.22
106.22
106.33
106.33
106.22
106.33
106.22
106.33
106.43
106.33
106.33
106.22
106.11
106.01
106.11
106.01
106.11
106.22
106.22
106.22
106.22
106.22
106.11
106.11
106.22
106.22
106.33
106.33
106.22
106.11
106.11
106.11
106.01
105.9
106.01
106.01
106.01
105.9
105.9
106.01
106.01
106.01
106.01
106.01
105.9
105.9
105.9
105.9
106.01
105.9
105.9
105.9
106.01
105.9
105.79
105.9
105.79
105.69
105.58
105.69
105.69
105.58
105.48
105.58
105.48
105.48
105.48
105.48
105.48
105.37
105.27
105.16
105.16
105.16
105.16
105.16
105.27
105.37
105.48
105.48
105.37
105.27
105.37
105.48
105.37
105.27
105.16
105.16
105.05
105.16
105.27
105.27
105.37
105.27
105.27
105.37
105.48
105.48
105.58
105.58
105.48
105.37
105.37
105.48
105.58
105.58
105.58
105.48
105.48
105.37
105.48
105.48
105.48
105.37
105.37
105.48
105.37
105.48
105.37
105.26
105.37
105.37
105.26
105.37
105.26
105.37
105.47
105.47
105.37
105.37
105.26
105.26
105.26
105.26
105.37
105.26
105.26
105.26
105.16
105.26
105.26
105.37
105.37
105.26
105.26
105.16
105.05
104.95
105.05
105.16
105.26
105.37
105.26
105.37
105.26
105.16
105.16
105.26
105.37
105.26
105.37
105.37
105.26
105.37
105.26
105.26
105.16
105.05
105.05
104.95
105.05
104.95
104.84
104.95
105.05
104.95
104.95
105.05
104.95
104.95
105.05
105.16
105.05
104.95
104.84
104.74
104.74
104.63
104.53
104.63
104.63
104.53
104.42
104.42
104.53
104.42
104.32
104.32
104.32
104.21
104.21
104.21
104.11
104.11
104.11
104.01
104.01
103.9
103.9
103.8
103.9
104.01
104.11
104.21
104.32
104.42
104.32
104.42
104.32
104.32
104.42
104.42
104.32
104.32
104.42
104.42
104.53
104.63
104.53
104.53
104.63
104.74
104.74
104.84
104.84
104.94
104.94
104.94
105.05
105.05
104.94
104.94
104.84
104.94
104.84
104.73
104.73
104.73
104.84
104.73
104.73
104.63
104.73
104.63
104.73
104.73
104.73
104.63
104.52
104.63
104.73
104.73
104.63
104.63
104.73
104.63
104.73
104.63
104.52
104.42
104.42
104.52
104.63
104.63
104.63
104.63
104.63
104.63
104.73
104.63
104.52
104.42
104.42
104.52
104.52
104.42
104.42
104.32
104.42
104.32
104.21
104.21
104.11
104.11
104.21
104.21
104.31
104.31
104.31
104.31
104.31
104.21
104.31
104.21
104.11
104.11
104
104
104.11
104.21
104.31
104.31
104.21
104.31
104.42
104.52
104.42
104.31
104.31
104.42
104.42
104.52
104.63
104.63
104.52
104.63
104.52
104.42
104.31
104.31
104.42
104.31
104.42
104.52
104.42
104.52
104.63
104.52
104.63
104.52
104.42
104.42
104.52
104.52
104.42
104.42
104.31
104.21
104.1
104
104.1
104.21
104.21
104.21
104.31
104.21
104.21
104.31
104.42
104.31
104.21
104.1
104
104
104
104.1
104.1
104.1
104
103.9
104
104.1
104
103.9
104
104
103.9
103.79
103.79
103.69
103.58
103.48
103.48
103.58
103.58
103.69
103.58
103.69
103.58
103.58
103.69
103.69
103.79
103.79
103.89
103.89
104
104
104
103.89
103.89
104
104.1
104.21
104.31
104.21
104.21
104.31
104.31
104.42
104.42
104.31
104.31
104.42
104.42
104.52
104.62
104.62
104.52
104.52
104.41
104.31
104.31
104.31
104.21
104.21
104.21
104.1
104.1
104.21
104.1
104.21
104.21
104.21
104.21
104.1
104.1
104
104
104.1
104.21
104.1
104
103.89
103.79
103.89
103.79
103.79
103.89
104
104.1
104.21
104.1
104
104
104.1
104.2
104.31
104.2
104.1
104.1
104.1
104
104
104.1
104.2
104.2
104.31
104.41
104.31
104.2
104.2
104.1
104.1
104
103.89
103.89
103.89
103.79
103.68
103.58
103.58
103.58
103.48
103.58
103.58
103.58
103.58
103.48
103.37
103.27
103.37
103.37
103.37
103.48
103.37
103.48
103.58
103.58
103.68
103.79
103.89
103.89
104
104
104
104.1
104.2
104.2
104.2
104.1
104.2
104.31
104.41
104.31
104.41
104.31
104.31
104.41
104.41
104.41
104.52
104.62
104.62
104.52
104.52
104.41
104.52
104.52
104.52
104.52
104.52
104.62
104.52
104.52
104.52
104.52
104.62
104.72
104.62
104.72
104.83
104.93
104.93
104.93
104.93
105.04
105.04
105.14
105.04
105.14
105.14
105.14
105.04
105.04
104.93
104.83
104.72
104.62
104.62
104.62
104.62
104.51
104.41
104.31
104.41
104.41
104.51
104.41
104.51
104.41
104.31
104.41
104.41
104.41
104.51
104.51
104.41
104.31
104.31
104.31
104.41
104.31
104.2
104.31
104.41
104.3
104.3
104.3
104.41
104.3
104.3
104.2
104.2
104.2
104.2
104.2
104.2
104.2
104.1
104.1
104.1
103.99
103.99
103.99
103.89
103.89
103.89
103.99
103.89
103.78
103.89
103.78
103.89
103.99
104.1
104.1
103.99
103.89
103.89
103.78
103.68
103.58
103.68
103.68
103.58
103.68
103.58
103.68
103.68
103.78
103.78
103.89
103.78
103.78
103.68
103.78
103.68
103.68
103.78
103.68
103.78
103.89
103.99
104.09
103.99
103.99
103.89
103.78
103.78
103.89
103.99
103.99
103.99
103.99
103.99
103.89
103.89
103.99
103.89
103.78
103.78
103.78
103.68
103.57
103.57
103.47
103.47
103.57
103.47
103.37
103.47
103.57
103.47
103.57
103.47
103.57
103.57
103.68
103.57
103.68
103.57
103.68
103.68
103.78
103.78
103.89
103.78
103.68
103.78
103.68
103.68
103.57
103.47
103.37
103.26
103.26
103.16
103.16
103.06
103.16
103.16
103.16
103.16
103.26
103.37
103.26
103.26
103.16
103.26
103.26
103.26
103.37
103.37
103.37
103.37
103.37
103.26
103.16
103.06
103.16
103.26
103.16
103.26
103.37
103.37
103.37
103.47
103.47
103.57
103.47
103.57
103.68
103.68
103.68
103.57
103.68
103.57
103.57
103.57
103.68
103.78
103.78
103.78
103.88
103.99
103.88
103.99
103.88
103.88
103.78
103.68
103.57
103.57
103.68
103.57
103.47
103.57
103.57
103.57
103.47
103.47
103.57
103.47
103.47
103.57
103.68
103.57
103.47
103.47
103.47
103.47
103.57
103.57
103.67
103.78
103.88
103.78
103.88
103.88
103.99
103.88
103.99
103.88
103.99
103.99
103.99
103.88
103.99
104.09
104.19
104.09
104.19
104.09
104.19
104.19
104.19
104.09
104.19
104.09
104.19
104.3
104.3
104.4
104.51
104.4
104.4
104.4
104.4
104.3
104.4
104.4
104.4
104.3
104.4
104.51
104.4
104.51
104.4
104.4
104.51
104.61
104.61
104.71
104.61
104.61
104.51
104.61
104.51
104.51
104.61
104.51
104.51
104.4
104.51
104.4
104.51
104.4
104.4
104.4
104.4
104.51
104.51
104.4
104.4
104.5
104.61
104.61
104.5
104.61
104.61
104.61
104.5
104.61
104.71
104.71
104.71
104.82
104.92
104.92
104.82
104.92
104.82
104.71
104.61
104.61
104.5
104.5
104.4
104.5
104.4
104.3
104.3
104.3
104.19
104.19
104.19
104.19
104.3
104.4
104.5
104.61
104.5
104.5
104.61
104.71
104.71
104.61
104.61
104.61
104.5
104.4
104.29
104.29
104.29
104.19
104.29
104.29
104.4
104.5
104.4
104.5
104.5
104.5
104.61
104.61
104.61
104.71
104.82
104.82
104.71
104.82
104.92
105.03
105.13
105.13
105.03
104.92
105.03
104.92
105.03
104.92
104.92
105.03
105.03
105.13
105.24
105.34
105.34
105.34
105.24
105.24
105.34
105.24
105.13
105.13
105.03
105.13
105.13
105.13
105.03
105.03
105.03
105.13
105.24
105.13
105.24
105.34
105.24
105.24
105.34
105.45
105.34
105.34
105.24
105.13
105.24
105.24
105.34
105.34
105.34
105.24
105.34
105.34
105.34
105.45
105.34
105.45
105.55
105.66
105.76
105.87
105.97
105.87
105.76
105.76
105.87
105.97
105.87
105.87
105.76
105.87
105.87
105.76
105.66
105.55
105.44
105.34
105.44
105.44
105.55
105.66
105.76
105.66
105.55
105.55
105.44
105.34
105.44
105.34
105.34
105.23
105.13
105.23
105.34
105.23
105.23
105.13
105.23
105.13
105.23
105.34
105.34
105.23
105.13
105.02
104.92
105.02
104.92
104.92
104.81
104.71
104.81
104.92
105.02
104.92
105.02
104.92
104.92
104.92
105.02
105.02
105.02
105.02
105.13
105.13
105.02
104.92
104.81
104.92
104.81
104.81
104.92
105.02
105.02
105.13
105.23
105.23
105.13
105.23
105.23
105.13
105.13
105.13
105.23
105.34
105.23
105.23
105.23
105.34
105.34
105.23
105.34
105.44
105.34
105.44
105.34
105.23
105.23
105.13
105.02
105.02
104.92
105.02
105.13
105.02
105.02
105.13
105.23
105.13
105.02
105.02
105.02
104.92
104.92
104.81
104.81
104.91
105.02
104.91
104.91
104.81
104.71
104.6
104.5
104.6
104.5
104.6
104.6
104.6
104.5
104.5
104.5
104.6
104.5
104.5
104.6
104.7
104.81
104.81
104.81
104.81
104.7
104.6
104.7
104.6
104.5
104.6
104.7
104.6
104.6
104.6
104.6
104.6
104.6
104.7
104.81
104.91
104.81
104.91
104.91
105.02
105.12
105.12
105.23
105.23
105.12
105.12
105.23
105.23
105.12
105.12
105.23
105.33
105.33
105.44
105.33
105.33
105.44
105.54
105.54
105.65
105.76
105.86
105.97
105.86
105.86
105.97
105.86
105.76
105.76
105.76
105.76
105.65
105.75
105.75
105.75
105.65
105.65
105.75
105.86
105.75
105.65
105.65
105.54
105.54
105.54
105.65
105.65
105.54
105.44
105.44
105.54
105.44
105.54
105.65
105.65
105.75
105.75
105.86
105.75
105.65
105.54
105.54
105.44
105.33
105.44
105.33
105.33
105.33
105.33
105.33
105.23
105.33
105.33
105.33
105.44
105.54
105.44
105.54
105.54
105.44
105.44
105.44
105.44
105.33
105.33
105.33
105.23
105.23
105.23
105.33
105.33
105.23
105.23
105.33
105.23
105.23
105.12
105.02
104.91
104.81
104.91
105.02
105.02
105.02
104.91
104.81
104.81
104.81
104.81
104.81
104.7
104.6
104.6
104.6
104.6
104.7
104.7
104.81
104.7
104.6
104.49
104.49
104.39
104.49
104.6
104.7
104.8
104.91
104.91
104.91
104.8
104.91
105.01
105.01
105.01
104.91
104.8
104.7
104.59
104.7
104.8
104.8
104.8
104.91
104.91
104.91
104.8
104.7
104.59
104.49
104.59
104.49
104.59
104.7
104.7
104.7
104.7
104.7
104.7
104.8
104.91
104.8
104.91
105.01
104.91
104.8
104.7
104.8
104.91
104.8
104.91
104.8
104.7
104.7
104.7
104.8
104.91
105.01
105.01
105.01
104.91
104.91
105.01
105.12
105.12
105.12
105.12
105.01
105.01
105.12
105.12
105.12
105.22
105.12
105.01
105.01
105.01
105.12
105.22
105.12
105.22
105.22
105.22
105.33
105.22
105.33
105.33
105.22
105.12
105.22
105.33
105.22
105.33
105.43
105.54
105.43
105.54
105.43
105.33
105.33
105.22
105.12
105.01
104.91
105.01
104.91
104.8
104.8
104.7
104.59
104.49
104.38
104.38
104.49
104.38
104.49
104.38
104.49
104.49
104.59
104.7
104.7
104.59
104.7
104.59
104.7
104.8
104.7
104.8
104.9
104.9
104.9
105.01
104.9
104.8
104.8
104.69
104.69
104.69
104.8
104.69
104.8
104.8
104.9
105.01
105.11
105.22
105.22
105.11
105.11
105.22
105.22
105.11
105.22
105.11
105.11
105.11
105.22
105.22
105.22
105.11
105.11
105.01
105.01
105.01
104.9
104.8
104.9
104.9
104.9
104.8
104.69
104.8
104.8
104.9
104.8
104.69
104.8
104.8
104.8
104.8
104.9
105.01
104.9
104.9
104.9
105.01
105.11
105.11
105.11
105.11
105.22
105.32
105.32
105.32
105.43
105.43
105.53
105.64
105.75
105.64
105.75
105.85
105.85
105.96
105.85
105.96
105.85
105.96
106.06
106.06
105.96
105.96
106.06
106.06
106.06
106.17
106.17
106.27
106.27
106.27
106.17
106.27
106.27
106.17
106.06
106.06
106.17
106.27
106.38
106.27
106.38
106.38
106.49
106.49
106.59
106.7
106.7
106.7
106.7
106.59
106.7
106.7
106.59
106.59
106.49
106.59
106.49
106.59
106.49
106.38
106.38
106.38
106.27
106.27
106.27
106.17
106.17
106.06
106.06
106.06
106.06
106.06
106.17
106.27
106.17
106.17
106.06
106.06
106.06
105.95
106.06
106.06
105.95
106.06
105.95
105.85
105.95
105.85
105.74
105.74
105.64
105.74
105.64
105.74
105.64
105.64
105.64
105.64
105.53
105.53
105.43
105.32
105.43
105.53
105.53
105.64
105.64
105.74
105.64
105.74
105.85
105.95
105.95
105.95
105.85
105.74
105.85
105.85
105.95
105.95
105.85
105.95
105.85
105.85
105.85
105.85
105.74
105.64
105.74
105.85
105.74
105.64
105.53
105.64
105.74
105.74
105.85
105.95
105.95
106.06
106.06
106.06
106.06
106.06
106.16
106.27
106.38
106.48
106.59
106.7
106.59
106.48
106.38
106.38
106.38
106.38
106.48
106.38
106.38
106.27
106.27
106.27
106.38
106.27
106.38
106.27
106.38
106.27
106.38
106.27
106.27
106.27
106.38
106.48
106.48
106.48
106.48
95.834
95.93
86.337
86.423
86.423
86.51
86.51
86.423
86.337
86.423
86.423
86.337
86.423
86.337
86.25
86.164
86.25
86.336
86.423
86.336
86.336
86.336
86.25
86.25
86.164
86.164
86.164
86.164
86.164
86.164
86.164
86.164
86.25
86.25
86.164
86.164
86.25
86.164
86.077
86.164
86.25
86.25
86.163
86.25
86.163
86.163
86.25
86.163
86.249
86.336
86.249
86.249
86.163
86.249
86.163
86.249
86.249
86.163
86.077
85.991
85.991
85.991
85.905
85.905
85.819
85.819
85.905
85.991
85.905
85.99
85.99
85.99
85.99
85.99
85.904
85.819
85.733
85.818
85.904
85.818
85.733
85.733
85.733
85.647
85.647
85.561
85.561
85.561
85.476
85.561
85.476
85.561
85.475
85.561
85.475
85.39
85.39
85.475
85.475
85.39
85.475
85.475
85.561
85.561
77.005
77.005
77.005
76.928
76.928
76.928
77.005
77.082
77.004
77.004
76.927
76.85
76.774
76.697
76.774
76.697
76.697
76.62
76.62
76.543
76.62
76.543
76.467
76.543
76.543
76.62
76.543
76.543
76.467
76.39
76.467
76.543
76.467
76.467
76.543
76.62
76.62
76.696
76.696
76.619
76.619
76.543
76.466
76.543
76.619
76.696
76.773
76.773
76.849
76.773
76.696
76.772
76.696
76.772
76.772
76.849
76.772
76.696
76.772
76.772
76.695
76.619
76.542
76.542
76.542
76.466
76.542
76.619
76.542
76.542
76.465
76.465
76.542
76.465
76.389
76.465
76.465
76.465
76.542
76.465
76.389
76.465
76.389
76.465
76.542
76.465
76.389
76.389
76.312
76.312
76.236
76.16
76.236
76.16
76.083
76.083
76.083
76.083
76.083
76.007
76.083
76.083
76.159
76.083
76.007
76.083
76.159
76.159
76.159
76.083
76.159
76.159
76.159
76.235
76.235
76.312
76.235
76.159
76.083
76.083
76.159
76.083
76.007
75.931
75.855
75.931
75.931
76.007
76.007
76.007
76.083
76.083
76.083
76.159
76.082
76.159
76.235
76.235
76.235
76.235
76.311
76.387
76.311
76.311
76.311
76.311
76.311
76.235
76.158
76.082
76.006
76.082
76.082
76.158
76.082
76.006
76.006
75.93
75.854
75.854
75.778
75.778
75.778
75.702
75.778
75.854
75.854
75.778
75.778
75.854
75.854
75.93
75.93
76.006
75.93
75.93
76.005
75.929
76.005
76.005
75.929
75.929
75.853
75.853
75.929
75.929
75.929
76.005
76.081
76.157
76.157
76.233
76.233
76.233
76.233
76.31
76.386
76.386
76.386
76.462
76.462
76.386
76.386
76.31
76.31
76.233
76.233
76.31
76.233
76.309
76.233
76.157
76.157
76.157
76.233
76.157
76.157
76.081
76.081
76.005
75.929
75.853
75.853
75.777
75.777
75.853
75.853
75.777
75.777
75.852
75.928
75.928
75.852
75.928
75.852
75.928
75.852
75.776
75.701
75.776
75.701
75.776
75.776
75.7
75.625
75.549
75.625
75.7
75.625
75.7
75.7
75.7
75.776
75.7
75.624
75.549
75.624
75.7
75.624
75.7
75.776
75.776
75.7
75.7
75.7
75.624
75.7
75.775
75.775
75.7
75.624
75.7
75.624
75.548
75.473
75.548
75.624
75.699
75.775
75.851
75.775
75.851
75.775
75.699
75.699
75.699
75.623
75.623
75.623
75.548
75.623
75.623
75.623
75.548
75.623
75.699
75.699
75.699
75.775
75.85
75.775
75.775
75.775
75.85
75.775
75.85
75.926
75.85
75.774
75.774
75.774
75.699
75.774
75.774
75.85
75.85
75.774
75.774
75.774
75.774
75.774
75.698
75.698
75.698
75.623
75.547
75.472
75.396
75.321
75.245
75.321
75.245
75.17
75.095
82.604
82.687
82.604
82.522
82.604
82.522
82.604
82.687
82.769
82.687
82.604
82.687
82.604
82.604
82.686
82.604
82.521
82.521
82.521
82.604
82.521
82.604
82.521
82.604
82.521
82.521
82.603
82.603
82.686
82.769
82.686
82.686
82.603
82.521
74.269
74.194
74.194
74.269
74.343
74.268
74.268
74.194
74.12
74.12
74.046
73.972
74.046
74.12
74.194
74.194
74.12
74.12
74.12
74.046
74.046
74.12
74.046
74.12
74.046
74.046
74.12
74.045
73.971
74.045
74.045
74.119
74.119
74.045
73.971
73.897
73.823
73.897
73.897
73.971
74.045
74.045
73.971
74.045
73.971
73.971
73.897
73.823
73.749
73.749
73.823
73.897
73.823
73.823
73.749
73.675
73.602
73.602
73.528
73.602
73.602
73.602
73.602
73.675
73.675
73.675
73.602
73.675
73.749
73.675
73.749
73.823
73.823
73.823
73.823
73.823
73.749
73.822
73.749
73.749
73.822
73.749
73.749
73.822
73.822
73.748
73.822
73.896
73.97
73.97
73.97
73.97
74.044
74.118
74.044
74.044
73.97
74.044
74.044
74.118
74.044
74.118
74.044
73.97
73.97
74.044
74.118
74.043
74.043
73.969
74.043
73.969
73.895
73.969
73.895
73.969
74.043
73.969
73.895
73.821
73.747
73.821
73.747
73.674
73.6
73.674
73.6
73.673
73.747
73.821
73.821
73.895
73.895
73.821
73.895
73.895
73.821
73.747
73.673
73.599
73.599
73.599
73.599
73.526
73.599
73.526
73.452
73.526
73.599
73.599
73.526
73.599
73.673
73.673
73.599
73.599
73.599
73.526
73.452
73.452
73.452
73.379
73.379
73.452
73.378
73.452
73.525
73.599
73.599
73.525
73.452
73.378
73.305
73.232
73.305
73.378
73.451
73.451
73.378
73.451
73.525
73.598
73.525
73.525
73.598
73.598
73.672
73.598
73.598
73.525
73.525
73.598
73.525
73.598
73.672
73.745
73.819
73.745
73.672
73.672
73.598
73.598
73.598
73.524
73.598
73.524
73.598
73.524
73.524
73.598
73.524
73.451
73.451
73.451
73.451
73.377
73.45
73.524
73.45
73.377
73.377
73.377
73.377
73.304
73.23
73.157
73.23
73.157
73.23
73.303
73.303
73.303
73.377
73.377
73.377
73.303
73.303
73.377
73.303
73.23
73.303
73.303
73.376
73.376
73.376
73.303
73.303
73.23
73.157
73.083
73.156
73.23
73.23
73.23
73.156
73.23
73.156
73.229
73.156
73.229
73.303
73.376
73.449
73.376
73.376
73.376
73.449
73.376
73.302
73.376
73.302
73.229
73.229
73.302
73.302
73.302
73.229
73.156
73.083
73.009
72.936
72.864
72.791
72.718
72.718
72.791
80.07
88.077
96.884
96.981
96.981
96.884
96.884
96.884
96.787
96.884
96.787
96.69
96.594
96.69
96.787
96.69
96.787
96.787
96.884
96.884
96.787
96.69
96.787
96.883
96.787
96.69
96.593
96.497
96.593
96.496
96.4
96.4
96.496
96.593
96.689
96.786
96.689
96.593
96.496
96.593
96.496
96.399
96.496
96.592
96.496
96.496
96.399
96.399
96.399
96.303
96.399
96.399
96.399
96.399
96.303
96.399
96.303
96.399
96.303
96.399
96.302
96.206
96.302
96.206
96.11
96.206
96.206
96.206
96.206
96.206
86.585
86.499
86.585
86.585
86.672
86.585
86.585
86.672
86.672
86.585
86.499
86.499
86.585
86.585
86.498
86.585
86.498
86.498
86.498
86.412
86.498
86.412
86.325
86.239
86.239
86.239
86.153
86.067
85.981
86.067
86.153
86.066
86.153
86.153
86.153
86.066
86.152
86.066
86.152
86.066
85.98
85.98
85.98
85.894
85.894
85.894
85.894
85.98
86.066
86.066
85.98
85.894
85.98
86.066
85.98
86.066
86.152
86.152
86.152
86.066
86.066
86.066
85.98
85.894
85.894
85.98
86.066
85.979
86.065
86.152
86.065
86.151
86.238
86.238
86.151
86.238
86.238
86.151
86.151
86.151
86.151
86.237
86.324
86.41
86.496
86.583
86.496
86.496
86.41
86.323
86.323
86.237
86.237
86.323
86.237
86.151
86.065
86.151
86.237
86.151
86.237
86.15
86.15
86.237
86.15
86.15
86.237
86.237
86.237
86.323
86.409
86.323
86.409
86.323
86.323
86.409
86.409
86.495
86.582
86.668
86.582
86.582
86.668
86.668
86.755
86.755
86.755
86.668
86.668
86.755
86.755
86.755
86.668
86.755
86.668
86.581
86.495
86.581
86.495
86.408
86.322
86.408
86.495
86.581
86.581
86.494
86.408
86.322
86.235
86.321
86.408
86.408
86.408
86.494
86.494
86.581
86.494
86.581
86.494
86.408
86.494
86.58
86.494
86.494
86.58
86.494
86.494
86.407
86.321
86.321
86.407
86.407
86.494
86.58
86.667
86.753
86.667
86.667
86.667
86.58
86.667
86.667
86.58
86.493
86.58
86.58
86.666
86.753
86.753
86.84
86.84
86.927
86.927
86.927
87.014
86.927
86.84
86.926
86.926
86.926
86.926
86.84
86.926
86.926
87.013
86.926
87.013
86.926
87.013
87.1
87.013
87.013
87.013
87.013
87.013
87.013
87.013
86.926
86.839
86.839
86.752
86.665
86.665
86.752
86.665
86.579
86.492
86.579
86.579
86.665
86.579
86.492
86.578
86.578
86.578
86.578
86.578
86.578
86.578
86.578
86.665
86.578
86.492
86.405
86.492
86.492
86.492
86.492
86.578
86.578
86.492
86.578
86.492
86.492
86.492
86.578
86.491
86.405
86.491
86.405
86.405
86.318
86.405
86.318
86.232
86.232
86.232
86.232
86.318
86.405
86.318
86.405
86.405
86.491
86.491
86.491
86.577
86.577
86.664
86.751
86.837
86.924
86.924
86.837
86.75
86.837
86.837
86.837
86.924
86.837
86.924
87.011
87.098
87.011
87.011
86.924
86.837
86.924
86.837
86.837
86.924
87.011
86.924
87.01
87.097
87.01
86.923
87.01
87.097
87.01
87.01
87.097
87.184
87.272
87.184
87.271
87.271
87.184
87.271
87.271
87.271
87.359
87.446
87.533
87.621
87.621
87.709
87.709
87.621
87.621
87.621
87.533
87.446
87.358
87.446
87.358
87.271
87.184
87.271
87.358
87.445
87.445
87.533
87.62
87.533
87.445
87.533
87.445
87.445
87.445
87.533
87.533
87.62
87.532
87.445
87.445
87.445
87.357
87.357
87.445
87.532
87.445
87.532
87.532
87.445
87.357
87.357
87.27
87.27
87.27
87.27
87.27
87.27
87.357
87.444
87.357
87.357
87.27
87.182
87.182
87.095
87.008
87.095
87.008
87.095
87.182
87.182
87.182
87.182
87.095
87.095
87.182
87.095
87.008
86.921
87.008
86.921
87.008
87.008
86.921
86.921
87.008
87.095
87.182
87.269
87.182
87.269
87.356
87.269
87.269
87.269
87.181
87.269
87.356
87.443
87.443
87.356
87.443
87.356
87.356
87.356
87.268
87.268
87.181
87.094
87.094
87.181
87.181
87.268
87.355
87.443
87.443
87.355
87.355
87.355
87.355
87.443
87.53
87.618
87.705
87.705
87.618
87.618
87.53
87.53
87.53
87.617
87.617
87.53
87.617
87.617
87.705
87.793
87.705
87.617
87.53
87.617
87.529
87.617
87.705
87.705
87.705
87.705
87.792
87.792
87.792
87.792
87.705
87.705
87.792
87.704
87.792
87.88
87.88
87.88
87.792
87.88
87.968
88.056
88.056
87.968
87.968
87.88
87.88
87.968
88.056
87.967
87.88
87.967
87.967
87.879
87.967
87.967
87.967
88.055
88.055
88.055
87.967
87.879
87.879
87.791
87.791
87.704
87.616
87.528
87.528
87.616
87.616
87.528
87.616
87.528
87.441
87.353
87.353
87.44
87.528
87.528
87.615
87.528
87.44
87.528
87.615
87.528
87.615
87.528
87.615
87.703
87.703
87.615
87.615
87.527
87.615
87.527
87.615
87.615
87.615
87.527
87.44
87.527
87.44
87.527
87.615
87.702
87.614
87.702
87.702
87.614
87.527
87.614
87.614
87.614
87.614
87.702
87.79
87.877
87.877
87.877
87.79
87.79
87.702
87.614
87.702
87.614
87.614
87.702
87.702
87.702
87.702
87.614
87.614
87.701
87.701
87.614
87.701
87.789
87.877
87.789
87.877
87.877
87.965
88.053
88.053
87.965
88.053
88.053
87.964
88.052
88.052
87.964
88.052
88.052
88.14
88.229
88.229
88.14
88.14
88.052
88.052
88.052
88.052
88.14
88.228
88.14
88.052
88.052
87.964
88.052
88.052
88.052
88.052
88.14
88.14
88.052
87.964
87.876
87.876
87.788
87.876
87.964
87.964
87.876
87.788
87.788
87.7
87.788
87.7
87.612
87.525
87.525
87.612
87.612
87.7
87.7
87.612
87.524
87.437
87.524
87.612
87.524
87.437
87.349
87.262
87.262
87.262
87.349
87.437
87.349
87.436
87.524
87.611
87.611
87.524
87.611
87.524
87.436
87.436
87.349
87.261
87.349
87.436
87.436
87.523
87.523
87.523
87.436
87.436
87.523
87.523
87.523
87.523
87.436
87.523
87.436
87.523
87.523
87.611
87.698
87.611
87.611
87.698
87.611
87.698
87.61
87.523
87.61
87.698
87.698
87.61
87.523
87.523
87.523
87.61
87.61
87.523
87.435
87.348
87.348
87.435
87.435
87.522
87.435
87.435
87.435
87.347
87.435
87.522
87.435
87.347
87.435
87.347
87.26
87.173
87.26
87.172
87.172
87.085
86.998
87.085
87.085
87.172
87.172
87.172
87.172
87.085
87.085
87.172
87.259
87.347
87.434
87.347
87.259
87.172
87.085
87.172
87.172
87.172
87.172
87.172
87.172
87.085
87.085
87.085
87.085
86.998
86.911
86.911
86.998
86.998
86.998
87.085
86.997
86.997
87.084
87.084
86.997
86.997
87.084
86.997
87.084
86.997
86.91
86.823
86.736
86.736
86.823
86.736
86.736
86.736
86.65
86.65
86.65
86.65
86.736
86.65
86.736
86.736
86.649
86.736
86.736
86.649
86.736
86.736
86.649
86.649
86.736
86.736
86.736
86.823
86.823
86.823
86.909
86.909
86.823
86.823
86.909
86.822
86.909
86.996
86.909
86.996
87.083
87.083
87.083
87.17
87.083
86.996
86.996
86.909
86.909
86.822
86.909
86.909
86.996
86.996
86.996
86.909
86.822
86.735
86.822
86.735
86.648
86.735
86.735
86.648
86.648
86.648
86.562
86.562
86.475
86.475
86.561
86.561
86.648
86.648
86.561
86.561
86.561
86.475
86.388
86.388
86.302
86.388
86.302
86.388
86.302
86.302
86.388
86.388
86.302
86.302
86.388
86.302
86.302
86.215
86.215
86.215
86.301
86.388
86.388
86.301
86.388
86.388
86.474
86.474
86.388
86.388
86.301
86.301
86.388
86.301
86.215
86.301
86.301
86.215
86.215
86.215
86.215
86.215
86.301
86.215
86.301
86.387
86.474
86.387
86.473
86.56
86.56
86.56
86.647
86.647
86.733
86.733
86.646
86.646
86.733
86.82
86.733
86.733
86.646
86.733
86.82
86.82
86.906
86.906
86.82
86.733
86.733
86.646
86.733
86.733
86.646
86.646
86.559
86.559
86.646
86.732
86.732
86.646
86.559
86.646
86.732
86.732
86.732
86.646
86.559
86.559
86.472
86.472
86.386
86.386
86.299
86.213
86.213
86.213
86.127
86.127
86.041
86.127
86.213
86.299
86.213
86.213
86.127
86.041
85.955
85.955
85.869
85.954
86.04
86.126
86.04
86.04
85.954
85.954
86.04
86.04
86.04
85.954
85.954
86.04
85.954
85.868
85.868
85.782
85.697
85.697
85.697
85.697
85.697
85.697
85.782
85.696
85.611
85.696
85.782
85.782
85.696
85.611
85.525
85.61
85.61
85.696
85.61
85.696
85.782
85.696
85.782
85.867
85.867
85.953
85.867
85.781
85.696
85.696
85.696
85.696
85.696
85.696
85.61
85.696
85.61
85.695
85.695
85.695
85.781
85.695
85.781
85.695
85.695
85.61
85.695
85.61
85.61
85.524
85.524
85.438
85.438
85.353
85.438
85.353
85.268
85.268
85.268
85.268
85.353
85.438
85.524
85.609
85.609
85.695
85.609
85.523
85.609
85.609
85.609
85.695
85.695
85.609
85.609
85.523
85.609
85.523
85.523
85.523
85.609
85.523
85.609
85.523
85.609
85.523
85.608
85.523
85.523
85.437
85.523
85.608
85.608
85.523
85.437
76.893
76.893
69.204
69.204
69.135
69.204
69.273
69.204
69.273
69.342
69.273
69.342
69.273
69.342
69.412
69.481
69.551
69.62
69.62
69.55
69.481
69.481
69.55
69.62
69.55
69.55
69.55
69.481
69.411
69.481
69.55
69.55
69.481
69.55
69.481
69.481
69.481
69.55
69.48
69.411
69.411
69.411
69.411
69.48
69.48
69.55
69.48
69.411
69.341
69.272
69.203
69.203
69.272
69.272
69.341
69.272
69.203
69.133
69.203
69.203
69.203
69.203
69.133
69.133
69.203
69.272
69.341
69.341
69.272
69.202
69.202
69.133
69.064
68.995
68.926
68.857
68.926
68.857
68.926
68.926
68.926
68.995
68.995
69.064
69.133
69.202
69.271
69.34
69.271
69.34
69.41
69.34
69.34
69.34
69.271
69.271
69.202
69.271
69.271
69.34
69.41
69.479
69.548
69.479
69.548
69.548
69.548
69.548
69.548
69.618
69.688
69.688
69.618
69.618
69.548
69.618
69.548
69.479
69.479
69.548
69.618
69.618
69.548
69.478
69.548
69.478
69.409
69.339
69.27
69.27
69.201
69.201
69.27
69.27
69.201
69.27
69.201
69.132
69.132
69.132
69.062
68.993
68.924
68.855
68.787
68.855
68.924
68.855
68.924
68.924
68.993
68.993
68.924
68.924
68.993
68.924
68.855
68.786
68.717
68.717
68.649
68.58
68.649
68.717
68.649
68.717
68.649
68.58
68.58
68.511
68.443
68.443
68.374
68.443
68.511
68.58
68.511
68.443
68.511
68.511
68.511
68.511
68.58
68.648
68.648
68.717
68.717
68.717
68.717
68.785
68.717
68.648
68.579
68.579
68.648
68.648
68.648
68.579
68.579
68.511
68.579
68.511
68.511
68.579
68.579
68.511
68.442
68.442
68.51
68.442
68.442
68.442
68.51
68.51
68.51
68.442
68.442
68.373
68.442
68.442
68.373
68.305
68.237
68.168
68.1
68.032
68.1
68.032
68.1
68.1
74.91
74.91
74.985
75.06
75.135
75.135
75.06
74.985
74.985
74.91
74.985
74.91
74.91
74.91
74.985
75.06
75.135
75.06
75.06
74.985
74.91
74.985
74.985
74.91
74.91
74.984
74.984
75.059
74.984
75.059
75.134
75.134
75.059
75.134
75.134
75.134
75.21
75.21
75.285
75.209
75.285
75.285
75.209
75.285
75.36
75.285
75.36
75.284
75.36
75.435
75.435
75.435
75.435
75.435
75.511
75.511
75.435
75.51
75.51
75.51
75.435
75.51
75.586
75.586
75.661
75.661
75.586
75.586
75.586
75.661
75.586
75.661
75.737
75.813
75.813
75.889
75.813
75.813
75.737
75.813
75.813
75.737
75.812
75.737
75.812
75.888
75.812
75.888
75.888
75.964
76.04
76.116
76.04
75.964
75.964
75.964
76.04
75.964
76.04
76.04
76.116
76.04
76.116
76.04
76.04
76.04
76.116
76.116
76.116
76.116
76.192
76.268
76.344
76.421
76.421
76.421
76.421
76.344
76.42
76.497
76.42
76.344
76.42
76.42
76.344
76.344
76.268
76.191
76.267
76.267
76.267
76.344
76.42
76.497
76.42
76.496
76.573
76.65
76.573
76.573
76.496
76.573
76.649
76.726
76.803
76.726
76.726
76.803
76.726
76.726
76.803
76.879
76.879
76.803
76.803
76.726
76.726
76.802
76.726
76.649
76.726
76.726
76.649
76.725
76.725
76.725
76.725
76.725
76.802
76.879
76.956
76.879
76.879
76.802
76.879
76.956
76.879
76.956
77.033
77.11
77.11
77.187
77.11
77.187
77.187
77.187
77.109
77.109
77.109
77.109
77.032
77.109
77.109
77.187
77.264
77.341
77.418
77.418
77.341
77.341
77.264
77.264
77.341
77.418
77.496
77.418
77.495
77.495
77.495
77.573
77.495
77.573
77.573
77.65
77.573
77.573
77.65
77.65
77.728
77.65
77.65
77.65
77.65
77.728
77.728
77.65
77.728
77.728
77.65
77.65
77.728
77.65
77.65
77.572
77.495
77.495
77.495
77.572
77.65
77.728
77.728
77.728
77.728
77.65
77.65
77.728
77.805
77.805
77.883
77.805
77.883
77.961
77.883
77.805
77.883
77.805
77.727
77.805
77.883
77.805
77.883
77.883
77.805
77.727
77.727
77.727
77.649
77.727
77.805
77.727
77.649
77.727
77.804
77.882
77.96
77.882
77.96
77.96
77.96
77.882
77.96
77.882
77.882
77.882
77.96
78.038
78.116
78.038
77.96
77.882
77.882
77.804
77.882
77.882
77.804
77.882
77.959
78.037
77.959
77.881
77.804
77.726
77.726
77.648
77.57
77.57
77.57
77.57
77.57
77.493
77.415
77.415
77.415
77.338
77.261
77.338
77.338
77.338
77.26
77.183
77.183
77.183
77.106
77.183
77.26
77.26
77.183
77.183
77.106
77.029
77.106
77.183
77.183
77.106
77.029
77.029
77.029
77.029
77.106
77.106
77.029
76.951
76.875
76.875
76.875
76.875
76.798
76.874
76.874
76.874
76.798
76.874
76.951
77.028
77.105
77.105
77.028
77.028
77.028
77.028
76.951
77.028
76.951
76.951
76.874
76.951
76.874
76.797
76.874
76.797
76.874
76.951
76.874
76.951
76.874
76.951
76.874
76.95
76.95
76.874
76.874
76.874
76.797
76.72
76.643
76.72
69.048
68.979
69.048
69.048
69.048
68.979
69.048
69.048
68.979
68.979
68.979
69.048
69.117
69.117
69.117
69.048
69.048
69.048
68.978
69.047
69.047
69.047
69.047
68.978
69.047
69.047
69.116
69.116
69.047
69.047
69.047
69.047
68.978
68.978
68.978
68.978
68.978
69.047
68.978
68.978
69.047
69.116
69.047
68.978
68.978
69.047
69.047
68.978
69.047
69.047
69.116
69.116
69.185
69.185
69.185
69.254
69.324
69.254
69.254
69.185
69.185
69.254
69.254
69.254
69.323
69.254
69.323
69.254
69.323
69.393
69.462
69.393
69.393
69.323
69.392
69.462
69.392
69.323
69.392
69.392
69.392
69.462
69.392
69.323
69.254
69.323
69.323
69.392
69.323
69.392
69.392
69.461
69.461
69.461
69.461
69.392
69.323
69.253
69.323
69.253
69.184
69.253
69.322
69.322
69.253
69.253
69.322
69.253
69.253
69.253
69.322
69.322
69.253
69.184
69.253
69.253
69.253
69.322
69.253
69.184
69.184
69.253
69.253
69.183
69.183
69.183
69.253
69.322
69.391
69.461
69.391
69.461
69.53
69.6
69.669
69.669
69.669
69.599
69.669
69.599
69.669
69.669
69.669
69.599
69.53
69.53
69.599
69.669
69.669
69.739
69.669
69.738
69.738
69.669
69.738
69.808
69.738
69.669
69.738
69.669
69.669
69.669
69.599
69.599
69.529
69.529
69.529
69.529
69.529
69.46
69.529
69.46
69.46
69.529
69.599
69.599
69.668
69.668
69.599
69.529
69.599
69.529
69.598
69.529
69.598
69.668
69.738
69.807
69.807
69.738
69.807
69.877
69.877
69.947
69.947
70.017
70.087
70.157
70.227
70.297
70.227
70.227
70.227
70.227
70.157
70.227
70.297
70.368
70.438
70.438
70.438
70.508
70.438
70.367
70.438
70.438
70.508
70.438
70.508
70.579
70.508
70.508
70.508
70.438
70.438
70.508
70.438
70.367
70.297
70.297
70.367
70.367
70.297
70.226
70.156
70.156
70.226
70.297
70.297
70.367
70.296
70.226
70.156
70.156
70.086
70.156
70.226
70.226
70.296
70.296
70.367
70.437
70.366
70.296
70.366
70.437
70.507
70.507
70.437
70.366
70.437
70.437
70.437
70.507
70.578
70.648
70.577
70.648
70.648
70.648
70.577
70.648
70.719
70.789
70.719
70.789
70.86
70.86
70.789
70.718
70.789
70.86
70.789
70.718
70.789
70.718
70.648
70.577
70.506
70.436
70.506
70.436
70.436
70.436
70.436
70.365
70.436
70.436
70.436
70.506
70.577
70.506
70.506
70.435
70.506
70.506
70.506
70.576
70.506
70.435
70.506
70.576
70.506
70.576
70.506
70.506
70.435
70.365
70.365
70.435
70.365
70.435
70.365
70.435
70.364
70.364
70.364
70.294
70.224
70.294
70.364
70.435
70.435
70.364
63.328
63.328
63.328
63.265
63.265
63.265
63.328
63.391
63.455
63.455
63.391
63.391
63.391
63.328
63.391
63.454
63.391
63.391
63.328
63.391
63.454
63.391
63.391
63.327
63.391
63.454
63.454
63.391
63.391
63.454
63.518
63.454
63.454
63.517
63.581
63.645
63.708
63.644
63.581
63.581
63.644
63.581
63.581
63.517
63.581
63.644
63.644
63.644
63.581
63.517
63.517
63.517
63.454
63.39
63.327
63.39
63.453
63.39
63.39
63.453
63.453
63.39
63.39
63.39
63.453
63.517
63.517
63.58
63.517
63.58
63.58
63.58
63.517
63.453
63.517
63.58
63.644
63.58
63.516
63.453
63.389
63.453
63.516
63.58
63.58
63.58
63.643
63.643
63.58
63.643
63.643
63.707
63.643
63.58
63.58
63.58
63.516
63.58
63.58
63.58
63.516
63.516
63.452
63.516
63.452
63.389
63.326
63.389
63.389
63.326
63.389
63.389
63.389
63.389
63.325
63.325
63.389
63.452
63.452
63.389
63.452
63.452
63.516
63.452
63.452
63.515
63.452
63.452
63.452
63.515
63.515
63.515
63.515
63.515
63.579
63.579
63.515
63.515
63.515
63.515
63.452
63.388
63.452
63.388
63.452
63.452
63.452
63.388
63.325
63.388
63.452
63.515
63.452
63.388
63.451
63.515
63.578
63.642
63.706
63.706
63.769
63.833
63.769
63.769
63.706
63.642
63.642
63.705
63.769
63.833
63.833
63.833
63.833
63.769
63.769
63.769
63.769
63.833
63.769
63.769
63.769
63.833
63.897
63.961
63.961
63.897
63.833
63.833
63.769
63.833
63.833
63.833
63.769
63.769
63.705
63.641
63.705
63.641
63.705
63.769
63.705
63.641
63.705
63.768
63.768
63.832
63.768
63.705
63.641
63.641
63.577
63.514
63.577
63.641
63.577
63.577
63.641
63.577
63.514
63.577
63.513
63.45
63.45
63.45
63.45
63.386
63.386
63.45
63.45
63.513
63.513
63.577
63.513
63.45
63.386
63.323
63.26
63.196
63.133
63.133
63.196
63.196
69.516
76.467
76.467
76.467
76.544
76.62
76.62
76.62
76.544
76.467
76.544
76.467
76.544
76.467
76.391
76.467
76.544
76.62
76.543
76.62
76.543
76.467
76.467
76.543
76.467
76.467
76.467
76.543
76.543
76.467
76.543
76.62
76.696
76.773
76.773
76.696
76.62
76.543
76.543
76.62
76.62
76.62
76.696
76.696
76.696
76.696
76.696
76.619
76.696
76.619
76.619
76.696
76.696
76.619
76.696
76.773
76.773
76.849
76.773
76.773
76.773
76.696
76.696
76.619
76.619
76.696
76.619
76.619
76.619
76.696
76.619
76.619
76.619
76.619
76.542
76.542
76.542
76.542
76.466
76.466
76.389
76.466
76.466
76.466
76.466
76.466
76.389
76.466
76.466
76.389
76.389
76.389
76.389
76.313
76.389
76.389
76.465
76.542
76.465
76.465
76.542
76.465
76.389
76.312
76.389
76.465
76.542
76.542
76.618
76.618
76.618
76.618
76.542
76.465
76.465
76.388
76.388
76.312
76.388
76.465
76.465
76.465
76.465
76.388
76.388
76.388
76.388
76.312
76.388
76.465
76.541
76.618
76.618
76.541
76.465
76.388
76.312
76.388
76.388
76.312
76.235
76.159
76.083
76.159
76.083
76.159
76.083
76.083
76.007
76.007
76.007
76.007
76.083
76.007
76.007
76.007
76.007
75.931
76.006
76.006
75.93
76.006
75.93
75.854
75.779
75.703
75.779
75.854
75.778
75.778
75.854
75.93
76.006
75.93
75.93
76.006
76.006
76.006
76.006
76.006
76.082
76.082
76.158
76.082
76.158
76.158
76.234
76.234
76.158
76.082
76.082
76.006
76.082
76.082
76.006
75.93
76.005
76.005
76.005
75.929
75.854
75.778
75.778
75.702
75.778
75.702
75.626
75.551
75.551
75.475
75.55
75.626
75.626
75.702
75.626
75.702
75.626
75.55
75.475
75.475
75.55
75.626
75.626
75.701
75.701
75.777
75.777
75.853
75.929
75.929
76.005
75.929
75.853
75.777
75.701
75.777
75.777
75.852
75.928
75.928
76.004
76.08
76.08
76.004
76.08
76.156
76.232
76.156
76.08
76.004
76.08
76.156
76.232
76.232
76.156
76.232
76.232
76.156
76.156
76.156
76.08
76.004
76.004
76.004
76.004
76.004
75.928
75.928
76.004
76.08
76.156
76.08
76.156
76.232
76.156
76.232
76.232
76.308
76.232
76.232
76.308
76.232
76.232
76.155
76.155
76.079
76.003
75.927
75.851
75.775
75.7
75.7
75.624
75.624
75.548
83.103
83.02
82.937
82.937
82.937
83.02
83.02
83.02
83.103
83.103
83.186
83.103
83.103
83.103
83.103
83.02
82.937
83.02
83.02
82.937
83.019
82.936
82.854
82.936
82.936
82.853
82.936
83.019
83.102
83.102
83.102
83.019
82.936
82.936
82.936
82.936
83.019
83.102
83.185
83.102
83.185
83.185
83.185
83.185
83.268
83.352
83.268
83.185
83.185
83.102
83.185
83.185
83.268
83.351
83.268
83.351
83.435
83.518
83.602
83.685
83.769
83.769
83.853
83.769
83.685
83.769
83.852
83.936
84.02
84.02
83.936
83.852
83.768
83.685
83.768
83.852
83.852
83.768
83.768
83.768
83.768
83.684
83.684
83.768
83.768
83.684
83.601
83.601
83.601
83.517
83.517
83.434
83.517
83.601
83.684
83.6
83.517
83.6
83.6
83.684
83.768
83.768
83.768
83.768
83.851
83.768
83.684
83.684
83.6
83.517
83.433
83.433
83.433
83.35
83.35
83.433
83.349
83.433
83.433
83.516
83.433
83.349
83.266
83.183
83.266
83.183
83.099
83.016
83.016
83.016
83.016
83.099
83.016
83.099
83.182
83.099
83.099
83.182
83.265
83.182
83.182
83.265
83.349
83.432
83.515
83.432
83.515
83.599
83.682
83.599
83.682
83.766
83.682
83.682
83.682
83.599
83.515
83.515
83.599
83.599
83.515
83.431
83.348
83.265
83.265
83.348
83.431
83.431
83.431
83.348
83.348
83.431
83.431
83.515
83.598
83.682
83.765
83.682
83.765
83.682
83.682
83.598
83.514
83.514
83.514
83.514
83.431
83.347
83.431
83.347
83.431
83.347
83.43
83.347
83.43
83.43
83.347
83.264
83.347
83.347
83.264
83.347
83.263
74.937
75.012
75.012
74.937
74.937
74.862
74.787
74.712
74.787
74.712
74.712
74.712
74.638
74.638
74.563
74.488
74.414
74.34
74.265
74.265
74.265
74.265
74.191
74.265
74.339
74.414
74.488
74.563
74.488
74.414
74.414
74.414
74.339
74.339
74.265
74.339
74.339
74.413
74.413
74.339
74.265
74.339
74.339
74.265
74.339
74.339
74.265
74.265
74.339
74.413
74.339
74.413
74.487
74.562
74.637
74.562
74.562
74.487
74.562
74.562
74.562
74.636
74.711
74.636
74.636
74.636
74.636
74.636
74.636
74.562
74.487
74.487
74.562
74.562
74.636
74.636
74.636
74.562
74.487
74.561
74.561
74.487
74.412
74.487
74.487
74.561
74.636
74.711
74.785
74.785
74.785
74.785
74.785
74.785
74.86
74.935
74.86
74.935
74.86
74.785
74.71
74.785
74.785
74.71
74.635
74.635
74.71
74.71
74.635
74.635
74.561
74.561
74.635
74.635
74.561
74.486
74.412
74.337
74.412
74.486
74.56
74.635
74.71
74.784
74.71
74.784
74.709
74.784
74.784
74.784
74.784
74.784
74.709
74.635
74.56
74.635
74.635
74.709
74.709
74.709
74.709
74.709
74.709
74.709
74.635
74.635
74.56
74.56
74.634
74.56
74.634
74.56
74.634
74.709
74.634
74.634
74.56
74.56
74.56
74.634
74.634
74.56
74.485
74.41
74.336
74.336
74.336
74.41
74.336
74.41
74.485
74.485
74.559
74.634
74.559
74.559
74.559
74.559
74.559
74.559
74.485
74.559
74.559
74.559
74.485
74.485
74.485
74.485
74.41
74.336
74.41
74.41
74.41
74.484
74.559
74.633
74.559
74.633
74.633
74.559
74.559
74.633
74.559
74.559
74.633
74.559
74.633
74.633
74.633
74.708
74.633
74.708
74.782
74.708
74.708
74.633
74.633
74.633
74.708
74.708
74.708
74.782
74.857
74.857
74.782
74.782
74.782
74.782
74.782
74.707
74.707
74.782
74.707
74.707
74.707
74.782
74.857
74.782
74.707
74.707
74.632
74.632
74.558
74.558
74.632
74.632
74.558
74.483
74.409
74.483
74.409
74.483
74.558
74.558
74.483
74.557
74.483
74.557
74.557
74.632
74.557
74.483
74.557
74.483
74.408
74.483
74.483
74.483
74.557
74.557
74.632
74.706
74.706
74.632
74.557
74.631
74.631
74.557
74.631
74.557
74.631
74.557
74.482
74.482
74.408
74.408
74.408
74.333
74.259
74.333
74.259
74.333
74.333
74.407
74.333
74.333
74.407
74.482
74.482
74.482
74.482
74.556
74.631
74.631
74.556
74.631
74.556
74.556
74.631
74.705
74.705
74.78
74.705
74.705
74.705
74.705
74.705
74.78
74.855
74.93
74.855
74.929
75.004
75.079
75.154
75.079
75.004
74.929
75.004
75.004
74.929
74.854
74.929
74.929
74.854
74.854
74.929
74.854
74.779
74.704
74.704
74.704
74.779
74.854
74.929
75.004
74.929
74.929
74.854
74.929
74.929
75.004
75.004
75.004
75.079
75.079
75.079
75.004
75.079
75.003
75.078
75.003
74.928
75.003
75.003
75.003
75.003
75.003
74.928
75.003
74.928
74.853
74.928
75.003
75.078
75.153
75.078
75.003
75.078
75.078
75.153
75.153
75.078
75.003
75.003
75.003
74.928
74.853
74.853
74.928
74.853
74.928
74.928
74.928
74.853
74.928
75.002
74.927
75.002
75.002
74.927
74.852
74.778
74.778
74.703
74.703
74.703
74.703
74.703
74.628
74.628
74.703
74.628
74.553
74.628
74.628
74.703
74.628
74.553
74.479
74.479
74.553
74.628
74.702
74.777
74.777
74.702
74.628
74.628
74.553
74.628
74.553
74.553
74.553
74.627
74.553
74.478
74.404
74.329
74.255
74.255
74.329
74.329
74.329
74.329
74.404
74.404
74.404
74.478
74.553
74.627
74.552
74.478
74.403
74.329
74.255
74.329
74.255
74.255
74.18
74.106
74.106
74.106
74.032
74.106
74.106
74.18
74.18
74.18
74.254
74.254
74.18
74.254
74.329
74.254
74.18
74.106
74.106
74.18
74.18
74.18
74.106
74.032
74.106
74.032
74.106
74.106
74.031
74.031
74.106
74.18
74.18
74.254
74.254
74.254
74.18
74.18
74.18
74.105
74.031
74.031
74.031
73.957
74.031
74.031
74.031
74.105
74.031
73.957
73.957
73.883
73.809
73.883
73.957
74.031
74.105
74.031
74.105
74.179
74.105
74.179
74.105
74.031
74.031
73.957
74.031
74.105
74.179
74.179
74.104
74.104
74.104
74.104
74.03
74.104
74.104
74.03
74.104
74.104
74.104
74.104
74.104
74.104
74.104
74.03
74.104
74.104
74.104
74.03
74.03
74.104
74.178
74.178
74.178
74.252
74.327
74.252
74.252
74.178
74.178
74.252
74.327
74.252
74.252
74.178
74.178
74.104
74.178
74.104
74.03
74.104
74.104
74.178
74.178
74.104
74.029
74.029
73.955
73.955
73.955
73.955
73.881
73.808
73.734
73.66
73.586
73.586
73.66
73.66
73.734
73.734
73.807
73.807
73.734
73.734
73.807
73.734
73.66
73.733
73.733
73.733
73.733
73.807
73.733
73.807
73.881
73.807
73.807
73.807
73.881
73.881
73.881
73.807
73.807
73.881
73.955
74.029
73.955
74.029
74.103
74.177
74.177
74.102
74.102
74.102
74.177
74.177
74.177
74.102
74.028
74.102
74.028
74.102
74.102
74.176
74.176
74.176
74.251
74.325
74.399
74.325
74.325
74.399
74.325
74.25
74.176
74.25
74.324
74.399
74.399
74.324
74.399
74.473
74.473
74.548
74.473
74.473
74.473
74.548
74.622
74.622
74.622
74.547
74.622
74.547
74.473
74.547
74.473
74.473
74.398
74.473
74.547
74.547
74.473
74.547
74.473
74.547
74.472
74.547
74.547
74.547
74.547
74.547
74.621
74.621
74.621
74.621
74.621
74.696
74.771
74.846
74.92
74.92
74.92
74.995
74.995
74.92
74.92
74.845
74.771
74.771
74.771
74.696
74.621
74.696
74.77
74.696
74.696
74.77
74.845
74.92
74.995
74.92
74.995
75.07
75.145
75.07
75.07
75.07
75.07
75.07
75.145
75.07
75.07
75.145
75.07
75.145
75.22
75.295
75.22
75.295
75.37
75.295
75.22
75.295
75.295
75.295
75.295
75.295
75.219
75.295
75.37
75.37
75.445
75.37
75.295
75.219
75.294
75.219
75.144
75.219
75.219
75.144
75.069
75.069
75.144
75.144
75.069
75.069
74.994
74.919
74.994
75.069
75.069
74.993
74.918
74.993
75.068
75.143
75.219
75.219
75.143
75.219
75.143
75.218
75.143
75.143
75.068
75.143
75.143
75.068
74.993
74.918
74.918
74.993
74.918
74.918
74.993
74.993
75.068
75.068
74.993
75.068
74.993
75.068
75.068
74.993
74.993
74.918
74.992
75.067
74.992
74.992
74.917
74.917
74.917
74.917
74.842
74.768
74.693
74.693
74.693
74.618
74.544
74.544
74.544
74.618
74.618
74.543
74.618
74.543
74.469
74.394
74.469
74.394
74.469
74.394
74.394
74.394
74.394
74.394
74.394
74.32
74.394
74.394
74.394
74.394
74.394
74.469
74.543
74.618
74.692
74.692
74.618
74.692
74.617
74.543
74.543
74.617
74.543
74.468
74.468
74.543
74.468
74.543
74.468
74.468
74.468
74.468
74.543
74.468
74.468
74.394
74.319
74.319
74.393
74.319
74.393
74.468
74.468
74.542
74.468
74.468
74.393
74.393
74.393
74.468
74.468
74.393
74.468
74.468
74.468
74.542
74.617
74.542
74.467
74.542
74.467
74.467
74.393
74.393
74.467
74.393
74.318
74.318
74.318
74.393
74.467
74.467
74.393
74.318
74.244
74.17
74.17
74.244
74.244
74.17
74.244
74.244
74.318
74.244
74.169
74.095
74.021
74.021
74.095
74.021
74.095
74.021
73.947
73.873
73.799
73.725
73.799
73.725
73.725
73.799
73.725
73.652
73.578
73.578
73.578
73.578
73.504
73.504
73.504
73.504
73.504
73.578
73.504
73.431
73.357
73.357
73.431
73.431
73.504
73.578
73.651
73.725
73.651
73.725
73.651
73.577
73.504
73.43
73.504
73.577
73.504
73.577
73.577
73.577
73.577
73.504
73.43
73.43
73.357
73.357
73.43
73.357
73.283
73.21
73.21
73.21
73.283
73.356
73.283
73.283
73.283
73.283
73.356
73.43
73.503
73.577
73.503
73.503
73.577
73.65
73.724
73.797
73.871
73.797
73.871
73.797
73.871
73.945
74.019
74.093
74.093
74.093
74.093
74.019
73.945
74.019
74.093
74.167
74.167
74.093
74.019
74.019
74.019
74.019
73.945
74.019
74.093
74.093
74.019
74.093
74.167
74.092
74.018
74.092
74.018
73.944
74.018
74.018
74.092
74.092
74.018
74.092
74.018
74.018
74.092
74.092
74.092
74.166
74.166
74.092
74.166
74.24
74.315
74.389
74.314
74.389
74.389
74.314
74.24
74.24
74.24
74.314
74.314
74.314
74.389
74.389
74.314
74.24
74.166
74.166
74.091
74.166
74.24
74.24
74.314
74.24
74.314
74.388
74.388
74.314
74.388
74.388
74.314
74.314
74.314
74.239
74.314
74.239
74.239
74.239
74.239
74.165
74.239
74.165
74.239
74.313
74.388
74.388
74.462
74.537
74.462
74.462
74.537
74.537
74.462
74.462
74.536
74.462
74.536
74.611
74.611
74.536
74.462
74.387
74.313
74.239
74.239
74.164
74.164
74.164
74.164
74.239
74.164
74.164
74.164
74.09
74.164
74.164
74.09
74.09
74.164
74.238
74.238
74.238
74.313
74.238
74.164
74.09
74.164
74.238
74.238
74.312
74.387
74.387
74.387
74.461
74.387
74.312
74.312
74.387
74.387
74.312
74.238
74.164
74.238
74.312
74.238
74.312
74.238
74.312
74.386
74.386
74.386
74.312
74.312
74.312
74.312
74.312
74.237
74.312
74.386
74.46
74.535
74.609
74.535
74.46
74.386
74.311
74.237
74.311
74.311
74.237
74.163
74.237
74.311
74.311
74.385
74.385
74.46
74.46
74.385
74.385
74.311
74.237
74.311
74.385
74.385
74.46
74.534
74.609
74.534
74.459
74.385
74.385
74.311
74.385
74.459
74.385
74.385
74.459
74.534
74.608
74.608
74.534
74.534
74.459
74.385
74.459
74.459
74.385
74.31
74.236
74.162
74.087
74.162
74.236
74.31
74.31
74.384
74.384
74.384
74.384
74.459
74.384
74.459
74.533
74.608
74.533
74.458
74.384
74.384
74.31
74.235
74.161
74.087
74.161
74.235
74.235
74.161
74.087
74.161
74.235
74.235
74.235
74.309
74.235
74.309
74.235
74.235
74.309
74.309
74.383
74.458
74.383
74.309
74.235
74.16
74.16
74.235
74.309
74.383
74.383
74.383
74.383
74.383
74.383
74.383
74.383
74.309
74.234
74.234
74.309
74.234
74.16
74.16
74.16
74.086
74.16
74.16
74.086
74.16
74.086
74.012
73.938
73.864
73.79
73.79
73.716
73.79
73.79
73.716
73.79
73.716
73.642
73.569
73.569
73.642
73.716
73.642
73.716
73.642
73.716
73.716
73.789
73.789
73.863
73.937
73.863
73.789
73.863
73.789
73.863
73.789
73.863
73.863
73.789
73.863
73.937
74.011
73.937
74.011
73.937
73.863
73.936
73.863
73.936
73.936
73.936
73.862
73.862
73.936
73.862
73.862
73.862
73.862
73.788
73.788
73.788
73.715
73.788
73.862
73.788
73.715
73.788
73.714
73.788
73.788
73.862
73.936
74.01
74.084
74.158
74.158
74.084
74.158
74.232
74.306
74.306
74.38
74.38
74.38
74.306
74.232
74.158
74.158
74.083
74.158
74.232
74.232
74.232
74.157
74.232
74.306
74.306
74.306
74.38
74.306
74.38
74.454
74.454
74.38
74.306
74.231
74.231
74.231
74.306
74.231
74.231
74.157
74.231
74.231
74.231
74.157
74.231
74.157
74.083
74.157
74.083
74.083
74.009
74.083
74.083
74.157
74.231
74.231
74.157
74.231
74.231
74.156
74.082
74.008
74.008
73.934
74.008
74.008
74.082
74.082
74.082
74.156
74.082
74.156
74.156
74.082
74.082
74.082
74.082
74.156
74.23
74.304
74.23
74.23
74.156
74.082
74.156
74.156
74.156
74.23
74.23
74.156
74.156
74.156
74.156
74.082
74.082
74.156
74.23
74.23
74.23
74.156
74.081
74.007
73.933
74.007
73.933
74.007
73.933
73.859
73.785
73.859
73.933
73.933
74.007
74.081
74.007
74.007
74.081
74.155
74.081
74.007
74.081
74.007
74.081
74.081
74.081
74.081
74.081
74.007
74.081
74.007
74.081
74.155
74.155
74.155
74.229
74.229
74.155
74.155
74.155
74.229
74.229
74.229
74.229
74.155
74.155
74.155
74.155
74.229
74.229
74.154
74.08
74.08
74.08
74.08
74.006
74.08
74.006
74.08
74.006
74.006
74.006
73.932
73.932
74.006
73.932
73.932
74.006
74.08
74.08
74.154
74.08
74.006
74.08
74.154
74.08
74.006
74.006
74.006
73.932
73.932
73.932
74.006
73.932
73.932
74.005
74.005
74.079
74.005
73.931
74.005
74.005
73.931
74.005
73.931
74.005
73.931
73.931
73.931
73.857
73.783
73.857
73.931
74.005
74.005
74.005
74.005
74.005
73.931
73.931
73.857
73.931
73.931
73.857
73.783
73.709
73.783
73.709
73.709
73.783
73.709
73.783
73.857
73.857
73.857
73.857
73.931
73.931
73.931
73.931
73.931
73.931
73.931
73.931
73.857
73.857
73.783
73.857
73.857
73.783
73.783
73.783
73.709
73.709
73.783
73.856
73.93
73.93
73.93
73.93
74.004
73.93
74.004
73.93
73.856
73.782
73.709
73.709
73.782
73.782
73.782
73.708
73.635
73.635
73.561
73.561
73.561
73.561
73.561
73.488
73.488
73.488
73.488
73.414
73.341
73.267
73.194
73.194
73.267
73.34
73.34
73.414
73.34
73.34
73.267
73.34
73.414
73.414
73.414
73.487
73.414
73.34
73.414
73.414
73.487
73.413
73.413
73.487
73.487
73.413
73.413
73.413
73.34
73.413
73.487
73.56
73.634
73.707
73.781
73.707
73.781
73.855
73.781
73.707
73.707
73.633
73.633
73.633
73.633
73.633
73.56
73.633
73.56
73.486
73.486
73.486
73.56
73.486
73.56
73.56
73.486
73.56
73.56
73.486
73.559
73.486
73.559
73.633
73.559
73.559
73.633
73.633
73.633
73.707
73.78
73.706
73.706
73.78
73.78
73.706
73.706
73.78
73.706
73.633
73.633
73.633
73.633
73.706
73.633
73.633
73.706
73.632
73.632
73.559
73.485
73.485
73.559
73.559
73.632
73.706
73.632
73.706
73.632
73.632
73.559
73.485
73.411
73.338
73.265
73.191
73.191
73.118
73.045
73.118
80.43
80.35
80.43
80.35
80.35
80.43
80.349
80.349
80.349
80.269
80.189
80.189
80.109
80.189
80.109
80.028
79.948
80.028
80.108
80.028
79.948
79.948
80.028
80.108
80.028
80.028
80.028
80.108
80.108
80.188
80.108
80.108
80.188
80.108
80.108
80.188
80.268
80.349
80.349
80.268
80.348
80.348
80.429
80.509
80.429
80.348
80.429
80.509
80.59
80.67
80.59
80.509
80.589
80.589
80.67
80.589
80.67
80.67
80.751
80.67
80.589
80.509
80.589
80.67
80.589
80.589
80.508
80.428
80.428
80.508
80.428
80.428
80.508
80.428
80.347
80.428
80.347
80.347
80.428
80.347
80.347
80.347
80.347
80.267
80.187
80.106
80.186
80.106
80.186
80.106
80.186
80.106
80.026
80.026
80.026
80.026
80.106
80.026
79.946
79.866
79.866
71.879
71.879
71.808
71.736
71.736
71.736
71.736
71.736
71.664
71.592
71.664
71.664
71.592
71.521
71.592
71.521
71.592
71.52
71.52
71.52
71.52
71.449
71.52
71.592
71.52
71.52
71.592
71.52
71.449
71.449
71.449
71.377
71.306
71.235
71.235
71.306
71.235
71.163
71.092
71.021
71.092
71.021
70.95
70.95
70.879
70.879
70.808
70.737
70.737
70.737
70.667
70.596
70.667
70.737
70.737
70.737
70.666
70.737
70.666
70.596
70.525
70.525
70.525
70.596
70.596
70.666
70.666
70.737
70.737
70.808
70.808
70.737
70.666
70.737
70.808
70.737
70.807
70.878
70.949
70.878
70.949
70.949
70.878
70.878
70.949
70.878
70.807
70.736
70.807
70.807
70.736
70.807
70.736
70.736
70.665
70.736
70.736
70.665
70.736
70.665
70.736
70.665
70.595
70.665
70.665
70.665
70.736
70.736
70.665
70.594
70.524
70.453
70.524
70.594
70.665
70.665
70.594
70.594
70.665
70.594
70.665
70.665
70.594
70.523
70.594
70.594
70.594
70.523
70.523
70.594
70.665
70.594
70.594
70.664
70.735
70.735
70.664
70.735
70.806
70.806
70.735
70.806
70.735
70.664
70.735
70.735
70.806
70.876
70.947
70.947
70.947
70.947
70.876
70.805
70.805
70.735
70.805
70.805
70.735
70.664
70.735
70.664
70.664
70.593
70.664
70.593
70.593
70.593
70.664
70.593
70.522
70.452
70.522
70.522
70.593
70.593
70.663
70.593
70.522
70.452
70.522
70.593
70.522
70.522
70.593
70.522
70.522
70.451
70.381
70.451
70.451
70.522
70.522
70.592
70.663
70.663
70.592
70.592
70.522
70.522
70.522
70.451
70.451
70.522
70.592
70.663
70.733
70.663
70.592
70.521
70.592
70.592
70.592
70.521
70.521
70.521
70.592
70.662
70.662
70.592
70.592
70.592
70.662
70.592
70.521
70.521
70.592
70.662
70.662
70.662
70.733
70.733
70.733
70.804
70.874
70.804
70.804
70.733
70.733
70.662
70.662
70.591
70.521
70.45
70.38
70.45
70.38
70.309
70.309
70.38
70.38
70.38
70.309
70.309
70.38
70.309
70.379
70.45
70.52
70.591
70.52
70.591
70.52
70.45
70.45
70.379
70.309
70.379
70.379
70.309
70.238
70.168
70.098
70.028
70.028
69.958
69.958
69.958
69.958
69.888
69.888
69.818
69.748
69.818
69.888
69.818
69.748
69.748
69.818
69.748
69.678
69.609
69.539
69.609
69.609
69.678
69.608
69.678
69.608
69.539
69.608
69.539
69.608
69.539
69.608
69.678
69.747
69.747
69.817
69.817
69.817
69.747
69.747
69.817
69.887
69.957
69.887
69.817
69.747
69.747
69.677
69.677
69.677
69.677
69.747
69.747
69.747
69.747
69.677
69.677
69.608
69.538
69.538
69.469
69.469
69.538
69.608
69.677
69.608
69.677
69.677
69.607
69.677
69.607
69.677
69.747
69.816
69.886
69.956
69.956
69.886
69.816
69.746
69.677
69.677
69.677
69.677
69.677
69.677
69.746
69.746
69.746
69.746
69.677
69.677
69.677
69.677
69.677
69.677
69.746
69.746
69.677
69.607
69.537
69.607
69.537
69.537
69.607
69.676
69.676
69.746
69.746
69.676
69.607
69.607
69.607
69.676
69.607
69.607
69.537
69.537
69.467
69.467
69.398
69.329
69.259
69.19
69.121
69.052
68.983
69.052
68.983
69.051
75.957
83.552
83.636
83.552
83.636
83.552
83.469
83.385
83.385
83.468
83.385
83.468
83.385
83.385
83.468
83.385
83.385
83.301
83.218
83.135
83.218
83.135
83.052
83.052
82.969
83.052
82.969
82.886
82.969
82.969
83.051
83.135
83.135
83.051
82.968
82.885
82.885
82.803
82.803
82.803
82.885
82.802
82.802
82.802
82.802
82.802
82.885
82.885
82.885
82.885
82.885
82.802
82.802
82.802
82.885
82.968
83.051
83.051
83.051
83.134
83.051
83.134
83.217
83.217
83.3
83.384
83.3
83.217
83.134
83.134
83.134
83.217
83.3
83.3
83.3
83.217
83.3
83.217
83.133
83.05
83.05
82.967
82.967
83.05
83.133
83.133
83.05
83.133
83.05
82.967
82.967
82.967
82.967
82.884
82.801
82.801
82.801
82.884
82.967
83.05
83.05
82.967
83.05
83.05
83.05
83.05
83.05
82.967
82.884
82.967
82.967
83.05
83.133
83.216
83.299
83.299
83.382
83.299
83.216
83.132
83.132
83.049
82.966
82.883
82.883
82.966
82.966
82.966
82.883
82.966
83.049
82.966
83.049
83.049
83.132
83.132
83.132
83.132
83.215
83.132
83.215
83.298
83.215
83.132
83.132
83.215
83.132
83.215
83.132
83.132
83.215
83.215
83.215
83.215
83.215
83.131
83.215
83.215
83.298
83.215
83.298
83.381
83.381
83.464
83.548
83.548
83.464
83.381
83.297
83.297
83.297
83.297
83.381
83.297
83.381
83.464
83.381
83.381
83.381
83.381
83.381
83.297
83.381
83.381
83.297
83.297
83.38
83.297
83.297
83.214
83.214
83.297
83.297
83.297
83.38
83.38
83.297
83.297
83.214
83.297
83.297
83.38
83.463
83.547
83.547
83.547
83.463
83.38
83.38
83.297
83.38
83.463
83.547
83.547
83.463
83.38
83.38
83.463
83.547
83.547
83.463
83.38
83.38
83.38
83.463
83.379
83.379
83.463
83.463
83.379
83.379
83.379
83.463
83.463
83.546
83.546
83.463
83.463
83.463
83.546
83.546
83.463
83.546
83.63
83.546
83.462
83.462
83.379
83.296
83.379
83.295
83.212
83.129
83.129
83.212
83.129
83.046
83.129
83.129
83.212
83.129
83.129
83.129
83.212
83.212
83.295
83.295
83.212
83.129
83.129
83.212
83.295
83.212
83.128
83.212
83.128
83.128
83.211
83.295
83.295
83.378
83.378
83.461
83.461
83.378
83.461
83.545
83.628
83.545
83.628
83.628
83.545
