99.9
99.9
99.8
99.9
99.8
99.8
99.7
99.6
99.6
99.501
99.6
99.6
99.7
99.7
99.6
99.6
99.7
99.7
99.8
99.899
99.999
99.999
99.999
100.1
100.2
100.1
100.2
100.2
100.3
100.3
100.4
100.5
100.6
100.7
100.8
100.8
100.7
100.6
100.6
100.6
100.7
100.6
100.7
100.7
100.7
100.8
100.8
100.8
100.7
100.7
100.7
100.8
100.9
100.8
100.8
100.9
101
101.1
101.1
101.21
101.1
101.21
101.31
101.21
101.31
101.41
101.31
101.41
101.31
101.41
101.31
101.2
101.31
101.2
101.2
101.2
101.2
101.2
101.2
101.31
91.175
91.175
91.266
91.266
91.358
91.449
91.358
91.358
91.449
91.357
91.449
91.449
91.54
91.632
91.54
91.54
91.54
91.449
91.54
91.449
91.449
91.357
91.357
91.357
91.357
91.357
91.266
91.266
91.266
91.357
91.357
91.357
91.448
91.448
91.448
91.357
91.266
91.357
91.357
91.357
91.357
91.265
91.357
91.357
91.357
91.357
91.265
91.265
91.357
91.357
91.357
91.448
91.539
91.631
91.539
91.539
91.448
91.356
91.356
91.356
91.356
91.448
91.539
91.539
91.448
91.448
91.356
91.448
91.356
91.447
91.539
91.63
91.63
91.539
91.539
91.539
91.539
91.63
91.539
91.447
91.539
91.447
91.447
91.539
91.63
91.538
91.447
91.538
91.63
91.722
91.63
91.63
91.63
91.538
91.538
91.447
91.355
91.264
91.355
91.446
91.355
91.446
91.446
91.446
91.446
91.446
91.538
91.446
91.538
91.446
91.538
91.538
91.446
91.446
91.446
91.355
91.446
91.355
91.446
91.446
91.354
91.263
91.263
91.354
91.446
91.354
91.263
91.354
91.354
91.446
91.446
91.537
91.537
91.629
91.72
91.72
91.812
91.812
91.904
91.996
91.904
91.996
91.904
91.812
91.903
91.812
91.72
91.811
91.903
91.903
91.995
91.903
91.903
91.903
91.903
91.995
91.995
92.087
92.179
92.271
92.271
92.364
92.364
92.364
92.456
92.363
92.271
92.271
92.271
92.363
92.363
92.363
92.271
92.271
92.271
92.271
92.271
92.179
92.087
91.994
91.902
91.811
91.811
91.719
91.811
91.902
91.81
91.719
91.81
91.902
91.994
92.086
92.086
92.086
92.178
92.178
92.27
92.363
92.363
92.27
92.362
92.362
92.362
92.455
92.362
92.455
92.547
92.455
92.547
92.547
92.64
92.547
92.454
92.547
92.639
92.639
92.639
92.732
92.825
92.825
92.732
92.639
92.547
92.454
92.547
92.547
92.547
92.639
92.639
92.546
92.454
92.546
92.454
92.454
92.546
92.454
92.546
92.454
92.454
92.361
92.454
92.454
92.546
92.453
92.453
92.453
92.453
92.546
92.453
92.453
92.546
92.453
92.546
92.546
92.638
92.731
92.731
92.638
92.731
92.638
92.638
92.731
92.638
92.638
92.731
92.731
92.731
92.731
92.823
92.731
92.731
92.823
92.823
92.823
92.823
92.916
93.009
92.916
92.823
92.823
92.916
92.916
92.823
92.916
92.916
92.823
92.73
92.637
92.545
92.452
92.452
92.36
92.36
92.36
92.36
92.36
92.452
92.545
92.637
92.544
92.452
92.452
92.544
92.637
92.73
92.73
92.73
92.637
92.729
92.637
92.544
92.544
92.637
92.637
92.729
92.822
92.729
92.822
92.729
92.636
92.729
92.729
92.822
92.729
92.636
92.543
92.636
92.729
92.636
92.543
92.543
92.543
92.543
92.451
92.358
92.451
92.543
92.636
92.728
92.821
92.914
92.914
92.821
92.914
92.821
92.821
92.728
92.821
92.914
93.006
93.006
93.099
93.006
92.913
93.006
92.913
92.82
92.913
92.82
92.82
92.913
92.913
92.82
92.82
92.913
92.82
92.913
93.006
93.006
93.099
93.192
93.099
93.192
93.285
93.192
93.099
93.192
93.285
93.285
93.285
93.192
93.192
93.285
93.378
93.471
93.565
93.658
93.565
93.658
93.565
93.565
93.471
93.565
93.471
93.378
93.284
93.191
93.191
93.284
93.191
93.098
93.098
93.005
93.098
93.191
93.191
93.191
93.191
93.097
93.004
93.004
93.097
93.097
93.19
93.284
93.377
93.284
93.19
93.283
93.283
93.377
93.377
93.47
93.564
93.47
93.377
93.377
93.47
93.563
93.47
93.376
93.47
93.47
93.47
93.563
93.657
93.657
93.657
93.75
93.844
93.938
93.938
93.938
93.938
94.032
93.938
93.844
93.844
93.938
94.032
94.126
94.032
93.938
93.938
94.032
93.938
94.031
94.031
94.031
93.937
93.937
94.031
94.031
94.125
94.031
93.937
93.843
93.937
93.843
93.843
93.749
93.843
93.937
93.937
94.031
93.937
93.937
94.031
93.937
94.031
94.125
94.031
94.031
94.031
94.125
94.031
94.125
94.03
94.124
94.219
94.124
94.124
94.219
94.124
94.124
94.218
94.313
94.407
94.407
94.313
94.313
94.313
94.218
94.124
94.218
94.124
94.124
94.124
94.124
94.218
94.218
94.124
94.124
94.218
94.312
94.312
94.406
94.406
94.312
94.312
94.312
94.218
94.218
94.124
94.124
94.029
94.123
94.029
94.029
94.123
94.123
94.123
94.217
94.123
94.123
94.123
94.217
94.217
94.217
94.312
94.312
94.312
94.217
94.123
94.029
93.935
93.841
93.841
93.747
93.841
93.747
93.841
93.935
93.841
93.935
93.935
94.028
94.028
94.028
93.934
94.028
93.934
94.028
94.028
94.028
94.028
94.028
94.028
94.122
94.216
94.122
94.216
94.216
94.216
94.122
94.122
94.028
94.028
93.934
94.028
93.934
93.84
93.934
93.934
93.934
94.028
93.934
93.934
93.934
93.934
93.934
94.028
94.122
94.028
94.028
93.934
93.84
93.746
93.839
93.839
93.839
93.746
93.652
93.558
93.465
93.558
93.652
93.652
93.745
93.839
93.839
93.933
94.027
94.121
94.027
94.121
94.121
94.215
94.215
94.309
94.215
94.121
94.215
94.309
94.309
94.215
94.309
94.309
94.403
94.498
94.592
94.592
94.497
94.403
94.497
94.497
94.592
94.497
94.592
94.497
94.403
94.403
94.403
94.497
94.497
94.403
94.308
94.403
94.403
94.308
94.214
94.12
94.12
94.025
94.025
94.025
94.025
93.931
94.025
94.025
94.119
94.025
93.931
93.931
94.025
94.119
94.025
93.931
93.931
93.931
93.837
93.743
93.743
93.837
93.743
93.649
93.556
93.649
93.743
93.649
93.556
93.649
93.649
93.743
93.837
93.743
93.836
93.836
93.836
93.836
93.836
93.743
93.743
93.649
93.743
93.743
93.743
93.836
93.93
94.024
94.118
94.212
94.118
94.118
94.118
94.212
94.212
94.118
94.024
94.024
94.024
94.024
94.118
94.212
94.118
94.024
93.93
93.836
93.929
94.023
94.023
93.929
93.835
93.835
93.835
93.742
93.742
93.742
93.835
93.835
93.929
94.023
94.023
94.117
94.117
94.211
94.117
94.211
94.305
94.211
94.305
94.4
94.305
94.305
94.399
94.305
94.305
94.211
94.305
94.305
94.305
94.211
94.305
94.399
94.494
94.588
94.494
94.399
94.399
94.399
94.305
94.305
94.305
94.305
94.399
94.399
94.399
94.399
94.493
94.588
94.682
94.588
94.588
94.682
94.777
94.682
94.777
94.872
94.967
94.872
94.777
94.777
94.871
94.871
94.777
94.682
94.682
94.777
94.871
94.966
94.966
94.966
94.871
94.966
95.061
94.966
94.966
94.966
95.061
95.156
95.061
94.966
95.061
95.156
95.156
95.061
95.156
95.251
95.346
95.251
95.251
95.346
95.251
95.251
95.155
95.155
95.06
95.155
95.25
95.155
95.25
95.25
95.25
95.346
95.441
95.346
95.441
95.345
95.25
95.155
95.06
95.155
95.155
95.06
95.155
95.25
95.155
95.059
94.964
94.964
94.964
94.869
94.869
94.964
95.059
95.154
95.059
94.964
94.869
94.774
94.869
94.964
94.869
94.774
94.869
94.774
94.679
94.774
94.869
94.869
94.964
94.869
94.869
94.963
95.058
95.058
94.963
94.868
94.773
94.773
94.773
94.868
94.773
94.679
94.584
94.489
94.584
94.678
94.678
94.678
94.773
94.868
94.963
94.868
94.868
94.868
94.868
94.868
94.963
94.868
94.868
94.773
94.678
94.678
94.678
94.583
94.489
94.583
94.678
94.773
94.867
94.962
94.867
94.772
94.678
94.583
94.583
94.583
94.488
94.583
94.583
94.488
94.394
94.299
94.394
94.394
94.394
94.299
94.205
94.205
94.111
94.017
94.017
94.111
94.205
94.111
94.205
94.11
94.016
94.11
94.016
94.11
94.016
93.922
93.922
94.016
94.016
94.016
94.11
94.016
93.922
93.828
93.922
93.922
93.828
93.922
93.922
93.828
93.922
93.922
93.828
93.828
93.734
93.828
93.921
94.015
94.109
94.015
94.015
93.921
94.015
93.921
93.827
93.921
94.015
94.109
94.109
94.203
94.109
94.203
94.297
94.392
94.486
94.486
94.391
94.486
94.58
94.58
94.58
94.486
94.391
94.486
94.486
94.391
94.391
94.297
94.391
94.391
94.391
94.391
94.297
94.297
94.202
94.297
94.202
94.108
94.202
94.108
94.202
94.202
94.108
94.014
94.108
94.108
94.014
94.014
94.108
94.202
94.296
94.202
94.296
94.39
94.485
94.39
94.296
94.201
94.201
94.201
94.107
94.013
94.013
94.107
94.201
94.107
94.201
94.107
94.107
94.107
94.107
94.107
94.107
94.107
94.013
94.013
94.013
94.107
94.013
93.919
94.013
94.013
94.107
94.107
94.107
94.201
94.295
94.295
94.295
94.389
94.484
94.389
94.484
94.484
94.578
94.483
94.389
94.389
94.483
94.578
94.578
94.672
94.767
94.862
94.767
94.672
94.578
94.672
94.578
94.483
94.483
94.483
94.577
94.577
94.483
94.577
94.672
94.672
94.767
94.861
94.766
94.766
94.672
94.577
94.577
94.482
94.577
94.482
94.482
94.577
94.482
94.482
94.577
94.671
94.766
94.861
94.956
94.861
94.861
94.861
94.956
95.05
94.955
94.86
94.766
94.86
94.86
94.955
95.05
95.05
95.145
95.24
95.145
95.24
95.24
95.336
95.24
95.335
95.24
95.24
95.145
95.145
95.145
95.145
95.24
95.145
95.24
95.335
95.24
95.145
95.24
95.144
95.24
95.144
95.144
95.144
95.24
95.24
95.335
95.239
95.144
95.144
95.049
95.049
95.144
95.049
94.954
94.954
94.859
94.859
94.764
94.764
94.859
94.764
94.859
94.764
94.764
94.669
94.764
94.764
94.859
94.764
94.858
94.858
94.858
94.953
94.858
94.764
94.669
94.574
94.669
94.669
94.574
94.479
94.574
94.479
94.574
94.479
94.574
94.479
94.574
94.668
94.668
94.763
94.763
94.763
94.858
94.763
94.763
85.286
85.372
85.457
85.372
85.286
85.372
85.457
85.372
85.286
85.371
85.371
85.457
85.542
85.457
85.371
85.457
85.371
85.286
85.286
85.201
85.115
85.115
85.2
85.286
85.286
85.286
85.2
85.115
85.03
84.945
85.03
85.115
85.03
85.115
85.03
84.945
84.945
85.03
85.03
85.03
84.945
85.03
85.115
85.03
85.115
85.2
85.285
85.285
85.285
85.37
85.456
85.456
85.37
85.455
85.37
85.37
85.285
85.37
85.37
85.455
85.455
85.455
85.541
85.541
85.541
85.455
85.455
85.37
85.455
85.37
85.284
85.37
85.284
85.369
85.455
85.455
85.369
85.284
85.199
85.284
85.369
85.455
85.455
85.369
85.455
85.369
85.284
85.284
85.198
85.113
85.198
85.113
85.113
85.113
85.028
85.028
84.943
84.943
84.943
84.943
85.028
85.113
85.028
84.943
85.028
84.943
84.858
84.773
84.858
84.773
84.688
84.603
84.603
84.603
84.688
84.773
84.857
84.773
84.857
84.772
84.688
84.772
84.772
84.772
84.857
84.772
84.857
84.857
84.772
84.772
84.772
84.772
84.687
84.687
84.687
84.603
84.518
84.434
84.518
84.434
84.434
84.518
84.433
84.518
84.433
84.518
84.602
84.602
84.602
84.518
84.602
84.518
84.518
84.602
84.518
84.602
84.602
84.687
84.771
84.771
84.771
84.687
84.602
84.602
84.602
84.517
84.433
84.348
84.264
84.18
84.096
84.18
84.264
84.264
84.264
92.69
92.598
92.598
92.69
92.597
92.69
92.597
92.69
92.597
92.597
92.69
92.69
92.783
92.69
92.782
92.782
92.782
92.782
83.504
83.421
83.337
83.337
83.337
83.421
83.337
83.421
83.421
83.504
83.42
83.42
83.337
83.42
83.337
83.254
83.254
83.17
83.087
83.087
83.087
83.087
83.004
82.921
82.921
82.921
82.921
83.004
83.004
82.921
83.004
82.921
82.921
82.838
82.921
82.838
82.921
82.921
82.838
82.921
83.004
83.004
82.921
83.004
83.004
83.087
83.087
83.17
83.17
83.253
83.253
83.336
83.419
83.419
83.503
83.586
83.67
83.754
83.837
83.753
83.837
83.921
84.005
84.005
84.005
84.005
84.089
84.173
84.257
84.257
84.257
84.342
84.257
84.257
84.257
84.257
84.341
84.426
84.341
84.257
84.173
84.173
84.257
84.257
84.173
84.089
84.089
84.173
84.173
84.257
84.257
84.341
84.257
84.172
84.088
84.088
84.088
84.172
84.088
84.172
84.088
84.088
84.004
84.088
84.172
84.256
84.341
84.256
84.256
84.256
84.172
84.256
84.172
84.256
84.172
84.088
84.172
84.256
84.172
84.087
84.003
84.003
83.919
84.003
84.087
84.087
84.003
84.087
84.087
84.171
84.087
84.003
84.003
83.919
84.003
83.919
83.835
83.919
83.919
84.003
84.003
83.919
83.835
83.835
83.835
83.919
83.835
83.919
83.835
83.918
84.002
84.002
84.086
84.17
84.17
84.086
84.086
84.17
84.086
84.17
84.17
84.17
84.086
84.086
84.002
84.086
84.002
84.086
84.086
84.002
84.086
84.17
84.17
84.17
84.086
84.17
84.17
84.086
84.086
84.002
84.086
84.086
84.17
84.086
84.17
84.17
84.254
84.338
84.338
84.338
84.422
84.338
84.254
84.169
84.169
84.085
84.085
84.085
84.001
84.085
84.001
84.001
83.917
83.917
84.001
83.917
84.001
84.001
84.001
84.001
84.085
84.169
84.253
84.337
84.337
84.253
84.169
84.169
84.085
84.001
84.085
84.169
84.084
84.084
84.084
84.084
84.169
84.169
84.084
84.084
84.168
84.168
84.253
84.168
84.253
84.253
84.168
84.252
84.168
84.252
84.168
84.168
84.252
84.168
84.084
84.168
84.252
84.252
84.168
84.084
84
83.916
84
84.084
84.084
84.084
84.084
83.999
83.999
84.083
84.083
83.999
83.915
83.915
83.831
83.748
83.748
83.831
83.831
83.831
83.748
83.748
83.664
83.664
83.664
83.58
83.664
83.58
83.58
83.496
83.413
83.413
83.413
83.413
83.496
83.413
83.329
83.413
83.496
83.496
83.58
83.663
83.58
83.663
83.58
83.496
83.579
83.579
83.663
83.579
83.663
83.663
83.579
83.496
83.412
83.496
83.412
83.412
83.496
83.579
83.579
83.495
83.495
83.579
83.663
83.746
83.746
83.746
83.662
83.662
83.746
83.83
83.83
83.83
83.83
83.746
83.662
83.746
83.662
83.746
83.83
83.913
83.997
83.913
83.913
83.913
83.913
83.829
83.913
83.913
83.829
83.746
83.662
83.745
83.829
83.913
83.913
83.997
84.081
84.081
84.165
84.249
84.165
84.081
83.997
84.081
84.165
84.249
84.333
84.249
84.249
84.165
84.249
84.333
84.417
84.333
84.333
84.333
84.333
84.333
84.417
84.333
84.417
84.417
84.417
84.502
84.502
84.417
84.502
84.502
84.417
84.417
84.501
84.501
84.586
84.586
84.586
84.586
84.501
84.417
84.332
84.332
84.417
84.332
84.332
84.248
84.164
84.08
84.164
84.164
84.08
84.164
84.164
84.079
84.163
84.163
84.079
84.079
83.995
83.911
83.995
83.995
83.995
83.911
83.827
83.743
83.66
83.576
83.492
83.492
83.492
83.409
83.492
91.842
91.842
91.933
91.933
92.025
92.025
92.025
91.933
91.841
91.75
91.841
91.933
91.841
91.749
91.749
91.841
91.749
91.841
91.749
91.841
91.933
91.933
92.025
91.933
91.933
92.025
91.933
91.841
91.841
91.749
91.841
91.932
92.024
91.932
92.024
92.116
92.116
92.024
92.024
92.116
92.208
92.301
92.301
92.301
92.301
92.301
92.393
92.3
92.208
92.208
92.116
92.208
92.116
92.116
92.116
92.116
92.116
92.208
92.3
92.208
92.116
92.116
92.208
92.208
92.3
92.208
92.208
92.208
92.3
92.392
92.3
92.3
92.3
92.3
92.392
92.3
92.392
92.392
92.392
92.3
92.392
92.3
92.3
92.207
92.207
92.115
92.115
92.023
92.115
92.023
91.931
91.839
91.839
91.839
91.747
91.655
91.564
91.472
91.381
91.381
91.381
91.381
91.472
91.563
91.563
91.655
91.655
91.563
91.655
91.563
91.655
91.563
91.472
91.472
91.563
91.655
91.655
91.746
91.655
91.655
91.563
91.471
91.38
91.471
91.563
91.471
91.38
91.288
91.197
91.106
91.197
91.197
91.106
91.197
91.106
91.106
91.197
91.106
91.106
91.106
91.106
91.197
91.197
91.288
91.288
91.288
91.379
91.379
91.288
91.288
91.196
91.196
91.288
91.379
91.379
91.47
91.562
91.562
91.653
91.653
91.562
91.562
91.47
91.379
91.379
91.287
91.287
91.287
91.196
91.287
91.196
91.287
91.196
91.196
91.287
91.378
91.287
91.287
91.287
91.287
91.196
91.196
91.287
91.196
91.196
91.287
91.195
91.287
91.287
91.287
91.287
91.195
91.104
91.013
91.013
91.013
91.104
91.195
91.195
91.195
91.195
91.195
91.195
91.195
91.104
91.013
91.104
91.013
91.013
91.013
91.104
91.104
91.104
91.104
91.013
91.013
91.104
91.013
91.104
91.104
91.104
91.104
91.104
91.195
91.286
91.286
91.377
91.286
91.195
91.286
91.286
91.194
91.103
91.103
91.194
91.194
91.103
91.194
91.103
91.012
90.921
91.012
91.103
91.103
91.194
91.194
91.194
91.285
91.376
91.376
91.285
91.285
91.194
91.103
91.194
91.103
91.194
91.285
91.194
91.102
91.011
91.011
91.102
91.011
91.011
91.011
91.011
90.92
90.829
90.738
90.829
90.92
90.829
90.829
90.92
91.011
91.011
90.92
90.829
90.829
90.92
90.829
90.92
90.829
90.92
90.92
90.829
90.829
90.829
90.919
91.01
90.919
90.828
90.919
90.828
90.828
90.919
90.919
90.828
90.737
90.737
90.828
90.919
91.01
91.01
91.101
91.101
91.01
91.01
91.01
90.919
91.01
91.01
91.01
91.01
91.01
90.919
91.01
91.101
91.01
91.01
91.01
91.01
91.01
91.01
91.01
91.01
91.01
91.01
90.919
90.919
91.009
90.918
91.009
91.1
91.009
91.1
91.009
91.1
91.191
91.191
91.191
91.191
91.1
91.191
91.191
91.1
91.009
90.918
90.918
91.009
90.918
90.827
90.918
91.009
91.1
91.009
91.1
91.191
91.191
91.282
91.373
91.464
91.556
91.647
91.739
91.647
91.647
91.556
91.647
91.556
91.647
91.556
91.556
91.647
91.555
91.464
91.372
91.464
91.555
91.647
91.647
91.555
91.464
91.372
91.372
91.372
91.281
91.19
91.281
91.189
91.189
91.189
91.098
91.189
91.098
91.189
91.189
91.28
91.189
91.189
91.28
91.28
91.28
91.189
91.098
91.189
91.28
91.371
91.28
91.189
91.189
91.098
91.098
91.007
91.098
91.098
91.189
91.097
91.006
91.097
91.097
91.006
91.006
91.097
91.188
91.097
91.188
91.279
91.371
91.371
91.279
91.371
91.462
91.553
91.462
91.37
91.462
91.462
91.462
91.462
91.37
91.462
91.37
91.279
91.188
91.096
91.096
91.005
90.914
91.005
91.096
91.187
91.187
91.279
91.279
91.187
91.187
91.187
91.096
91.005
90.914
90.823
90.823
90.732
90.641
90.551
90.46
90.46
90.551
90.641
90.641
90.551
90.551
90.46
90.551
90.551
90.46
90.37
90.37
90.279
90.279
90.189
90.099
90.189
90.189
90.279
90.189
90.279
90.189
90.279
90.279
90.279
90.369
90.279
90.369
90.459
90.369
90.459
90.459
90.369
90.369
90.278
90.278
90.278
90.369
90.459
90.55
90.459
90.369
90.369
90.278
90.368
90.368
90.278
90.188
90.188
90.098
90.098
90.188
90.278
90.188
90.278
90.188
90.278
90.368
90.368
90.368
90.278
90.278
90.187
90.278
90.187
90.277
90.187
90.097
90.007
90.097
90.007
90.097
90.007
90.097
90.187
90.187
90.187
90.187
90.097
90.097
90.097
90.097
90.187
90.097
90.006
90.006
89.916
89.827
89.737
89.737
89.737
89.826
89.737
89.737
89.737
89.647
89.737
89.737
89.737
89.647
89.647
89.557
89.647
89.736
89.736
89.736
89.826
89.736
89.647
89.647
89.736
89.826
89.736
89.736
89.826
89.736
89.826
89.736
89.736
89.826
89.736
89.736
89.826
89.826
89.826
89.826
89.736
89.646
89.556
89.556
89.556
89.556
89.556
89.556
89.467
89.556
89.467
89.556
89.556
89.646
89.556
89.556
89.467
89.377
89.466
89.466
89.377
89.288
89.377
89.288
89.377
89.287
89.198
89.109
89.198
89.198
89.287
89.287
89.287
89.377
89.466
89.376
89.466
89.376
89.376
89.287
89.198
89.287
89.287
89.287
89.198
89.108
89.197
89.287
89.376
89.465
89.465
89.555
89.465
89.376
89.465
89.555
89.465
89.376
89.465
89.465
89.554
89.465
89.375
89.465
89.375
89.375
89.375
89.375
89.286
89.375
89.286
89.286
89.375
89.465
89.554
89.554
89.464
89.554
89.464
89.464
89.554
89.464
89.375
89.285
89.196
89.107
89.018
88.929
88.84
88.929
88.84
97.724
107.5
118.25
118.13
118.01
118.13
118.13
118.13
118.25
118.36
118.36
118.36
118.36
118.25
118.25
118.36
118.25
118.25
118.13
118.01
117.89
117.89
117.77
117.77
117.77
117.66
117.54
117.42
117.54
117.42
117.42
117.3
117.19
117.07
117.19
117.3
117.19
117.07
117.18
117.3
117.18
117.3
117.42
117.3
117.42
117.42
117.3
117.3
117.18
117.3
117.42
117.3
117.3
117.3
117.18
117.07
117.07
117.18
117.18
117.18
117.18
117.07
117.07
116.95
116.83
116.72
116.72
116.6
116.72
116.83
116.83
116.95
116.83
116.72
116.83
116.95
116.83
116.95
117.07
117.18
117.18
117.07
117.07
116.95
116.95
117.07
117.07
116.95
116.83
116.71
116.83
116.71
116.71
116.71
116.83
116.95
117.07
117.18
117.18
117.3
117.18
117.18
117.3
117.42
117.3
117.18
117.18
117.18
117.06
116.95
116.83
116.95
116.83
116.83
116.95
116.83
116.95
117.06
117.18
117.3
117.3
117.18
117.3
117.42
117.53
117.53
117.53
117.53
117.53
117.42
117.3
117.42
117.53
117.65
117.77
117.65
117.77
117.89
117.77
117.77
117.89
117.77
117.89
117.89
117.89
117.77
117.65
117.53
117.41
117.41
117.53
117.65
117.65
117.53
117.53
117.65
117.65
117.53
117.53
117.53
117.65
117.53
117.41
117.41
117.53
117.41
117.41
117.53
117.53
117.53
117.41
117.41
117.53
117.53
117.41
117.41
117.3
117.3
117.41
117.3
117.18
117.18
117.3
117.18
117.3
117.18
117.06
117.18
117.18
117.06
117.06
117.18
117.06
116.94
117.06
116.94
117.06
117.18
117.18
117.18
117.06
117.06
116.94
117.06
117.06
117.18
117.18
117.18
117.06
117.06
117.18
117.3
117.41
117.3
117.18
117.18
117.29
117.29
117.41
117.41
117.53
117.65
117.65
117.53
117.41
117.41
117.53
117.41
117.53
117.41
117.29
117.41
117.41
117.29
117.41
117.53
117.53
117.65
117.76
117.76
117.65
117.76
117.88
117.76
117.76
117.76
117.88
118
118.12
118.12
118.24
118.24
118.24
118.24
118.24
118.35
118.35
118.24
118.35
118.47
118.47
118.35
118.47
118.59
118.71
118.71
118.83
118.95
119.07
118.95
118.95
119.07
118.95
118.83
118.95
118.95
118.95
119.07
118.95
118.95
118.95
118.95
118.95
119.07
119.18
119.3
119.42
119.42
119.3
119.18
119.06
119.06
119.18
119.3
119.18
119.06
118.95
118.83
118.95
118.83
118.83
118.95
118.83
118.71
118.83
118.83
118.71
118.71
118.71
118.83
118.71
118.59
118.47
118.35
118.47
118.59
118.47
118.47
118.47
118.47
118.47
118.35
118.23
118.23
118.11
118
117.88
118
117.88
117.76
117.64
117.76
117.88
117.88
117.88
118
118
118
118
118.11
118
118.11
118.11
118.11
118.11
118.23
118.23
118.11
118.23
118.23
118.11
118
117.88
117.88
117.88
118
117.88
117.76
117.76
117.76
117.64
117.52
117.64
117.76
117.76
117.88
117.76
117.64
117.76
117.64
117.64
117.64
117.76
117.64
117.64
117.52
117.41
117.52
117.64
117.52
117.52
117.52
117.52
117.41
117.52
117.41
117.41
117.41
117.41
117.41
117.52
117.64
117.76
117.76
117.64
117.64
117.52
117.52
117.64
117.64
117.52
117.52
117.52
117.64
117.64
117.52
117.52
117.52
117.64
117.76
117.64
117.64
117.64
117.64
117.52
117.64
117.76
117.64
117.52
117.64
117.64
117.76
117.64
117.76
117.87
117.99
117.87
117.87
117.76
117.64
117.64
117.76
117.64
117.64
117.76
117.87
117.76
117.64
117.76
117.76
117.64
117.52
117.52
117.4
117.29
117.17
117.17
117.05
116.93
116.93
116.82
116.82
116.7
116.58
116.7
116.82
116.93
117.05
116.93
116.93
116.82
116.93
116.93
116.82
116.82
116.82
116.7
116.58
116.7
116.82
116.93
116.93
117.05
116.93
116.82
116.93
116.93
116.82
116.7
116.7
116.58
116.58
116.58
116.7
116.58
116.47
116.35
116.35
116.47
116.35
116.35
116.23
116.23
116.23
116.23
116.23
116.12
116.12
116.23
116.35
116.35
116.23
116.23
116.35
116.35
116.35
116.47
116.58
116.58
116.47
116.58
116.58
116.58
116.47
116.47
116.58
116.7
116.58
116.7
116.7
116.7
116.7
116.58
116.7
116.7
116.58
116.47
116.58
116.7
116.81
116.81
116.81
116.7
116.58
116.7
116.81
116.81
116.7
116.81
116.7
116.58
116.58
116.46
116.58
116.58
116.7
116.58
116.46
116.46
116.46
116.35
116.35
116.46
116.35
116.46
116.58
116.7
116.81
116.93
116.81
116.81
116.7
116.7
116.7
116.81
116.7
116.58
116.46
116.35
116.35
116.35
116.35
116.35
116.46
116.46
116.58
116.46
116.58
116.7
116.7
116.7
116.81
116.7
116.58
116.46
116.58
116.58
116.7
116.81
116.93
116.93
116.81
116.7
116.7
116.58
116.7
116.7
116.7
116.81
116.81
116.7
116.81
116.93
116.93
117.05
117.16
117.28
117.16
117.28
117.4
117.4
117.4
117.28
117.28
117.16
117.16
117.16
117.16
117.28
117.16
117.16
117.16
117.05
116.93
116.81
116.69
116.69
116.69
116.58
116.58
116.46
116.58
116.46
116.58
116.46
116.34
116.46
116.58
116.69
116.69
116.81
116.81
116.69
116.58
116.58
116.58
116.69
116.81
116.69
116.69
116.58
116.69
116.81
116.93
116.93
116.93
116.93
116.81
116.81
116.81
116.69
116.58
116.46
116.34
116.34
116.46
116.46
116.46
116.46
116.58
116.46
116.58
116.69
116.69
116.69
116.81
116.81
116.69
116.81
116.81
116.81
116.69
116.69
116.58
116.46
116.58
116.69
116.81
116.93
116.93
116.81
116.69
116.69
116.69
116.69
116.69
116.81
116.81
116.81
116.81
116.69
116.58
116.69
116.57
116.69
116.69
116.69
116.81
116.81
116.69
116.69
116.69
116.81
116.81
116.92
116.81
116.69
116.57
116.57
116.69
116.81
116.92
116.92
116.92
117.04
117.04
117.16
117.04
117.04
117.04
116.92
116.92
116.92
116.81
116.92
117.04
117.04
116.92
117.04
117.04
116.92
117.04
116.92
117.04
117.04
117.16
117.27
117.27
117.39
117.27
117.16
117.04
117.16
117.04
117.04
117.04
117.16
117.27
117.39
117.51
117.51
117.51
117.39
117.51
117.39
117.51
117.63
117.63
117.74
117.86
117.98
117.98
118.1
118.22
118.22
118.1
118.22
118.1
118.22
118.33
118.45
118.45
118.57
118.57
118.69
118.57
118.57
118.45
118.33
118.22
118.33
118.45
118.57
118.69
118.69
118.57
118.45
118.45
118.57
118.57
118.69
118.81
118.93
118.81
118.93
119.04
119.16
119.04
119.04
119.04
119.16
119.04
119.16
119.04
118.93
119.04
119.04
118.93
118.93
119.04
119.04
118.93
119.04
119.04
119.04
119.16
119.04
118.92
118.92
118.81
118.69
118.69
118.69
118.69
118.69
118.57
118.57
118.45
118.57
118.45
118.45
118.45
118.45
118.45
118.45
118.45
118.57
118.69
118.57
118.45
118.33
118.21
118.09
117.98
117.86
117.74
117.62
117.74
129.51
142.47
156.71
172.38
172.56
172.38
172.38
172.38
172.38
172.38
172.21
172.38
172.56
172.56
172.38
172.21
172.38
172.56
172.56
172.38
172.56
172.38
172.21
172.04
171.87
171.87
172.04
172.04
171.87
171.69
171.69
171.87
171.69
171.87
171.69
171.69
171.52
171.69
171.87
171.87
171.87
171.87
172.04
172.21
172.04
172.04
172.04
171.86
172.04
172.04
171.86
171.86
171.69
171.52
171.52
171.52
171.35
171.35
171.18
171.35
171.18
171.35
171.18
171.18
171.01
170.84
170.66
170.66
170.49
170.49
170.49
170.49
170.32
170.15
169.98
169.81
169.98
169.98
169.81
169.81
169.98
170.15
170.32
170.32
170.49
170.49
170.49
170.49
170.32
170.15
170.32
170.32
170.32
170.49
170.32
170.49
170.66
170.49
170.66
170.83
170.83
171
171.18
171
171
170.83
170.83
170.66
170.83
170.83
170.66
170.49
170.49
170.66
170.83
170.66
170.83
171
170.83
171
171.17
171
170.83
171
170.83
171
171.17
171.35
171.35
171.17
171.35
171.17
171
170.83
170.66
170.66
170.49
170.66
170.83
171
171.17
171
171
170.83
170.83
170.66
170.66
170.66
170.83
170.83
170.66
170.49
170.66
170.83
171
170.83
170.83
170.66
170.49
170.32
170.15
170.15
170.15
170.32
170.32
170.49
170.66
170.49
170.66
170.66
170.49
170.32
170.49
170.66
170.83
170.66
170.66
170.83
170.66
170.66
170.49
170.32
170.49
170.66
170.66
170.66
170.66
170.49
170.49
170.49
170.32
170.49
170.32
170.49
170.49
170.66
170.66
170.49
170.32
170.15
170.15
169.98
170.15
169.98
170.15
169.98
169.98
169.98
169.98
169.81
169.97
169.97
169.81
169.64
169.47
169.47
169.47
169.47
169.47
169.64
169.64
169.8
169.97
169.97
169.97
170.14
170.31
170.31
170.31
170.31
170.31
170.48
170.31
170.31
170.14
169.97
170.14
169.97
169.8
169.97
169.97
169.8
169.63
169.8
169.63
169.46
169.46
169.63
169.8
169.97
169.97
169.97
170.14
169.97
170.14
170.14
169.97
169.97
169.8
169.97
169.97
170.14
170.14
169.97
169.97
170.14
170.31
170.48
170.48
170.31
170.48
170.31
170.31
170.14
169.97
169.8
169.97
169.8
169.97
169.8
169.97
170.14
170.31
170.48
170.31
170.48
170.48
170.31
170.48
170.48
170.65
170.82
170.65
170.48
170.48
170.48
170.65
170.82
170.65
170.65
170.48
170.31
170.14
169.97
169.97
169.8
169.63
169.8
169.63
169.63
169.8
169.63
169.46
169.63
169.46
169.29
169.12
169.12
168.95
168.95
169.12
169.12
169.29
169.12
169.29
169.29
169.12
169.12
169.12
169.12
169.29
169.12
169.12
169.29
169.12
169.12
168.95
168.95
168.78
168.78
168.61
168.44
168.61
168.78
168.95
168.78
168.95
168.78
168.61
168.44
168.61
168.44
168.61
168.44
168.61
168.44
168.61
168.61
168.78
168.95
169.12
169.29
169.46
169.46
169.29
152.36
152.21
152.36
152.51
152.51
152.36
152.36
152.21
152.05
152.21
152.21
152.21
152.36
152.51
152.66
152.82
152.97
152.82
152.82
152.66
152.82
152.66
152.81
152.97
152.97
152.81
152.66
152.81
152.81
152.66
152.51
152.36
152.2
152.36
152.2
152.36
152.2
152.05
151.9
152.05
152.2
152.05
151.9
151.75
151.75
151.9
151.9
151.75
151.9
151.9
151.75
151.9
151.75
151.6
151.44
151.44
151.44
151.6
151.6
151.6
151.44
151.44
151.29
151.44
151.44
151.44
151.59
151.75
151.75
151.59
151.44
151.44
151.44
151.29
151.14
151.14
151.14
150.99
150.84
150.69
150.69
150.69
150.69
150.69
150.69
150.54
150.39
150.54
150.69
150.54
150.54
150.54
150.54
150.54
150.39
150.24
150.24
150.24
150.09
150.09
149.94
150.09
149.93
149.93
150.08
149.93
149.93
150.08
150.08
150.23
150.08
150.23
150.38
150.38
150.23
150.23
150.08
149.93
149.93
149.93
149.93
149.93
149.93
149.93
149.93
149.93
149.93
150.08
149.93
149.93
149.93
150.08
150.08
149.93
149.78
149.63
149.78
149.93
149.93
150.08
150.08
149.93
150.08
149.93
149.78
149.78
149.63
149.48
149.33
149.48
149.33
149.19
149.19
149.19
149.19
149.19
149.19
149.04
149.04
149.18
149.33
149.18
149.18
149.33
149.33
149.18
149.33
149.33
149.18
149.18
149.33
149.48
149.48
149.33
149.18
149.18
149.33
149.33
149.48
149.63
149.78
149.78
149.78
149.78
149.78
149.93
149.78
149.78
149.78
149.93
149.93
150.08
149.93
150.08
149.93
150.08
150.08
150.23
150.23
150.23
150.38
150.23
150.23
150.38
150.38
150.53
150.38
150.23
150.38
150.38
150.23
150.08
150.23
150.38
150.53
150.68
150.83
150.68
150.83
150.83
150.83
150.83
150.98
150.83
150.98
151.13
151.28
151.28
151.44
151.44
151.44
151.44
151.59
151.44
151.44
151.44
151.59
151.59
151.59
151.74
151.89
151.89
152.04
151.89
152.04
152.04
151.89
151.89
151.89
151.74
151.59
151.44
151.44
151.59
151.44
151.44
151.28
151.28
151.28
151.28
151.13
150.98
150.83
150.83
150.68
150.83
150.98
150.83
150.83
150.98
151.13
150.98
151.13
151.13
150.98
150.83
150.83
150.98
150.83
150.83
150.83
150.68
150.83
150.68
150.68
150.83
150.98
150.83
150.98
150.83
150.83
150.98
151.13
151.28
151.43
151.28
151.28
151.43
151.28
151.43
151.58
151.43
151.43
151.58
151.58
151.58
151.74
151.89
151.89
151.89
151.74
151.58
151.43
151.28
151.43
151.43
151.43
151.58
151.43
151.58
151.73
151.73
151.73
151.73
151.89
152.04
152.19
152.04
152.19
152.04
152.19
152.34
152.34
152.49
152.65
152.8
152.65
152.49
152.34
152.49
152.49
152.49
152.49
152.49
152.65
152.49
152.34
152.49
152.34
152.19
152.34
152.34
152.19
152.04
152.04
152.04
152.19
152.04
151.88
151.88
152.04
152.04
152.04
152.19
152.04
152.19
152.04
151.88
151.88
152.04
152.19
152.34
152.34
152.34
152.34
152.34
152.19
152.19
152.04
152.04
151.88
152.04
151.88
152.04
151.88
151.73
151.73
151.88
152.03
152.19
152.03
152.03
152.19
152.03
152.03
152.19
152.34
152.34
152.34
152.49
152.34
152.19
152.34
152.34
152.34
152.34
152.34
152.49
152.64
152.49
152.49
152.34
152.49
152.49
152.64
152.8
152.95
152.8
152.8
152.64
152.8
152.64
152.64
152.64
152.64
152.49
152.64
152.64
152.8
152.95
152.95
153.1
152.95
152.95
152.95
153.1
152.95
152.95
152.95
152.79
152.95
153.1
153.1
152.95
153.1
153.25
153.25
153.25
153.25
153.1
152.95
152.79
152.79
152.95
153.1
152.95
152.95
152.79
152.95
153.1
153.1
153.1
153.25
153.1
153.1
153.1
153.1
153.1
153.25
153.41
153.41
153.41
153.56
153.41
153.56
153.71
153.71
153.71
153.71
153.87
154.02
154.17
154.33
154.33
154.33
154.33
154.48
154.48
154.64
154.64
154.48
154.64
154.48
154.33
154.33
154.48
154.64
154.79
154.79
154.64
154.79
154.79
154.95
154.79
154.79
154.64
154.48
154.33
154.48
154.64
154.48
154.33
154.17
154.33
154.48
154.48
154.48
154.64
154.79
154.64
154.64
154.79
154.79
154.94
154.94
155.1
155.25
155.41
155.57
155.57
155.57
155.72
155.57
155.57
155.57
155.72
155.57
155.57
155.57
155.72
155.72
155.72
155.72
155.72
155.88
155.88
155.72
155.88
155.88
155.88
155.88
155.72
155.72
155.56
155.72
155.88
155.88
155.88
155.72
155.88
155.88
155.88
156.03
155.88
155.72
155.88
155.72
155.56
155.72
155.72
155.88
155.72
155.87
156.03
156.03
156.19
156.03
155.87
155.87
155.87
155.87
155.72
155.72
155.87
155.72
155.87
156.03
156.19
156.03
156.19
156.19
156.34
156.19
156.34
156.34
156.5
156.5
156.5
156.5
156.5
156.34
156.5
156.34
156.19
156.03
156.03
156.19
156.03
155.87
155.87
155.72
155.72
155.87
156.03
156.03
155.87
155.87
155.87
156.03
155.87
155.72
155.56
155.56
155.41
155.25
155.41
155.56
155.56
155.41
155.25
155.41
155.25
155.4
155.56
155.56
155.4
155.25
155.25
155.4
155.4
155.4
155.56
155.4
155.4
155.4
155.25
155.25
155.4
155.56
155.72
155.72
155.72
155.56
155.56
155.56
155.4
155.25
155.09
154.94
154.94
155.09
154.94
154.78
154.63
154.47
154.63
154.47
154.32
154.32
154.47
154.32
154.47
154.32
154.32
154.32
154.32
154.32
154.16
154.01
154.01
154.16
154.32
154.47
154.63
154.47
154.63
154.47
154.47
154.32
154.47
154.32
154.32
154.32
154.47
154.47
154.32
154.32
154.16
154.32
154.32
154.47
154.47
154.63
154.63
154.78
154.63
154.63
154.78
154.63
154.47
154.63
154.63
154.47
154.32
154.16
154.32
154.32
154.47
154.32
154.47
154.32
154.32
154.47
154.32
154.16
154.32
154.32
154.47
154.62
154.78
154.93
155.09
155.24
155.09
155.09
155.09
155.24
155.09
155.09
155.24
155.09
154.93
155.09
155.24
155.09
154.93
154.78
154.93
154.93
154.93
154.78
154.93
154.78
154.78
154.93
154.78
154.62
154.62
154.78
154.93
154.78
154.93
154.93
154.93
155.09
155.09
154.93
154.78
154.78
154.62
154.62
154.47
154.47
154.47
154.62
154.62
154.47
154.47
154.47
154.47
154.31
154.16
154
154
154.16
154.31
154.47
154.47
154.31
154.31
154.31
154.47
154.62
154.78
154.93
154.93
155.09
154.93
154.78
154.93
155.09
154.93
155.09
155.24
155.4
155.24
155.24
155.24
155.24
155.24
155.4
155.4
155.24
155.24
155.08
154.93
154.77
154.62
154.62
154.47
154.62
154.47
154.31
154.31
154.47
154.62
154.77
154.62
154.46
154.31
154.16
154.31
154.31
154.31
154.16
154
154
154
154.16
154.16
154
153.85
153.69
153.85
154
153.85
153.85
153.85
154
154
154
153.85
153.85
153.69
153.54
153.54
153.69
153.85
153.69
153.54
153.54
153.69
153.69
153.85
153.85
154
154.15
154.31
154.46
154.31
154.15
154
154
154.15
154
154.15
154.31
154.46
154.31
154.31
154.15
154
154.15
154
153.85
154
153.85
153.85
153.69
153.69
153.54
153.54
153.69
153.84
153.84
153.84
153.69
153.69
153.84
153.84
154
154
154
154
153.84
153.84
154
154
154
153.84
153.69
153.69
153.54
153.69
153.84
154
154
154
154
154
154
154.15
154
154
154
154.15
154
153.84
154
153.84
154
154
154.15
154.31
154.46
154.46
154.61
154.77
154.61
154.61
154.46
154.46
154.61
154.61
154.46
154.46
154.61
154.46
154.3
154.46
154.3
154.15
154.15
154.3
154.15
154.15
154.3
154.46
154.61
154.46
154.61
154.77
154.77
154.61
154.61
154.61
154.46
154.3
154.3
154.3
154.15
154
153.84
153.69
153.53
153.53
153.53
153.38
153.53
153.69
153.69
153.84
153.84
153.99
153.99
153.99
153.99
154.15
154.3
154.15
154.15
154.15
154.15
154.3
154.46
154.61
154.61
154.77
154.92
154.92
154.77
154.92
154.77
154.77
154.61
154.77
154.77
154.61
154.77
154.77
154.92
154.76
154.76
154.61
154.46
154.46
154.46
154.61
154.61
154.46
154.3
154.3
154.3
154.46
154.3
154.15
154.15
154.3
154.15
154.3
154.45
154.3
154.45
154.3
154.15
154.15
154.15
154.15
154.15
154.3
154.15
153.99
153.84
153.84
153.99
153.99
153.99
153.84
153.68
153.84
153.68
153.68
153.53
153.38
153.38
153.22
153.38
153.38
153.22
153.38
153.53
153.38
153.38
153.53
153.53
153.68
153.53
153.53
153.53
153.53
153.68
153.84
153.99
154.14
154.3
154.45
154.45
154.3
154.45
154.3
154.3
154.45
154.3
154.14
153.99
153.84
153.84
153.68
153.84
153.84
153.84
153.99
154.14
154.14
153.99
153.83
153.68
153.53
153.53
153.37
153.53
153.37
153.22
153.22
153.37
153.53
153.68
153.83
153.83
153.83
153.68
153.68
153.68
153.83
153.99
154.14
153.99
154.14
153.99
154.14
154.14
154.14
154.3
154.14
154.14
154.3
154.3
154.45
154.45
154.6
154.45
154.3
154.14
154.14
154.29
154.45
154.6
154.45
154.45
154.29
154.14
153.99
153.83
153.99
153.83
153.83
153.83
153.99
154.14
153.99
153.99
153.83
153.99
153.99
153.83
153.99
153.99
154.14
154.29
154.29
154.45
154.29
154.45
154.6
154.76
154.6
154.76
154.76
154.6
154.76
154.91
154.76
154.76
154.76
154.91
154.91
154.91
154.91
154.76
154.6
154.45
154.29
154.45
154.45
154.29
154.29
154.14
153.98
153.98
153.98
154.14
154.29
154.45
154.45
154.29
154.29
154.45
154.29
154.14
154.14
154.29
154.45
154.6
154.6
154.75
154.91
154.91
154.75
154.91
155.06
155.06
155.06
154.91
154.75
154.91
154.91
154.75
154.75
154.75
154.75
154.75
154.91
154.91
154.75
154.91
154.91
154.75
154.75
154.75
154.75
154.75
154.6
154.75
154.6
154.6
154.75
154.91
154.75
154.91
155.06
154.91
155.06
155.22
155.37
155.22
155.22
155.37
155.37
155.53
155.68
155.84
155.84
155.68
155.53
155.53
155.68
155.84
155.68
155.53
155.37
155.37
155.22
155.22
155.22
155.06
154.91
155.06
155.22
155.37
155.53
155.68
155.53
155.37
155.37
155.22
155.37
155.37
155.37
155.53
155.68
155.53
155.37
155.53
155.53
155.68
155.53
155.68
155.53
155.68
155.84
155.99
155.99
155.99
155.84
155.84
155.99
156.15
156.15
155.99
156.15
156.15
156.15
156.15
156.15
156.3
156.3
156.46
156.46
156.46
156.62
156.62
156.77
156.93
156.77
156.62
156.77
156.62
156.77
156.93
156.77
156.62
156.77
156.93
156.93
156.77
156.62
156.62
156.62
156.46
156.3
156.3
156.3
156.15
155.99
155.84
155.68
155.52
155.68
155.68
155.68
155.68
155.83
155.99
155.83
155.83
155.68
155.52
155.52
155.37
155.37
155.21
155.21
155.21
155.06
154.9
154.75
154.75
154.9
155.06
154.9
154.9
154.9
155.06
155.21
155.06
155.21
155.21
155.37
155.21
155.06
154.9
155.06
155.21
155.21
155.37
155.21
155.21
155.06
154.9
154.75
154.9
154.75
154.59
154.59
154.59
154.75
154.75
154.9
154.9
154.75
154.75
154.9
154.75
154.75
154.59
154.59
154.59
154.74
154.9
155.05
155.21
155.05
155.05
155.05
155.21
155.21
155.21
155.05
155.21
155.21
155.36
155.21
155.21
155.21
155.05
155.05
155.05
155.21
155.21
155.05
155.21
155.21
155.36
155.36
155.21
155.05
155.21
155.21
155.21
155.36
155.52
155.36
155.52
155.52
155.36
155.36
155.52
155.67
155.67
155.67
155.83
155.67
155.83
155.83
155.99
155.83
155.99
155.99
155.99
155.99
155.83
155.83
155.99
155.99
155.83
155.83
155.99
156.14
156.14
156.14
156.3
156.14
155.98
155.83
155.83
155.67
155.83
155.83
155.67
155.67
155.83
155.83
155.98
155.98
156.14
155.98
155.83
155.67
155.67
155.83
155.67
155.67
155.83
155.67
155.83
155.83
155.67
155.83
155.83
155.67
155.67
155.52
155.67
155.83
155.83
155.83
155.67
155.67
155.67
155.67
155.67
155.83
155.67
155.67
155.67
155.83
155.67
155.52
155.36
155.2
155.36
155.36
155.2
155.05
154.89
154.89
155.05
154.89
154.89
154.89
155.05
155.2
155.2
155.05
154.89
155.05
155.2
155.36
155.36
155.36
155.51
155.51
155.51
155.51
155.51
155.51
155.36
155.36
155.51
155.51
155.51
155.67
155.83
155.98
155.98
155.98
155.98
155.83
155.67
155.82
155.98
155.98
155.82
155.82
155.82
155.82
155.82
155.98
155.98
156.14
155.98
155.98
155.82
155.82
155.82
155.82
155.82
155.82
155.82
155.98
155.98
155.98
155.98
155.98
155.98
156.14
155.98
156.14
155.98
156.14
155.98
155.82
155.67
155.82
155.98
155.98
155.82
155.98
155.98
155.98
140.38
140.38
140.52
140.38
140.24
140.1
139.96
139.82
139.96
139.82
139.96
139.96
140.1
140.1
140.24
140.24
140.24
140.24
140.24
140.24
140.38
140.24
140.24
140.38
140.52
140.52
140.52
140.66
140.8
140.8
140.66
140.8
140.8
140.94
140.8
140.94
140.94
140.94
140.8
140.8
140.8
140.66
140.52
140.38
140.52
140.52
140.38
140.52
140.52
140.38
140.52
140.52
140.38
140.24
140.1
139.96
139.96
139.82
139.68
139.54
139.68
139.54
139.68
139.82
139.82
139.82
139.82
139.96
139.96
140.1
139.96
139.82
139.82
139.82
139.96
139.96
139.82
139.68
139.54
139.54
139.68
139.54
139.68
139.54
139.4
139.54
139.4
139.4
139.26
139.26
139.4
139.26
139.26
139.4
139.26
139.12
138.98
138.98
138.98
138.84
138.98
138.98
138.84
138.7
138.7
138.84
138.98
139.12
138.98
138.98
138.84
138.84
138.7
138.84
138.98
138.84
138.84
138.7
138.56
138.42
138.56
138.7
138.56
138.56
138.42
138.42
138.56
138.56
138.42
138.42
138.56
138.56
138.7
138.56
138.7
138.56
138.56
138.7
138.84
138.7
138.84
138.98
138.84
138.98
138.98
138.98
139.12
139.26
139.12
138.98
138.84
138.84
138.98
139.12
139.26
139.39
139.53
139.53
139.39
139.39
139.26
139.12
139.26
139.39
139.25
139.25
139.12
139.12
139.25
139.12
139.25
139.12
138.98
138.84
138.7
138.56
138.7
138.7
138.56
138.56
138.42
138.28
138.28
138.42
138.28
138.14
138.28
138.14
138.14
138.01
138.01
138.01
137.87
137.87
137.87
137.87
138.01
138.01
138.14
138.14
138.01
138.01
137.87
137.87
137.87
137.87
137.87
137.73
137.87
137.87
137.87
137.73
137.59
137.73
137.59
137.59
137.73
137.59
137.45
137.32
137.32
137.18
137.32
137.45
137.45
137.45
137.32
137.32
137.32
137.32
137.32
137.18
137.04
137.04
137.18
137.18
137.04
136.9
136.77
136.9
137.04
137.18
137.04
136.9
136.9
137.04
137.04
136.9
136.77
136.77
136.63
136.63
136.49
136.49
136.49
136.36
136.36
136.22
136.36
136.49
136.49
136.63
136.63
136.77
136.63
136.49
136.63
136.77
136.9
137.04
136.9
136.9
136.9
137.04
137.18
137.18
137.31
137.31
137.31
137.45
137.31
137.45
137.45
137.59
137.59
137.45
137.31
137.18
137.18
137.31
137.18
137.31
137.45
137.45
137.45
137.45
137.59
137.59
137.73
137.73
137.73
137.73
137.86
138
138.14
138.28
138.28
138.28
138.14
138.28
138.42
138.28
138.42
138.55
138.55
138.55
138.55
138.69
138.83
138.69
138.69
138.55
138.42
138.55
138.55
138.55
138.69
138.55
138.69
138.83
138.97
138.83
138.69
138.55
138.55
138.41
138.41
138.41
138.55
138.41
138.55
138.69
138.55
138.69
138.55
138.55
138.41
138.41
138.28
138.41
138.55
138.41
138.55
138.55
138.41
138.28
138.41
138.55
138.55
138.41
138.27
138.14
138.14
138.14
138
137.86
137.72
137.58
137.58
137.58
137.45
137.31
137.45
137.58
137.72
137.58
137.58
137.72
137.72
137.72
137.86
138
137.86
137.86
137.72
137.58
137.72
137.86
137.72
137.72
137.86
138
137.86
137.86
137.86
138
138.13
138.13
138
137.86
138
138.13
138.13
138.27
138.27
138.27
138.13
138.27
138.13
138
138
138
138.13
138.13
138.13
138
138.13
138.13
138.27
138.13
138
138.13
138.27
138.13
138.13
138
137.86
137.86
137.72
137.86
138
138.13
138.27
138.27
138.27
138.27
138.41
138.27
138.41
138.41
138.55
138.69
138.69
138.55
138.55
138.55
138.41
138.55
138.69
138.82
138.69
138.69
138.69
138.69
138.82
138.82
138.96
139.1
139.1
139.24
139.24
139.1
139.1
139.1
138.96
139.1
139.1
139.24
139.38
139.38
139.24
139.24
139.1
139.1
138.96
138.96
138.82
138.96
139.1
139.24
139.24
139.24
139.38
139.52
139.52
139.38
139.24
139.38
139.52
139.38
139.52
139.52
139.52
139.66
139.8
139.66
139.66
139.66
139.66
139.66
139.8
139.66
139.8
139.66
139.52
139.52
139.66
139.8
139.8
139.94
140.08
140.22
140.22
140.22
140.22
140.22
140.08
139.94
140.08
140.08
140.08
140.22
140.36
140.22
140.08
140.08
140.22
140.22
140.36
140.36
140.5
140.64
140.64
140.64
140.64
140.64
140.64
140.64
140.78
140.92
140.78
140.92
141.06
141.06
140.92
140.92
141.06
141.06
141.06
140.92
140.92
140.92
140.92
140.78
140.92
140.78
140.78
140.64
140.78
140.78
140.92
140.92
140.78
140.78
140.78
140.92
141.06
140.92
140.78
140.92
141.06
141.06
141.06
141.06
141.06
141.2
141.2
141.2
141.2
141.06
141.06
141.2
141.34
141.34
141.48
141.62
141.48
141.62
141.62
141.62
141.62
141.77
141.77
141.91
141.77
141.62
141.62
141.48
141.48
141.48
141.62
141.76
141.76
141.76
141.91
142.05
142.19
142.33
142.33
142.33
142.48
142.33
142.19
142.05
141.91
141.91
142.05
142.05
142.05
142.19
142.05
142.05
142.05
142.19
142.05
141.91
141.76
141.76
141.62
141.76
141.76
141.62
141.76
141.91
141.76
141.76
141.62
141.62
141.62
141.76
141.62
141.62
141.76
141.62
141.48
141.48
141.34
141.34
141.48
141.62
141.48
141.34
141.2
141.2
141.34
141.2
141.06
141.06
140.91
140.91
141.06
140.91
140.91
140.91
140.77
140.63
140.77
140.91
140.77
140.77
140.91
140.91
140.91
140.77
140.91
141.05
141.2
141.05
141.2
141.2
141.05
141.2
141.34
141.2
141.2
141.05
141.05
141.05
141.19
141.19
141.05
141.05
140.91
140.91
140.77
140.63
140.49
140.35
140.49
140.63
140.63
140.63
140.49
140.49
140.49
140.63
140.77
140.77
140.77
140.77
140.63
140.77
140.91
140.77
140.91
140.77
140.77
140.77
140.63
140.77
140.63
140.49
140.35
140.35
140.21
140.07
140.07
139.93
139.93
139.79
139.93
139.79
139.65
139.79
139.79
139.65
139.51
139.65
139.65
139.65
139.79
139.93
139.93
139.93
139.93
139.93
140.07
139.93
139.79
139.93
140.07
139.93
139.93
139.79
139.93
139.79
139.93
139.79
139.93
139.79
139.79
139.79
139.65
139.79
139.65
139.79
139.93
139.93
139.79
125.81
125.68
125.81
125.81
125.93
126.06
125.93
125.93
125.93
125.81
125.93
125.81
125.81
125.81
125.81
125.81
125.68
125.56
125.68
125.68
125.81
125.68
125.81
125.93
125.81
125.81
125.93
125.93
125.93
125.81
125.68
125.55
125.55
125.43
125.3
125.43
125.3
125.18
125.3
125.3
125.18
125.18
125.18
125.18
125.3
125.3
125.3
125.3
125.18
125.18
125.18
125.05
125.18
125.05
124.93
125.05
124.93
125.05
125.05
124.93
124.93
124.93
125.05
124.93
124.93
124.93
124.8
124.8
124.8
124.68
124.68
124.68
124.68
124.8
124.68
124.68
124.55
124.68
124.55
124.68
124.68
124.8
124.93
125.05
125.18
125.3
125.3
125.43
125.3
125.3
125.3
125.43
125.43
125.3
125.18
125.3
125.3
125.43
125.43
125.43
125.55
125.55
125.55
125.68
125.55
125.68
125.8
125.68
125.68
125.55
125.55
125.43
125.3
125.18
125.3
125.18
125.18
125.05
124.93
125.05
125.05
125.18
125.05
125.05
124.93
124.93
125.05
125.18
125.3
125.18
125.05
124.92
124.92
124.92
124.8
124.8
124.8
124.92
125.05
125.05
124.92
125.05
125.17
125.17
125.3
125.3
125.3
125.43
125.43
125.3
125.3
125.42
125.55
125.55
125.68
125.68
125.68
125.8
125.93
125.93
125.93
126.05
126.18
126.18
126.05
125.93
125.93
125.8
125.93
125.93
125.8
125.68
125.55
125.55
125.68
125.55
125.42
125.55
125.55
125.67
125.55
125.67
125.8
125.8
125.67
125.67
125.8
125.8
125.93
126.05
126.18
126.05
126.18
126.18
126.18
126.18
126.05
126.18
126.05
126.05
126.05
125.93
125.93
126.05
126.18
126.18
126.18
126.3
126.3
126.3
126.43
126.3
126.43
126.56
126.43
126.43
126.3
126.3
126.18
126.05
126.05
126.05
125.92
125.8
125.67
125.67
125.67
125.67
125.67
125.55
125.42
125.55
125.42
125.55
125.42
125.55
125.67
125.8
125.8
125.8
125.8
125.92
125.92
125.92
125.8
125.92
126.05
126.05
125.92
125.92
126.05
125.92
125.92
125.8
125.92
125.8
125.8
125.92
125.92
125.8
125.8
125.8
125.92
126.05
126.18
126.18
126.05
126.18
126.05
126.18
126.18
126.05
125.92
125.92
126.05
126.17
126.05
126.05
125.92
125.8
125.92
125.8
125.67
125.67
125.55
125.42
125.29
125.42
125.42
125.42
125.42
125.42
125.29
125.17
125.17
125.17
125.04
124.92
124.79
124.67
124.79
124.67
124.67
124.54
124.54
124.54
124.42
124.29
124.42
124.29
124.42
124.42
124.29
124.17
124.05
124.05
124.05
123.92
123.92
123.8
123.8
123.67
123.67
123.67
123.55
123.43
123.55
123.55
123.67
123.8
123.8
123.92
124.05
123.92
123.92
124.05
124.17
124.29
124.29
124.29
124.17
124.05
124.05
123.92
124.05
124.05
123.92
123.92
124.05
123.92
124.04
124.17
124.17
124.29
124.29
124.17
124.29
124.42
124.42
124.54
124.42
124.54
124.42
124.29
124.42
124.42
124.54
124.42
124.54
124.54
124.67
124.79
124.92
124.92
124.92
124.79
124.79
124.92
124.92
125.04
125.04
125.04
124.91
124.79
124.91
125.04
125.16
125.29
125.16
125.16
125.16
125.16
125.16
125.16
125.16
125.29
125.42
125.29
125.16
125.04
125.16
125.04
125.04
124.91
125.04
125.04
125.04
125.04
125.16
125.29
125.16
125.29
125.16
125.16
125.29
125.16
125.16
125.16
125.29
125.29
125.41
125.54
125.67
125.54
125.41
125.29
125.41
125.41
125.54
125.66
125.79
125.79
125.92
125.79
125.92
126.04
126.04
125.92
125.92
125.92
126.04
126.17
126.17
126.04
126.04
126.04
126.04
126.17
126.17
126.29
126.42
126.29
126.29
126.17
126.29
126.17
126.04
125.92
125.92
125.79
125.66
125.79
125.79
125.79
125.66
125.79
125.91
126.04
126.04
125.91
126.04
125.91
126.04
126.04
125.91
125.91
126.04
126.04
126.04
125.91
125.91
126.04
125.91
125.91
125.79
125.91
125.91
125.79
125.66
125.54
125.66
125.79
125.79
125.79
125.79
125.66
125.54
125.54
125.41
125.41
125.29
125.41
125.29
125.29
125.29
125.16
125.16
125.16
125.03
125.03
125.16
125.03
125.16
125.16
125.03
125.16
125.28
125.16
125.16
125.03
125.16
125.03
125.16
125.16
125.16
125.03
124.91
125.03
125.03
125.03
125.03
124.91
124.91
124.78
124.66
124.66
124.78
124.66
124.53
124.41
124.41
124.53
124.53
124.53
124.53
124.41
124.29
124.16
124.29
124.29
124.41
124.53
124.41
124.41
124.29
124.29
124.29
124.29
124.29
124.29
124.29
124.16
124.04
124.16
124.16
124.16
124.16
124.04
123.91
124.04
124.16
124.04
124.16
124.16
124.16
124.28
124.28
124.28
124.41
124.53
124.41
124.41
124.41
124.41
124.41
124.41
124.53
124.66
124.53
124.66
124.66
124.66
124.53
124.53
124.41
124.41
124.41
124.28
124.16
124.04
124.16
124.16
124.28
124.16
124.28
124.28
124.16
124.03
123.91
124.03
124.03
124.16
124.28
124.41
124.53
124.53
124.53
124.41
124.53
124.53
124.53
124.66
124.66
124.78
124.66
124.53
124.53
124.53
124.41
124.28
124.28
124.28
124.16
124.03
123.91
123.91
124.03
123.91
123.91
123.79
123.66
123.54
123.41
123.41
123.54
123.66
123.54
123.54
123.41
123.54
123.66
123.79
123.91
123.91
124.03
123.91
124.03
124.03
124.03
124.16
124.16
124.16
124.16
124.03
124.03
124.03
124.03
123.91
123.91
124.03
124.03
124.03
123.91
123.78
123.91
124.03
124.03
124.16
124.16
124.03
124.03
124.16
124.16
124.16
124.28
124.4
124.53
124.53
124.65
124.78
124.9
124.9
124.78
124.9
125.03
125.03
125.03
125.03
124.9
124.9
124.9
125.03
124.9
124.78
124.9
124.78
124.65
124.78
124.9
124.78
124.78
124.65
124.78
124.9
124.78
124.65
124.65
124.78
124.65
124.65
124.65
124.53
124.65
124.78
124.78
124.9
124.78
124.9
124.78
124.65
124.78
124.9
124.78
124.65
124.78
124.78
124.78
124.78
124.78
124.78
124.65
124.53
124.53
124.53
124.53
124.53
124.53
124.4
124.28
124.28
124.28
124.15
124.03
124.03
124.15
124.28
124.4
124.28
124.15
124.15
124.28
124.15
124.03
124.03
123.9
123.9
123.9
123.9
123.9
123.9
124.03
123.9
124.03
124.03
124.03
124.03
123.9
123.9
123.9
123.78
123.9
124.03
124.15
124.15
124.28
124.28
124.28
124.4
124.28
124.4
124.53
124.53
124.53
124.65
124.65
124.77
124.9
125.02
125.15
125.27
125.15
125.15
125.02
124.9
124.77
124.65
124.52
124.4
124.4
124.28
124.4
124.28
136.7
136.7
136.57
136.57
136.7
136.84
136.7
136.7
136.57
136.7
136.7
136.7
136.84
136.98
136.84
136.84
136.84
136.7
136.57
136.57
136.7
136.57
136.57
136.7
136.7
136.7
136.84
136.98
136.84
136.84
136.98
136.98
136.84
136.84
136.98
136.84
136.7
136.56
136.56
136.43
136.56
136.43
136.29
136.43
136.29
136.43
136.56
136.43
136.56
136.43
136.56
136.56
136.7
136.7
136.84
136.7
136.7
136.56
136.56
136.56
136.56
136.56
136.43
136.56
136.43
136.43
136.29
136.29
136.15
136.29
136.15
136.02
136.02
136.15
136.02
135.88
136.02
136.02
135.88
136.02
136.02
136.15
136.15
136.15
136.15
136.29
136.29
136.29
136.29
136.43
136.56
136.43
136.43
136.56
136.43
136.56
136.43
136.43
136.29
136.43
136.29
136.43
136.29
136.43
136.29
136.42
136.29
136.15
136.29
136.42
136.56
136.56
136.7
136.83
123.15
123.27
110.95
110.95
110.84
110.72
110.84
110.72
110.61
110.61
110.61
110.72
110.61
110.5
110.5
110.61
110.5
110.61
110.5
110.39
110.39
110.39
110.5
110.5
110.5
110.61
110.61
110.5
110.5
110.5
110.5
110.61
110.5
110.61
110.61
110.5
110.39
110.39
110.5
110.5
110.61
110.61
110.61
110.5
110.39
110.5
110.5
110.61
110.5
110.61
110.72
110.83
110.94
110.94
110.83
110.94
111.06
111.17
111.17
111.06
111.06
111.06
111.06
111.17
111.17
111.06
110.94
111.06
110.94
111.06
111.17
111.06
110.94
110.83
110.94
110.94
111.05
110.94
110.94
110.94
111.05
110.94
110.83
110.94
110.94
110.94
110.94
110.94
110.94
110.83
110.94
111.05
111.05
111.05
111.17
111.05
110.94
110.83
110.72
110.61
110.5
110.61
110.5
110.39
110.5
121.55
121.43
121.43
121.43
121.31
121.31
121.43
121.55
121.55
121.67
121.67
121.55
121.43
121.55
121.55
121.67
121.67
121.79
121.67
121.79
121.91
122.04
122.16
122.16
122.04
122.04
121.91
122.04
122.04
122.16
122.04
122.16
122.04
122.16
122.28
122.4
122.52
122.65
122.65
122.65
122.77
122.77
122.89
123.02
123.02
123.02
122.89
123.02
122.89
123.02
122.89
122.89
122.77
122.65
122.52
122.52
122.65
122.65
122.65
122.52
122.4
122.52
122.52
122.4
122.28
122.4
122.4
122.52
122.52
122.52
122.52
122.52
122.65
122.77
122.65
122.65
122.65
122.77
122.65
122.77
122.89
122.77
122.77
122.77
122.89
122.77
122.65
122.65
122.65
122.77
122.65
122.77
122.65
122.77
122.65
122.52
122.4
122.52
122.64
122.52
122.4
122.4
122.28
122.15
109.94
109.83
109.72
109.83
109.72
109.61
109.5
109.39
109.5
109.5
109.5
109.61
109.5
109.39
109.39
109.28
109.28
109.28
109.28
109.39
109.39
109.28
109.17
109.06
109.06
108.95
109.06
109.06
108.95
109.06
108.95
109.06
109.17
109.17
109.06
109.06
109.06
108.95
109.06
108.95
108.84
108.74
108.63
108.63
108.52
108.63
108.63
108.52
108.41
108.41
108.52
108.41
108.41
108.52
108.41
108.41
108.41
108.41
108.41
108.52
108.63
108.63
108.63
108.73
108.63
108.52
108.41
108.3
108.41
108.41
108.3
108.41
108.3
108.41
108.3
108.41
108.3
108.19
108.3
108.41
108.41
108.52
108.41
108.41
108.41
108.52
97.665
97.567
97.469
97.567
97.567
97.469
97.469
97.372
97.469
97.469
97.372
97.469
97.567
97.664
97.567
97.567
97.567
97.469
97.371
97.371
97.274
97.371
97.469
97.371
97.371
97.274
97.177
97.079
97.079
97.177
97.079
97.079
96.982
96.982
97.079
97.079
97.079
97.079
96.982
97.079
97.079
97.079
97.176
97.079
96.982
96.982
96.982
97.079
97.176
97.176
97.273
97.371
97.468
97.565
97.663
97.565
97.565
97.565
97.565
97.565
97.663
97.663
97.76
97.76
97.858
97.76
97.858
97.956
98.054
97.956
97.858
97.76
97.76
97.858
97.76
97.76
97.858
97.76
97.858
97.858
97.956
98.053
97.955
98.053
98.151
98.053
98.053
98.053
98.053
98.151
98.151
98.053
98.151
98.053
97.955
97.857
97.857
97.759
97.661
97.564
97.564
97.661
97.759
97.759
97.661
97.661
97.661
97.759
97.759
97.759
97.661
97.759
97.759
97.857
97.857
97.954
97.954
98.052
97.954
97.954
98.052
97.954
97.856
97.758
97.758
97.661
97.758
97.758
97.661
97.661
97.563
97.563
97.563
97.66
97.66
97.66
97.563
97.465
97.563
97.563
97.563
97.465
97.368
97.368
97.27
97.173
97.173
97.173
97.076
97.173
97.076
97.173
97.076
97.173
97.27
97.367
97.367
97.367
97.465
97.562
97.464
97.367
97.464
97.464
97.367
97.27
97.27
97.27
97.367
97.464
97.464
97.367
97.269
97.269
97.172
97.269
97.367
97.367
97.464
97.561
97.659
97.757
97.757
97.659
97.561
97.464
97.561
97.561
97.659
97.561
97.463
97.463
97.463
97.366
97.269
97.171
97.171
97.268
97.171
97.171
97.074
97.074
97.074
96.977
96.977
96.977
96.977
96.977
96.977
97.074
96.977
97.074
97.171
97.171
97.074
97.171
97.074
97.074
96.977
96.88
96.976
97.073
97.171
97.073
97.073
97.073
96.976
96.879
96.782
96.782
96.686
96.686
96.686
96.589
96.492
96.396
96.396
96.299
96.299
96.396
96.299
96.396
96.492
96.396
96.492
96.492
96.492
96.492
96.395
96.492
96.492
96.395
96.492
96.588
96.588
96.588
96.492
96.492
96.395
96.492
96.492
96.492
96.395
96.299
96.299
96.202
96.299
96.202
96.202
96.299
96.202
96.298
96.395
96.491
96.491
96.588
96.684
96.781
96.684
96.684
96.684
96.684
96.781
96.684
96.781
96.684
96.781
96.877
96.974
96.877
96.974
96.877
96.877
96.78
96.684
96.587
96.683
96.78
96.877
96.78
96.877
96.974
96.877
96.974
97.071
97.168
97.265
97.265
97.362
97.459
97.459
97.362
97.459
97.362
97.459
97.362
97.264
97.167
97.264
97.167
97.07
97.167
97.07
97.167
97.07
97.167
97.167
97.264
97.361
97.459
97.459
97.361
97.361
97.264
97.264
97.361
97.264
97.264
97.361
97.361
97.361
97.361
97.264
97.166
97.069
96.972
97.069
97.166
97.069
97.069
97.166
97.069
96.972
96.875
96.778
96.778
96.778
96.681
96.681
96.681
96.681
96.584
96.488
96.488
96.584
96.584
96.681
96.778
96.681
96.681
96.681
96.777
96.874
96.777
96.777
96.874
96.971
96.874
96.874
96.777
96.68
96.68
96.584
96.584
96.584
96.584
96.487
96.487
96.391
96.487
96.391
96.391
96.487
96.583
96.68
96.777
96.777
96.777
96.873
96.873
96.873
96.873
96.777
96.873
96.873
96.777
96.68
96.583
96.486
96.486
96.583
96.486
96.39
96.486
96.39
96.39
96.39
96.486
96.39
96.486
96.486
96.583
96.679
96.582
96.679
96.582
96.486
96.582
96.582
96.679
96.582
96.679
96.775
96.775
96.872
96.872
96.969
97.066
97.163
97.26
97.26
97.358
97.455
97.552
97.552
97.552
97.455
97.552
97.65
97.65
97.747
97.65
97.65
97.552
97.455
97.357
97.357
97.26
97.357
97.454
97.357
97.26
97.162
97.065
97.162
97.162
97.259
97.259
97.259
97.162
97.162
97.065
96.968
97.065
97.162
97.162
97.259
97.162
97.259
97.259
97.356
97.454
97.454
97.356
97.453
97.453
97.356
97.356
97.356
97.453
97.356
97.356
97.453
97.453
97.453
97.453
97.356
97.356
97.258
97.258
97.258
97.258
97.258
97.356
97.453
97.551
97.551
97.551
97.551
97.453
97.55
97.648
97.648
97.648
97.55
97.648
97.55
97.453
97.453
97.55
97.55
97.453
97.453
97.355
97.258
97.258
97.258
97.355
97.258
97.258
97.355
97.258
97.258
97.258
97.355
97.355
97.257
97.257
97.257
97.257
97.16
97.16
97.257
97.257
97.355
97.355
97.355
97.257
97.355
97.355
97.452
97.549
97.452
97.549
97.549
97.452
97.354
97.452
97.452
97.354
97.354
97.257
97.257
97.257
97.16
97.062
97.159
97.159
97.159
97.159
97.062
97.062
97.159
97.159
97.159
97.062
97.062
97.159
97.159
97.062
97.159
97.256
97.159
97.159
97.256
97.256
97.159
97.159
97.159
97.159
97.062
97.062
97.062
97.159
97.062
97.159
97.159
97.256
97.256
97.256
97.256
97.256
97.256
97.159
97.159
97.062
97.062
97.159
97.159
97.256
97.158
97.158
97.061
97.061
96.964
97.061
96.964
97.061
97.158
97.255
97.353
97.353
97.45
97.353
97.45
97.45
97.547
97.547
97.547
97.645
97.743
97.645
97.645
97.645
97.645
97.645
97.547
97.45
97.45
97.45
97.352
97.352
97.255
97.255
97.352
97.449
97.449
97.547
97.644
97.742
97.742
97.84
97.742
97.84
97.937
98.035
98.133
98.232
98.133
98.232
98.33
98.33
98.231
98.33
98.231
98.133
98.231
98.231
98.231
98.133
98.133
98.035
97.937
98.035
98.133
98.133
98.133
98.231
98.329
98.329
98.329
98.427
98.427
98.329
98.231
98.132
98.231
98.231
98.329
98.231
98.329
98.23
98.23
98.23
98.329
98.23
98.23
98.23
98.23
98.132
98.23
98.23
98.132
98.132
98.23
98.132
98.23
98.23
98.132
98.23
98.328
98.23
98.23
98.328
98.23
98.132
98.132
98.132
98.23
98.23
98.328
98.23
98.23
98.131
98.131
98.131
98.033
98.033
98.033
98.131
98.229
98.229
98.229
98.328
98.426
98.327
98.426
98.327
98.426
98.327
98.327
98.426
98.327
98.229
98.327
98.229
98.229
98.131
98.131
88.317
88.229
88.141
88.141
88.141
88.141
88.053
88.141
88.229
88.229
88.317
88.406
88.317
88.317
88.405
88.494
88.405
88.405
88.317
88.229
88.317
88.317
88.317
88.229
88.229
88.317
88.317
88.228
88.228
88.14
88.052
87.964
87.964
88.052
87.964
88.052
88.052
88.052
88.052
88.052
87.964
87.876
87.964
88.052
88.14
88.052
88.14
88.14
88.228
88.228
88.228
88.228
88.228
88.228
88.228
88.228
88.228
88.14
88.14
88.14
88.228
88.14
88.14
88.14
88.228
88.316
88.228
88.228
88.316
88.404
88.404
88.493
88.581
88.581
88.492
88.581
88.67
88.581
88.492
88.492
88.581
88.581
88.492
88.492
88.404
88.404
88.492
88.404
88.315
88.315
88.227
88.139
88.227
88.227
88.315
88.315
88.227
88.315
88.227
88.227
88.315
88.315
88.315
88.315
88.403
88.403
88.315
88.226
88.138
88.138
88.138
88.05
88.05
88.138
88.05
88.05
88.138
88.226
88.138
88.138
88.05
87.962
87.874
87.874
87.874
87.874
87.874
87.786
87.874
87.874
87.962
88.05
87.961
87.961
87.874
87.874
87.786
87.786
87.873
87.961
88.049
88.049
88.049
87.961
87.961
88.049
87.961
87.873
87.785
87.698
87.785
87.873
87.785
87.873
87.961
88.049
88.049
88.049
88.137
88.049
88.049
87.961
88.049
87.961
88.048
88.048
87.96
88.048
88.136
88.225
88.313
88.224
88.224
88.136
88.048
88.136
88.136
88.224
88.136
88.048
88.048
88.136
88.136
88.048
87.96
87.872
87.96
87.872
87.784
87.696
87.608
87.608
87.696
87.784
87.784
87.784
87.696
87.696
87.608
87.521
87.433
87.521
87.521
87.608
87.696
87.608
87.696
87.608
87.52
87.433
87.52
87.52
87.52
87.433
87.433
87.52
87.433
87.52
87.52
87.52
87.608
87.608
87.695
87.783
87.783
87.695
87.607
87.52
87.52
87.432
87.432
87.345
87.432
87.432
87.345
87.345
87.345
87.257
87.345
87.345
87.345
87.345
87.345
87.432
87.345
87.345
87.432
87.432
87.432
87.432
87.519
87.519
87.607
87.607
87.519
87.607
87.519
87.432
87.432
87.344
87.432
87.519
87.431
87.344
87.431
87.431
87.519
87.431
87.431
87.519
87.431
87.431
87.519
87.606
87.606
87.519
87.431
87.518
87.518
87.606
87.606
87.518
87.606
87.693
87.693
87.693
87.693
87.781
87.781
87.869
87.869
87.957
87.957
87.957
88.045
88.133
88.221
88.221
88.309
88.221
88.309
88.221
88.133
88.044
87.956
87.868
87.868
87.868
87.956
87.868
87.956
87.956
87.868
87.956
88.044
88.132
88.044
87.956
87.868
87.868
87.956
88.044
88.132
88.044
87.956
87.868
87.956
87.956
87.956
88.044
88.044
88.132
88.132
88.132
88.132
88.043
88.043
88.043
88.131
88.043
88.131
88.131
88.043
88.131
88.219
88.308
88.308
88.396
88.308
88.219
88.219
88.307
88.396
88.307
88.307
88.219
88.131
88.043
87.955
87.955
88.043
88.043
87.955
87.955
88.043
87.955
87.867
87.954
88.042
88.042
88.042
88.042
88.13
88.219
88.13
88.042
88.042
88.13
88.218
88.307
88.218
88.13
88.218
88.306
88.306
88.306
88.395
88.395
88.395
88.483
88.483
88.572
88.483
88.395
88.483
88.571
88.483
88.394
88.483
88.394
88.394
88.306
88.218
88.218
88.129
88.041
87.953
87.865
87.777
87.69
87.602
87.602
87.602
87.69
96.458
106.1
106.1
106
106
106.1
106.1
106.21
106.1
106.1
106.21
106.21
106.32
106.21
106.1
106.1
106.1
106.1
106.1
106.1
106.1
106
106
106
106
106
106.1
106
106.1
106
105.89
105.79
105.68
105.57
105.47
105.47
105.36
105.47
105.36
115.9
116.02
116.02
116.02
116.02
116.02
116.13
116.13
116.02
115.9
116.02
116.13
116.13
116.13
116.01
116.01
116.13
116.25
116.13
116.25
116.36
116.48
116.6
116.71
116.83
116.95
116.95
116.95
116.95
116.95
116.95
117.06
116.95
116.95
117.06
117.18
117.3
117.18
117.06
117.18
117.06
117.06
117.06
117.06
117.18
117.3
117.18
117.06
117.06
117.06
116.95
117.06
116.95
116.83
116.83
116.83
116.83
116.83
116.83
116.83
116.83
116.83
116.83
116.71
116.83
116.83
116.95
117.06
117.18
117.3
117.41
117.53
117.41
117.53
117.53
117.41
117.41
117.41
117.41
117.3
117.41
117.53
117.53
117.41
117.41
117.3
117.3
117.18
117.3
117.3
117.18
117.3
117.3
117.41
117.53
117.53
117.53
117.41
117.41
117.53
117.41
117.3
117.41
117.29
117.29
117.41
117.41
117.41
117.53
117.53
117.65
117.53
117.53
117.65
117.53
117.53
117.53
117.65
117.65
117.65
117.76
117.76
117.88
117.76
117.76
117.65
117.53
117.53
117.65
117.53
117.53
117.53
117.41
117.53
117.53
117.65
117.53
117.53
117.41
117.29
117.29
117.41
117.29
117.18
117.18
117.06
117.18
117.06
117.06
117.18
117.29
117.41
117.53
117.41
117.29
117.18
117.06
117.18
117.29
117.18
117.29
117.41
117.29
117.29
117.41
117.29
117.29
117.18
117.06
116.94
116.94
117.06
117.17
117.06
116.94
117.06
117.06
117.17
117.06
117.06
117.06
116.94
116.94
116.94
117.06
117.06
117.17
117.29
117.41
117.53
117.64
117.53
117.53
117.53
117.41
117.41
117.53
117.53
117.41
117.53
117.53
117.41
117.53
117.53
117.64
117.76
117.76
117.88
117.76
117.76
117.88
117.76
117.88
118
117.88
117.76
117.64
117.53
117.64
117.53
117.64
117.52
117.64
117.52
117.52
117.52
117.52
117.64
117.52
117.41
117.52
117.64
117.64
105.88
105.77
105.77
105.77
105.77
105.67
105.77
105.88
105.88
105.88
105.77
105.67
105.77
105.67
105.67
105.77
105.67
105.67
105.67
105.67
105.67
105.56
105.45
105.56
105.67
105.67
105.56
105.67
105.67
105.56
105.67
105.67
105.67
105.67
105.77
105.77
105.88
105.88
105.77
105.67
105.77
105.67
105.56
105.66
105.56
105.56
105.66
105.77
105.66
105.66
105.56
105.45
105.45
105.56
105.45
105.35
105.35
105.35
105.45
105.35
105.24
105.35
105.45
105.45
105.56
105.45
105.56
105.56
105.56
105.66
105.66
105.56
105.56
105.45
105.56
105.66
105.56
105.56
105.45
105.45
105.56
105.45
105.56
105.56
105.66
105.77
105.66
105.77
105.66
105.77
105.87
105.77
105.87
105.98
105.98
106.09
106.19
106.3
106.3
106.19
106.3
106.4
106.4
106.51
106.51
106.51
106.62
106.51
106.62
106.62
106.62
106.62
106.62
106.51
106.4
106.51
106.51
106.62
106.62
106.72
106.83
106.94
106.94
106.83
106.94
107.04
107.15
107.04
107.15
107.15
107.04
106.94
106.83
106.72
106.72
106.83
106.83
106.94
106.83
106.94
106.83
106.83
106.94
107.04
107.04
107.15
107.26
107.15
107.04
107.04
106.94
106.94
106.83
106.83
106.83
106.94
106.94
106.83
106.94
106.94
106.83
106.94
106.83
106.83
106.83
106.72
106.72
106.83
106.72
106.62
106.62
106.72
106.83
106.83
106.94
107.04
107.04
107.15
107.15
107.26
107.15
107.26
107.26
107.26
107.15
107.15
107.26
107.26
107.36
107.26
107.26
107.15
107.26
107.26
107.15
107.15
107.04
107.04
106.94
106.94
107.04
107.04
107.15
107.15
107.04
107.04
106.93
106.93
107.04
106.93
106.93
107.04
107.04
107.15
107.04
106.93
106.83
106.83
106.83
106.93
107.04
107.04
107.15
107.15
107.26
107.15
107.26
107.15
107.15
107.04
107.15
107.04
106.93
107.04
107.15
107.25
107.15
107.25
107.15
107.04
106.93
106.93
107.04
107.15
107.04
107.15
107.15
107.25
107.15
107.25
107.25
107.25
107.36
107.25
107.36
107.36
107.36
107.36
107.47
107.58
107.58
107.68
107.68
107.58
107.68
107.79
107.9
107.79
107.79
107.68
107.58
107.58
107.47
107.36
107.36
107.25
107.36
107.25
107.15
107.15
107.04
107.04
107.04
107.15
107.04
107.04
107.15
107.25
107.25
107.25
107.25
107.15
107.25
107.36
107.36
107.25
107.15
107.25
107.36
107.25
107.36
107.25
107.15
107.04
106.93
106.82
106.72
106.82
106.82
106.72
106.61
117.27
117.27
117.27
117.15
117.04
117.15
117.04
116.92
117.04
117.04
117.15
117.27
117.27
117.15
117.04
117.15
117.15
117.27
117.15
117.27
117.27
117.15
117.15
117.27
117.39
117.39
117.51
117.39
117.39
117.39
117.39
117.27
117.27
117.15
117.04
116.92
117.04
116.92
116.92
117.04
117.15
117.04
117.04
116.92
116.92
116.92
117.04
116.92
117.04
117.15
117.27
117.27
117.27
117.39
117.39
117.5
117.62
117.74
117.74
117.74
117.62
117.62
117.74
117.62
117.5
117.5
117.5
117.39
117.5
117.39
117.27
117.15
117.15
117.27
117.15
117.27
117.39
117.39
117.5
117.39
117.5
117.39
117.5
117.5
117.62
117.5
117.5
117.62
117.5
117.39
117.27
117.39
117.27
117.15
117.15
117.15
117.03
116.92
116.92
116.92
117.03
116.92
117.03
117.15
117.03
117.15
117.15
117.27
117.15
117.03
117.03
117.15
117.27
117.15
117.27
117.38
117.38
117.27
117.27
117.38
117.38
117.5
117.62
117.62
117.74
117.85
117.97
118.09
118.09
118.09
118.09
117.97
117.97
118.09
118.09
118.21
118.21
118.21
118.21
118.21
118.21
118.33
118.33
118.44
118.56
118.44
118.33
118.44
118.33
118.33
118.21
118.09
118.21
118.09
118.21
118.21
118.09
118.21
118.33
118.33
118.21
118.21
118.21
118.33
118.21
118.33
118.21
118.09
118.09
118.09
117.97
117.85
117.97
118.09
117.97
117.85
117.73
117.85
117.85
117.85
117.97
117.97
118.09
118.09
118.09
118.21
118.21
118.32
118.32
118.21
118.09
118.21
118.32
118.21
118.32
118.44
118.32
118.21
118.21
118.32
118.44
118.56
118.68
118.8
118.8
118.68
118.56
118.68
118.8
118.68
118.68
118.68
118.68
118.56
118.44
118.44
118.56
118.44
118.44
118.56
118.56
118.68
118.56
118.68
118.8
118.92
118.8
118.8
118.68
118.8
118.68
118.8
118.8
118.8
118.92
118.92
118.8
118.68
118.56
118.44
118.56
118.68
118.68
118.68
118.8
118.91
118.91
119.03
119.15
119.15
119.15
119.15
119.27
119.15
119.15
119.27
119.15
119.15
119.27
119.39
119.51
119.51
119.63
119.75
119.75
119.87
119.75
119.87
119.87
119.99
119.87
119.87
119.75
119.87
119.87
119.99
119.99
120.11
120.11
120.23
120.23
120.35
120.35
120.35
120.47
120.59
120.71
120.83
120.83
120.95
120.95
121.07
120.95
120.83
120.71
120.71
120.83
120.71
120.59
120.59
120.59
120.71
120.83
120.71
120.83
120.83
120.71
120.83
120.83
120.95
120.95
120.95
120.83
120.83
120.83
120.95
120.83
120.83
120.71
120.83
120.83
120.95
120.95
120.83
120.95
120.95
120.83
120.71
120.71
120.83
120.95
121.07
121.07
121.07
121.19
121.19
121.07
120.95
121.07
120.95
120.83
120.71
120.83
120.83
120.71
120.71
120.71
120.59
120.59
120.47
120.35
120.35
120.23
120.23
120.23
120.23
120.11
120.11
120.23
120.35
120.35
120.23
120.35
120.23
120.23
120.11
120.11
120.11
119.99
119.87
119.87
119.87
119.75
119.75
119.87
119.75
119.87
119.87
119.75
119.87
119.98
120.1
120.23
120.23
120.23
120.35
120.47
120.35
120.22
120.22
120.35
120.47
120.47
120.47
120.34
120.47
120.47
120.34
120.34
120.47
120.59
120.59
120.47
120.47
120.47
120.47
120.59
120.71
120.83
120.71
120.59
120.46
120.46
120.34
120.46
120.46
120.59
120.59
120.59
120.71
120.71
120.83
120.71
120.58
120.71
120.58
120.46
120.34
120.46
120.46
120.34
120.34
120.34
120.46
120.58
120.7
120.7
120.7
120.7
120.83
120.95
120.83
120.83
120.83
120.83
120.83
120.95
120.95
121.07
121.07
121.19
121.07
120.95
120.95
121.07
121.19
121.19
121.19
121.31
121.19
121.19
121.31
121.31
121.43
121.43
121.31
121.19
121.31
121.43
121.55
121.43
121.55
121.55
121.55
121.67
121.55
121.67
121.55
121.43
121.31
121.31
121.19
121.07
121.19
121.31
121.19
121.19
121.31
121.19
121.07
120.94
120.82
120.7
120.7
120.58
120.46
120.46
120.46
120.46
120.46
120.34
120.22
120.22
120.1
120.1
120.1
120.22
120.22
120.1
119.98
119.98
119.98
120.1
120.22
120.1
119.98
119.86
119.86
119.86
119.74
119.86
119.86
119.74
119.74
119.74
119.74
119.86
119.86
119.74
119.74
119.74
119.86
119.98
120.1
119.98
119.86
119.86
119.74
119.86
119.86
119.86
119.98
120.1
119.98
119.98
119.86
119.98
119.86
119.98
119.86
119.74
119.86
119.74
119.62
119.5
119.5
119.62
119.62
119.5
119.62
119.5
119.62
119.5
119.62
119.62
119.5
119.62
119.5
119.5
119.38
119.5
119.62
119.5
119.5
119.5
119.38
119.5
119.5
119.38
119.26
119.14
119.14
119.26
119.14
119.02
118.9
119.02
119.02
119.14
119.14
119.02
119.14
119.14
119.26
119.14
119.14
119.26
119.38
119.5
119.62
119.62
119.5
119.5
119.5
119.62
119.5
119.38
119.26
119.14
119.14
119.26
119.26
119.26
119.38
119.26
119.26
119.26
119.14
119.02
118.9
118.78
118.9
118.9
119.02
119.14
119.02
119.14
119.02
119.14
119.14
119.14
119.02
119.14
119.14
119.26
119.38
119.38
119.26
119.14
119.26
119.14
119.02
118.9
119.02
119.14
119.14
119.02
119.14
119.14
119.02
119.14
119.02
119.14
119.14
119.14
119.14
119.02
118.9
118.78
118.9
118.78
118.9
119.02
119.02
119.14
119.02
118.9
118.78
118.66
118.66
118.54
118.66
118.78
118.78
118.78
118.66
118.66
118.78
118.66
118.78
118.9
118.9
119.02
118.9
119.02
118.9
119.02
118.9
118.78
118.78
118.66
118.78
118.66
118.66
118.66
118.78
118.9
107.01
107.11
107.01
107.11
107.01
107.01
107.01
106.9
106.79
106.79
106.69
106.69
106.69
106.69
106.69
106.79
106.69
106.58
106.47
106.47
106.37
106.26
106.37
106.26
106.15
106.26
106.37
106.47
106.37
106.26
106.15
106.26
106.37
106.47
106.58
106.69
106.79
106.69
106.79
106.79
106.9
106.79
106.69
106.69
106.69
106.69
106.69
106.79
106.79
106.69
106.58
106.68
106.58
106.68
106.79
106.9
106.9
107.01
107.01
106.9
106.79
106.79
106.9
106.9
106.79
106.79
106.9
106.79
106.9
106.79
106.9
106.79
106.9
106.9
107
106.9
106.9
106.79
106.9
106.79
106.68
96.015
95.919
96.015
96.111
96.111
96.207
96.111
96.015
96.015
96.015
96.015
95.919
96.015
96.111
96.207
96.207
96.207
96.303
96.303
96.303
96.207
96.111
96.111
96.015
95.919
96.015
96.111
96.111
96.207
96.207
96.303
96.303
96.303
96.207
96.207
96.207
96.303
96.303
96.303
96.207
96.11
96.014
96.014
95.918
95.918
96.014
95.918
96.014
96.11
96.014
96.11
96.11
96.014
95.918
95.918
95.822
95.726
95.822
95.822
95.822
95.726
95.726
95.63
95.726
95.63
95.535
95.63
95.726
95.821
95.917
95.821
95.821
95.917
96.013
96.013
95.917
95.821
95.917
95.821
95.725
95.63
95.725
95.821
95.917
95.821
95.917
95.821
95.917
95.821
95.821
95.821
95.821
95.821
95.916
95.821
95.916
95.82
95.82
86.238
86.238
86.238
86.325
86.238
86.152
86.066
