100.1
100
100.1
100.1
100
100
99.9
99.8
99.9
99.9
99.9
99.8
99.8
99.9
100
100.1
100.2
100.1
100.2
100.2
100.2
100.2
100.2
100.3
100.4
100.4
100.4
100.4
100.3
100.4
100.3
100.4
100.3
100.2
100.1
100.1
100.1
99.098
100.09
100.09
100.09
99.989
109.99
109.99
109.99
109.99
111.09
109.98
109.98
109.98
109.98
98.979
98.88
98.979
98.88
98.781
98.88
98.979
98.979
97.989
98.969
98.969
98.969
99.068
108.97
108.97
108.97
108.87
108.87
108.87
108.76
108.65
108.76
108.87
108.97
108.87
108.97
108.87
108.76
108.76
108.65
108.76
108.76
108.86
108.76
108.65
108.54
108.54
109.62
108.53
108.53
108.53
108.53
97.675
97.577
97.577
97.48
97.382
97.48
97.48
97.48
97.382
97.285
97.188
97.188
97.188
97.09
97.187
97.187
97.285
97.187
97.09
97.187
97.09
97.09
97.09
97.09
97.187
97.284
97.382
97.479
97.479
97.382
97.479
97.381
97.284
97.187
97.09
97.09
97.09
97.09
97.09
96.992
96.895
96.992
96.895
96.992
96.992
96.992
96.895
96.992
96.895
96.798
96.895
96.895
96.895
96.895
96.895
96.992
96.895
96.798
96.895
96.895
96.992
97.089
96.992
96.895
96.992
96.895
96.895
96.895
96.992
96.895
96.991
97.088
96.991
97.088
96.991
96.894
96.894
96.894
96.894
96.797
96.894
96.797
96.894
96.894
96.797
96.7
96.7
96.7
96.604
96.604
96.7
96.604
96.7
96.7
96.7
96.7
96.7
96.7
96.797
96.797
96.7
96.797
96.7
96.797
96.7
96.603
96.603
96.603
96.7
96.796
96.796
96.796
96.893
96.893
96.99
97.087
97.184
97.281
97.281
97.184
97.184
97.281
97.379
97.476
97.379
97.476
97.378
97.378
97.281
97.281
97.281
97.281
97.281
97.184
97.087
97.087
97.184
97.086
97.184
97.086
97.183
97.086
97.086
97.086
98.057
97.077
97.077
97.077
96.979
87.282
87.282
87.194
87.281
87.281
87.281
87.369
87.281
87.369
87.369
87.456
87.456
87.543
87.456
87.543
87.631
87.631
87.719
87.806
87.718
87.718
87.718
87.718
87.631
87.631
87.718
87.631
87.718
87.718
87.806
87.894
87.806
87.718
87.718
87.63
87.63
87.63
87.543
87.543
87.63
87.543
87.543
87.543
87.455
87.368
87.28
87.368
87.455
87.455
87.455
87.368
87.368
87.455
87.542
87.63
87.63
87.718
87.718
88.595
87.709
87.709
87.709
87.709
78.938
79.017
79.017
79.017
78.938
78.859
78.938
79.017
79.017
78.226
79.009
79.009
79.009
78.93
86.823
86.91
86.996
87.083
87.083
86.996
87.083
86.996
86.996
87.083
87.083
87.083
86.996
86.909
86.822
86.735
86.735
86.822
86.735
86.735
86.822
86.822
85.954
86.813
86.813
86.813
86.9
95.59
95.686
95.782
95.782
95.877
95.781
95.877
95.877
95.973
95.973
96.069
96.069
96.165
96.069
95.973
95.973
95.973
95.877
95.973
95.973
95.877
95.973
95.973
96.932
95.963
95.963
95.963
95.963
86.367
87.23
87.23
87.23
87.143
95.858
95.953
95.953
95.857
95.953
95.953
95.857
95.762
95.762
95.666
95.761
95.761
95.666
95.666
95.666
95.57
95.666
95.761
95.761
95.761
95.761
95.665
95.665
95.761
95.761
95.857
95.761
95.857
95.857
95.761
95.761
95.857
95.761
95.665
95.761
95.665
95.569
95.474
95.378
95.378
95.378
95.378
94.424
95.369
95.369
95.369
104.91
115.4
115.51
115.4
115.4
115.51
115.4
115.28
115.17
115.05
115.05
113.9
115.04
115.04
115.04
114.92
126.42
126.54
126.54
126.67
126.8
126.8
126.92
127.05
126.92
126.92
127.05
127.05
127.05
127.18
127.05
127.05
125.78
127.04
127.04
127.04
126.91
139.6
139.6
139.46
139.32
139.46
139.32
139.18
139.32
139.32
139.46
139.46
139.46
139.32
139.46
139.6
139.46
139.6
139.46
139.46
139.32
139.46
139.46
139.32
139.18
139.32
139.18
139.04
139.04
138.9
139.04
139.18
139.32
139.18
139.32
139.18
139.18
139.32
139.46
139.32
139.18
139.04
138.9
138.76
138.9
138.76
138.62
138.76
138.9
138.76
138.9
138.76
138.62
138.76
138.76
138.76
138.62
138.62
138.62
138.76
138.62
138.76
138.76
138.9
138.9
139.04
138.9
138.9
139.04
138.9
139.04
139.04
139.04
139.18
139.32
139.32
139.18
139.32
139.18
139.18
139.18
139.32
139.18
139.04
138.9
139.04
139.04
139.04
138.9
139.04
139.18
139.18
139.04
139.18
139.18
139.04
139.04
139.04
139.18
139.32
139.46
139.46
139.32
139.46
139.32
139.46
139.46
139.46
139.32
139.32
139.46
139.59
139.73
139.73
139.59
139.73
139.59
139.45
139.32
139.45
139.45
139.59
139.59
139.73
139.73
139.59
139.45
139.31
139.31
139.31
139.45
139.45
139.45
139.59
139.73
139.73
139.73
139.87
139.87
140.01
140.15
140.29
140.29
140.29
140.15
140.29
140.15
140.15
140.29
140.43
140.29
140.15
140.29
140.43
140.29
140.15
140.29
140.43
140.57
140.43
140.29
140.43
140.57
140.57
140.71
140.71
140.71
140.85
140.99
141.14
140.99
141.14
141.14
140.99
140.99
141.14
141.28
141.14
140.99
140.85
140.85
140.99
141.14
141.28
141.13
141.28
141.42
141.56
141.56
141.7
141.7
141.7
140.28
141.69
141.69
141.69
141.54
155.7
155.85
155.85
156.01
156.01
156.17
156.17
156.17
156.32
156.32
156.48
156.48
156.64
156.64
156.64
156.64
156.48
156.32
156.32
156.48
156.48
156.32
156.17
156.01
156.17
156.32
156.32
156.17
156.17
156.17
156.17
156.32
156.17
156.32
156.32
156.32
156.32
154.76
156.31
156.31
156.31
156.15
171.76
171.59
171.76
171.94
172.11
172.11
171.94
171.94
171.76
171.76
171.59
171.42
171.25
171.08
171.08
171.25
171.08
170.91
170.74
170.91
170.91
171.08
170.91
170.91
170.91
170.91
171.08
171.08
171.08
171.08
171.25
171.08
170.91
170.91
170.91
171.08
171.08
171.08
171.25
171.08
170.91
171.08
171.25
171.25
171.08
170.91
171.08
170.91
170.73
170.56
170.56
170.73
170.9
170.9
170.9
170.73
170.56
170.39
170.39
170.39
170.39
170.56
170.56
170.39
170.56
170.73
170.56
170.56
170.39
170.22
170.22
170.05
170.05
170.05
169.88
169.88
169.71
169.88
169.71
169.71
169.54
169.37
169.2
169.37
169.54
169.37
169.2
169.2
169.37
169.37
169.54
169.54
169.54
169.71
169.54
169.37
169.37
169.54
169.71
169.88
169.88
169.71
169.54
169.37
169.54
169.37
169.37
169.2
169.2
169.37
169.54
169.37
169.37
169.2
169.2
169.03
169.03
168.86
168.69
168.86
168.86
168.69
168.86
168.86
167.17
168.85
168.85
168.85
168.68
185.54
185.73
185.54
185.73
185.54
185.54
185.54
185.54
183.69
185.53
185.53
185.53
185.71
204.28
204.28
204.08
204.08
204.08
204.08
204.28
204.08
204.28
204.28
204.08
204.28
204.28
204.28
204.49
204.49
204.69
204.89
205.1
204.89
204.69
204.69
204.89
205.1
204.89
205.1
205.3
205.51
205.71
205.92
205.71
205.92
206.13
206.13
206.13
205.92
206.13
206.13
206.33
206.13
206.13
206.13
206.13
206.13
205.92
205.71
205.51
205.71
205.92
205.71
205.51
205.51
205.51
205.71
205.51
205.51
205.71
205.92
205.71
205.92
205.71
205.92
205.92
205.92
206.12
205.92
205.71
205.71
205.71
205.51
205.3
205.51
205.71
205.51
205.51
205.3
205.1
204.89
204.69
204.69
204.48
204.28
204.07
204.07
204.28
204.28
204.28
204.48
204.28
204.28
204.07
203.87
204.07
204.28
204.48
204.68
204.48
204.28
204.07
204.27
204.27
204.27
204.07
204.07
204.27
204.07
204.27
204.07
204.07
204.27
204.48
204.48
204.68
204.89
205.09
205.3
205.3
205.09
205.3
205.3
205.5
205.5
205.71
205.71
205.71
205.71
205.71
205.71
205.5
205.5
205.3
205.09
204.89
204.89
204.68
204.89
205.09
205.09
205.09
205.09
205.09
205.09
205.3
205.5
205.5
205.71
205.91
205.91
206.12
206.32
206.12
206.12
206.12
205.91
205.71
205.71
205.71
205.91
205.91
205.91
205.71
205.91
206.12
206.12
206.12
205.91
205.91
205.91
205.91
205.91
205.91
205.71
205.91
205.91
206.12
206.32
206.12
206.12
205.91
206.12
206.12
206.32
206.53
206.32
206.12
206.12
205.91
205.91
205.91
205.91
206.12
206.12
205.91
206.12
206.32
206.12
206.32
206.32
206.53
206.74
206.94
207.15
207.36
207.56
207.36
207.36
207.15
207.36
207.56
207.36
207.36
207.56
207.77
207.77
205.69
207.75
207.75
207.75
207.75
228.52
228.3
228.07
228.07
228.07
228.07
228.07
227.84
228.07
228.3
228.52
228.3
228.3
228.52
228.52
228.75
228.52
228.52
228.75
228.75
228.98
228.98
229.21
228.98
229.21
229.44
229.67
229.9
230.13
229.9
229.9
229.9
229.9
229.67
229.9
229.9
230.13
230.36
230.36
230.13
229.9
230.13
229.9
229.67
229.67
229.44
229.44
229.67
229.67
229.44
229.21
229.44
229.44
229.44
229.21
228.98
228.75
228.75
228.98
228.75
228.75
231.04
228.73
228.73
228.73
228.73
205.85
205.65
205.65
205.44
205.44
205.24
205.03
205.03
205.24
205.03
205.03
205.03
204.83
205.03
205.24
205.03
205.03
204.83
205.03
205.03
205.03
205.03
204.83
204.83
204.83
204.62
204.62
204.42
204.62
204.62
204.62
204.42
204.21
204.01
204.21
204.01
204.21
204.41
204.21
204.21
204.41
204.41
204.62
204.41
204.62
204.41
204.41
204.62
204.62
204.62
204.62
204.62
204.41
204.21
204.41
204.21
204.21
204.21
204.01
204.01
204.21
204
203.8
203.6
203.39
203.39
203.6
203.6
203.39
203.19
202.99
202.78
202.78
202.78
204.81
202.76
202.76
202.76
202.97
182.67
182.49
182.67
182.49
182.3
182.3
182.3
182.12
182.3
182.3
182.3
182.3
182.3
182.49
182.3
182.49
182.49
182.3
182.49
182.67
182.49
182.49
182.3
182.49
182.49
182.49
182.49
182.3
182.12
182.12
181.94
181.94
181.76
181.94
182.12
182.3
182.12
182.12
181.94
181.76
181.57
181.57
181.76
181.76
181.57
181.76
181.57
181.76
181.76
181.76
181.76
181.57
181.57
181.39
181.21
181.39
181.57
181.76
181.76
181.76
179.94
181.74
181.74
181.74
181.74
199.91
200.11
200.31
200.31
200.11
200.31
200.11
200.11
200.31
200.51
200.31
200.51
200.71
200.71
200.51
200.51
200.31
200.51
200.31
200.11
199.91
200.11
200.31
200.31
200.51
200.31
200.51
200.31
200.11
200.11
200.31
200.51
200.51
200.51
200.31
200.31
200.11
200.31
200.31
200.31
200.31
200.51
200.31
200.31
200.31
200.31
200.51
200.71
200.71
200.71
200.91
201.11
201.31
201.31
201.11
201.31
201.51
201.31
201.11
200.91
200.91
201.11
201.11
201.11
201.11
201.31
201.51
201.71
201.92
202.12
202.32
202.32
202.32
202.12
201.91
201.91
201.71
201.91
201.71
201.71
201.51
201.71
201.51
201.71
201.51
201.51
199.5
201.49
201.49
201.49
201.69
221.86
222.08
222.31
222.53
222.53
222.3
222.08
221.86
221.86
221.86
221.86
222.08
222.3
222.53
222.3
222.3
222.3
222.08
222.3
222.08
221.86
221.86
222.08
221.86
221.86
221.86
222.08
222.3
222.3
222.3
222.53
222.53
222.3
222.3
220.08
222.28
222.28
222.28
222.06
244.26
244.26
244.02
244.26
244.02
244.02
241.58
244
244
244
243.75
268.13
268.39
268.39
268.39
268.13
268.39
268.66
268.39
268.13
268.39
268.66
268.66
268.39
268.66
268.39
268.39
268.13
268.39
268.39
268.12
268.39
268.12
267.86
267.59
267.32
267.59
267.32
267.59
267.86
267.59
267.86
267.59
267.59
267.32
267.05
267.32
267.05
267.05
266.79
266.52
266.25
266.25
265.99
265.72
265.45
265.19
264.92
264.66
264.92
264.66
264.39
264.39
264.39
264.66
264.39
264.13
264.13
263.86
263.86
264.13
263.86
263.86
263.6
263.34
263.6
263.86
263.6
263.86
263.6
263.86
263.6
263.34
263.34
263.6
263.6
263.34
263.07
263.34
263.6
263.86
263.6
263.6
263.33
263.07
263.07
262.81
262.81
260.18
262.78
262.78
262.78
262.52
288.77
288.77
288.48
288.77
288.77
288.48
288.77
288.77
289.06
289.35
289.35
289.35
289.06
288.77
288.77
288.48
288.48
288.19
287.9
287.9
287.9
285.03
287.88
287.88
287.88
287.59
316.35
316.03
316.35
316.66
316.98
317.3
317.61
317.3
317.61
317.61
317.93
317.61
317.3
317.61
317.61
317.61
317.3
316.98
316.98
316.66
316.34
316.66
316.34
316.34
316.66
316.34
316.03
316.03
316.34
316.34
313.18
316.31
316.31
316.31
316.31
347.94
347.94
347.94
347.94
348.29
348.64
348.99
348.99
348.99
349.34
348.99
348.64
348.29
347.94
347.59
347.59
347.94
347.59
347.94
347.94
348.29
348.29
348.29
344.81
348.25
348.25
348.25
348.25
383.08
383.08
383.08
383.08
383.08
382.7
382.7
382.7
382.31
381.93
382.31
381.93
382.31
382.31
381.93
381.93
381.55
381.55
381.17
381.55
381.93
381.55
381.17
381.17
381.17
381.17
381.55
381.93
381.55
381.93
381.55
381.93
382.31
382.69
382.69
383.08
382.69
382.31
381.93
381.93
381.55
381.16
381.54
381.93
381.93
382.31
382.31
382.31
382.69
382.31
382.69
383.07
382.69
383.07
383.46
383.46
383.46
383.07
383.07
383.46
383.07
382.69
382.31
381.92
382.31
382.69
383.07
383.45
383.45
379.62
383.42
383.42
383.42
383.03
421.34
421.76
421.76
425.97
421.71
421.71
421.71
421.29
379.16
378.78
378.78
378.41
378.78
378.78
379.16
379.54
379.92
380.3
380.68
380.3
380.68
380.68
380.68
380.68
380.3
380.68
380.68
380.68
380.3
380.3
380.68
380.3
380.68
380.68
381.06
381.44
381.06
381.44
381.44
381.44
381.44
381.06
381.44
381.44
381.06
380.68
381.06
381.06
381.44
381.82
381.44
381.82
382.2
382.2
381.82
381.82
381.44
381.44
381.44
381.44
381.44
381.06
381.44
381.82
382.2
382.2
381.82
381.82
382.2
382.2
381.82
381.82
382.2
382.58
382.97
382.58
382.2
382.58
382.58
382.97
382.97
383.35
383.35
382.96
382.96
383.35
383.35
383.35
383.35
379.51
383.31
383.31
383.31
383.31
421.64
422.06
422.06
422.48
422.06
422.06
422.06
421.64
421.64
422.06
422.06
422.06
422.06
421.64
421.64
421.22
421.22
421.22
421.64
422.06
422.06
422.06
422.48
422.48
422.06
422.48
422.9
423.33
422.9
422.48
422.48
422.48
422.9
422.48
422.48
422.06
421.64
422.06
422.48
422.06
421.64
421.21
421.21
421.21
421.63
421.63
421.63
425.85
421.59
421.59
425.81
421.55
421.55
421.55
421.55
379.4
379.4
379.02
378.64
378.26
378.26
378.26
377.88
377.88
377.88
377.5
377.88
378.26
377.88
377.88
377.88
377.88
377.5
377.88
377.88
378.26
378.64
378.64
378.64
379.01
379.39
379.39
379.39
379.01
379.01
378.63
379.01
379.39
379.77
380.15
380.15
380.15
380.53
380.15
380.15
380.53
380.15
380.53
380.15
379.77
379.39
379.39
379.39
379.39
379.77
379.77
379.77
379.77
379.77
379.39
379.01
379.39
379.01
379.39
379.39
379.01
379.39
379.01
379.39
379.77
380.15
379.77
380.15
380.53
380.53
380.15
380.53
380.53
380.91
380.91
381.29
381.29
381.67
381.29
380.91
381.29
381.29
381.29
381.29
380.91
381.29
381.29
380.91
380.91
381.29
381.67
381.67
381.67
382.05
381.67
381.67
382.05
381.67
381.29
381.67
381.29
380.9
380.9
380.9
380.9
380.52
380.14
380.14
380.14
379.76
380.14
380.14
379.76
379.38
379.76
379.76
380.14
379.76
379.38
379.38
379.76
379.38
379.76
380.14
380.52
380.9
380.52
380.14
380.14
380.14
380.52
380.52
380.14
380.52
380.14
380.14
379.76
379.38
379.76
380.14
380.52
380.52
380.9
380.52
380.14
380.52
380.52
380.52
380.14
380.14
380.52
380.9
380.9
384.71
380.86
380.86
380.86
381.24
343.12
343.46
343.8
343.8
343.8
343.46
343.12
343.12
342.77
342.43
342.43
342.09
341.75
341.75
345.16
341.71
341.71
341.71
341.71
307.54
307.85
307.85
307.54
307.85
307.85
308.15
308.46
308.77
308.77
309.08
308.77
309.08
309.08
308.77
309.08
308.77
309.08
308.77
309.08
309.39
309.08
309.39
309.7
309.39
309.39
309.39
309.39
309.39
309.39
309.7
309.39
309.7
310.01
310.32
310.32
310.32
310.63
310.63
310.32
310.32
310.01
310.01
310.01
306.91
309.97
309.97
309.97
309.66
340.63
340.63
340.63
340.63
340.97
340.97
340.97
340.63
340.97
340.97
340.97
341.31
341.31
341.31
340.97
340.97
340.97
341.31
341.65
342
342
342.34
342.34
342.68
342.34
342.34
342.34
342.34
342.68
342.34
342.34
341.99
341.65
341.31
340.97
341.31
341.31
341.31
341.31
340.97
340.97
340.97
341.31
341.65
341.65
341.31
341.31
341.65
341.99
341.99
341.65
341.31
340.97
340.97
340.63
340.97
341.31
341.65
341.65
341.99
341.65
341.65
341.31
341.31
341.31
341.31
340.97
340.97
340.97
340.97
341.31
341.31
341.65
341.31
340.97
340.62
340.62
340.28
340.28
343.69
340.25
340.25
340.25
339.91
305.92
305.61
305.92
305.61
305.31
305.61
305.31
305.31
305.61
305.61
302.56
305.58
305.58
305.58
305.28
335.8
335.8
335.47
335.47
335.13
334.8
334.8
335.13
335.13
334.8
334.46
334.8
335.13
335.47
335.8
335.8
335.8
335.8
336.14
335.8
335.47
335.47
335.47
335.47
335.13
335.46
335.46
335.13
335.13
335.46
335.13
334.79
334.46
334.12
333.79
334.12
333.79
333.46
333.12
333.46
333.12
333.12
333.46
333.46
333.79
333.79
333.79
333.46
333.79
333.79
333.79
333.79
334.12
333.79
333.45
333.12
333.45
333.12
333.45
333.12
332.79
332.79
332.79
332.45
332.79
332.79
332.79
332.45
332.79
332.79
332.79
332.45
332.12
331.79
331.46
331.13
330.8
330.46
330.79
330.79
330.79
330.46
330.13
330.46
330.46
330.13
330.46
330.13
330.13
329.8
329.8
329.47
329.14
328.81
328.49
328.16
327.83
327.83
327.83
327.5
327.83
328.16
328.16
328.48
328.16
328.16
331.44
328.12
328.12
328.12
327.8
295.02
295.02
294.72
294.43
294.43
294.13
294.13
293.84
293.84
294.13
294.43
294.13
293.84
294.13
294.13
293.84
293.54
293.25
292.96
292.66
292.66
292.96
293.25
293.25
293.54
293.54
293.54
293.25
293.54
293.83
293.54
293.25
292.95
292.95
293.25
293.54
293.25
292.95
292.95
292.66
292.95
293.25
293.25
293.25
293.25
293.54
293.25
293.54
293.25
293.54
293.54
293.25
292.95
292.95
292.95
292.95
292.66
292.95
292.95
292.95
293.24
293.54
293.54
293.83
293.83
293.83
294.13
294.42
294.13
293.83
293.83
294.12
294.42
294.71
294.42
294.12
294.42
294.71
295.01
294.71
294.71
294.71
294.71
291.77
294.68
294.68
294.68
294.68
324.15
323.83
323.83
323.5
323.18
323.18
323.5
323.83
323.5
323.83
323.5
323.83
324.15
324.15
323.83
323.83
324.15
324.47
324.15
324.47
324.15
324.15
327.39
324.12
324.12
324.12
324.12
291.7
262.53
262.8
262.53
262.53
259.91
262.51
262.51
262.51
262.25
288.47
288.18
288.18
285.3
288.15
288.15
288.15
287.86
316.65
316.33
316.65
316.33
316.02
315.7
315.39
315.07
315.39
315.39
315.39
315.07
314.76
315.07
314.75
315.07
314.75
315.07
315.38
315.07
315.07
315.07
315.38
315.07
315.38
315.38
315.07
315.38
315.38
312.23
315.35
315.35
315.35
315.04
346.54
346.89
347.23
347.23
347.23
347.58
347.23
347.58
347.93
347.58
347.23
347.58
347.58
347.58
347.58
351.06
347.54
347.54
347.54
347.54
312.79
313.1
313.1
313.42
313.42
313.1
313.42
313.42
313.73
313.42
313.73
313.73
313.42
313.1
312.79
312.48
312.48
312.79
313.1
313.1
312.79
312.79
312.48
312.16
311.85
311.85
311.85
312.16
311.85
312.16
312.47
312.47
312.79
312.79
312.79
312.47
312.16
312.47
312.16
312.16
311.85
311.54
311.23
310.91
310.6
310.29
310.29
310.6
310.91
311.22
311.22
310.91
310.91
311.22
310.91
311.22
311.22
314.34
311.19
311.19
311.19
311.19
280.07
280.35
280.07
280.35
280.63
280.91
281.2
281.48
281.76
282.04
282.32
282.32
282.32
282.6
282.89
283.17
282.89
283.17
283.45
283.17
282.89
282.89
282.6
282.32
282.04
282.32
282.6
282.32
282.32
282.32
282.04
282.32
282.6
282.32
282.32
282.32
282.6
282.88
282.6
282.88
282.88
282.88
282.6
282.32
282.6
282.6
282.6
282.88
282.88
283.17
283.45
283.73
283.45
283.17
283.45
283.17
283.17
283.45
283.73
284.02
284.3
284.02
284.02
283.73
283.45
283.16
282.88
282.88
282.88
283.16
283.16
283.16
283.45
283.73
283.73
283.73
280.89
283.7
283.7
283.7
283.7
312.07
311.76
311.45
311.76
312.07
312.07
308.95
312.04
312.04
312.04
312.04
343.24
343.59
343.93
344.28
344.62
344.28
344.28
344.28
344.28
344.28
343.93
343.59
343.24
343.24
342.9
342.9
342.56
342.21
341.87
342.21
341.87
341.87
342.21
342.21
342.21
341.87
341.87
341.87
341.53
341.19
341.53
341.19
341.19
341.53
341.53
341.87
341.87
341.87
342.21
341.87
342.21
341.87
342.21
342.21
342.55
342.55
342.55
342.21
342.21
342.55
342.9
342.55
342.9
342.9
342.9
342.55
342.9
343.24
343.58
343.58
343.24
343.58
343.93
343.93
344.27
344.61
344.96
345.3
344.96
344.61
344.61
344.96
345.3
344.96
344.61
344.61
344.61
344.96
345.3
345.65
345.65
345.65
345.3
345.65
345.65
345.65
345.3
344.96
344.96
344.61
344.96
344.96
345.3
345.65
345.99
346.34
346.68
347.03
347.38
347.38
347.38
347.38
350.85
347.34
347.34
347.34
382.08
343.87
343.87
344.21
343.87
344.21
343.87
343.87
343.52
343.18
342.84
342.49
342.49
342.15
341.81
341.81
341.47
341.47
341.81
341.81
341.47
341.81
341.47
341.81
341.81
341.81
341.81
341.47
341.47
341.13
341.47
341.81
341.47
341.13
341.47
341.81
342.15
341.81
341.47
341.81
341.47
341.47
341.81
341.47
341.47
341.12
341.46
341.81
342.15
342.49
342.15
341.81
341.46
341.12
340.78
340.44
340.1
340.44
340.78
341.12
341.12
341.12
341.46
341.46
341.8
341.8
341.46
341.46
341.12
341.46
341.8
342.14
341.8
341.46
341.46
341.46
341.12
341.12
341.46
341.46
341.8
341.46
341.46
341.46
341.46
341.8
341.8
341.8
342.14
342.14
342.14
342.14
338.72
342.11
342.11
342.11
341.77
375.94
375.94
375.94
375.94
375.94
375.57
375.94
375.57
375.94
375.57
375.94
375.94
375.57
375.19
375.19
375.19
375.19
375.19
375.19
371.44
375.15
375.15
375.15
374.78
412.26
412.26
412.67
412.26
412.26
412.26
411.84
411.84
411.43
411.84
412.26
412.26
412.26
411.84
412.25
411.84
411.84
411.43
411.02
410.61
411.02
410.61
410.61
410.61
410.61
410.61
410.61
410.2
410.61
410.61
410.2
409.79
410.2
409.79
410.2
409.79
409.79
410.2
410.2
409.79
409.38
409.79
409.79
410.19
409.78
409.78
410.19
410.6
410.6
410.19
410.6
410.19
410.19
409.78
409.78
409.78
410.19
410.6
410.19
410.19
410.19
409.78
409.78
409.78
409.37
409.78
409.78
409.78
409.37
409.37
409.37
409.78
409.78
409.37
409.37
409.37
408.96
408.55
408.55
408.15
407.74
407.33
407.33
406.92
406.92
402.85
406.88
406.88
402.81
402.81
406.84
402.77
402.77
402.77
403.17
362.86
363.22
363.58
363.22
363.22
363.22
363.58
363.58
363.58
363.58
363.58
359.95
363.55
363.55
363.55
363.18
399.5
399.9
399.9
399.9
399.9
399.5
399.9
400.3
400.7
401.1
401.5
401.5
401.5
401.5
401.5
401.5
401.1
400.7
400.3
399.9
399.9
399.5
399.1
399.5
399.5
399.1
398.7
398.7
399.1
398.7
398.7
398.3
398.3
402.28
398.26
398.26
398.26
398.66
358.79
358.43
358.43
358.08
358.43
358.08
357.72
358.08
358.08
358.43
358.08
358.43
358.07
357.72
357.72
358.07
358.43
358.07
358.07
358.43
358.07
357.72
357.36
357.36
357.72
358.07
358.43
358.07
357.71
357.36
357
356.64
357
356.64
357
357
357
356.64
356.29
356.64
356.64
357
356.64
356.28
356.64
356.64
356.28
355.93
355.57
355.93
356.28
355.93
356.28
356.64
356.28
356.64
356.64
357
356.64
357
357.35
357.71
358.07
358.43
358.07
358.43
358.07
358.42
358.42
358.78
358.42
358.42
358.07
357.71
357.35
357.71
357.35
357.35
357.35
357.35
356.99
356.64
356.99
357.35
357.35
357.71
358.06
358.42
358.78
358.78
358.78
362.37
358.74
358.74
358.74
359.1
323.19
322.87
322.55
322.22
322.22
322.55
322.87
322.87
322.87
322.87
322.55
322.55
322.22
322.55
322.55
322.22
322.55
322.22
322.22
321.9
321.9
321.9
325.12
321.87
321.87
321.87
321.55
289.39
289.39
289.39
289.68
289.68
289.68
286.78
289.65
289.65
289.65
289.36
318.3
317.98
317.66
317.98
317.98
317.66
317.35
317.35
317.03
317.03
317.34
317.34
317.03
317.03
316.71
316.71
316.39
316.71
316.71
316.71
317.03
317.03
317.34
317.03
316.71
316.39
316.08
315.76
315.44
315.44
315.44
315.76
316.08
316.08
315.76
315.44
315.44
315.13
315.44
315.13
315.13
311.98
315.1
315.1
315.1
314.78
346.26
346.61
346.26
346.26
346.26
346.61
346.26
345.91
346.26
346.26
345.91
345.91
345.91
345.91
345.91
345.91
349.37
345.88
345.88
345.88
345.88
311.29
311.29
311.29
311.29
311.6
311.6
311.91
312.22
312.54
312.54
312.54
312.54
312.22
311.91
311.6
311.91
311.91
311.91
312.22
312.22
312.22
312.54
312.54
312.22
311.91
311.91
311.6
311.91
311.6
311.29
311.29
311.29
311.29
311.6
311.91
311.6
311.6
311.6
311.6
311.6
314.71
311.57
311.57
311.57
311.26
280.13
279.85
280.13
279.85
280.13
280.13
280.41
280.13
280.41
280.41
280.41
280.41
283.21
280.38
280.38
280.38
280.66
252.6
252.34
252.34
252.6
252.6
252.34
252.34
249.82
252.32
252.32
252.32
252.07
277.27
276.99
276.72
276.72
276.44
276.16
276.16
275.89
275.61
275.89
275.61
275.34
275.34
275.61
275.34
275.61
275.89
275.89
275.61
275.34
275.06
275.34
275.61
275.89
276.16
276.44
276.16
276.16
275.89
275.61
275.33
275.06
275.06
275.33
275.06
274.78
274.78
275.06
274.78
274.78
274.51
274.78
274.51
274.78
274.51
274.51
274.51
274.23
273.96
273.69
273.96
274.23
274.51
274.78
274.78
274.78
274.78
275.06
274.78
274.51
274.51
274.51
274.51
274.51
274.23
274.23
273.96
273.68
273.68
273.68
273.68
273.96
273.68
273.41
273.68
273.96
273.96
273.96
274.23
273.96
273.96
274.23
273.96
273.68
273.68
273.41
273.68
273.68
273.41
273.14
273.41
273.68
273.96
273.96
274.23
273.96
273.68
273.68
273.68
273.95
273.68
273.68
273.95
273.68
273.41
273.13
273.41
273.68
273.68
273.41
273.41
276.14
273.38
273.38
273.38
273.11
245.8
246.04
246.04
246.04
246.04
246.29
246.29
246.29
246.04
245.79
245.79
245.79
246.04
246.29
246.29
246.29
246.53
246.53
246.29
246.04
246.04
245.79
245.79
246.04
245.79
245.55
245.55
245.79
245.79
245.55
245.3
245.3
245.55
245.3
245.55
245.55
245.79
246.04
246.04
246.28
246.04
246.04
246.28
246.53
246.28
246.28
246.53
246.28
246.28
246.04
246.28
246.53
246.28
246.04
246.04
245.79
245.79
243.33
245.77
245.77
245.77
245.77
270.34
270.34
270.07
270.34
270.07
270.07
269.8
270.07
269.8
270.07
269.8
269.53
269.53
269.8
269.53
269.53
269.53
269.8
269.53
269.26
268.99
268.72
268.45
268.45
268.19
268.45
268.72
268.99
269.26
269.53
269.26
269.26
268.99
268.72
268.72
268.99
268.72
268.72
268.45
268.18
267.92
268.18
268.18
268.45
268.72
268.45
268.18
267.92
267.65
267.65
267.38
267.38
267.38
267.38
267.11
267.38
267.38
267.65
267.65
267.65
267.65
267.38
267.65
267.38
267.65
267.65
267.91
267.65
267.91
267.91
268.18
268.18
268.45
268.45
268.18
267.91
267.91
268.18
268.18
268.18
267.91
268.18
268.45
268.18
268.18
267.91
267.91
268.18
268.18
268.45
268.45
268.72
268.99
268.99
269.26
268.99
269.25
268.99
269.25
268.99
269.25
269.52
269.25
269.25
269.52
269.52
269.52
269.25
268.98
269.25
268.98
269.25
269.52
269.79
269.52
269.52
269.52
269.25
269.52
269.25
269.52
269.79
269.79
269.79
269.52
269.79
270.06
269.79
269.79
272.49
269.76
269.76
269.76
269.76
242.79
242.54
242.3
242.06
242.3
242.3
242.54
242.79
242.79
243.03
242.79
243.03
242.79
242.79
243.03
242.79
243.03
242.79
242.79
242.79
242.54
242.54
242.79
242.79
243.03
242.79
242.54
242.78
243.03
242.78
243.03
243.03
243.03
243.27
243.51
243.51
243.27
243.03
243.27
243.51
243.27
243.27
243.03
242.78
242.78
242.54
242.3
242.06
242.06
242.06
239.64
242.03
242.03
242.03
242.03
266.23
266.23
265.97
265.7
265.97
266.23
266.23
266.5
266.77
267.03
266.77
266.77
266.5
266.5
266.77
266.77
266.5
266.5
266.77
266.5
266.77
266.77
267.03
266.77
266.5
266.77
266.77
267.03
267.03
266.77
267.03
267.03
267.03
267.3
267.57
267.57
264.89
267.54
267.54
267.54
267.81
294.59
294.59
294.88
295.18
295.18
294.88
294.59
294.88
295.18
295.18
294.88
294.88
294.88
294.88
294.88
294.88
295.18
294.88
295.18
295.18
295.18
295.18
295.47
295.18
294.88
294.88
294.88
294.59
294.29
294.29
294.29
294.59
294.29
294.29
294
293.7
294
294
293.7
293.7
293.41
293.41
293.7
293.7
293.7
293.7
293.41
293.11
293.41
293.11
292.82
292.53
292.53
292.24
292.53
292.24
291.94
292.24
291.94
292.24
292.24
292.53
292.82
292.82
295.75
292.79
292.79
292.79
293.08
263.77
263.51
263.25
263.25
263.25
263.25
263.25
263.25
263.25
263.51
263.51
263.25
262.98
262.98
263.25
263.25
263.25
263.25
263.51
263.51
263.77
264.04
263.77
263.51
263.51
263.25
262.98
262.72
262.46
262.46
262.72
262.98
262.72
262.98
262.72
262.72
262.98
263.25
263.51
263.51
263.77
264.04
264.04
264.04
263.77
263.77
264.04
263.77
264.04
264.3
264.56
264.3
264.3
264.56
264.83
264.56
264.3
264.03
264.03
264.03
263.77
263.51
263.77
263.77
263.77
264.03
263.77
263.77
263.77
263.77
264.03
264.03
264.3
264.03
263.77
263.51
263.77
264.03
264.03
264.3
264.03
264.03
264.3
264.56
264.56
264.3
264.3
264.3
264.56
264.3
264.03
264.03
263.77
263.5
263.5
263.77
264.03
264.29
264.03
263.77
263.5
263.5
263.77
263.5
263.24
262.98
262.98
262.71
262.71
262.98
262.71
262.98
262.71
262.71
262.71
262.97
262.97
262.71
262.71
262.97
262.97
262.97
263.24
263.5
263.5
263.5
263.24
262.97
263.24
262.97
263.24
263.24
263.24
263.24
263.24
263.24
263.5
263.5
263.76
264.03
263.76
264.03
263.76
264.03
263.76
263.76
263.76
263.76
263.76
264.03
264.29
264.29
264.29
261.65
264.26
264.26
264.26
264.53
290.98
290.69
290.4
290.4
290.69
290.98
290.98
290.98
290.98
291.27
290.98
290.69
290.98
291.27
290.98
290.98
290.69
290.69
290.4
290.11
289.82
290.11
289.82
289.82
289.82
289.82
290.11
290.4
290.4
290.4
290.11
290.4
290.69
290.98
290.69
290.69
290.69
290.4
290.4
290.11
289.82
289.53
289.82
290.11
290.4
290.69
290.69
290.69
290.4
290.1
289.81
289.81
289.52
289.81
289.81
290.1
289.81
289.52
289.81
289.52
289.52
289.81
290.1
290.39
290.1
289.81
290.1
290.39
290.39
290.68
290.39
290.68
290.97
290.68
290.68
290.97
291.26
291.56
291.56
291.56
291.26
290.97
291.26
290.97
290.97
290.68
290.97
291.26
291.26
291.26
291.55
291.55
291.26
290.97
291.26
291.26
291.26
290.97
290.97
290.97
290.68
290.39
290.68
290.97
290.97
290.97
290.97
291.26
291.55
291.55
291.26
291.26
291.55
291.26
291.26
291.26
288.35
291.23
291.23
291.23
291.52
320.68
320.36
320.03
320.35
320.35
317.15
320.32
320.32
320.32
320.64
352.71
352.71
352.35
352.35
352.35
352
352
351.65
352
352
352.35
352.35
352.35
352
352
351.65
351.3
351.3
351.65
351.65
351.65
351.65
351.65
352
351.65
352
352.35
352
352.35
352
351.65
351.3
351.65
352
352.35
352.7
352.35
352.35
352.35
352.35
352
352
352
352
352.35
352.7
352.35
352.35
352
351.65
351.29
350.94
350.59
350.94
351.29
351.64
351.64
351.64
351.64
351.29
351.29
354.81
351.26
351.26
351.26
350.91
315.82
316.13
316.13
315.82
316.13
316.45
316.13
316.45
316.13
316.13
316.13
319.29
316.1
316.1
316.1
316.42
284.77
285.06
285.34
285.06
284.77
284.49
284.77
284.49
284.77
284.49
284.49
284.2
284.2
283.92
283.92
283.64
283.64
280.8
283.61
283.61
283.61
283.61
311.97
311.97
312.28
312.59
312.9
312.59
312.9
313.22
312.9
312.59
312.9
312.9
312.59
312.59
312.28
311.97
311.65
311.97
311.65
311.65
311.97
312.28
312.28
312.28
312.59
312.28
311.96
311.96
311.65
311.65
311.96
311.96
311.96
311.96
311.96
311.65
311.34
311.34
311.03
311.03
310.72
311.03
311.03
311.34
311.65
311.65
311.65
314.77
311.62
311.62
311.62
311.93
280.74
281.02
281.02
281.02
281.02
281.3
281.3
281.58
281.3
281.3
281.58
281.3
281.58
281.58
281.58
281.86
282.14
281.86
282.14
282.43
282.43
282.43
282.14
281.86
282.14
282.14
282.14
282.14
281.86
281.58
281.86
282.14
282.43
282.71
282.99
282.71
282.42
282.14
282.42
282.42
282.42
282.42
282.42
282.42
282.14
281.86
281.86
281.86
284.68
281.83
281.83
281.83
281.83
253.65
253.9
253.9
253.9
253.9
253.9
253.9
254.16
253.9
253.9
253.9
253.9
254.16
254.41
254.16
254.16
254.16
253.9
253.9
253.65
253.65
253.39
253.14
252.89
252.63
252.38
252.38
252.63
252.38
252.63
252.63
250.11
252.61
252.61
255.13
252.58
252.58
252.58
252.58
227.32
227.55
227.78
227.55
227.55
227.55
227.55
227.78
227.55
227.55
227.55
227.78
227.55
227.55
227.55
227.32
227.1
227.1
227.32
227.32
227.55
227.32
227.1
227.1
229.37
227.07
227.07
227.07
226.85
204.16
202.12
204.14
204.14
204.14
204.14
224.56
247.01
247.01
246.76
246.52
246.27
246.27
246.02
246.27
246.27
246.27
246.52
246.76
247.01
247.01
247.01
247.01
247.26
247.01
247.26
247.5
247.26
247.5
247.5
247.26
247.01
247.01
247.01
247.01
249.48
246.98
246.98
246.98
246.74
222.06
222.06
222.06
222.06
221.84
221.84
221.84
222.06
221.84
221.62
221.4
221.18
220.96
220.96
221.18
221.4
221.62
221.62
223.84
221.6
221.6
221.6
221.38
199.24
199.04
199.04
199.04
199.24
199.24
199.44
199.24
199.24
199.24
199.04
199.04
199.04
199.24
199.24
199.24
199.24
199.04
199.24
199.04
198.84
198.64
198.44
198.24
198.04
198.24
198.44
198.24
198.04
198.24
198.24
198.04
198.04
198.04
198.04
198.24
198.04
197.85
197.85
197.85
197.85
197.65
197.45
197.65
197.65
197.65
197.65
197.85
197.85
197.85
197.65
197.65
197.84
198.04
198.04
198.04
197.84
197.65
197.45
197.45
197.45
197.45
197.45
197.65
197.45
197.45
197.65
197.84
197.65
197.84
197.65
197.45
197.65
197.65
197.65
197.45
197.25
197.25
197.05
197.25
197.45
197.45
199.42
197.43
197.43
197.43
197.63
177.86
177.86
177.86
177.69
177.69
177.51
177.51
177.68
177.68
177.51
177.51
177.33
177.51
177.33
177.33
177.33
177.51
177.51
177.68
177.86
177.68
177.86
177.68
177.51
177.33
177.15
176.97
177.15
177.15
177.15
177.33
177.51
177.51
177.33
177.15
176.97
177.15
177.15
177.15
177.33
177.51
177.51
177.33
177.15
176.97
177.15
176.97
176.97
176.8
176.97
176.8
176.8
175.03
176.78
176.78
176.78
176.78
194.46
194.46
194.65
194.46
194.65
194.46
194.46
194.46
194.46
194.26
194.46
194.26
194.26
194.26
194.07
194.26
194.26
194.07
194.26
194.46
194.46
194.46
194.65
194.84
195.04
195.04
195.23
195.23
195.23
195.23
193.28
195.21
195.21
195.21
195.02
214.52
214.31
214.52
214.52
214.74
214.95
214.95
215.17
215.38
215.6
215.6
215.81
215.81
216.03
215.81
215.6
215.38
215.16
215.38
215.59
215.81
215.59
215.81
215.81
217.97
215.79
215.79
215.79
216
194.4
194.6
194.4
194.4
196.35
194.38
194.38
194.38
194.38
174.95
175.12
175.3
175.47
175.3
175.47
175.65
175.65
173.89
175.63
175.63
175.63
175.8
193.39
193.39
193.39
193.39
193.58
193.38
193.38
193.58
193.77
193.97
193.97
193.97
193.97
194.16
193.97
193.77
193.97
193.77
193.97
193.77
193.96
194.16
193.96
193.96
193.77
193.96
194.16
193.96
193.96
194.16
193.96
193.96
193.96
194.16
193.96
193.77
193.58
193.77
193.58
193.38
193.58
193.58
193.77
193.58
193.77
193.77
193.96
193.96
194.16
194.35
194.16
193.96
193.77
193.77
193.57
193.38
193.38
193.19
193.19
193.38
193.38
193.19
193.38
193.19
192.99
192.8
192.61
192.8
192.99
193.19
192.99
192.8
192.8
192.8
192.99
192.99
192.99
192.8
192.8
192.61
192.61
192.61
192.8
192.99
193.19
193.38
193.57
193.38
193.57
193.38
193.19
192.99
192.99
192.99
194.92
192.97
192.97
192.97
193.17
173.85
173.68
173.85
174.02
173.85
173.85
173.85
173.68
173.85
174.02
174.02
174.02
174.02
174.2
174.02
173.85
173.67
173.5
173.33
173.33
173.5
173.33
173.15
173.33
173.15
173.15
173.33
173.5
173.5
173.67
173.85
173.67
173.85
174.02
173.85
174.02
174.2
174.2
174.37
174.19
174.19
174.19
174.37
174.19
174.37
174.54
174.72
174.89
174.89
174.72
174.54
174.54
174.37
174.19
174.19
174.37
174.19
174.19
174.37
174.54
174.72
174.89
174.72
174.72
174.72
174.89
175.07
175.07
174.89
174.89
174.89
174.72
174.54
174.37
174.54
174.54
174.54
174.37
174.54
174.72
174.89
175.07
175.24
175.24
176.99
175.22
175.22
175.22
175.22
157.7
157.54
157.39
157.23
157.23
155.66
157.21
157.21
157.21
157.06
172.76
172.93
173.11
173.11
173.28
173.11
173.28
173.28
173.28
173.11
172.93
173.11
172.93
172.93
172.93
172.76
172.76
172.76
172.93
172.76
172.93
172.93
172.93
173.11
172.93
172.76
172.76
172.76
172.76
172.76
172.93
173.11
173.28
173.28
173.45
173.28
173.45
173.45
173.28
173.45
173.45
173.45
173.45
173.28
173.1
173.1
173.1
174.84
173.09
173.09
173.09
173.26
155.93
155.93
155.93
155.78
155.62
155.62
155.62
155.78
155.62
155.62
155.47
155.31
155.47
155.47
155.62
155.47
155.31
155.16
155.16
155.31
155.31
155.16
155.16
155
155.16
155
154.85
154.85
154.85
155
154.84
155
155.15
155.15
155.15
155.15
155
155.15
155.31
155.15
155.15
155.31
155.15
155.15
155.31
155.46
155.46
155.46
155.46
155.62
155.78
155.78
155.62
155.62
155.62
155.78
155.93
155.93
154.37
155.92
155.92
155.92
156.07
171.68
171.51
171.68
171.85
172.02
172.19
172.02
172.19
172.02
172.19
172.37
172.37
172.54
172.54
172.37
172.37
172.37
172.54
172.37
172.54
172.54
172.54
172.71
172.71
172.88
172.88
172.71
172.71
172.88
172.88
172.88
172.88
173.06
173.23
173.23
173.06
172.88
172.71
172.71
172.71
172.71
172.54
172.54
172.71
172.54
172.71
172.88
172.88
172.71
172.71
172.88
172.71
172.71
172.88
172.88
172.71
172.71
174.44
172.69
172.69
172.69
172.86
155.58
155.58
155.73
155.73
154.18
155.72
155.72
155.72
155.72
171.29
171.12
170.95
171.12
171.12
171.12
171.12
171.12
171.12
170.95
171.12
171.12
171.29
171.12
171.29
171.12
171.29
171.29
171.46
171.29
171.12
171.12
171.12
171.12
171.12
171.29
171.46
171.29
171.46
171.29
171.29
171.29
171.29
171.12
171.12
171.29
171.29
171.46
171.63
171.8
171.97
172.15
172.32
172.49
172.49
172.66
172.49
172.32
172.15
171.97
172.15
172.32
172.15
172.32
172.15
172.15
173.87
172.13
172.13
172.13
172.3
155.07
154.92
154.92
155.07
155.23
155.07
154.91
154.91
154.91
155.07
155.22
155.07
155.22
155.38
155.54
155.38
155.54
155.38
155.38
155.53
155.69
155.85
155.85
155.85
156
156
157.56
155.99
155.99
155.99
155.99
140.39
140.39
140.39
140.53
140.39
140.25
140.39
140.39
140.53
140.39
140.25
140.25
140.39
140.25
140.25
140.11
140.11
141.51
140.09
140.09
140.09
140.09
126.08
125.96
126.08
126.08
126.08
126.08
126.08
126.21
126.08
126.21
126.08
126.21
126.08
126.08
126.21
126.34
126.21
126.08
125.96
125.96
125.83
125.96
125.83
125.96
125.83
125.83
125.83
125.7
125.83
125.83
125.7
125.83
125.96
125.96
125.83
125.83
125.7
125.58
125.7
125.83
125.7
125.58
125.7
125.83
125.96
125.83
125.96
126.08
126.08
126.08
126.08
126.21
126.33
126.21
126.21
126.08
126.21
126.21
126.33
126.33
126.33
126.33
126.46
126.59
126.46
126.59
126.71
126.71
126.71
126.59
126.71
126.71
126.59
126.71
126.71
126.59
126.71
126.71
126.71
126.71
125.44
126.7
126.7
126.7
126.83
139.51
139.65
139.79
139.93
139.93
139.79
139.93
139.79
139.79
139.79
139.65
139.51
139.51
139.37
139.37
139.23
139.09
138.95
138.81
138.95
138.81
138.81
140.2
138.8
138.8
138.8
138.66
124.79
124.79
124.79
124.92
125.04
125.04
124.92
124.92
124.92
124.79
124.79
124.67
124.79
124.92
124.92
125.04
125.04
123.79
125.03
125.03
125.03
124.9
137.4
137.4
137.4
137.4
137.26
137.4
137.4
137.4
137.4
137.26
137.4
137.4
137.26
137.4
137.53
137.53
137.53
137.39
137.39
137.39
136.02
137.38
137.38
137.38
137.38
151.12
151.27
151.12
150.97
150.82
150.67
150.67
150.67
150.67
150.67
150.67
150.52
150.37
150.37
150.37
150.21
150.06
150.06
150.06
149.91
150.06
150.21
150.06
150.21
150.21
150.36
150.21
150.36
150.51
150.67
150.82
150.67
150.82
150.82
150.97
150.82
150.66
150.51
150.51
150.51
150.66
150.82
150.97
150.97
151.12
151.27
151.42
151.57
151.72
151.72
151.57
151.72
151.72
151.72
151.87
152.03
151.87
152.03
151.87
151.72
151.87
152.03
152.03
152.18
152.18
152.03
152.18
152.18
152.03
152.18
152.18
152.33
152.48
152.48
152.48
152.63
152.48
152.63
152.63
152.63
152.48
152.48
152.63
152.48
152.33
152.18
152.02
152.02
152.02
152.02
152.18
152.02
152.18
152.02
151.87
151.72
151.72
151.72
151.72
151.57
151.57
151.72
151.57
151.42
151.27
151.42
151.42
151.42
151.26
151.26
151.11
150.96
150.96
150.81
150.81
150.66
150.66
150.81
150.81
150.66
150.51
150.36
150.36
150.51
150.66
150.66
150.51
150.51
150.66
150.51
150.51
150.66
150.81
150.81
150.96
151.11
151.26
151.11
151.11
151.26
151.41
151.41
151.41
151.57
151.57
151.41
151.41
151.41
151.57
151.41
151.41
151.57
151.57
151.41
151.57
151.57
151.72
151.87
152.02
152.02
151.87
151.87
151.87
151.87
152.02
152.02
152.02
151.87
151.72
151.87
151.87
151.87
151.87
152.02
151.87
151.72
151.87
151.72
151.56
151.41
151.41
151.26
151.41
151.41
151.41
151.56
151.72
151.87
152.02
151.87
151.87
151.72
151.56
151.41
151.41
151.26
151.41
151.26
151.11
151.11
150.96
151.11
151.26
151.41
151.56
151.56
151.71
151.56
151.56
151.71
151.87
152.02
152.02
151.87
151.71
151.71
151.56
151.71
151.71
151.87
151.71
151.71
151.87
151.87
151.87
152.02
151.87
152.02
151.87
152.02
152.17
152.17
152.02
152.17
152.32
152.32
152.47
152.47
152.32
152.32
152.32
152.47
152.63
152.78
152.63
152.47
152.32
152.17
152.17
152.02
151.86
151.71
151.86
152.02
152.17
152.32
152.32
152.47
152.47
152.32
152.47
152.47
152.32
152.32
152.47
152.62
152.78
152.62
152.78
152.78
152.78
152.78
152.93
153.08
153.24
153.24
154.77
153.22
153.22
153.22
153.07
137.76
137.9
138.04
137.9
137.9
137.76
137.9
137.76
137.62
137.76
137.76
137.9
138.04
138.17
138.31
138.45
138.59
138.45
138.31
138.45
138.59
138.59
138.45
138.59
138.45
138.59
138.45
138.59
138.59
138.59
138.59
138.45
138.45
138.59
138.73
138.73
138.73
138.87
138.73
138.86
138.73
138.73
138.73
138.86
138.73
138.59
138.59
138.45
138.45
138.59
138.45
138.45
138.31
138.45
138.59
138.59
138.73
138.73
138.86
138.73
138.59
138.59
138.59
138.59
138.59
138.45
138.31
138.17
138.03
137.89
137.89
137.76
137.89
137.76
137.89
138.03
138.03
137.89
138.03
138.17
138.17
138.03
137.89
137.89
139.27
137.88
137.88
137.88
138.02
124.22
124.22
124.34
124.22
124.09
124.09
124.22
124.22
124.22
124.22
124.09
123.97
123.84
123.72
123.84
123.84
123.97
123.97
125.21
123.96
123.96
123.96
123.96
111.56
111.67
111.67
111.67
111.78
111.78
111.67
111.56
111.45
111.45
111.34
111.34
111.23
111.23
111.23
110.11
111.21
111.21
111.21
111.21
122.34
122.21
122.21
122.21
122.09
122.09
122.09
121.97
121.85
121.85
121.97
121.97
122.09
122.09
122.09
122.09
123.31
122.08
122.08
122.08
122.08
109.87
109.98
110.09
109.98
109.98
110.09
110.2
110.31
110.31
110.31
110.42
110.53
110.53
110.42
110.31
110.31
110.31
110.31
110.42
110.42
111.52
110.41
110.41
110.41
110.41
99.369
99.269
99.369
99.269
99.369
99.369
99.269
99.269
99.269
99.17
99.071
99.071
99.17
99.269
99.269
99.17
99.269
99.368
99.468
99.567
99.667
99.766
99.766
99.866
99.966
99.866
99.766
99.866
99.966
99.966
99.966
99.966
99.866
99.866
99.966
99.866
99.965
99.965
100.07
100.17
100.17
100.17
100.27
100.27
100.37
100.27
100.17
100.17
100.07
100.07
99.965
99.865
99.865
99.965
99.965
100.06
100.06
100.06
99.965
99.865
99.865
99.865
99.965
99.865
99.865
99.965
99.865
99.865
99.765
99.765
99.765
99.665
99.765
99.765
99.864
99.765
99.864
99.765
99.864
99.964
100.06
100.16
100.26
100.16
100.06
100.06
100.06
100.16
100.26
100.26
100.16
100.26
100.16
100.26
100.26
100.16
100.16
100.06
100.06
99.963
99.963
99.963
99.863
99.963
100.06
100.16
100.16
100.26
100.16
100.26
100.16
100.26
100.36
100.26
100.36
100.46
100.36
100.36
100.46
100.46
100.36
100.26
100.26
100.36
100.36
100.36
100.46
100.46
100.36
100.26
100.26
100.36
100.26
100.26
100.26
100.26
100.16
100.26
100.26
100.16
100.16
100.16
100.26
100.16
100.06
100.06
100.06
100.16
100.26
100.16
100.06
99.962
100.06
100.06
100.06
100.16
100.26
100.16
100.26
100.16
100.06
100.16
100.26
100.26
100.16
100.16
100.06
100.16
100.26
100.36
100.26
100.16
100.26
100.36
100.46
100.36
100.46
100.56
100.56
101.57
100.55
100.55
100.55
100.55
90.497
90.497
90.406
90.406
90.316
90.406
90.497
90.587
90.587
90.587
90.678
90.769
90.859
90.95
90.95
90.95
90.859
90.768
90.768
90.678
90.768
90.677
90.768
90.677
90.768
90.768
90.859
90.95
90.859
90.95
91.041
91.132
91.223
91.223
91.132
91.04
91.131
91.04
91.131
91.04
91.04
90.949
91.04
91.04
91.131
91.131
91.131
91.04
91.04
90.949
90.949
90.949
90.949
90.949
91.04
91.04
90.949
91.04
91.04
90.949
91.04
90.949
91.04
90.949
91.04
91.131
91.039
91.039
90.948
90.857
90.948
90.857
90.857
90.767
90.857
90.766
90.766
90.857
90.857
90.948
90.948
91.039
91.039
90.948
91.039
91.13
91.221
91.221
91.13
91.039
90.948
91.039
90.948
91.039
90.948
91.038
91.13
91.221
91.312
91.221
91.312
91.403
91.403
91.403
91.403
91.494
91.403
91.312
91.22
91.129
91.22
91.129
91.129
91.22
91.311
91.311
91.403
91.311
91.403
91.311
91.402
91.494
91.494
91.402
91.494
91.402
91.494
91.494
91.585
91.585
91.585
91.494
91.402
91.493
91.493
91.585
91.493
91.402
91.402
91.31
91.31
91.402
91.493
91.402
91.402
91.31
91.219
91.219
91.128
91.219
91.219
91.31
91.219
91.219
91.128
91.036
91.036
90.945
91.036
90.945
90.945
90.945
90.945
90.945
90.945
91.036
90.945
90.854
90.854
90.854
90.945
90.854
90.854
90.854
90.763
90.763
90.854
90.854
90.945
90.945
90.945
90.945
90.854
90.763
90.854
90.945
90.854
90.945
91.036
91.127
91.218
91.309
91.218
91.309
91.309
91.309
91.218
91.309
91.309
91.218
91.309
91.4
91.309
91.4
91.4
91.4
91.309
91.309
91.4
91.4
91.4
91.491
91.491
91.4
91.308
91.217
91.217
91.308
91.308
91.217
91.126
91.035
90.944
91.035
91.035
90.944
91.034
91.034
90.943
90.852
90.762
90.671
90.762
90.671
90.58
90.671
90.761
90.761
90.852
90.852
90.852
90.943
91.034
91.125
91.125
91.125
91.125
91.034
90.943
91.034
91.034
90.943
91.034
91.034
91.125
91.034
91.125
91.216
91.125
91.125
91.125
92.036
91.115
91.115
91.115
91.115
82.004
81.922
90.114
90.204
90.114
90.114
90.114
90.114
90.204
90.114
90.114
90.114
90.114
90.024
89.934
89.844
89.844
89.934
89.934
89.934
90.024
89.934
89.934
90.023
90.113
90.204
90.204
91.106
90.195
90.195
90.195
90.104
81.094
81.013
81.094
81.175
81.256
81.337
81.419
81.419
81.419
81.5
81.419
81.337
81.337
81.256
81.256
82.068
81.248
81.248
81.248
81.329
73.196
73.196
73.269
73.269
73.196
73.123
73.196
73.123
73.196
73.196
73.196
73.196
73.269
73.196
73.269
73.269
73.196
73.123
73.049
73.122
73.196
73.122
73.196
73.269
73.195
73.269
73.342
73.269
73.269
73.269
72.536
73.261
73.261
73.261
73.188
80.507
80.507
80.587
80.668
80.587
80.668
80.587
80.507
80.426
80.506
80.506
80.426
80.346
80.265
80.265
80.265
80.345
80.265
80.345
80.345
80.426
80.506
80.506
80.426
80.426
80.506
80.506
80.587
80.506
80.586
80.586
80.586
80.667
80.586
80.667
80.667
80.748
80.667
80.586
80.586
80.506
80.506
80.506
80.506
80.425
80.345
80.345
80.345
80.264
80.345
80.425
80.345
80.425
80.505
80.586
80.666
80.586
80.505
80.586
80.586
80.586
80.505
80.505
80.425
80.505
80.425
80.344
80.264
80.183
80.103
80.103
80.023
80.103
80.023
80.023
80.103
80.183
80.103
80.023
80.023
80.023
80.023
79.943
80.023
80.023
80.103
80.103
80.183
80.263
80.263
80.183
80.183
80.103
80.023
80.023
80.103
80.103
80.023
79.943
80.022
80.102
80.102
80.904
80.094
80.094
80.094
80.175
72.157
72.229
72.302
72.374
72.374
72.446
72.519
72.591
72.519
72.591
72.664
72.591
72.518
72.591
72.664
72.591
72.591
72.591
72.591
72.591
72.663
72.663
72.591
72.591
72.591
72.663
72.663
72.663
72.591
72.663
72.663
72.591
72.591
72.663
72.736
72.736
72.736
73.463
72.729
72.729
72.729
72.729
65.456
65.521
65.587
65.587
65.587
65.521
65.521
65.521
65.521
65.587
65.587
65.587
66.243
65.58
65.58
65.58
65.646
59.081
59.14
59.081
59.022
59.022
59.022
58.963
58.904
58.845
58.904
58.963
58.963
58.904
58.963
59.022
59.022
59.612
59.016
59.016
59.016
58.957
53.061
53.008
53.061
53.061
53.061
53.061
53.061
53.008
53.061
53.061
53.008
53.061
53.114
53.061
53.061
53.008
52.955
52.902
52.849
52.849
52.902
52.849
52.902
52.849
52.902
52.955
52.955
52.425
52.949
52.949
52.949
53.002
58.303
58.303
58.361
58.419
58.478
58.478
58.478
58.478
58.536
58.478
58.419
58.361
58.361
58.419
58.477
58.536
58.536
58.536
58.536
58.594
58.653
58.653
58.653
58.712
58.712
58.77
58.712
58.712
58.77
58.829
58.829
58.77
58.712
58.77
58.77
58.711
58.711
58.653
58.594
58.536
58.536
59.121
58.53
58.53
58.53
58.53
52.677
52.624
52.677
52.624
52.624
52.571
52.571
52.519
52.466
52.414
52.361
52.361
52.414
52.414
52.414
52.466
52.519
52.571
52.624
52.624
52.624
52.624
52.571
52.571
52.571
52.624
52.571
52.518
52.518
52.466
52.413
52.466
52.518
52.518
52.571
52.623
52.571
52.518
52.466
52.413
52.361
52.308
52.308
52.361
52.361
52.308
52.361
52.361
52.308
52.308
52.308
52.361
52.308
52.361
52.308
52.308
52.308
52.361
52.308
52.308
52.308
51.785
52.303
52.303
52.303
52.303
57.533
57.591
57.533
57.476
57.418
57.418
57.476
57.418
57.476
57.476
57.418
57.418
57.476
57.533
57.475
57.418
57.418
57.475
57.418
57.418
57.361
57.418
57.36
57.303
57.246
57.303
57.246
57.188
57.131
57.131
57.188
57.246
57.246
57.303
57.246
57.246
57.303
57.303
57.303
57.246
57.188
57.188
57.131
57.188
57.245
57.245
57.818
57.24
57.24
57.24
57.182
51.464
51.516
51.516
51.464
51.516
51.567
51.516
51.567
51.567
51.619
51.67
51.619
51.619
51.619
51.567
51.515
51.515
51.515
51.567
51.515
51.567
51.515
51.515
51.515
51.567
51.515
51.464
51.412
51.361
51.361
51.309
51.258
51.309
51.361
51.309
51.309
51.361
51.412
51.463
51.463
51.463
51.412
51.412
51.463
51.463
51.463
51.412
51.463
51.463
51.412
51.463
51.463
51.463
51.412
51.36
51.36
51.36
51.36
51.309
51.258
51.309
51.258
51.206
51.206
51.258
51.258
51.258
51.206
51.206
51.258
51.309
51.309
51.36
51.412
51.36
51.36
51.309
51.257
51.257
51.257
51.309
51.309
51.257
51.206
51.155
51.104
51.104
51.053
51.053
51.104
51.104
51.104
51.104
51.053
51.053
51.104
51.104
51.155
51.206
51.206
51.155
51.104
51.155
51.104
51.052
51.103
51.155
51.103
51.155
51.155
51.103
51.154
51.103
51.154
51.103
51.154
51.154
51.206
51.154
51.103
51.103
51.052
51.052
51.001
51.052
51.103
51.154
51.205
51.154
51.154
51.154
51.154
51.205
51.205
51.154
51.205
51.154
51.103
51.052
51.052
51.001
51.052
51.103
51.052
51.052
51.103
51.154
51.103
51.103
51.052
51.103
51.103
51.103
51.103
51.052
51.052
51.052
51.052
51
51.051
51
51
51.051
51
51
51
51
51
50.949
50.949
51
51.051
51.102
51.102
51.153
51.102
51.153
51.205
51.205
51.256
51.256
51.256
51.307
51.256
51.256
51.768
51.251
51.251
51.251
51.199
46.079
46.079
46.079
46.125
46.125
46.172
46.125
46.079
46.033
45.987
46.033
45.987
46.033
46.033
46.033
46.033
46.079
46.033
45.987
46.033
46.079
46.125
46.171
46.171
46.125
46.125
46.171
46.171
46.171
46.171
46.217
46.264
46.31
46.356
46.403
46.449
46.449
46.495
46.449
46.449
46.449
45.984
46.444
46.444
46.444
46.444
51.089
51.14
51.089
51.038
51.038
51.089
51.14
51.191
51.14
51.191
51.242
51.293
51.242
51.242
51.242
51.242
51.293
51.344
51.344
51.344
50.831
51.339
51.339
51.339
51.391
56.53
56.53
56.53
56.53
56.586
56.586
56.643
56.699
56.756
56.699
56.643
56.699
56.699
56.643
56.643
56.699
56.756
56.813
56.756
56.813
56.87
56.926
56.926
56.983
57.04
57.097
57.154
57.212
57.154
57.154
57.097
57.04
57.04
56.983
57.04
57.097
57.097
57.04
57.097
57.097
57.097
57.154
57.154
57.097
57.097
57.154
57.154
57.154
57.211
57.211
57.154
57.154
57.097
57.154
57.097
57.04
57.04
57.097
57.154
57.097
57.154
57.097
57.154
57.211
57.154
57.097
57.154
57.211
57.268
57.325
57.268
57.211
57.211
57.268
57.211
57.153
57.153
57.211
57.153
57.211
57.268
57.325
57.268
57.325
57.382
57.382
57.44
57.44
57.497
57.497
57.44
57.382
57.44
57.44
57.497
57.439
57.497
57.497
57.554
57.497
57.554
57.497
57.439
57.382
57.324
57.324
57.324
57.324
57.324
56.751
57.319
57.319
57.319
57.261
62.988
62.925
62.862
62.862
62.925
62.925
62.987
63.05
62.987
63.05
62.987
62.924
62.924
62.987
63.05
63.113
63.05
63.113
63.113
63.176
63.24
63.176
63.113
63.113
63.113
63.05
63.113
63.176
63.176
63.176
63.113
63.05
63.113
63.176
63.176
63.176
63.176
63.239
63.239
63.302
63.239
63.239
63.302
63.302
63.366
63.366
63.302
63.366
63.302
63.239
63.302
63.365
63.365
63.302
63.239
63.239
63.302
63.365
63.365
63.429
63.365
63.429
63.429
63.492
63.492
63.556
63.619
63.683
63.619
63.555
63.492
63.428
63.428
63.492
63.555
63.555
63.619
63.619
63.555
63.619
63.619
63.682
63.746
63.682
63.619
63.682
63.746
63.81
63.874
63.874
63.937
64.001
64.001
64.065
64.129
64.129
64.129
64.065
64.065
64.129
64.193
64.193
64.258
64.258
64.193
64.193
64.258
64.322
64.258
64.322
64.322
64.386
64.322
64.257
64.257
64.257
64.322
64.257
64.193
64.129
64.193
64.129
64.129
64.065
64.129
64.193
64.193
64.193
64.129
64.129
64.129
64.193
64.257
64.257
64.193
64.193
64.129
64.193
64.193
64.257
64.257
63.614
64.25
64.25
64.25
64.186
70.605
70.534
70.605
70.675
70.746
70.817
70.888
70.959
71.029
71.029
70.958
71.029
71.1
71.172
71.243
71.171
71.171
71.1
71.171
71.171
71.1
71.029
71.1
71.029
70.958
70.958
70.887
70.816
70.816
70.887
70.816
70.816
70.816
70.816
70.816
70.816
70.887
70.816
70.745
70.745
70.745
70.745
70.745
71.453
70.738
70.738
70.738
70.667
63.601
63.601
63.537
63.537
63.474
63.537
63.537
63.473
63.41
63.41
63.41
63.41
63.473
63.41
63.347
63.41
63.346
63.283
63.22
63.22
63.22
63.283
63.283
62.65
63.277
63.277
63.277
63.213
69.535
69.535
69.604
69.604
69.604
69.604
69.604
69.535
69.535
69.535
69.604
69.674
69.604
69.674
69.743
69.674
69.604
69.674
69.674
69.743
69.813
69.883
69.813
69.743
69.813
69.813
69.813
69.813
69.743
69.813
69.883
69.883
69.813
69.743
69.813
69.743
69.743
69.813
69.743
69.743
69.743
69.673
69.603
69.603
70.299
69.596
69.596
69.596
69.666
62.699
62.637
62.637
63.263
62.63
62.63
62.63
62.568
56.311
56.311
56.255
56.255
56.198
56.255
56.255
56.311
56.311
56.255
56.198
56.255
56.255
56.255
56.198
56.142
56.142
56.142
56.086
56.142
56.086
56.03
56.03
55.974
56.03
55.974
56.03
56.086
56.142
56.086
56.142
56.086
56.03
56.03
56.03
55.974
56.03
56.086
56.142
56.085
56.142
56.198
56.254
56.254
56.254
56.254
56.198
56.198
56.141
56.141
56.141
56.085
56.029
56.085
56.085
56.141
56.085
56.029
55.973
56.029
56.085
56.085
56.029
56.085
56.085
56.085
56.085
55.524
56.079
56.079
56.079
56.023
61.626
61.687
61.626
61.564
61.564
61.502
61.502
61.502
61.564
61.625
61.625
61.687
61.625
61.625
61.625
61.625
61.625
61.687
61.625
61.625
61.625
61.687
61.625
61.625
61.625
61.625
61.564
61.564
61.564
61.625
61.625
61.625
61.687
61.687
61.749
61.81
61.872
61.872
61.872
61.934
61.872
61.81
61.748
61.687
61.625
61.687
61.687
61.625
61.563
61.502
61.44
61.44
61.502
61.44
61.502
61.563
61.625
61.563
61.563
61.563
61.501
61.563
61.501
61.501
61.44
61.378
61.378
61.317
61.378
61.44
61.44
61.378
61.44
61.501
61.44
61.501
61.563
61.563
62.178
61.556
61.556
61.556
61.556
55.401
55.401
55.345
55.29
55.29
55.235
55.18
55.235
55.235
55.787
55.229
55.229
55.229
55.229
49.706
49.706
49.657
49.657
49.706
49.756
49.756
49.756
49.706
49.656
49.706
49.756
49.706
49.756
49.706
49.706
50.203
49.701
49.701
49.701
49.751
44.776
44.82
44.82
44.776
44.82
44.865
44.91
44.91
44.865
44.865
44.865
45.314
44.861
44.861
44.861
44.906
40.415
40.415
40.415
40.375
40.415
40.375
40.375
40.334
40.374
40.334
40.334
40.294
40.294
40.334
40.294
40.294
40.253
40.253
40.253
40.253
40.213
40.173
40.173
40.133
40.093
40.133
40.173
40.173
40.575
40.169
40.169
40.169
40.169
36.152
36.116
36.116
36.116
36.08
36.08
36.044
36.08
36.08
36.08
36.116
36.08
36.044
36.008
35.972
35.972
35.972
35.972
35.972
36.007
35.971
35.936
35.936
35.936
35.936
36.295
35.932
35.932
35.932
35.968
32.371
32.371
32.339
32.339
32.306
32.274
32.242
32.274
32.274
32.274
32.242
32.242
32.21
32.242
32.242
32.274
32.242
32.242
32.274
32.306
32.339
32.371
32.403
32.436
32.436
32.403
32.403
32.371
32.338
32.371
32.338
32.371
32.338
32.371
32.403
32.403
32.403
32.371
32.371
32.371
32.403
32.403
32.371
32.338
32.338
32.371
32.338
32.371
32.403
32.371
32.403
32.403
32.079
32.4
32.4
32.4
32.367
35.604
35.64
35.604
35.568
35.604
35.604
35.64
35.675
35.639
35.675
35.711
35.675
35.675
35.639
35.639
35.675
35.711
35.711
35.746
35.711
35.746
35.782
35.782
35.782
35.746
35.782
35.782
35.818
35.818
35.818
36.176
35.814
35.814
35.814
35.85
32.265
32.233
32.265
32.233
32.201
32.168
32.201
32.201
32.201
32.201
31.879
32.197
32.197
32.197
32.165
35.382
35.346
35.382
35.417
35.452
35.417
35.382
35.417
35.452
35.488
35.488
35.488
35.488
35.488
35.488
35.452
35.452
35.488
35.452
35.417
35.417
35.381
35.417
35.452
35.488
35.523
35.488
35.452
35.417
35.381
35.381
35.381
35.346
35.311
35.346
35.31
35.346
35.381
35.417
35.452
35.416
35.416
35.381
35.416
35.381
35.381
35.346
35.346
35.346
35.381
35.381
35.381
35.381
35.346
35.346
35.346
35.381
35.381
35.346
35.31
35.31
35.31
35.346
35.381
35.346
35.31
35.345
35.345
35.31
35.31
35.275
35.24
35.24
35.275
35.24
35.275
35.31
35.31
35.345
35.31
35.31
35.275
35.275
35.275
35.239
35.204
35.204
35.169
35.204
35.169
35.169
35.204
35.169
35.134
35.099
35.063
35.063
35.099
35.134
35.099
35.134
35.098
35.098
35.063
35.063
35.063
35.028
35.063
35.028
34.993
35.028
35.063
35.098
35.063
35.028
34.993
35.028
35.028
35.028
35.063
35.098
35.098
35.098
35.133
35.168
35.204
35.168
35.168
35.168
35.133
35.168
35.168
35.204
35.239
35.239
35.204
35.168
35.168
35.168
35.133
35.133
34.782
35.13
35.13
35.13
35.095
38.604
38.643
38.604
38.565
38.565
38.527
38.565
38.565
38.604
38.642
38.604
38.565
38.604
38.565
38.527
38.565
38.527
38.527
38.527
38.565
38.565
38.527
38.527
38.565
38.526
38.488
38.488
38.526
38.526
38.526
38.488
38.449
38.449
38.488
38.526
38.488
38.449
38.411
38.449
38.449
38.488
38.449
38.449
38.411
38.449
38.488
38.526
38.565
38.526
38.488
38.488
38.872
38.484
38.484
38.484
38.522
34.67
34.635
34.601
34.566
34.601
34.566
34.566
34.566
34.601
34.566
34.566
34.601
34.601
34.635
34.635
34.601
34.566
34.531
34.497
34.497
34.497
34.462
34.428
34.428
34.428
34.393
34.428
34.428
34.462
34.462
34.497
34.531
34.531
34.566
34.566
34.566
34.566
34.531
34.531
34.531
34.497
34.497
34.497
34.462
34.497
34.462
34.428
34.393
34.428
34.462
34.497
34.462
34.428
34.428
34.393
34.393
34.049
34.39
34.39
34.39
34.355
37.791
37.829
37.829
37.867
37.867
37.829
37.866
37.866
37.866
37.904
37.942
37.942
37.942
37.942
37.942
37.98
37.98
38.018
37.98
38.018
38.018
37.98
38.018
37.98
38.018
38.056
38.018
38.018
37.98
37.942
37.98
37.98
37.942
37.98
37.98
37.98
38.018
38.056
38.094
38.056
38.018
37.98
38.018
38.056
38.056
38.056
38.018
38.056
38.056
38.056
38.094
38.094
38.056
38.094
38.094
38.056
38.094
38.094
38.132
38.132
38.094
38.132
38.17
38.208
38.208
38.246
38.285
38.323
38.323
38.285
38.323
38.284
38.246
38.208
38.246
38.208
38.17
38.208
38.17
38.132
38.17
38.208
38.208
38.59
38.204
38.204
38.204
38.242
34.418
34.384
34.418
34.384
34.384
34.418
34.418
34.452
34.487
34.487
34.452
34.487
34.487
34.452
34.452
34.487
34.452
34.487
34.487
34.487
34.487
34.452
34.452
34.418
34.383
34.418
34.452
34.418
34.383
34.383
34.349
34.315
34.349
34.383
34.418
34.383
34.418
34.418
34.418
34.452
34.417
34.452
34.417
34.383
34.383
34.383
34.417
34.417
34.073
34.414
34.414
34.414
34.414
37.855
37.855
37.893
37.893
37.855
37.817
37.817
37.78
37.742
37.742
37.742
37.78
37.817
37.817
37.855
37.817
37.78
37.78
37.817
37.817
37.439
37.814
37.814
37.814
37.814
41.595
41.636
41.678
41.678
41.72
41.762
41.72
41.72
41.761
41.803
41.761
41.72
41.761
41.72
41.678
41.636
41.678
41.72
41.678
41.636
41.678
41.636
41.594
41.553
41.553
41.553
41.511
41.511
41.553
41.594
41.594
41.553
41.511
41.553
41.553
41.594
41.594
41.594
41.553
41.511
41.47
41.428
41.428
41.47
41.511
41.511
41.511
41.511
41.511
41.47
41.511
41.553
41.511
41.469
41.511
41.469
41.428
41.387
41.428
41.428
41.428
41.842
41.424
41.424
41.424
41.465
37.319
37.319
37.281
37.319
37.319
37.319
37.281
37.244
37.281
37.319
37.281
37.244
37.244
37.207
37.17
37.207
37.207
37.207
37.244
37.281
37.318
37.318
37.281
37.318
37.356
37.318
37.281
37.281
37.281
37.244
37.281
37.318
37.318
37.318
37.281
37.281
37.318
37.281
37.244
37.281
37.244
37.244
37.206
37.206
37.244
37.206
37.244
37.281
37.244
37.206
37.206
37.243
37.281
37.318
37.318
37.281
37.243
37.243
37.206
37.169
37.206
37.243
37.206
37.169
37.132
37.169
37.132
37.095
37.132
37.132
37.094
37.094
37.057
37.094
37.057
37.02
36.983
37.02
37.02
36.983
36.946
36.983
36.946
36.909
36.872
36.835
36.799
36.835
36.872
36.835
36.799
36.835
36.799
36.762
36.725
36.725
36.762
36.798
36.798
36.798
37.166
36.795
36.795
36.795
36.758
33.082
33.082
33.115
33.082
33.115
33.148
33.115
33.148
33.181
33.215
33.248
33.281
33.281
33.248
33.248
33.248
33.58
33.245
33.245
33.245
36.569
32.912
32.945
32.978
32.978
33.011
33.044
33.044
33.044
33.374
33.041
33.041
33.041
33.041
29.737
29.707
29.677
29.677
29.647
29.647
29.618
29.647
29.647
29.618
29.647
29.647
29.677
29.647
29.618
29.618
29.618
29.588
29.618
29.618
29.618
29.588
29.588
29.884
29.585
29.585
29.585
29.615
26.653
26.627
26.627
26.653
26.627
26.6
26.6
26.627
26.6
26.573
26.573
26.547
26.52
26.494
26.494
26.229
26.491
26.491
26.491
26.491
29.14
29.169
29.169
29.198
29.169
29.198
29.169
29.14
29.169
29.14
29.14
29.169
29.169
29.169
29.14
29.111
29.082
29.053
29.082
29.082
29.111
29.14
29.169
29.198
29.198
29.169
29.169
29.169
29.198
29.198
29.169
29.169
29.198
29.227
29.198
29.227
29.227
29.227
29.257
29.227
29.227
29.198
29.227
29.227
29.256
29.256
29.256
29.227
29.198
29.198
29.198
29.169
29.169
29.46
29.166
29.166
29.166
29.166
26.249
26.223
26.197
26.197
26.171
26.197
26.171
26.171
26.144
26.171
26.171
26.171
26.197
26.171
26.197
26.223
26.249
26.275
26.275
26.249
26.275
26.302
26.328
26.328
26.354
26.381
26.381
26.381
26.381
26.117
26.378
26.378
26.378
26.404
29.045
29.016
29.045
29.016
29.045
29.074
29.103
29.074
29.103
29.132
29.103
29.103
29.103
29.103
29.394
29.1
29.1
29.1
29.071
26.164
26.138
26.111
26.137
26.164
26.137
26.111
26.111
26.111
26.111
26.111
26.111
26.111
26.111
26.085
26.111
26.137
26.111
26.111
26.137
26.164
26.164
26.19
26.163
26.163
26.19
26.163
26.163
26.19
26.19
26.163
26.137
26.111
26.085
26.111
26.111
26.111
26.137
26.163
26.163
26.163
26.163
26.163
26.137
26.111
26.137
26.137
25.876
26.135
26.135
26.135
26.108
28.719
28.719
28.691
28.662
28.633
28.605
28.605
28.605
28.633
28.662
28.662
28.69
28.69
28.662
28.633
28.633
28.662
28.633
28.604
28.633
28.662
28.662
28.633
28.604
28.576
28.576
28.604
28.604
28.604
28.576
28.576
28.576
28.576
28.547
28.547
28.519
28.547
28.576
28.604
28.604
28.576
28.576
28.547
28.519
28.547
28.576
28.547
28.576
28.604
28.576
28.604
28.576
28.604
28.604
28.575
28.547
28.575
28.604
28.633
28.661
28.69
28.661
28.633
28.604
28.575
28.575
28.575
28.604
28.633
28.661
28.633
28.633
28.919
28.63
28.63
28.63
28.658
25.792
25.792
25.535
25.79
25.79
25.79
25.764
28.34
28.34
28.312
28.284
28.312
28.312
28.312
28.312
28.34
28.34
28.057
28.338
28.338
28.338
28.338
31.171
31.203
31.234
31.202
31.234
31.234
31.202
31.171
31.171
31.14
31.109
31.078
31.047
31.047
31.078
31.078
31.389
31.075
31.075
31.075
31.106
27.995
28.023
27.995
28.023
28.051
28.079
28.107
28.079
28.079
28.051
28.051
28.079
28.107
28.107
28.135
28.107
28.107
28.079
28.051
28.051
28.023
28.051
28.051
28.023
27.995
28.023
27.995
27.967
27.967
27.939
27.911
27.911
27.883
27.883
27.911
27.911
27.939
27.911
27.883
27.911
27.911
27.883
27.883
27.883
27.855
27.883
27.855
27.855
27.855
27.855
27.827
27.799
27.827
27.827
27.799
27.772
27.744
27.716
27.744
27.744
27.772
27.799
27.827
27.799
27.827
27.799
27.827
27.799
27.799
27.771
27.744
27.771
27.799
27.827
27.855
27.883
27.855
27.855
27.827
27.799
27.799
27.799
27.827
27.827
27.855
27.855
27.827
27.827
27.799
27.771
27.743
27.716
27.743
27.743
27.743
27.716
27.743
27.771
27.771
27.743
27.771
27.771
27.743
27.716
27.716
27.993
27.713
27.713
27.713
27.685
24.917
24.942
24.966
24.942
24.942
24.917
24.917
24.917
24.917
24.917
24.892
24.892
24.892
24.892
24.867
24.867
24.867
24.842
24.867
24.842
24.817
24.792
24.792
25.04
24.79
24.79
24.79
24.765
22.288
22.288
22.266
22.244
22.222
22.222
22.222
22.244
22.222
22.222
22.244
22.222
22.199
22.199
22.222
22.199
22.222
22.199
22.199
22.222
22.244
22.244
22.222
22.222
22.244
22.266
22.266
22.266
22.266
22.043
22.264
22.264
22.264
22.264
22.486
22.262
22.262
22.262
22.284
20.055
20.035
20.015
20.015
20.035
20.015
20.035
20.035
20.236
20.033
20.033
20.033
20.053
18.048
18.048
18.066
18.066
18.084
18.084
18.066
18.066
18.084
18.066
18.048
18.048
18.048
18.228
18.046
18.046
18.046
18.046
16.242
16.258
16.242
16.242
16.225
16.242
16.258
16.241
16.258
16.241
16.241
16.079
16.24
16.24
16.24
16.24
17.864
17.882
17.882
17.864
17.846
17.828
17.846
17.846
17.828
17.828
17.828
17.828
17.846
17.864
17.846
17.828
17.81
17.81
17.828
17.846
17.846
17.846
17.864
17.882
17.882
17.899
17.899
17.917
17.899
17.882
17.864
17.864
17.864
17.864
17.685
17.862
17.862
17.862
17.862
19.648
19.648
19.452
19.646
19.646
19.646
19.646
21.611
21.589
21.567
21.567
21.589
21.611
21.589
21.611
21.589
21.589
21.567
21.546
21.567
21.567
21.352
21.565
21.565
21.565
21.587
23.745
23.769
23.769
23.745
23.722
23.745
23.745
23.745
23.769
23.793
23.817
23.793
23.793
23.793
23.769
23.769
23.769
23.793
23.817
23.841
23.864
23.841
23.817
23.84
23.84
23.817
23.817
23.84
23.864
23.864
23.888
23.864
23.84
23.817
23.84
23.817
23.84
23.817
23.84
23.84
23.84
23.816
23.793
23.793
23.793
23.816
23.816
23.84
23.816
23.84
23.816
23.816
23.793
23.793
23.769
23.769
23.745
23.745
23.745
23.745
23.745
23.745
23.721
23.721
23.721
23.745
23.745
23.769
23.769
23.793
23.816
23.816
23.816
23.793
23.816
23.792
23.816
23.84
23.816
23.84
23.816
23.816
23.816
23.84
23.864
23.864
23.888
23.888
23.888
23.912
23.936
23.912
23.888
23.912
23.936
23.912
23.935
23.959
23.959
23.935
23.935
23.912
23.888
23.864
23.864
23.864
23.888
23.911
23.911
23.935
23.959
23.983
24.007
24.007
24.031
24.055
24.055
24.055
24.031
24.055
24.055
24.055
24.031
24.055
24.031
24.031
24.031
24.031
24.031
24.007
23.983
24.007
24.031
24.007
24.031
24.007
23.983
23.959
23.959
23.935
23.911
23.911
23.935
23.959
23.959
23.983
23.983
23.959
23.959
23.959
23.983
23.983
24.007
23.983
23.959
23.983
24.007
24.031
24.007
24.007
24.007
24.031
24.055
24.079
24.079
24.103
24.127
24.103
24.079
24.103
24.127
24.151
24.151
24.127
24.103
24.103
24.079
24.055
24.079
24.079
24.079
24.079
24.32
24.076
24.076
24.076
24.076
21.669
21.885
21.885
21.885
21.885
24.074
24.098
24.074
24.074
24.098
24.074
24.05
24.026
24.05
24.074
24.074
24.098
24.098
24.074
24.098
24.122
24.098
24.098
23.857
24.096
24.096
24.096
24.12
26.532
26.558
26.532
26.532
26.558
26.558
26.585
26.558
26.558
26.532
26.532
26.558
26.585
26.585
26.611
26.585
26.558
26.558
26.558
26.585
26.585
26.585
26.585
26.558
26.585
26.585
26.611
26.585
26.611
26.638
26.611
26.584
26.584
26.611
26.611
26.584
26.611
26.611
26.611
26.611
26.584
26.558
26.558
26.531
26.558
26.584
26.611
26.611
26.584
26.558
26.584
26.584
26.558
26.584
26.611
26.611
26.637
26.664
26.691
26.717
26.691
26.691
26.717
26.717
26.744
26.744
26.771
26.744
26.744
26.717
26.744
26.771
26.798
26.824
26.798
26.798
26.824
26.798
26.771
26.771
26.744
26.771
26.798
26.798
26.824
26.797
26.824
26.851
26.824
26.824
26.797
26.824
26.824
26.851
26.878
26.905
26.932
26.932
26.959
26.986
27.013
27.013
27.04
27.04
27.04
27.013
27.04
27.04
27.067
27.094
27.067
27.094
27.094
27.094
27.094
27.094
27.121
27.148
27.175
27.148
27.148
27.148
27.175
27.148
27.148
27.148
27.175
27.202
27.229
27.229
27.202
27.202
27.229
27.202
27.229
27.229
27.256
27.256
27.229
27.202
27.175
27.202
27.175
27.148
27.175
27.202
27.202
27.175
27.175
27.148
27.12
27.12
27.148
27.148
27.175
27.175
27.147
27.12
27.093
27.12
27.147
27.12
27.12
27.147
27.12
27.093
27.12
27.12
27.12
27.147
27.12
27.147
27.147
27.147
27.147
27.147
27.147
27.12
27.147
27.147
27.12
27.147
27.174
27.147
27.12
27.12
27.093
27.12
27.12
27.147
27.12
27.093
27.093
27.093
27.093
27.066
27.066
27.066
27.093
27.066
27.093
27.12
27.093
27.093
27.12
27.12
27.147
27.12
27.12
27.12
27.147
27.147
27.12
27.147
27.12
27.147
27.147
27.147
27.12
27.147
27.147
27.174
27.201
27.201
27.174
27.147
27.147
27.418
27.144
27.144
27.144
27.144
24.43
24.43
24.454
24.454
24.43
24.43
24.454
24.479
24.503
24.528
24.528
24.503
24.479
24.454
24.454
24.699
24.452
24.452
24.452
24.427
21.984
22.006
22.028
22.006
22.006
22.028
22.028
22.028
22.05
22.073
22.05
22.073
22.05
22.05
22.05
22.028
22.028
22.028
22.028
22.249
22.026
22.026
22.026
22.026
19.824
19.824
19.804
19.804
19.784
19.784
19.804
19.824
19.804
19.804
19.824
19.824
19.843
19.863
19.883
19.903
19.903
19.903
19.923
19.923
19.943
19.943
19.923
19.923
19.923
19.923
19.923
19.923
19.724
19.921
19.921
19.921
19.921
21.913
21.913
21.891
21.869
21.891
21.869
21.847
21.847
21.825
21.804
21.782
21.803
21.825
21.825
21.847
21.869
21.847
21.869
21.869
21.891
21.913
21.891
21.869
21.869
21.891
21.869
21.847
21.825
21.847
21.869
21.891
21.869
21.847
21.847
21.825
21.825
21.803
21.781
21.781
21.76
21.781
21.76
21.76
21.738
21.76
21.781
21.781
21.803
21.803
21.803
21.781
21.781
21.803
21.803
21.803
21.803
21.781
21.803
21.781
21.76
21.781
21.76
21.738
21.738
21.716
21.738
21.716
21.694
21.716
21.716
21.738
21.759
21.738
21.738
21.759
21.738
21.716
21.716
21.694
21.716
21.694
21.716
21.738
21.716
21.694
21.716
21.738
21.716
21.716
21.716
21.716
21.499
21.714
21.714
21.714
21.692
23.861
23.885
23.861
23.861
23.861
23.837
23.837
23.861
23.885
23.885
23.861
23.861
23.837
23.837
23.837
23.599
23.835
23.835
23.835
23.811
26.192
26.166
26.192
26.192
26.166
26.166
26.14
26.14
26.166
26.14
26.114
26.114
26.114
26.114
26.14
26.114
26.114
26.087
26.113
26.14
26.166
26.192
26.166
26.14
26.113
26.113
26.375
26.111
26.111
26.111
26.137
23.523
23.547
23.547
23.547
23.547
23.57
23.57
23.57
23.57
23.547
23.547
23.57
23.594
23.594
23.617
23.641
23.665
23.641
23.641
23.617
23.594
23.594
23.594
23.617
23.617
23.617
23.594
23.617
23.594
23.617
23.641
23.641
23.641
23.877
23.639
23.639
23.639
23.662
21.296
21.275
21.275
21.275
21.275
21.275
21.296
21.296
21.296
21.317
21.339
21.317
21.296
21.275
21.253
21.275
21.275
21.275
21.296
21.296
21.275
21.296
21.317
21.317
21.296
21.296
21.317
21.317
21.296
21.275
21.296
21.274
21.253
21.274
21.253
21.253
21.253
21.253
21.274
21.296
21.296
21.317
21.338
21.338
21.338
21.36
21.36
21.338
21.36
21.381
21.36
21.381
21.381
21.402
21.381
21.381
21.36
21.381
21.402
21.381
21.36
21.338
21.36
21.381
21.402
21.402
21.402
21.381
21.402
21.424
21.445
21.424
21.424
21.402
21.424
21.424
21.445
21.424
21.445
21.424
21.445
21.445
21.445
21.466
21.445
21.466
21.445
21.466
21.445
21.423
21.423
21.423
21.402
21.381
21.381
21.402
21.381
21.359
21.359
21.381
21.381
21.402
21.423
21.402
21.402
21.423
21.423
21.445
21.423
21.402
21.423
21.445
21.445
21.445
21.445
21.659
21.443
21.443
21.443
21.443
21.657
21.44
21.44
21.44
21.462
19.316
19.316
19.335
19.335
19.316
19.335
19.354
19.354
19.335
19.354
19.374
19.393
19.393
19.374
19.374
19.354
19.335
19.316
19.316
19.335
19.354
19.335
19.316
19.335
19.335
19.354
19.354
19.335
19.354
19.335
19.354
19.335
19.335
19.335
19.354
19.354
19.354
19.354
19.335
19.335
19.354
19.335
19.335
19.335
19.335
19.335
19.315
19.315
19.296
19.315
19.335
19.354
19.335
19.315
19.315
19.315
19.296
19.296
19.277
19.296
19.277
19.277
19.277
19.277
19.277
19.257
19.277
19.257
19.238
19.238
19.257
19.277
19.296
19.315
19.315
19.296
19.315
19.335
19.354
19.335
19.335
19.354
19.354
19.335
19.354
19.373
19.393
19.373
19.354
19.373
19.373
19.393
19.412
19.412
19.393
19.412
19.412
19.431
19.431
19.451
19.451
19.47
19.47
19.451
19.431
19.412
19.392
19.412
19.431
19.451
19.47
19.47
19.451
19.451
19.431
19.412
19.392
19.373
19.373
19.392
19.373
19.373
19.373
19.392
19.373
19.354
19.354
19.373
19.392
19.373
19.373
19.373
19.373
19.373
19.354
19.373
19.373
19.373
19.392
19.373
19.353
19.373
19.392
19.412
19.392
19.392
19.412
19.412
19.606
19.41
19.41
19.41
19.41
17.469
17.486
17.486
17.311
17.484
17.484
17.484
17.467
19.214
19.233
19.252
19.252
19.233
19.214
19.214
19.194
19.194
19.175
19.175
19.175
19.194
19.175
19.156
19.156
19.156
19.156
19.156
19.156
19.156
19.156
19.137
19.156
19.156
19.175
19.156
19.137
19.156
19.156
19.175
19.175
19.175
19.175
18.983
19.173
19.173
19.173
19.192
21.112
21.112
21.133
21.133
21.133
21.112
21.112
21.133
21.133
20.921
21.131
21.131
21.131
21.131
23.244
23.22
23.244
23.22
23.197
23.174
23.174
23.151
23.128
23.128
23.128
23.104
23.081
23.104
23.081
23.058
23.058
23.035
23.012
23.012
22.989
22.966
22.989
23.012
23.035
23.012
23.035
23.012
23.012
23.242
23.01
23.01
23.01
23.033
20.729
20.729
20.75
20.729
20.729
20.729
20.729
20.75
20.729
20.729
20.709
20.729
20.75
20.75
20.771
20.75
20.771
20.792
20.792
