100.1
100
100.1
100.1
100
100
99.9
99.8
99.9
99.9
99.9
99.8
99.8
99.9
100
100.1
100.2
100.1
100.2
100.2
100.2
100.2
100.2
100.3
100.4
100.4
100.4
100.4
100.3
100.4
100.3
100.4
100.3
100.2
100.1
100.1
100.2
100.1
100.1
100.2
100.3
100.2
110.22
110.22
110.22
110.11
110.11
110.11
110.22
110.11
110.11
99.098
98.998
99.097
98.998
98.899
98.998
99.097
99.196
99.097
99.196
99.196
99.097
99.196
109.12
109.12
109.12
109.01
109.01
109.01
108.9
108.79
108.9
109.01
109.12
109.01
109.12
109.01
108.9
108.9
108.79
108.9
108.9
109.01
108.9
108.79
108.68
108.68
108.57
108.57
108.68
108.68
108.68
97.811
97.713
97.713
97.616
97.518
97.616
97.616
97.616
97.518
97.42
97.323
97.323
97.323
97.226
97.323
97.323
97.42
97.323
97.226
97.323
97.225
97.225
97.225
97.225
97.323
97.42
97.517
97.615
97.615
97.517
97.615
97.517
97.42
97.322
97.225
97.225
97.225
97.225
97.225
97.128
97.031
97.128
97.031
97.128
97.128
97.128
97.03
97.127
97.03
96.933
97.03
97.03
97.03
97.03
97.03
97.127
97.03
96.933
97.03
97.03
97.127
97.224
97.127
97.03
97.127
97.03
97.03
97.03
97.127
97.03
97.127
97.224
97.127
97.224
97.126
97.029
97.029
97.029
97.029
96.932
97.029
96.932
97.029
97.029
96.932
96.835
96.835
96.835
96.738
96.738
96.835
96.738
96.835
96.835
96.835
96.835
96.835
96.835
96.932
96.932
96.835
96.932
96.835
96.932
96.835
96.738
96.738
96.738
96.835
96.931
96.931
96.931
97.028
97.028
97.125
97.223
97.32
97.417
97.417
97.32
97.32
97.417
97.514
97.612
97.514
97.612
97.514
97.514
97.417
97.417
97.417
97.417
97.417
97.319
97.222
97.222
97.319
97.222
97.319
97.222
97.319
97.222
97.222
97.319
97.319
97.222
97.319
97.319
97.221
87.499
87.499
87.412
87.499
87.499
87.499
87.587
87.499
87.587
87.587
87.674
87.674
87.762
87.674
87.762
87.85
87.85
87.937
88.025
87.937
87.937
87.937
87.937
87.849
87.849
87.937
87.849
87.937
87.937
88.025
88.113
88.025
87.937
87.937
87.849
87.849
87.849
87.761
87.761
87.849
87.761
87.761
87.761
87.673
87.586
87.498
87.586
87.673
87.673
87.673
87.586
87.586
87.673
87.761
87.849
87.849
87.936
87.848
87.761
87.673
87.673
87.585
87.585
78.827
78.905
78.905
78.905
78.827
78.748
78.826
78.905
78.984
79.063
79.063
79.063
78.984
78.905
86.796
86.882
86.969
87.056
87.056
86.969
87.056
86.969
86.969
87.056
87.056
87.056
86.969
86.882
86.795
86.708
86.708
86.795
86.708
86.708
86.795
86.795
86.795
86.795
86.882
86.795
86.882
95.57
95.666
95.761
95.761
95.857
95.761
95.857
95.857
95.953
95.953
96.049
96.049
96.145
96.049
95.953
95.953
95.953
95.857
95.952
95.952
95.856
95.952
96.048
96.048
96.048
96.048
96.048
96.144
86.53
86.443
86.53
86.616
86.53
95.183
95.278
95.278
95.183
95.278
95.278
95.182
95.087
95.087
94.992
95.087
95.087
94.992
94.992
94.992
94.897
94.992
95.087
95.087
95.087
95.087
94.992
94.992
95.087
95.087
95.182
95.087
95.182
95.182
95.087
95.087
95.182
95.087
94.992
95.087
94.991
94.896
94.802
94.707
94.707
94.801
94.707
94.801
94.896
94.801
94.801
104.28
114.71
114.82
114.71
114.71
114.82
114.71
114.59
114.48
114.37
114.48
114.59
114.48
114.59
114.48
114.37
125.8
125.93
125.93
126.05
126.18
126.18
126.31
126.43
126.31
126.31
126.43
126.43
126.43
126.56
126.43
126.31
126.31
126.18
126.18
126.31
126.18
138.8
138.8
138.66
138.52
138.66
138.52
138.38
138.52
138.52
138.66
138.66
138.66
138.52
138.66
138.8
138.66
138.8
138.66
138.66
138.52
138.66
138.66
138.52
138.38
138.52
138.38
138.24
138.24
138.1
138.24
138.38
138.52
138.38
138.52
138.38
138.38
138.52
138.66
138.52
138.38
138.24
138.1
137.96
138.1
137.96
137.83
137.96
138.1
137.96
138.1
137.96
137.83
137.96
137.96
137.96
137.83
137.83
137.83
137.96
137.83
137.96
137.96
138.1
138.1
138.24
138.1
138.1
138.24
138.1
138.24
138.24
138.24
138.38
138.52
138.52
138.38
138.52
138.38
138.38
138.38
138.52
138.38
138.24
138.1
138.24
138.24
138.24
138.1
138.24
138.38
138.38
138.24
138.38
138.38
138.24
138.24
138.24
138.38
138.51
138.65
138.65
138.51
138.65
138.51
138.65
138.65
138.65
138.51
138.51
138.65
138.79
138.93
138.93
138.79
138.93
138.79
138.65
138.51
138.65
138.65
138.79
138.79
138.93
138.93
138.79
138.65
138.51
138.51
138.51
138.65
138.65
138.65
138.79
138.93
138.93
138.93
139.07
139.07
139.21
139.35
139.49
139.49
139.49
139.35
139.49
139.35
139.35
139.49
139.62
139.49
139.35
139.49
139.62
139.48
139.35
139.48
139.62
139.76
139.62
139.48
139.62
139.76
139.76
139.9
139.9
139.9
140.04
140.18
140.32
140.18
140.32
140.32
140.18
140.18
140.32
140.46
140.32
140.18
140.04
140.04
140.18
140.32
140.46
140.32
140.46
140.6
140.74
140.74
140.88
140.88
140.74
140.88
140.88
140.74
140.88
140.74
154.82
154.97
154.97
155.13
155.13
155.28
155.28
155.28
155.44
155.44
155.59
155.59
155.75
155.75
155.75
155.75
155.59
155.44
155.44
155.59
155.59
155.44
155.28
155.13
155.28
155.44
155.44
155.28
155.28
155.28
155.28
155.44
155.28
155.44
155.44
155.44
155.28
155.13
155.13
155.28
155.13
154.97
170.47
170.3
170.47
170.64
170.81
170.81
170.64
170.64
170.47
170.47
170.3
170.13
169.96
169.79
169.79
169.96
169.79
169.62
169.45
169.62
169.62
169.79
169.62
169.62
169.62
169.62
169.79
169.79
169.79
169.79
169.96
169.79
169.62
169.62
169.62
169.79
169.79
169.79
169.96
169.79
169.62
169.79
169.96
169.96
169.79
169.62
169.79
169.62
169.45
169.28
169.28
169.45
169.61
169.61
169.61
169.45
169.28
169.11
169.11
169.11
169.11
169.28
169.28
169.11
169.28
169.44
169.28
169.28
169.11
168.94
168.94
168.77
168.77
168.77
168.6
168.6
168.43
168.6
168.43
168.43
168.26
168.09
167.93
168.09
168.26
168.09
167.93
167.93
168.09
168.09
168.26
168.26
168.26
168.43
168.26
168.09
168.09
168.26
168.43
168.6
168.6
168.43
168.26
168.09
168.26
168.09
168.09
167.92
167.92
168.09
168.26
168.09
168.09
167.92
167.92
167.76
167.76
167.59
167.42
167.59
167.59
167.42
167.59
167.42
167.25
167.09
167.25
167.09
166.92
183.61
183.79
183.61
183.79
183.61
183.61
183.61
183.43
183.24
183.43
183.24
183.06
183.24
201.57
201.57
201.37
201.37
201.37
201.37
201.57
201.36
201.57
201.57
201.36
201.57
201.57
201.57
201.77
201.77
201.97
202.17
202.37
202.17
201.97
201.97
202.17
202.37
202.17
202.37
202.58
202.78
202.98
203.18
202.98
203.18
203.39
203.39
203.39
203.18
203.39
203.39
203.59
203.39
203.39
203.39
203.39
203.39
203.18
202.98
202.78
202.98
203.18
202.98
202.78
202.78
202.78
202.98
202.78
202.78
202.98
203.18
202.98
203.18
202.98
203.18
203.18
203.18
203.38
203.18
202.98
202.98
202.98
202.78
202.57
202.77
202.98
202.77
202.77
202.57
202.37
202.17
201.96
201.96
201.76
201.56
201.36
201.36
201.56
201.56
201.56
201.76
201.56
201.56
201.36
201.16
201.36
201.56
201.76
201.96
201.76
201.56
201.36
201.56
201.56
201.56
201.36
201.36
201.56
201.36
201.56
201.36
201.36
201.56
201.76
201.76
201.96
202.16
202.37
202.57
202.57
202.37
202.57
202.57
202.77
202.77
202.97
202.97
202.97
202.97
202.97
202.97
202.77
202.77
202.57
202.37
202.16
202.16
201.96
202.16
202.37
202.37
202.37
202.37
202.37
202.37
202.57
202.77
202.77
202.97
203.18
203.18
203.38
203.58
203.38
203.38
203.38
203.18
202.97
202.97
202.97
203.18
203.18
203.18
202.97
203.18
203.38
203.38
203.38
203.17
203.17
203.17
203.17
203.17
203.17
202.97
203.17
203.17
203.38
203.58
203.38
203.38
203.17
203.38
203.38
203.58
203.78
203.58
203.38
203.38
203.17
203.17
203.17
203.17
203.38
203.38
203.17
203.38
203.58
203.38
203.58
203.58
203.78
203.99
204.19
204.4
204.6
204.8
204.6
204.6
204.4
204.6
204.8
204.6
204.6
204.8
205.01
205.01
204.8
204.8
204.6
204.6
204.6
225.06
224.83
224.61
224.61
224.61
224.61
224.61
224.38
224.61
224.83
225.06
224.83
224.83
225.06
225.06
225.28
225.06
225.06
225.28
225.28
225.51
225.51
225.73
225.51
225.73
225.96
226.18
226.41
226.64
226.41
226.41
226.41
226.41
226.18
226.41
226.41
226.64
226.86
226.86
226.64
226.41
226.64
226.41
226.18
226.18
225.96
225.96
226.18
226.18
225.96
225.73
225.96
225.96
225.96
225.73
225.51
225.28
225.28
225.5
225.28
225.5
225.5
225.5
225.28
225.28
225.28
202.75
202.55
202.55
202.35
202.35
202.14
201.94
201.94
202.14
201.94
201.94
201.94
201.74
201.94
202.14
201.94
201.94
201.74
201.94
201.94
201.94
201.94
201.74
201.74
201.74
201.54
201.54
201.34
201.54
201.54
201.54
201.34
201.13
200.93
201.13
200.93
201.13
201.33
201.13
201.13
201.33
201.33
201.54
201.33
201.54
201.33
201.33
201.54
201.54
201.54
201.54
201.54
201.33
201.13
201.33
201.13
201.13
201.13
200.93
200.93
201.13
200.93
200.73
200.53
200.33
200.33
200.53
200.53
200.33
200.13
199.93
199.73
199.73
199.73
199.93
199.93
199.93
199.73
199.93
179.93
179.76
179.93
179.75
179.58
179.58
179.58
179.4
179.57
179.57
179.57
179.57
179.57
179.75
179.57
179.75
179.75
179.57
179.75
179.93
179.75
179.75
179.57
179.75
179.75
179.75
179.75
179.57
179.39
179.39
179.22
179.22
179.04
179.21
179.39
179.57
179.39
179.39
179.21
179.04
178.86
178.86
179.04
179.04
178.86
179.03
178.86
179.03
179.03
179.03
179.03
178.86
178.86
178.68
178.5
178.68
178.86
179.03
179.03
178.86
178.86
179.03
179.03
179.03
179.03
196.94
197.13
197.33
197.33
197.13
197.33
197.13
197.13
197.33
197.53
197.33
197.53
197.73
197.73
197.53
197.53
197.33
197.53
197.33
197.13
196.94
197.13
197.33
197.33
197.53
197.33
197.53
197.33
197.13
197.13
197.33
197.53
197.53
197.53
197.33
197.33
197.13
197.33
197.33
197.33
197.33
197.53
197.33
197.33
197.33
197.33
197.53
197.72
197.72
197.72
197.92
198.12
198.32
198.32
198.12
198.32
198.52
198.32
198.12
197.92
197.92
198.12
198.12
198.12
198.12
198.32
198.51
198.71
198.91
199.11
199.31
199.31
199.31
199.11
198.91
198.91
198.71
198.91
198.71
198.71
198.51
198.71
198.51
198.71
198.51
198.51
198.51
198.32
198.12
198.12
198.31
218.15
218.36
218.58
218.8
218.8
218.58
218.36
218.15
218.15
218.15
218.15
218.36
218.58
218.8
218.58
218.58
218.58
218.36
218.58
218.36
218.14
218.14
218.36
218.14
218.14
218.14
218.36
218.58
218.58
218.58
218.8
218.8
218.58
218.58
218.36
218.36
218.36
218.14
217.93
239.72
239.72
239.48
239.72
239.48
239.48
239.24
239
239
238.76
238.52
262.37
262.64
262.64
262.64
262.37
262.64
262.9
262.64
262.37
262.64
262.9
262.9
262.64
262.9
262.64
262.64
262.37
262.63
262.63
262.37
262.63
262.37
262.11
261.85
261.59
261.85
261.59
261.85
262.11
261.85
262.11
261.85
261.85
261.58
261.32
261.58
261.32
261.32
261.06
260.8
260.54
260.54
260.28
260.02
259.76
259.5
259.24
258.98
259.24
258.98
258.72
258.72
258.72
258.98
258.72
258.46
258.46
258.2
258.2
258.46
258.2
258.2
257.95
257.69
257.94
258.2
257.94
258.2
257.94
258.2
257.94
257.69
257.69
257.94
257.94
257.69
257.43
257.69
257.94
258.2
257.94
257.94
257.69
257.43
257.43
257.17
257.17
257.43
257.17
257.43
257.68
257.43
283.17
283.17
282.89
283.17
283.17
282.89
283.17
283.17
283.45
283.74
283.74
283.74
283.45
283.17
283.17
282.89
282.89
282.6
282.32
282.32
282.04
281.76
282.04
281.75
281.47
281.19
309.31
309
309.31
309.62
309.93
310.24
310.55
310.24
310.55
310.55
310.86
310.55
310.24
310.55
310.55
310.55
310.24
309.93
309.93
309.62
309.31
309.62
309.31
309.31
309.62
309.31
309
309
309.31
309
309.31
309.31
309.31
309.31
309.31
340.24
340.24
340.24
340.24
340.58
340.92
341.26
341.26
341.26
341.6
341.26
340.92
340.58
340.24
339.9
339.9
340.24
339.9
340.24
340.24
340.58
340.58
340.92
341.26
340.92
340.92
340.58
340.58
374.63
374.63
374.63
374.63
374.63
374.26
374.26
374.26
373.88
373.51
373.88
373.51
373.88
373.88
373.51
373.51
373.14
373.14
372.76
373.14
373.51
373.14
372.76
372.76
372.76
372.76
373.13
373.51
373.13
373.51
373.13
373.51
373.88
374.25
374.25
374.63
374.25
373.88
373.51
373.51
373.13
372.76
373.13
373.51
373.51
373.88
373.88
373.88
374.25
373.88
374.25
374.63
374.25
374.63
375
375
375
374.63
374.63
375
374.63
374.25
373.88
373.5
373.88
374.25
374.62
375
374.62
375
374.62
374.62
374.25
373.87
411.26
411.67
412.09
411.67
412.08
412.5
412.08
411.67
370.5
370.13
370.13
369.76
370.13
370.13
370.5
370.87
371.25
371.62
371.99
371.62
371.99
371.99
371.99
371.99
371.62
371.99
371.99
371.99
371.62
371.62
371.99
371.62
371.99
371.99
372.36
372.73
372.36
372.73
372.73
372.73
372.73
372.36
372.73
372.73
372.36
371.99
372.36
372.36
372.73
373.1
372.73
373.1
373.48
373.48
373.1
373.1
372.73
372.73
372.73
372.73
372.73
372.36
372.73
373.1
373.47
373.47
373.1
373.1
373.47
373.47
373.1
373.1
373.47
373.85
374.22
373.85
373.47
373.85
373.85
374.22
374.22
374.59
374.59
374.22
374.22
374.59
374.59
374.59
374.97
375.34
375.34
375.34
374.97
374.97
412.46
412.88
412.88
413.29
412.88
412.88
412.88
412.46
412.46
412.88
412.88
412.88
412.88
412.46
412.46
412.05
412.05
412.05
412.46
412.88
412.88
412.88
413.29
413.29
412.88
413.29
413.7
414.12
413.7
413.29
413.29
413.29
413.7
413.29
413.29
412.87
412.46
412.87
413.29
412.87
412.46
412.05
412.05
412.05
412.46
412.87
412.87
412.46
412.05
411.63
412.05
453.25
407.93
407.93
407.93
367.13
367.13
366.77
366.4
366.03
366.03
366.03
365.67
365.67
365.67
365.3
365.67
366.03
365.67
365.67
365.67
365.67
365.3
365.67
365.67
366.03
366.4
366.4
366.4
366.76
367.13
367.13
367.13
366.76
366.76
366.4
366.76
367.13
367.5
367.86
367.86
367.86
368.23
367.86
367.86
368.23
367.86
368.23
367.86
367.5
367.13
367.13
367.13
367.13
367.5
367.5
367.5
367.5
367.5
367.13
366.76
367.13
366.76
367.13
367.13
366.76
367.13
366.76
367.13
367.49
367.86
367.49
367.86
368.23
368.23
367.86
368.23
368.23
368.6
368.6
368.96
368.96
369.33
368.96
368.6
368.96
368.96
368.96
368.96
368.6
368.96
368.96
368.59
368.59
368.96
369.33
369.33
369.33
369.7
369.33
369.33
369.7
369.33
368.96
369.33
368.96
368.59
368.59
368.59
368.59
368.22
367.86
367.86
367.86
367.49
367.86
367.86
367.49
367.12
367.49
367.49
367.85
367.49
367.12
367.12
367.49
367.12
367.49
367.85
368.22
368.59
368.22
367.85
367.85
367.85
368.22
368.22
367.85
368.22
367.85
367.85
367.48
367.12
367.48
367.85
368.22
368.22
368.59
368.22
367.85
368.22
368.22
368.22
367.85
367.85
368.22
368.59
368.22
368.59
368.95
369.32
369.69
370.06
333.06
333.39
333.72
333.72
333.72
333.39
333.06
333.06
332.72
332.39
332.39
332.06
331.73
332.06
332.06
332.39
332.72
332.72
332.72
299.45
299.75
299.75
299.45
299.75
299.75
300.05
300.35
300.65
300.65
300.95
300.65
300.95
300.95
300.65
300.95
300.65
300.95
300.65
300.95
301.25
300.95
301.25
301.55
301.25
301.25
301.25
301.25
301.25
301.25
301.55
301.25
301.55
301.85
302.15
302.15
302.15
302.46
302.46
302.15
302.15
301.85
301.85
301.55
301.25
300.95
301.25
300.95
300.64
330.71
330.71
330.71
330.71
331.04
331.04
331.04
330.71
331.04
331.04
331.04
331.37
331.37
331.37
331.04
331.04
331.04
331.37
331.7
332.03
332.03
332.37
332.37
332.7
332.36
332.36
332.36
332.36
332.7
332.36
332.36
332.03
331.7
331.37
331.04
331.37
331.37
331.37
331.37
331.04
331.04
331.04
331.37
331.7
331.7
331.37
331.37
331.7
332.03
332.03
331.7
331.37
331.04
331.04
330.7
331.04
331.37
331.7
331.7
332.03
331.7
331.7
331.37
331.37
331.37
331.37
331.03
331.03
331.03
331.03
331.37
331.37
331.7
331.36
331.03
330.7
330.7
330.37
330.37
330.37
330.7
330.37
330.37
330.04
297.04
296.74
297.04
296.74
296.44
296.74
296.44
296.44
296.74
296.74
296.74
296.74
296.74
296.74
296.44
326.09
326.09
325.76
325.76
325.43
325.11
325.11
325.43
325.43
325.11
324.78
325.11
325.43
325.76
326.08
326.08
326.08
326.08
326.41
326.08
325.76
325.76
325.76
325.76
325.43
325.76
325.76
325.43
325.43
325.76
325.43
325.11
324.78
324.46
324.13
324.46
324.13
323.81
323.48
323.81
323.48
323.48
323.81
323.81
324.13
324.13
324.13
323.81
324.13
324.13
324.13
324.13
324.45
324.13
323.81
323.48
323.81
323.48
323.81
323.48
323.16
323.16
323.16
322.84
323.16
323.16
323.16
322.83
323.16
323.16
323.16
322.83
322.51
322.19
321.87
321.55
321.22
320.9
321.22
321.22
321.22
320.9
320.58
320.9
320.9
320.58
320.9
320.58
320.58
320.26
320.26
319.94
319.62
319.3
318.98
318.66
318.34
318.34
318.34
318.02
318.34
318.66
318.66
318.98
318.66
318.98
318.66
318.98
318.98
318.66
318.34
286.51
286.51
286.22
285.93
285.93
285.65
285.65
285.36
285.36
285.65
285.93
285.65
285.36
285.65
285.65
285.36
285.08
284.79
284.51
284.22
284.22
284.51
284.79
284.79
285.08
285.08
285.08
284.79
285.08
285.36
285.08
284.79
284.51
284.51
284.79
285.07
284.79
284.5
284.5
284.22
284.5
284.79
284.79
284.79
284.79
285.07
284.79
285.07
284.79
285.07
285.07
284.79
284.5
284.5
284.5
284.5
284.22
284.5
284.5
284.5
284.79
285.07
285.07
285.36
285.36
285.36
285.64
285.93
285.64
285.36
285.36
285.64
285.93
286.21
285.93
285.64
285.93
286.21
286.5
286.21
286.21
286.21
286.5
286.21
286.5
286.79
286.79
286.79
315.46
315.15
315.15
314.83
314.52
314.52
314.83
315.15
314.83
315.15
314.83
315.15
315.46
315.46
315.15
315.15
315.46
315.78
315.46
315.78
315.46
315.46
315.78
315.78
316.09
315.78
316.09
284.48
256.03
256.29
256.03
255.78
256.03
256.03
256.03
255.78
255.52
281.07
280.79
280.79
281.07
281.36
281.36
281.36
281.07
309.18
308.87
309.18
308.87
308.56
308.25
307.95
307.64
307.95
307.95
307.95
307.64
307.33
307.64
307.33
307.64
307.33
307.64
307.95
307.64
307.64
307.64
307.94
307.64
307.94
307.94
307.64
307.94
308.25
307.94
307.64
307.64
307.94
307.64
338.4
338.74
339.08
339.08
339.08
339.42
339.08
339.41
339.75
339.41
339.08
339.41
339.41
339.41
339.41
339.41
339.07
338.74
338.74
338.74
304.86
305.17
305.17
305.47
305.47
305.17
305.47
305.47
305.78
305.47
305.78
305.78
305.47
305.17
304.86
304.56
304.56
304.86
305.17
305.17
304.86
304.86
304.56
304.25
303.95
303.95
303.95
304.25
303.95
304.25
304.55
304.55
304.86
304.86
304.86
304.55
304.25
304.55
304.25
304.25
303.94
303.64
303.34
303.03
302.73
302.43
302.43
302.73
303.03
303.34
303.34
303.03
303.03
303.34
303.03
303.34
303.03
303.03
303.34
303.03
303.34
303.34
273
273.27
273
273.27
273.55
273.82
274.1
274.37
274.64
274.92
275.19
275.19
275.19
275.47
275.74
276.02
275.74
276.02
276.3
276.02
275.74
275.74
275.47
275.19
274.92
275.19
275.47
275.19
275.19
275.19
274.92
275.19
275.47
275.19
275.19
275.19
275.47
275.74
275.47
275.74
275.74
275.74
275.47
275.19
275.46
275.46
275.46
275.74
275.74
276.02
276.29
276.57
276.29
276.02
276.29
276.02
276.02
276.29
276.57
276.84
277.12
276.84
276.84
276.57
276.29
276.01
275.74
275.74
275.74
276.01
276.01
276.01
276.29
276.57
276.57
276.57
276.84
276.84
276.57
276.29
276.29
303.92
303.61
303.31
303.61
303.92
304.22
304.22
304.53
304.22
304.53
304.53
334.98
335.31
335.65
335.98
336.32
335.98
335.98
335.98
335.98
335.98
335.65
335.31
334.98
334.98
334.64
334.64
334.31
333.97
333.64
333.97
333.64
333.64
333.97
333.97
333.97
333.64
333.64
333.64
333.3
332.97
333.3
332.97
332.97
333.3
333.3
333.64
333.64
333.64
333.97
333.64
333.97
333.64
333.97
333.97
334.3
334.3
334.3
333.97
333.97
334.3
334.64
334.3
334.64
334.64
334.64
334.3
334.64
334.97
335.31
335.31
334.97
335.31
335.64
335.64
335.98
336.31
336.65
336.99
336.65
336.31
336.31
336.65
336.99
336.65
336.31
336.31
336.31
336.65
336.99
337.32
337.32
337.32
336.98
337.32
337.32
337.32
336.98
336.65
336.65
336.31
336.65
336.65
336.98
337.32
337.66
338
338.33
338.67
339.01
339.01
339.01
339.35
339.35
339.69
339.69
339.69
373.66
336.29
336.29
336.63
336.29
336.63
336.29
336.29
335.96
335.62
335.28
334.95
334.95
334.61
334.28
334.28
333.94
333.94
334.28
334.28
333.94
334.28
333.94
334.28
334.28
334.28
334.28
333.94
333.94
333.61
333.94
334.28
333.94
333.61
333.94
334.28
334.61
334.28
333.94
334.28
333.94
333.94
334.28
333.94
333.94
333.61
333.94
334.27
334.61
334.94
334.61
334.27
333.94
333.61
333.27
332.94
332.61
332.94
333.27
333.61
333.61
333.61
333.94
333.94
334.27
334.27
333.94
333.94
333.6
333.94
334.27
334.61
334.27
333.94
333.94
333.94
333.6
333.6
333.94
333.94
334.27
333.94
333.94
333.94
333.94
334.27
334.27
334.27
334.6
334.6
334.6
334.27
334.6
334.6
334.27
333.94
333.6
366.96
366.96
366.96
366.96
366.96
366.59
366.96
366.59
366.96
366.59
366.96
366.96
366.59
366.23
366.23
366.23
366.23
366.23
366.23
366.23
366.59
366.59
366.59
366.23
402.85
402.85
403.25
402.85
402.85
402.85
402.45
402.45
402.04
402.45
402.85
402.85
402.85
402.45
402.85
402.45
402.45
402.04
401.64
401.24
401.64
401.24
401.24
401.24
401.24
401.24
401.24
400.84
401.24
401.24
400.84
400.44
400.84
400.44
400.84
400.44
400.44
400.84
400.84
400.43
400.03
400.43
400.43
400.83
400.43
400.43
400.83
401.24
401.24
400.83
401.24
400.83
400.83
400.43
400.43
400.43
400.83
401.23
400.83
400.83
400.83
400.43
400.43
400.43
400.03
400.43
400.43
400.43
400.03
400.03
400.03
400.43
400.43
400.03
400.03
400.03
399.63
399.23
399.23
398.83
398.43
398.03
398.03
397.64
397.24
397.24
396.84
396.84
396.45
396.84
436.53
436.96
436.53
480.18
480.66
432.59
433.02
433.46
433.02
433.02
433.02
433.46
433.46
433.46
433.46
433.02
433.02
433.46
433.89
433.46
433.02
476.33
476.8
476.8
476.8
476.8
476.32
476.8
477.28
477.76
478.23
478.71
478.71
478.71
478.71
478.71
478.71
478.23
477.75
477.28
476.8
476.8
476.32
475.85
476.32
476.32
475.85
475.37
475.37
475.85
475.37
475.37
474.89
474.42
473.94
473.94
473.47
473.47
473.94
426.55
426.12
426.12
425.7
426.12
425.7
425.27
425.7
425.7
426.12
425.7
426.12
425.7
425.27
425.27
425.69
426.12
425.69
425.69
426.12
425.69
425.27
424.84
424.84
425.27
425.69
426.12
425.69
425.27
424.84
424.42
423.99
424.42
423.99
424.42
424.42
424.42
423.99
423.57
423.99
423.99
424.42
423.99
423.57
423.99
423.99
423.57
423.14
422.72
423.14
423.57
423.14
423.57
423.99
423.56
423.99
423.99
424.41
423.99
424.41
424.84
425.26
425.69
426.11
425.69
426.11
425.69
426.11
426.11
426.54
426.11
426.11
425.68
425.26
424.83
425.26
424.83
424.83
424.83
424.83
424.41
423.98
424.41
424.83
424.83
425.26
425.68
426.11
426.53
426.53
426.96
426.96
427.39
427.82
427.82
428.24
385.42
385.03
384.65
384.26
384.26
384.65
385.03
385.03
385.03
385.03
384.65
384.65
384.26
384.65
384.65
384.26
384.65
384.26
384.26
383.88
383.88
383.49
383.11
382.73
382.73
382.73
382.34
344.11
344.11
344.11
344.45
344.45
344.45
344.8
344.8
344.45
344.8
344.45
378.9
378.52
378.14
378.52
378.52
378.14
377.76
377.76
377.39
377.39
377.76
377.76
377.38
377.38
377.01
377.01
376.63
377.01
377.01
377.01
377.38
377.38
377.76
377.38
377.01
376.63
376.25
375.88
375.5
375.5
375.5
375.88
376.25
376.25
375.88
375.5
375.5
375.12
375.5
375.12
375.12
375.12
374.75
374.75
375.12
374.75
412.22
412.64
412.22
412.22
412.22
412.64
412.22
411.81
412.22
412.22
411.81
411.81
411.81
411.81
411.81
411.4
411.81
412.22
411.81
411.4
411.4
370.26
370.26
370.26
370.26
370.63
370.63
371
371.37
371.74
371.74
371.74
371.74
371.37
371
370.63
371
371
371
371.37
371.37
371.37
371.74
371.74
371.37
371
371
370.63
371
370.63
370.25
370.25
370.25
370.25
370.62
371
370.62
370.62
370.62
370.62
371
370.62
370.62
370.99
370.62
370.25
333.23
332.89
333.23
332.89
333.23
333.23
333.56
333.23
333.56
333.56
333.56
333.89
333.89
334.23
334.56
334.23
334.56
301.11
300.8
300.8
301.1
301.1
300.8
301.1
300.8
301.1
301.1
301.1
300.8
330.88
330.55
330.22
330.22
329.89
329.56
329.56
329.23
328.9
329.23
328.9
328.57
328.57
328.9
328.57
328.9
329.23
329.23
328.9
328.57
328.24
328.57
328.9
329.23
329.56
329.89
329.56
329.56
329.23
328.9
328.57
328.24
328.24
328.57
328.24
327.91
327.91
328.24
327.91
327.91
327.59
327.91
327.59
327.91
327.59
327.59
327.59
327.26
326.93
326.6
326.93
327.26
327.58
327.91
327.91
327.91
327.91
328.24
327.91
327.58
327.58
327.58
327.58
327.58
327.26
327.26
326.93
326.6
326.6
326.6
326.6
326.93
326.6
326.27
326.6
326.93
326.93
326.93
327.25
326.93
326.93
327.25
326.93
326.6
326.6
326.27
326.6
326.6
326.27
325.95
326.27
326.6
326.93
326.93
327.25
326.93
326.6
326.6
326.6
326.93
326.6
326.6
326.92
326.6
326.27
325.95
326.27
326.6
326.6
326.27
326.27
326.27
326.6
326.27
325.94
325.62
293.06
293.35
293.35
293.35
293.35
293.64
293.64
293.64
293.35
293.06
293.06
293.06
293.35
293.64
293.64
293.64
293.94
293.94
293.64
293.35
293.35
293.05
293.05
293.35
293.05
292.76
292.76
293.05
293.05
292.76
292.47
292.47
292.76
292.47
292.76
292.76
293.05
293.35
293.35
293.64
293.35
293.35
293.64
293.93
293.64
293.64
293.93
293.64
293.64
293.35
293.64
293.93
293.64
293.34
293.34
293.05
293.05
293.05
293.34
293.34
293.64
293.64
323
323
322.68
323
322.68
322.68
322.36
322.68
322.36
322.68
322.35
322.03
322.03
322.35
322.03
322.03
322.03
322.35
322.03
321.71
321.39
321.07
320.75
320.75
320.42
320.75
321.07
321.39
321.71
322.03
321.71
321.71
321.39
321.07
321.07
321.39
321.06
321.06
320.74
320.42
320.1
320.42
320.42
320.74
321.06
320.74
320.42
320.1
319.78
319.78
319.46
319.46
319.46
319.46
319.14
319.46
319.46
319.78
319.78
319.78
319.78
319.46
319.78
319.46
319.78
319.78
320.1
319.78
320.1
320.1
320.42
320.42
320.74
320.74
320.42
320.1
320.1
320.42
320.42
320.42
320.1
320.42
320.74
320.42
320.42
320.1
320.1
320.42
320.42
320.74
320.74
321.06
321.38
321.38
321.7
321.38
321.7
321.38
321.7
321.38
321.7
322.02
321.7
321.7
322.02
322.02
322.02
321.7
321.38
321.7
321.38
321.7
322.02
322.34
322.02
322.02
322.02
321.7
322.02
321.7
322.02
322.34
322.34
322.34
322.02
322.34
322.66
322.34
322.66
322.66
322.99
322.99
323.31
323.31
290.98
290.69
290.4
290.11
290.4
290.4
290.69
290.98
290.98
291.27
290.98
291.27
290.98
290.98
291.27
290.98
291.27
290.98
290.98
290.98
290.69
290.69
290.98
290.98
291.27
290.98
290.69
290.98
291.27
290.98
291.27
291.27
291.27
291.56
291.85
291.85
291.56
291.27
291.56
291.85
291.56
291.56
291.27
290.97
290.97
290.68
290.39
290.1
290.1
290.39
290.1
290.1
289.81
290.1
290.1
319.11
319.11
318.79
318.47
318.79
319.11
319.11
319.43
319.75
320.07
319.75
319.75
319.43
319.43
319.75
319.75
319.43
319.43
319.75
319.43
319.75
319.75
320.07
319.75
319.43
319.75
319.75
320.07
320.07
319.75
320.07
320.07
320.07
320.39
320.71
320.71
320.39
320.39
320.71
320.39
320.71
352.78
352.78
353.13
353.48
353.48
353.13
352.78
353.13
353.48
353.48
353.13
353.13
353.13
353.13
353.13
353.13
353.48
353.13
353.48
353.48
353.48
353.48
353.84
353.48
353.13
353.13
353.13
352.77
352.42
352.42
352.42
352.77
352.42
352.42
352.07
351.72
352.07
352.07
351.72
351.72
351.37
351.37
351.72
351.72
351.72
351.72
351.36
351.01
351.36
351.01
350.66
350.31
350.31
349.96
350.31
349.96
349.61
349.96
349.61
349.96
349.96
350.31
350.66
350.66
350.66
351.01
351.01
351.01
351.36
316.23
315.91
315.59
315.59
315.59
315.59
315.59
315.59
315.59
315.91
315.91
315.59
315.28
315.28
315.59
315.59
315.59
315.59
315.91
315.91
316.22
316.54
316.22
315.91
315.91
315.59
315.28
314.96
314.65
314.65
314.96
315.28
314.96
315.28
314.96
314.96
315.28
315.59
315.91
315.91
316.22
316.54
316.54
316.54
316.22
316.22
316.54
316.22
316.54
316.85
317.17
316.85
316.85
317.17
317.49
317.17
316.85
316.54
316.54
316.54
316.22
315.9
316.22
316.22
316.22
316.54
316.22
316.22
316.22
316.22
316.54
316.54
316.85
316.54
316.22
315.9
316.22
316.53
316.53
316.85
316.53
316.53
316.85
317.17
317.17
316.85
316.85
316.85
317.17
316.85
316.53
316.53
316.22
315.9
315.9
316.22
316.53
316.85
316.53
316.22
315.9
315.9
316.22
315.9
315.58
315.27
315.27
314.95
314.95
315.27
314.95
315.27
314.95
314.95
314.95
315.27
315.27
314.95
314.95
315.27
315.27
315.27
315.58
315.9
315.9
315.9
315.58
315.27
315.58
315.27
315.58
315.58
315.58
315.58
315.58
315.58
315.9
315.9
316.21
316.53
316.21
316.53
316.21
316.53
316.21
316.21
316.21
316.21
316.21
316.53
316.84
316.84
317.16
316.84
316.53
316.53
316.53
316.84
348.53
348.18
347.83
347.83
348.18
348.53
348.53
348.53
348.53
348.88
348.53
348.18
348.53
348.87
348.53
348.53
348.18
348.18
347.83
347.48
347.13
347.48
347.13
347.13
347.13
347.13
347.48
347.83
347.83
347.83
347.48
347.83
348.18
348.52
348.18
348.18
348.18
347.83
347.83
347.48
347.13
346.78
347.13
347.48
347.83
348.17
348.17
348.17
347.83
347.48
347.13
347.13
346.78
347.13
347.13
347.48
347.13
346.78
347.13
346.78
346.78
347.13
347.48
347.82
347.48
347.13
347.48
347.82
347.82
348.17
347.82
348.17
348.52
348.17
348.17
348.52
348.87
349.22
349.22
349.22
348.87
348.52
348.87
348.52
348.52
348.17
348.52
348.87
348.87
348.87
349.21
349.21
348.87
348.52
348.86
348.86
348.86
348.52
348.52
348.52
348.17
347.82
348.17
348.52
348.52
348.52
348.52
348.86
349.21
349.21
348.86
348.86
349.21
348.86
348.86
348.86
348.86
348.51
348.86
348.51
348.86
383.75
383.36
382.98
383.36
382.98
383.36
383.36
383.36
382.98
383.36
421.7
421.7
421.28
421.28
421.28
420.86
420.86
420.44
420.86
420.86
421.28
421.28
421.28
420.86
420.86
420.44
420.01
420.01
420.43
420.43
420.43
420.43
420.43
420.86
420.43
420.85
421.28
420.85
421.28
420.85
420.43
420.01
420.43
420.85
421.27
421.7
421.27
421.27
421.27
421.27
420.85
420.85
420.85
420.85
421.27
421.69
421.27
421.27
420.85
420.43
420.01
419.59
419.17
419.59
420.01
420.43
420.43
420.43
420.43
420.01
420.01
419.59
420.01
420.43
420.85
420.43
378.39
378.76
378.76
378.39
378.76
379.14
378.76
379.14
378.76
378.76
378.76
378.76
378.38
378.38
378.38
378.76
340.89
341.23
341.57
341.23
340.89
340.54
340.89
340.54
340.88
340.54
340.54
340.2
340.2
339.86
339.86
339.52
339.18
338.84
338.51
338.51
338.51
338.51
372.36
372.36
372.73
373.1
373.47
373.1
373.47
373.85
373.47
373.1
373.47
373.47
373.1
373.1
372.73
372.35
371.98
372.35
371.98
371.98
372.35
372.73
372.73
372.73
373.1
372.73
372.35
372.35
371.98
371.98
372.35
372.35
372.35
372.35
372.35
371.98
371.61
371.61
371.24
371.24
370.86
371.24
371.24
371.61
371.98
371.98
372.35
372.35
372.35
372.35
372.35
372.72
335.45
335.79
335.79
335.79
335.79
336.12
336.12
336.46
336.12
336.12
336.46
336.12
336.46
336.46
336.46
336.79
337.13
336.79
337.13
337.47
337.47
337.47
337.13
336.79
337.13
337.13
337.13
337.13
336.79
336.46
336.79
337.13
337.47
337.8
338.14
337.8
337.47
337.13
337.47
337.47
337.47
337.47
337.47
337.47
337.13
336.79
336.79
336.79
336.79
337.13
337.13
337.46
337.46
303.72
304.02
304.02
304.02
304.02
304.02
304.02
304.33
304.02
304.02
304.02
304.02
304.33
304.63
304.33
304.33
304.33
304.02
304.02
303.72
303.72
303.41
303.11
302.81
302.5
302.2
302.2
302.5
302.2
302.5
302.5
302.81
302.81
302.81
302.81
302.81
333.09
332.75
332.75
299.48
299.78
300.08
299.78
299.78
299.78
299.78
300.08
299.78
299.78
299.78
300.08
299.78
299.78
299.78
299.48
299.18
299.18
299.48
299.48
299.78
299.48
299.18
298.88
299.18
299.18
299.18
298.88
298.58
268.72
268.99
268.72
268.45
268.45
268.45
295.3
324.83
324.83
324.5
324.18
323.85
323.85
323.53
323.85
323.85
323.85
324.18
324.5
324.82
324.82
324.82
324.82
325.15
324.82
325.15
325.47
325.15
325.47
325.47
325.15
324.82
324.82
324.82
324.5
324.82
324.82
324.5
324.17
323.85
291.46
291.46
291.46
291.46
291.17
291.17
291.17
291.46
291.17
290.88
290.59
290.3
290.01
290.01
290.3
290.59
290.88
290.59
290.3
290.59
290.88
290.59
290.3
261.27
261.01
261.01
261.01
261.27
261.27
261.53
261.27
261.27
261.27
261.01
261.01
261.01
261.27
261.27
261.27
261.27
261.01
261.27
261.01
260.75
260.48
260.22
259.96
259.7
259.96
260.22
259.96
259.7
259.96
259.96
259.7
259.7
259.7
259.7
259.96
259.7
259.44
259.44
259.44
259.44
259.18
258.92
259.18
259.18
259.18
259.18
259.44
259.44
259.44
259.18
259.18
259.44
259.7
259.7
259.7
259.44
259.18
258.92
258.92
258.92
258.92
258.92
259.18
258.92
258.92
259.18
259.44
259.18
259.44
259.18
258.92
259.18
259.18
259.18
258.92
258.66
258.66
258.4
258.66
258.92
259.18
259.44
259.7
259.7
259.96
260.22
234.2
234.2
234.2
233.96
233.96
233.73
233.73
233.96
233.96
233.73
233.73
233.5
233.73
233.49
233.49
233.49
233.73
233.73
233.96
234.2
233.96
234.2
233.96
233.73
233.49
233.26
233.03
233.26
233.26
233.26
233.49
233.73
233.73
233.49
233.26
233.03
233.26
233.26
233.26
233.49
233.73
233.73
233.49
233.26
233.03
233.26
233.03
233.03
232.79
233.03
232.79
233.03
232.79
233.02
233.26
233.02
233.02
256.33
256.33
256.58
256.33
256.58
256.33
256.33
256.33
256.33
256.07
256.33
256.07
256.07
256.07
255.81
256.07
256.07
255.81
256.07
256.33
256.33
256.33
256.58
256.84
257.1
257.1
257.35
257.35
257.35
257.1
257.1
257.1
257.35
257.35
257.09
282.8
282.52
282.8
282.8
283.09
283.37
283.37
283.65
283.94
284.22
284.22
284.51
284.51
284.79
284.5
284.22
283.94
283.65
283.94
284.22
284.5
284.22
284.5
284.79
285.07
285.36
285.36
285.64
285.93
257.34
257.59
257.34
257.59
257.59
257.59
257.34
257.34
257.34
231.6
231.83
232.07
232.3
232.07
232.3
232.53
232.53
232.76
232.76
232.99
233.23
233.46
256.81
256.81
256.81
256.81
257.06
256.81
256.81
257.06
257.32
257.58
257.58
257.58
257.58
257.84
257.58
257.32
257.58
257.32
257.58
257.32
257.58
257.83
257.58
257.58
257.32
257.58
257.83
257.58
257.58
257.83
257.58
257.58
257.58
257.83
257.58
257.32
257.06
257.32
257.06
256.8
257.06
257.06
257.32
257.06
257.32
257.32
257.57
257.57
257.83
258.09
257.83
257.57
257.32
257.32
257.06
256.8
256.8
256.55
256.55
256.8
256.8
256.55
256.8
256.54
256.29
256.03
255.78
256.03
256.29
256.54
256.29
256.03
256.03
256.03
256.29
256.29
256.29
256.03
256.03
255.77
255.77
255.77
256.03
256.29
256.54
256.8
257.06
256.8
257.06
256.8
256.54
256.29
256.29
256.03
255.77
256.03
256.29
256.54
256.8
231.12
230.89
231.12
231.35
231.12
231.12
231.12
230.89
231.12
231.35
231.35
231.35
231.35
231.58
231.35
231.12
230.89
230.66
230.42
230.42
230.65
230.42
230.19
230.42
230.19
230.19
230.42
230.65
230.65
230.88
231.12
230.88
231.12
231.35
231.12
231.35
231.58
231.58
231.81
231.58
231.58
231.58
231.81
231.58
231.81
232.04
232.27
232.5
232.5
232.27
232.04
232.04
231.81
231.58
231.58
231.81
231.58
231.58
231.81
232.04
232.27
232.5
232.27
232.27
232.27
232.5
232.74
232.74
232.5
232.5
232.5
232.27
232.04
231.81
232.04
232.04
232.04
231.81
232.04
232.27
232.5
232.73
232.97
233.2
233.2
232.97
232.73
232.97
232.97
209.67
209.46
209.25
209.04
209.25
209.25
209.04
209.25
209.25
209.04
229.95
230.18
230.41
230.41
230.64
230.41
230.64
230.64
230.64
230.41
230.18
230.41
230.17
230.17
230.17
229.94
229.94
229.94
230.17
229.94
230.17
230.17
230.17
230.4
230.17
229.94
229.94
229.94
229.94
229.94
230.17
230.4
230.63
230.63
230.87
230.63
230.86
230.86
230.63
230.86
230.86
230.86
230.86
230.63
230.4
230.4
230.4
230.4
230.63
230.4
230.17
230.4
207.36
207.36
207.36
207.16
206.95
206.95
206.95
207.15
206.95
206.95
206.74
206.53
206.74
206.74
206.95
206.74
206.53
206.33
206.33
206.53
206.53
206.33
206.33
206.12
206.33
206.12
205.91
205.91
205.91
206.12
205.91
206.12
206.33
206.33
206.33
206.33
206.12
206.33
206.53
206.33
206.33
206.53
206.33
206.33
206.53
206.74
206.74
206.74
206.74
206.94
207.15
207.15
206.94
206.94
206.94
207.15
207.36
207.36
207.36
207.57
207.77
207.98
208.19
229.01
228.78
229.01
229.24
229.47
229.7
229.47
229.7
229.47
229.7
229.93
229.93
230.16
230.16
229.93
229.93
229.93
230.15
229.92
230.15
230.15
230.15
230.38
230.38
230.62
230.62
230.38
230.38
230.62
230.62
230.62
230.62
230.85
231.08
231.08
230.85
230.61
230.38
230.38
230.38
230.38
230.15
230.15
230.38
230.15
230.38
230.61
230.61
230.38
230.38
230.61
230.38
230.38
230.61
230.61
230.38
230.38
230.61
230.38
230.38
230.38
230.61
207.55
207.55
207.76
207.55
207.34
207.34
207.55
207.76
207.76
228.53
228.31
228.08
228.31
228.31
228.31
228.31
228.31
228.31
228.08
228.31
228.31
228.53
228.31
228.53
228.31
228.53
228.53
228.76
228.53
228.3
228.3
228.3
228.3
228.3
228.53
228.76
228.53
228.76
228.53
228.53
228.53
228.53
228.3
228.3
228.53
228.53
228.76
228.99
229.22
229.45
229.68
229.91
230.14
230.14
230.37
230.14
229.91
229.68
229.45
229.68
229.91
229.68
229.91
229.68
229.45
229.45
229.45
229.45
229.68
229.91
206.91
206.71
206.71
206.91
207.12
206.91
206.71
206.71
206.71
206.91
207.12
206.91
207.12
207.33
207.54
207.33
207.54
207.33
207.33
207.53
207.74
207.95
207.95
207.95
208.16
208.37
208.57
208.57
208.78
208.99
208.99
188.09
188.09
188.09
188.28
188.09
187.9
188.09
188.09
188.28
188.09
187.9
187.9
188.09
187.9
187.9
187.72
187.9
187.9
187.9
187.72
187.72
187.72
168.94
168.78
168.94
168.94
168.94
168.94
168.94
169.11
168.94
169.11
168.94
169.11
168.94
168.94
169.11
169.28
169.11
168.94
168.77
168.77
168.61
168.77
168.61
168.77
168.61
168.61
168.61
168.44
168.61
168.61
168.44
168.6
168.77
168.77
168.6
168.6
168.44
168.27
168.44
168.6
168.44
168.27
168.44
168.6
168.77
168.6
168.77
168.94
168.94
168.94
168.94
169.11
169.28
169.11
169.11
168.94
169.11
169.11
169.28
169.28
169.28
169.28
169.45
169.62
169.45
169.62
169.79
169.79
169.79
169.62
169.79
169.79
169.62
169.79
169.79
169.62
169.79
169.79
169.79
169.79
169.79
169.62
169.62
169.79
169.96
186.95
187.14
187.33
187.51
187.51
187.33
187.51
187.33
187.33
187.33
187.14
186.95
186.95
186.76
186.76
186.58
186.39
186.2
186.02
186.2
186.02
186.2
186.02
186.2
186.02
185.83
185.65
167.08
167.08
167.08
167.25
167.42
167.42
167.25
167.25
167.25
167.08
167.08
166.91
167.08
167.25
167.25
167.42
167.58
167.58
167.58
167.41
167.41
167.25
183.97
183.97
183.97
183.97
183.79
183.97
183.97
183.97
183.97
183.79
183.97
183.97
183.79
183.97
184.16
184.16
184.16
183.97
183.97
183.97
183.79
183.79
183.97
184.16
184.16
202.57
202.77
202.57
202.37
202.17
201.96
201.96
201.96
201.96
201.96
201.96
201.76
201.56
201.56
201.56
201.36
201.16
201.16
201.16
200.96
201.16
201.36
201.16
201.36
201.36
201.56
201.36
201.56
201.76
201.96
202.16
201.96
202.16
202.16
202.37
202.16
201.96
201.76
201.76
201.76
201.96
202.16
202.37
202.37
202.57
202.77
202.97
203.18
203.38
203.38
203.18
203.38
203.38
203.38
203.58
203.79
203.58
203.79
203.58
203.38
203.58
203.79
203.79
203.99
203.99
203.79
203.99
203.99
203.79
203.99
203.99
204.19
204.4
204.4
204.4
204.6
204.4
204.6
204.6
204.6
204.4
204.4
204.6
204.4
204.19
203.99
203.78
203.78
203.78
203.78
203.99
203.78
203.99
203.78
203.58
203.38
203.38
203.38
203.38
203.17
203.17
203.38
203.17
202.97
202.77
202.97
202.97
202.97
202.77
202.77
202.56
202.36
202.36
202.16
202.16
201.96
201.96
202.16
202.16
201.96
201.75
201.55
201.55
201.75
201.96
201.96
201.75
201.75
201.96
201.75
201.75
201.96
202.16
202.16
202.36
202.56
202.76
202.56
202.56
202.76
202.97
202.97
202.97
203.17
203.17
202.97
202.97
202.97
203.17
202.97
202.97
203.17
203.17
202.97
203.17
203.17
203.37
203.58
203.78
203.78
203.58
203.58
203.58
203.58
203.78
203.78
203.78
203.58
203.37
203.58
203.58
203.58
203.58
203.78
203.57
203.37
203.57
203.37
203.17
202.96
202.96
202.76
202.96
202.96
202.96
203.17
203.37
203.57
203.78
203.57
203.57
203.37
203.17
202.96
202.96
202.76
202.96
202.76
202.56
202.56
202.36
202.56
202.76
202.96
203.17
203.17
203.37
203.17
203.17
203.37
203.57
203.78
203.78
203.57
203.37
203.37
203.16
203.37
203.37
203.57
203.37
203.37
203.57
203.57
203.57
203.77
203.57
203.77
203.57
203.77
203.98
203.98
203.77
203.98
204.18
204.18
204.39
204.39
204.18
204.18
204.18
204.39
204.59
204.79
204.59
204.39
204.18
203.98
203.98
203.77
203.57
203.37
203.57
203.77
203.98
204.18
204.18
204.38
204.38
204.18
204.38
204.38
204.18
204.18
204.38
204.59
204.79
204.59
204.79
204.79
204.79
204.79
205
205.2
205.41
205.41
205.61
205.61
205.82
205.61
205.41
184.87
185.05
185.24
185.05
185.05
184.87
185.05
184.87
184.68
184.87
184.87
185.05
185.24
185.42
185.61
185.79
185.98
185.79
185.61
185.79
185.98
185.98
185.79
185.98
185.79
185.98
185.79
185.98
185.98
185.98
185.98
185.79
185.79
185.98
186.16
186.16
186.16
186.35
186.16
186.35
186.16
186.16
186.16
186.35
186.16
185.98
185.98
185.79
185.79
185.98
185.79
185.79
185.6
185.79
185.98
185.98
186.16
186.16
186.35
186.16
185.98
185.98
185.98
185.98
185.98
185.79
185.6
185.42
185.23
185.05
185.05
184.86
185.05
184.86
185.05
185.23
185.23
185.05
185.23
185.42
185.42
185.23
185.05
184.86
184.86
184.68
184.68
184.86
185.05
166.54
166.54
166.71
166.54
166.37
166.37
166.54
166.54
166.54
166.54
166.37
166.21
166.04
165.88
166.04
166.04
166.21
166.21
166.37
166.21
166.04
165.88
165.88
149.29
149.44
149.44
149.44
149.59
149.59
149.44
149.29
149.14
149.14
148.99
148.99
148.84
148.84
148.84
148.84
148.99
149.14
149.29
149.29
164.22
164.05
164.05
164.05
163.89
163.89
163.89
163.72
163.56
163.56
163.72
163.72
163.89
163.89
163.89
163.72
163.56
163.72
163.72
163.56
163.56
147.2
147.35
147.5
147.35
147.35
147.5
147.65
147.79
147.79
147.79
147.94
148.09
148.09
147.94
147.79
147.79
147.79
147.79
147.94
147.94
147.79
147.79
147.79
147.64
147.64
132.88
132.75
132.88
132.75
132.88
132.88
132.75
132.75
132.75
132.61
132.48
132.48
132.61
132.75
132.75
132.61
132.75
132.88
133.01
133.15
133.28
133.41
133.41
133.55
133.68
133.55
133.41
133.54
133.68
133.68
133.68
133.68
133.54
133.54
133.68
133.54
133.68
133.68
133.81
133.95
133.95
133.95
134.08
134.08
134.21
134.08
133.95
133.95
133.81
133.81
133.68
133.54
133.54
133.68
133.68
133.81
133.81
133.81
133.68
133.54
133.54
133.54
133.68
133.54
133.54
133.68
133.54
133.54
133.41
133.41
133.41
133.28
133.41
133.41
133.54
133.41
133.54
133.41
133.54
133.68
133.81
133.94
134.08
133.94
133.81
133.81
133.81
133.94
134.08
134.08
133.94
134.08
133.94
134.08
134.08
133.94
133.94
133.81
133.81
133.68
133.68
133.68
133.54
133.68
133.81
133.94
133.94
134.08
133.94
134.08
133.94
134.08
134.21
134.08
134.21
134.34
134.21
134.21
134.34
134.34
134.21
134.08
134.08
134.21
134.21
134.21
134.34
134.34
134.21
134.08
134.08
134.21
134.08
134.08
134.08
134.08
133.94
134.08
134.08
133.94
133.94
133.94
134.08
133.94
133.81
133.81
133.81
133.94
134.08
133.94
133.81
133.67
133.81
133.81
133.81
133.94
134.07
133.94
134.07
133.94
133.81
133.94
134.07
134.07
133.94
133.94
133.81
133.94
134.07
134.21
134.07
133.94
134.07
134.21
134.34
134.21
134.34
134.48
134.48
134.61
134.61
134.48
134.48
134.48
121.03
121.03
120.91
120.91
120.79
120.91
121.03
121.15
121.15
121.15
121.27
121.39
121.51
121.63
121.63
121.63
121.51
121.39
121.39
121.27
121.39
121.27
121.39
121.27
121.39
121.39
121.51
121.63
121.51
121.63
121.76
121.88
122
122
121.88
121.76
121.88
121.76
121.88
121.76
121.76
121.63
121.75
121.75
121.88
121.88
121.88
121.75
121.75
121.63
121.63
121.63
121.63
121.63
121.75
121.75
121.63
121.75
121.75
121.63
121.75
121.63
121.75
121.63
121.75
121.88
121.75
121.75
121.63
121.51
121.63
121.51
121.51
121.39
121.51
121.39
121.39
121.51
121.51
121.63
121.63
121.75
121.75
121.63
121.75
121.88
122
122
121.87
121.75
121.63
121.75
121.63
121.75
121.63
121.75
121.87
122
122.12
122
122.12
122.24
122.24
122.24
122.24
122.36
122.24
122.12
122
121.87
122
121.87
121.87
122
122.12
122.12
122.24
122.12
122.24
122.12
122.24
122.36
122.36
122.24
122.36
122.24
122.36
122.36
122.48
122.48
122.48
122.36
122.24
122.36
122.36
122.48
122.36
122.24
122.24
122.12
122.12
122.24
122.36
122.24
122.24
122.12
121.99
121.99
121.87
121.99
121.99
122.12
121.99
121.99
121.87
121.75
121.75
121.63
121.75
121.63
121.63
121.63
121.63
121.63
121.63
121.75
121.63
121.51
121.51
121.51
121.63
121.51
121.51
121.51
121.38
121.38
121.51
121.51
121.63
121.63
121.63
121.63
121.51
121.38
121.51
121.63
121.51
121.63
121.75
121.87
121.99
122.11
121.99
122.11
122.11
122.11
121.99
122.11
122.11
121.99
122.11
122.24
122.11
122.24
122.24
122.24
122.11
122.11
122.24
122.24
122.24
122.36
122.36
122.24
122.11
121.99
121.99
122.11
122.11
121.99
121.87
121.75
121.63
121.75
121.75
121.63
121.75
121.75
121.63
121.5
121.38
121.26
121.38
121.26
121.14
121.26
121.38
121.38
121.5
121.5
121.5
121.62
121.75
121.87
121.87
121.87
121.87
121.75
121.62
121.75
121.75
121.62
121.75
121.75
121.87
121.75
121.87
121.99
121.87
121.87
121.99
121.99
121.87
121.99
121.87
121.87
109.68
109.57
120.53
120.65
120.53
120.53
120.53
120.53
120.65
120.53
120.53
120.53
120.53
120.41
120.29
120.17
120.17
120.29
120.29
120.29
120.41
120.29
120.29
120.41
120.53
120.65
120.53
120.41
120.29
120.29
120.17
120.05
108.04
107.93
108.04
108.15
108.26
108.37
108.47
108.47
108.47
108.58
108.47
108.37
108.37
108.26
108.37
108.26
108.37
108.37
108.37
108.47
97.626
97.626
97.724
97.724
97.626
97.529
97.626
97.528
97.626
97.626
97.626
97.626
97.724
97.626
97.724
97.724
97.626
97.528
97.431
97.528
97.626
97.528
97.625
97.723
97.625
97.723
97.821
97.723
97.723
97.821
97.918
98.016
97.918
98.016
97.918
107.71
107.71
107.82
107.93
107.82
107.93
107.82
107.71
107.6
107.71
107.71
107.6
107.49
107.39
107.39
107.39
107.49
107.39
107.49
107.49
107.6
107.71
107.71
107.6
107.6
107.71
107.71
107.82
107.71
107.82
107.82
107.82
107.92
107.82
107.92
107.92
108.03
107.92
107.82
107.82
107.71
107.71
107.71
107.71
107.6
107.49
107.49
107.49
107.39
107.49
107.6
107.49
107.6
107.71
107.82
107.92
107.82
107.71
107.82
107.82
107.82
107.71
107.71
107.6
107.71
107.6
107.49
107.38
107.28
107.17
107.17
107.06
107.17
107.06
107.06
107.17
107.28
107.17
107.06
107.06
107.06
107.06
106.96
107.06
107.06
107.17
107.17
107.28
107.38
107.38
107.28
107.28
107.17
107.06
107.06
107.17
107.17
107.06
106.96
107.06
107.17
107.17
107.17
107.06
106.95
106.85
106.95
96.259
96.356
96.452
96.548
96.548
96.645
96.742
96.838
96.742
96.838
96.935
96.838
96.741
96.838
96.935
96.838
96.838
96.838
96.838
96.838
96.935
96.935
96.838
96.838
96.838
96.935
96.935
96.935
96.838
96.935
96.935
96.838
96.838
96.935
97.031
97.031
97.128
97.128
97.031
97.031
97.128
97.128
87.416
87.503
87.59
87.59
87.59
87.503
87.503
87.503
87.503
87.59
87.59
87.503
87.59
87.678
87.766
87.766
87.853
79.068
79.147
79.068
78.989
78.989
78.989
78.91
78.831
78.752
78.831
78.91
78.91
78.831
78.91
78.989
78.989
78.989
79.068
78.988
78.909
78.831
70.948
70.877
70.947
70.947
70.947
70.947
70.947
70.876
70.947
70.947
70.876
70.947
71.018
70.947
70.947
70.876
70.805
70.735
70.664
70.664
70.735
70.664
70.734
70.664
70.734
70.805
70.805
70.734
70.734
70.805
70.734
70.805
77.885
77.885
77.963
78.041
78.119
78.119
78.119
78.119
78.197
78.119
78.041
77.963
77.963
78.041
78.119
78.197
78.197
78.197
78.197
78.275
78.354
78.354
78.354
78.432
78.432
78.511
78.432
78.432
78.51
78.589
78.589
78.51
78.432
78.51
78.51
78.432
78.432
78.353
78.275
78.197
78.275
78.275
78.275
78.275
78.197
78.197
70.377
70.307
70.377
70.307
70.307
70.236
70.236
70.166
70.096
70.026
69.956
69.956
70.026
70.026
70.026
70.096
70.166
70.236
70.306
70.306
70.306
70.306
70.236
70.236
70.236
70.306
70.236
70.166
70.166
70.095
70.025
70.095
70.165
70.165
70.236
70.306
70.236
70.165
70.095
70.025
69.955
69.885
69.885
69.955
69.955
69.885
69.955
69.955
69.885
69.885
69.885
69.955
69.885
69.955
69.885
69.885
69.885
69.955
69.885
69.885
69.955
69.885
69.815
69.815
69.815
69.815
76.796
76.873
76.796
76.719
76.643
76.643
76.719
76.643
76.719
76.719
76.642
76.642
76.719
76.796
76.719
76.642
76.642
76.719
76.642
76.642
76.566
76.642
76.565
76.489
76.412
76.489
76.412
76.336
76.26
76.26
76.336
76.412
76.412
76.489
76.412
76.412
76.489
76.489
76.489
76.412
76.336
76.336
76.259
76.336
76.412
76.335
76.335
76.259
76.335
76.259
76.183
68.565
68.633
68.633
68.564
68.633
68.702
68.633
68.702
68.702
68.77
68.839
68.77
68.77
68.77
68.701
68.633
68.633
68.633
68.701
68.633
68.701
68.633
68.633
68.633
68.701
68.633
68.564
68.495
68.427
68.427
68.358
68.29
68.358
68.427
68.358
68.358
68.427
68.495
68.564
68.564
68.564
68.495
68.495
68.564
68.564
68.564
68.495
68.563
68.563
68.495
68.563
68.563
68.563
68.495
68.426
68.426
68.426
68.426
68.358
68.29
68.358
68.289
68.221
68.221
68.289
68.289
68.289
68.221
68.221
68.289
68.358
68.358
68.426
68.494
68.426
68.426
68.357
68.289
68.289
68.289
68.357
68.357
68.289
68.221
68.153
68.084
68.084
68.016
68.016
68.084
68.084
68.084
68.084
68.016
68.016
68.084
68.084
68.152
68.22
68.22
68.152
68.084
68.152
68.084
68.016
68.084
68.152
68.084
68.152
68.152
68.084
68.152
68.084
68.152
68.084
68.152
68.152
68.22
68.152
68.084
68.084
68.015
68.015
67.947
68.015
68.083
68.152
68.22
68.151
68.151
68.151
68.151
68.22
68.22
68.151
68.22
68.151
68.083
68.015
68.015
67.947
68.015
68.083
68.015
68.015
68.083
68.151
68.083
68.083
68.015
68.083
68.083
68.083
68.083
68.015
68.015
68.015
68.015
67.947
68.015
67.947
67.947
68.015
67.947
67.947
67.947
67.947
67.947
67.879
67.879
67.947
68.014
68.082
68.082
68.151
68.082
68.151
68.219
68.219
68.287
68.287
68.287
68.355
68.287
68.219
68.15
68.15
68.218
68.287
68.218
61.397
61.397
61.397
61.458
61.458
61.519
61.458
61.396
61.335
61.274
61.335
61.274
61.335
61.335
61.335
61.335
61.396
61.335
61.274
61.335
61.396
61.458
61.519
61.519
61.457
61.457
61.519
61.519
61.519
61.519
61.58
61.642
61.704
61.765
61.827
61.889
61.889
61.951
61.889
61.889
61.827
61.889
61.951
61.951
61.889
61.889
68.078
68.146
68.078
68.009
68.009
68.077
68.146
68.214
68.146
68.214
68.282
68.35
68.282
68.282
68.282
68.282
68.35
68.418
68.418
68.487
68.418
68.487
68.487
68.487
68.555
75.411
75.411
75.411
75.411
75.486
75.486
75.562
75.637
75.713
75.637
75.562
75.637
75.637
75.561
75.561
75.637
75.713
75.788
75.713
75.788
75.864
75.94
75.94
76.016
76.092
76.168
76.244
76.32
76.244
76.244
76.168
76.092
76.092
76.016
76.092
76.168
76.168
76.092
76.168
76.168
76.168
76.244
76.244
76.168
76.168
76.244
76.244
76.244
76.32
76.32
76.244
76.244
76.167
76.244
76.167
76.091
76.091
76.167
76.243
76.167
76.243
76.167
76.243
76.319
76.243
76.167
76.243
76.319
76.396
76.472
76.396
76.319
76.319
76.396
76.319
76.243
76.243
76.319
76.243
76.319
76.395
76.472
76.395
76.472
76.548
76.548
76.625
76.625
76.701
76.701
76.625
76.548
76.624
76.624
76.701
76.624
76.701
76.701
76.778
76.701
76.778
76.701
76.624
76.548
76.471
76.471
76.471
76.471
76.395
76.318
76.394
76.394
76.318
76.242
83.866
83.782
83.698
83.698
83.782
83.782
83.866
83.95
83.866
83.95
83.866
83.782
83.782
83.865
83.949
84.033
83.949
84.033
84.033
84.117
84.201
84.117
84.033
84.033
84.033
83.949
84.033
84.117
84.117
84.117
84.033
83.949
84.033
84.117
84.117
84.117
84.117
84.201
84.201
84.285
84.201
84.201
84.285
84.285
84.369
84.369
84.285
84.369
84.285
84.201
84.285
84.369
84.369
84.285
84.2
84.2
84.285
84.369
84.369
84.453
84.369
84.453
84.453
84.538
84.538
84.622
84.707
84.792
84.707
84.622
84.537
84.453
84.453
84.537
84.622
84.622
84.706
84.706
84.622
84.706
84.706
84.791
84.876
84.791
84.706
84.791
84.876
84.961
85.046
85.046
85.131
85.216
85.216
85.301
85.386
85.386
85.386
85.301
85.301
85.386
85.472
85.472
85.557
85.557
85.471
85.471
85.557
85.642
85.557
85.642
85.642
85.728
85.642
85.557
85.557
85.557
85.642
85.557
85.471
85.386
85.471
85.385
85.385
85.3
85.385
85.471
85.471
85.471
85.385
85.385
85.385
85.471
85.556
85.556
85.471
85.471
85.385
85.471
85.471
85.556
85.642
85.642
85.642
85.642
85.556
85.47
94.017
93.923
94.017
94.111
94.205
94.3
94.394
94.488
94.583
94.583
94.488
94.583
94.677
94.772
94.867
94.772
94.772
94.677
94.772
94.772
94.677
94.582
94.677
94.582
94.488
94.488
94.393
94.299
94.299
94.393
94.299
94.299
94.299
94.299
94.299
94.299
94.393
94.299
94.204
94.204
94.204
94.204
94.298
94.393
94.298
94.298
94.204
94.11
84.699
84.699
84.614
84.614
84.53
84.614
84.614
84.53
84.445
84.445
84.445
84.445
84.529
84.445
84.36
84.445
84.36
84.276
84.192
84.192
84.192
84.276
84.36
84.445
84.445
84.36
84.276
84.191
92.611
92.611
92.703
92.703
92.703
92.703
92.703
92.611
92.611
92.611
92.703
92.796
92.703
92.796
92.889
92.796
92.703
92.796
92.796
92.888
92.981
93.074
92.981
92.888
92.981
92.981
92.981
92.981
92.888
92.981
93.074
93.074
92.981
92.888
92.981
92.888
92.888
92.981
92.888
92.888
92.888
92.795
92.702
92.702
92.609
92.702
92.609
92.609
92.702
83.432
83.348
83.265
83.265
83.348
83.348
83.348
83.265
74.938
74.938
74.863
74.863
74.789
74.863
74.863
74.938
74.938
74.863
74.788
74.863
74.863
74.863
74.788
74.714
74.714
74.714
74.639
74.713
74.639
74.564
74.564
74.49
74.564
74.489
74.564
74.638
74.713
74.638
74.713
74.638
74.564
74.564
74.564
74.489
74.564
74.638
74.713
74.638
74.713
74.787
74.862
74.862
74.862
74.862
74.787
74.787
74.713
74.713
74.713
74.638
74.563
74.638
74.638
74.712
74.638
74.563
74.489
74.563
74.638
74.638
74.563
74.638
74.638
74.638
74.638
74.638
74.712
74.787
74.862
74.787
82.265
82.348
82.265
82.183
82.183
82.101
82.101
82.101
82.183
82.265
82.265
82.347
82.265
82.265
82.265
82.265
82.265
82.347
82.265
82.265
82.265
82.347
82.265
82.265
82.265
82.265
82.183
82.183
82.183
82.265
82.265
82.265
82.347
82.347
82.43
82.512
82.594
82.594
82.594
82.677
82.594
82.512
82.429
82.347
82.264
82.347
82.347
82.264
82.182
82.1
82.018
82.018
82.1
82.018
82.1
82.182
82.264
82.182
82.182
82.182
82.1
82.182
82.1
82.1
82.017
81.935
81.935
81.854
81.935
82.017
82.017
81.935
82.017
82.099
82.017
82.099
82.181
82.099
82.181
82.181
82.263
82.181
82.181
73.963
73.963
73.889
73.815
73.815
73.741
73.668
73.741
73.815
73.741
73.741
73.667
73.667
73.667
66.301
66.301
66.234
66.234
66.301
66.367
66.367
66.367
66.301
66.234
66.3
66.367
66.3
66.367
66.3
66.234
66.168
66.168
66.234
66.234
66.3
59.67
59.73
59.73
59.67
59.73
59.79
59.849
59.849
59.789
59.789
59.849
59.849
59.909
59.969
59.969
60.029
54.026
54.026
54.026
53.972
54.026
53.972
53.972
53.918
53.972
53.918
53.918
53.864
53.864
53.918
53.864
53.864
53.81
53.81
53.81
53.81
53.756
53.703
53.703
53.649
53.595
53.649
53.702
53.649
53.649
53.702
53.702
53.756
53.756
48.381
48.332
48.332
48.332
48.284
48.284
48.236
48.284
48.284
48.284
48.332
48.284
48.235
48.187
48.139
48.139
48.139
48.139
48.139
48.187
48.139
48.091
48.091
48.091
48.091
48.043
48.091
48.091
48.091
48.139
43.325
43.325
43.282
43.282
43.238
43.195
43.152
43.195
43.195
43.195
43.152
43.152
43.109
43.152
43.152
43.195
43.152
43.152
43.195
43.238
43.281
43.325
43.368
43.411
43.411
43.368
43.368
43.325
43.281
43.325
43.281
43.324
43.281
43.324
43.368
43.368
43.368
43.324
43.324
43.324
43.368
43.368
43.324
43.281
43.281
43.324
43.281
43.324
43.368
43.324
43.368
43.368
43.411
43.454
43.454
43.498
43.454
47.8
47.848
47.8
47.752
47.8
47.8
47.847
47.895
47.847
47.895
47.943
47.895
47.895
47.847
47.847
47.895
47.943
47.943
47.991
47.943
47.991
48.039
48.039
48.039
47.991
48.039
48.039
48.087
48.087
48.087
48.135
48.183
48.231
48.183
48.231
43.408
43.365
43.408
43.365
43.321
43.278
43.321
43.321
43.321
43.278
43.278
43.278
43.235
43.235
43.191
47.511
47.463
47.511
47.558
47.606
47.558
47.51
47.558
47.606
47.653
47.653
47.653
47.653
47.653
47.653
47.605
47.605
47.653
47.605
47.558
47.558
47.51
47.558
47.605
47.653
47.701
47.653
47.605
47.558
47.51
47.51
47.51
47.463
47.415
47.462
47.415
47.462
47.51
47.557
47.605
47.557
47.557
47.51
47.557
47.51
47.51
47.462
47.462
47.462
47.51
47.51
47.51
47.51
47.462
47.462
47.462
47.51
47.51
47.462
47.415
47.415
47.415
47.462
47.51
47.462
47.415
47.462
47.462
47.415
47.415
47.367
47.32
47.32
47.367
47.32
47.367
47.414
47.414
47.462
47.414
47.414
47.367
47.367
47.367
47.32
47.272
47.272
47.225
47.272
47.225
47.225
47.272
47.225
47.178
47.13
47.083
47.083
47.13
47.178
47.13
47.178
47.13
47.13
47.083
47.083
47.083
47.036
47.083
47.036
46.989
47.036
47.083
47.13
47.083
47.036
46.989
47.036
47.036
47.036
47.083
47.13
47.13
47.13
47.177
47.224
47.272
47.224
47.224
47.224
47.177
47.224
47.224
47.271
47.319
47.319
47.271
47.224
47.224
47.224
47.177
47.224
47.224
47.177
47.13
47.083
47.035
51.739
51.791
51.739
51.687
51.687
51.636
51.687
51.687
51.739
51.791
51.739
51.687
51.739
51.687
51.635
51.687
51.635
51.635
51.635
51.687
51.687
51.635
51.635
51.687
51.635
51.584
51.584
51.635
51.635
51.635
51.584
51.532
51.532
51.583
51.635
51.583
51.532
51.48
51.532
51.532
51.583
51.532
51.532
51.48
51.532
51.583
51.635
51.686
51.635
51.583
51.635
51.583
51.635
51.583
51.635
51.686
46.518
46.471
46.425
46.378
46.425
46.378
46.378
46.378
46.425
46.378
46.378
46.424
46.424
46.471
46.471
46.424
46.378
46.332
46.285
46.285
46.285
46.239
46.193
46.193
46.193
46.147
46.193
46.193
46.239
46.239
46.285
46.331
46.331
46.378
46.378
46.378
46.378
46.331
46.331
46.331
46.285
46.285
46.285
46.239
46.285
46.239
46.192
46.146
46.192
46.239
46.285
46.239
46.192
46.192
46.146
46.1
46.146
46.192
46.146
46.1
46.054
50.659
50.71
50.71
50.761
50.761
50.71
50.761
50.761
50.761
50.811
50.862
50.862
50.862
50.862
50.862
50.913
50.913
50.964
50.913
50.964
50.964
50.913
50.964
50.913
50.964
51.015
50.964
50.964
50.913
50.862
50.913
50.913
50.862
50.913
50.913
50.913
50.963
51.014
51.065
51.014
50.963
50.912
50.963
51.014
51.014
51.014
50.963
51.014
51.014
51.014
51.065
51.065
51.014
51.065
51.065
51.014
51.065
51.065
51.116
51.116
51.065
51.116
51.167
51.218
51.218
51.27
51.321
51.372
51.372
51.321
51.372
51.321
51.27
51.218
51.269
51.218
51.167
51.218
51.167
51.116
51.167
51.218
51.269
51.321
51.269
51.218
51.269
51.32
46.188
46.142
46.188
46.142
46.142
46.188
46.188
46.234
46.281
46.281
46.234
46.281
46.281
46.234
46.234
46.281
46.234
46.281
46.281
46.281
46.281
46.234
46.234
46.188
46.142
46.188
46.234
46.188
46.142
46.142
46.096
46.05
46.096
46.142
46.188
46.142
46.188
46.188
46.188
46.234
46.188
46.234
46.188
46.142
46.142
46.142
46.188
46.188
46.234
46.188
46.234
46.234
46.234
50.857
50.857
50.908
50.908
50.857
50.806
50.806
50.755
50.705
50.705
50.705
50.755
50.806
50.806
50.857
50.806
50.755
50.755
50.806
50.806
50.857
50.806
50.755
50.704
50.704
55.775
55.831
55.887
55.887
55.942
55.998
55.942
55.942
55.998
56.054
55.998
55.942
55.998
55.942
55.886
55.83
55.886
55.942
55.886
55.83
55.886
55.83
55.774
55.719
55.719
55.719
55.663
55.663
55.719
55.774
55.774
55.718
55.663
55.718
55.718
55.774
55.774
55.774
55.718
55.663
55.607
55.551
55.551
55.607
55.663
55.663
55.663
55.663
55.663
55.607
55.662
55.718
55.662
55.607
55.662
55.607
55.551
55.496
55.551
55.551
55.607
55.662
55.662
55.607
55.607
55.662
50.096
50.096
50.046
50.096
50.096
50.096
50.046
49.996
50.046
50.096
50.046
49.996
49.996
49.946
49.896
49.946
49.946
49.946
49.996
50.046
50.096
50.096
50.045
50.096
50.146
50.095
50.045
50.045
50.045
49.995
50.045
50.095
50.095
50.095
50.045
50.045
50.095
50.045
49.995
50.045
49.995
49.995
49.945
49.945
49.995
49.945
49.995
50.045
49.995
49.945
49.945
49.995
50.045
50.095
50.095
50.045
49.995
49.995
49.945
49.895
49.945
49.995
49.945
49.895
49.845
49.895
49.845
49.795
49.845
49.845
49.795
49.795
49.745
49.795
49.745
49.695
49.646
49.695
49.695
49.646
49.596
49.646
49.596
49.546
49.497
49.447
49.398
49.447
49.497
49.447
49.398
49.447
49.398
49.348
49.299
49.299
49.348
49.398
49.398
49.348
49.398
49.398
49.447
49.496
49.447
44.502
44.502
44.547
44.502
44.547
44.591
44.547
44.591
44.636
44.68
44.725
44.77
44.77
44.725
44.77
44.815
44.815
44.859
44.904
44.859
49.345
44.411
44.455
44.5
44.5
44.544
44.589
44.589
44.589
44.589
44.589
44.544
44.499
44.499
40.05
40.009
39.969
39.969
39.929
39.929
39.89
39.929
39.929
39.89
39.929
39.929
39.969
39.929
39.889
39.889
39.889
39.85
39.889
39.889
39.889
39.85
39.889
39.889
39.889
39.889
39.889
39.929
35.936
35.9
35.9
35.936
35.9
35.864
35.864
35.9
35.864
35.829
35.829
35.793
35.757
35.721
35.685
35.721
35.721
35.757
35.721
35.721
39.293
39.333
39.333
39.372
39.332
39.372
39.332
39.293
39.332
39.293
39.293
39.332
39.332
39.332
39.293
39.254
39.214
39.175
39.214
39.214
39.254
39.293
39.332
39.372
39.372
39.332
39.332
39.332
39.371
39.371
39.332
39.332
39.371
39.411
39.371
39.411
39.411
39.411
39.45
39.411
39.411
39.371
39.411
39.411
39.45
39.45
39.45
39.411
39.371
39.371
39.371
39.332
39.332
39.371
39.332
39.371
39.411
39.411
35.469
35.434
35.399
35.399
35.363
35.399
35.363
35.363
35.328
35.363
35.363
35.363
35.398
35.363
35.398
35.434
35.469
35.505
35.505
35.469
35.505
35.54
35.576
35.576
35.611
35.647
35.647
35.647
35.647
35.611
35.647
35.647
35.647
35.683
39.251
39.212
39.251
39.212
39.251
39.29
39.329
39.29
39.329
39.369
39.329
39.329
39.329
39.369
39.369
39.408
39.408
39.447
39.408
35.467
35.432
35.396
35.432
35.467
35.432
35.396
35.396
35.396
35.396
35.396
35.396
35.396
35.396
35.361
35.396
35.431
35.396
35.396
35.431
35.467
35.467
35.502
35.467
35.467
35.502
35.467
35.467
35.502
35.502
35.467
35.431
35.396
35.36
35.396
35.396
35.396
35.431
35.467
35.467
35.467
35.467
35.467
35.431
35.396
35.431
35.467
35.502
35.467
35.467
35.502
35.466
39.013
39.013
38.974
38.935
38.896
38.857
38.857
38.857
38.896
38.935
38.935
38.974
38.974
38.935
38.896
38.896
38.935
38.896
38.857
38.896
38.935
38.935
38.896
38.857
38.818
38.818
38.857
38.857
38.857
38.818
38.818
38.818
38.818
38.779
38.779
38.741
38.779
38.818
38.857
38.857
38.818
38.818
38.779
38.74
38.779
38.818
38.779
38.818
38.857
38.818
38.857
38.818
38.857
38.857
38.818
38.779
38.818
38.857
38.895
38.934
38.973
38.934
38.895
38.857
38.818
38.818
38.818
38.856
38.895
38.934
38.895
38.856
38.856
38.856
38.895
38.934
38.973
35.076
35.111
35.111
35.076
35.111
35.076
35.041
38.545
38.545
38.506
38.468
38.506
38.506
38.506
38.506
38.545
38.583
38.583
38.545
38.583
38.622
38.622
42.484
42.526
42.569
42.526
42.569
42.569
42.526
42.484
42.484
42.441
42.399
42.356
42.314
42.314
42.356
42.356
42.356
42.356
42.399
42.441
42.484
38.235
38.273
38.235
38.273
38.312
38.35
38.388
38.35
38.35
38.312
38.312
38.35
38.388
38.388
38.427
38.388
38.388
38.35
38.311
38.311
38.273
38.311
38.311
38.273
38.235
38.273
38.235
38.197
38.197
38.158
38.12
38.12
38.082
38.082
38.12
38.12
38.158
38.12
38.082
38.12
38.12
38.082
38.082
38.082
38.044
38.082
38.044
38.044
38.044
38.044
38.006
37.968
38.006
38.006
37.968
37.93
37.892
37.854
37.892
37.892
37.93
37.968
38.006
37.968
38.006
37.968
38.006
37.968
37.968
37.93
37.892
37.93
37.967
38.005
38.043
38.082
38.043
38.043
38.005
37.967
37.967
37.967
38.005
38.005
38.043
38.043
38.005
38.005
37.967
37.929
37.891
37.854
37.891
37.891
37.891
37.853
37.891
37.929
37.929
37.891
37.929
37.929
37.891
37.853
37.891
37.929
37.891
37.891
37.929
37.891
34.102
34.136
34.17
34.136
34.136
34.102
34.102
34.102
34.102
34.102
34.068
34.068
34.068
34.068
34.034
34.034
34.034
34
34.034
34
33.966
33.932
33.898
33.898
33.864
33.864
33.898
33.864
30.478
30.478
30.447
30.417
30.386
30.386
30.386
30.417
30.386
30.386
30.417
30.386
30.356
30.356
30.386
30.356
30.386
30.356
30.356
30.386
30.416
30.416
30.386
30.386
30.416
30.447
30.447
30.447
30.416
30.416
30.386
30.386
30.386
33.425
36.767
36.804
36.841
36.804
36.84
33.156
33.123
33.09
33.09
33.123
33.09
33.123
33.09
33.057
33.09
33.057
33.057
33.09
29.781
29.781
29.811
29.811
29.841
29.841
29.811
29.811
29.841
29.811
29.781
29.781
29.751
29.721
29.692
29.662
29.632
29.632
26.669
26.696
26.669
26.669
26.642
26.669
26.696
26.669
26.696
26.669
26.642
26.669
26.696
26.722
26.749
26.749
29.424
29.453
29.453
29.424
29.395
29.365
29.394
29.394
29.365
29.365
29.365
29.365
29.394
29.424
29.394
29.365
29.336
29.336
29.365
29.394
29.394
29.394
29.424
29.453
29.453
29.483
29.483
29.512
29.483
29.453
29.424
29.424
29.424
29.453
29.483
29.483
29.453
29.483
29.483
32.431
32.463
32.463
32.431
32.463
32.463
32.463
35.709
35.674
35.638
35.638
35.674
35.709
35.674
35.709
35.674
35.674
35.638
35.602
35.638
35.674
35.638
35.674
35.674
35.638
35.674
39.241
39.28
39.28
39.241
39.202
39.241
39.241
39.241
39.28
39.319
39.359
39.319
39.319
39.319
39.28
39.28
39.28
39.319
39.359
39.398
39.437
39.398
39.358
39.398
39.398
39.358
39.358
39.398
39.437
39.437
39.477
39.437
39.398
39.358
39.398
39.358
39.398
39.358
39.398
39.398
39.398
39.358
39.319
39.319
39.319
39.358
39.358
39.398
39.358
39.397
39.358
39.358
39.319
39.319
39.279
39.279
39.24
39.24
39.24
39.24
39.24
39.24
39.201
39.201
39.201
39.24
39.24
39.279
39.279
39.319
39.358
39.358
39.358
39.319
39.358
39.319
39.358
39.397
39.358
39.397
39.358
39.358
39.358
39.397
39.437
39.437
39.476
39.476
39.476
39.515
39.555
39.515
39.476
39.515
39.555
39.515
39.555
39.594
39.594
39.555
39.555
39.515
39.476
39.436
39.436
39.436
39.476
39.515
39.515
39.555
39.594
39.634
39.673
39.673
39.713
39.753
39.753
39.753
39.713
39.753
39.753
39.753
39.713
39.753
39.713
39.713
39.713
39.713
39.713
39.673
39.634
39.673
39.713
39.673
39.713
39.673
39.634
39.594
39.594
39.554
39.515
39.515
39.554
39.594
39.594
39.633
39.633
39.594
39.594
39.594
39.633
39.633
39.673
39.633
39.594
39.633
39.673
39.713
39.673
39.673
39.673
39.713
39.752
39.792
39.792
39.832
39.872
39.832
39.792
39.832
39.872
39.911
39.911
39.872
39.832
39.832
39.792
39.752
39.792
39.792
39.792
39.832
39.871
39.911
39.871
39.831
39.831
35.848
35.884
35.92
35.956
35.956
39.552
39.591
39.552
39.552
39.591
39.551
39.512
39.472
39.512
39.551
39.551
39.591
39.591
39.551
39.591
39.631
39.591
39.591
39.591
39.551
39.591
39.551
39.591
43.55
43.593
43.55
43.55
43.593
43.593
43.637
43.593
43.593
43.55
43.55
43.593
43.637
43.637
43.681
43.637
43.593
43.593
43.593
43.637
43.637
43.637
43.637
43.593
43.637
43.637
43.68
43.637
43.68
43.724
43.68
43.637
43.637
43.68
43.68
43.637
43.68
43.68
43.68
43.68
43.637
43.593
43.593
43.549
43.593
43.636
43.68
43.68
43.636
43.593
43.636
43.636
43.593
43.636
43.68
43.68
43.724
43.767
43.811
43.855
43.811
43.811
43.855
43.855
43.899
43.899
43.943
43.899
43.899
43.855
43.899
43.943
43.987
44.031
43.986
43.986
44.03
43.986
43.942
43.942
43.899
43.942
43.986
43.986
44.03
43.986
44.03
44.074
44.03
44.03
43.986
44.03
44.03
44.074
44.118
44.162
44.207
44.207
44.251
44.295
44.339
44.339
44.384
44.384
44.384
44.339
44.384
44.384
44.428
44.472
44.428
44.472
44.472
44.472
44.472
44.472
44.517
44.561
44.606
44.561
44.561
44.561
44.606
44.561
44.561
44.561
44.606
44.65
44.695
44.695
44.65
44.65
44.695
44.65
44.695
44.695
44.74
44.74
44.695
44.65
44.606
44.65
44.606
44.561
44.606
44.65
44.65
44.606
44.606
44.561
44.516
44.516
44.561
44.561
44.605
44.605
44.561
44.516
44.472
44.516
44.561
44.516
44.516
44.561
44.516
44.472
44.516
44.516
44.516
44.561
44.516
44.561
44.561
44.561
44.561
44.561
44.561
44.516
44.56
44.56
44.516
44.56
44.605
44.56
44.516
44.516
44.471
44.516
44.516
44.56
44.516
44.471
44.471
44.471
44.471
44.427
44.427
44.427
44.471
44.427
44.471
44.516
44.471
44.471
44.516
44.516
44.56
44.516
44.516
44.516
44.56
44.56
44.515
44.56
44.515
44.56
44.56
44.56
44.515
44.56
44.56
44.604
44.649
44.649
44.604
44.56
44.604
44.604
44.56
44.604
44.604
44.604
40.144
40.144
40.184
40.184
40.144
40.144
40.184
40.224
40.264
40.305
40.305
40.264
40.224
40.184
40.144
40.184
40.144
40.104
40.063
40.023
36.021
36.057
36.093
36.057
36.057
36.093
36.093
36.093
36.129
36.165
36.129
36.165
36.129
36.129
36.129
36.093
36.093
36.093
36.057
36.057
36.021
35.985
35.985
35.985
32.386
32.386
32.354
32.354
32.322
32.322
32.354
32.386
32.354
32.354
32.386
32.386
32.419
32.451
32.483
32.516
32.516
32.516
32.548
32.548
32.581
32.581
32.548
32.548
32.548
32.548
32.548
32.581
32.581
32.548
32.548
32.581
32.581
35.839
35.839
35.803
35.767
35.803
35.767
35.732
35.732
35.696
35.66
35.625
35.66
35.696
35.696
35.731
35.767
35.731
35.767
35.767
35.803
35.839
35.803
35.767
35.767
35.803
35.767
35.731
35.696
35.731
35.767
35.803
35.767
35.731
35.731
35.695
35.695
35.66
35.624
35.624
35.588
35.624
35.588
35.588
35.553
35.588
35.624
35.624
35.66
35.66
35.66
35.624
35.624
35.66
35.66
35.66
35.66
35.624
35.66
35.624
35.588
35.624
35.588
35.553
35.553
35.517
35.553
35.517
35.482
35.517
35.517
35.553
35.588
35.553
35.553
35.588
35.552
35.517
35.517
35.481
35.517
35.481
35.517
35.552
35.517
35.481
35.517
35.552
35.517
35.517
35.517
35.481
35.446
35.41
35.41
35.41
35.375
38.912
38.951
38.912
38.912
38.912
38.873
38.873
38.912
38.951
38.951
38.912
38.912
38.873
38.873
38.912
38.951
38.99
38.99
38.951
38.912
42.803
42.761
42.803
42.803
42.761
42.761
42.718
42.718
42.76
42.718
42.675
42.675
42.675
42.675
42.718
42.675
42.675
42.632
42.675
42.718
42.76
42.803
42.76
42.718
42.675
42.675
42.632
42.632
42.675
42.675
42.717
38.446
38.484
38.484
38.484
38.484
38.523
38.523
38.523
38.523
38.484
38.484
38.523
38.561
38.561
38.6
38.638
38.677
38.638
38.638
38.6
38.561
38.561
38.561
38.6
38.6
38.6
38.561
38.599
38.561
38.599
38.638
38.638
38.599
38.561
38.599
38.599
38.599
38.638
34.774
34.739
34.739
34.739
34.739
34.739
34.774
34.774
34.774
34.809
34.844
34.809
34.774
34.739
34.705
34.739
34.739
34.739
34.774
34.774
34.739
34.774
34.809
34.809
34.774
34.774
34.809
34.809
34.774
34.739
34.774
34.739
34.704
34.739
34.704
34.704
34.704
34.704
34.739
34.774
34.774
34.809
34.843
34.843
34.843
34.878
34.878
34.843
34.878
34.913
34.878
34.913
34.913
34.948
34.913
34.913
34.878
34.913
34.948
34.913
34.878
34.843
34.878
34.913
34.948
34.948
34.948
34.913
34.948
34.983
35.018
34.983
34.983
34.948
34.983
34.983
35.018
34.983
35.018
34.983
35.017
35.017
35.017
35.053
35.017
35.052
35.017
35.052
35.017
34.982
34.982
34.982
34.947
34.912
34.912
34.947
34.912
34.877
34.877
34.912
34.912
34.947
34.982
34.947
34.947
34.982
34.982
35.017
34.982
34.947
34.982
35.017
35.017
35.017
35.017
34.982
34.947
34.912
34.877
34.877
31.39
31.358
31.327
31.295
31.327
28.194
28.194
28.222
28.222
28.194
28.222
28.25
28.25
28.222
28.25
28.279
28.307
28.307
28.279
28.279
28.25
28.222
28.194
28.194
28.222
28.25
28.222
28.194
28.222
28.222
28.25
28.25
28.222
28.25
28.222
28.25
28.222
28.222
28.222
28.25
28.25
28.25
28.25
28.222
28.222
28.25
28.222
28.222
28.222
28.222
28.222
28.194
28.194
28.165
28.194
28.222
28.25
28.222
28.194
28.194
28.194
28.165
28.165
28.137
28.165
28.137
28.137
28.137
28.137
28.137
28.109
28.137
28.109
28.081
28.081
28.109
28.137
28.165
28.193
28.193
28.165
28.193
28.222
28.25
28.222
28.222
28.25
28.25
28.222
28.25
28.278
28.306
28.278
28.25
28.278
28.278
28.306
28.335
28.335
28.306
28.335
28.335
28.363
28.363
28.391
28.391
28.42
28.42
28.391
28.363
28.334
28.306
28.334
28.363
28.391
28.419
28.419
28.391
28.391
28.363
28.334
28.306
28.278
28.278
28.306
28.278
28.278
28.278
28.306
28.278
28.249
28.249
28.278
28.306
28.278
28.278
28.278
28.278
28.278
28.249
28.278
28.278
28.278
28.306
28.277
28.249
28.277
28.306
28.334
28.306
28.306
28.334
28.306
28.334
28.362
28.334
28.362
28.362
25.526
25.552
25.552
25.526
25.552
25.577
25.552
25.526
28.079
28.107
28.135
28.135
28.107
28.079
28.079
28.05
28.05
28.022
28.022
28.022
28.05
28.022
27.994
27.994
27.994
27.994
27.994
27.994
27.994
27.994
27.966
27.994
27.994
28.022
27.994
27.966
27.994
27.994
28.022
28.022
28.022
28.05
28.022
27.994
27.994
27.966
27.994
30.794
30.794
30.824
30.824
30.824
30.794
30.794
30.824
30.794
30.763
30.794
30.763
30.732
30.732
33.805
33.771
33.805
33.771
33.738
33.704
33.704
33.67
33.636
33.636
33.636
33.603
33.569
33.603
33.569
33.536
33.536
33.502
33.469
33.469
33.435
33.402
33.435
33.468
33.502
33.468
33.502
33.468
33.502
33.502
33.468
33.468
33.435
33.468
30.122
30.122
30.152
30.121
30.121
30.121
30.121
30.152
30.121
30.121
30.091
30.121
30.152
30.152
30.182
30.152
30.182
30.212
30.212
